-41.0125 67.8943 13.3618 0.327876 -0.915312 -0.233882
-41.6444 67.5097 13.9675 0.324687 -0.91442 -0.241689
-41.0392 67.5335 14.675 0.324957 -0.909786 -0.258249
-40.7666 67.9181 13.6061 0.325877 -0.913669 -0.242927
-40.8573 67.9507 13.3583 0.327878 -0.915312 -0.233882
-41.0525 68.0989 12.5015 0.323346 -0.918273 -0.228483
-40.1169 68.4034 12.5881 0.307235 -0.923386 -0.22969
-39.7147 68.3142 13.436 0.290459 -0.923994 -0.248735
-39.9682 67.9327 14.5355 0.295671 -0.920302 -0.25617
-40.4291 67.5369 15.3986 0.308436 -0.913577 -0.265037
-41.1388 67.1065 16.0173 0.313049 -0.907328 -0.280488
-41.836 67.0084 15.529 0.322197 -0.908261 -0.266736
-42.3223 67.1038 14.547 0.340047 -0.906028 -0.251956
-42.5634 67.2724 13.5445 0.343932 -0.909453 -0.233679
-41.892 67.7438 12.7201 0.35259 -0.909958 -0.218195
-41.3033 67.9998 12.5402 0.326951 -0.916682 -0.229777
-41.446 68.1585 11.6665 0.344668 -0.91652 -0.202851
-42.464 67.7015 11.9642 0.353732 -0.912727 -0.204409
-43.1683 67.2933 12.4966 0.361335 -0.905724 -0.221587
-43.5052 66.8775 13.6536 0.357582 -0.905958 -0.226565
-43.1439 66.7599 14.6593 0.354442 -0.904204 -0.238259
-42.6989 66.6526 15.6555 0.337276 -0.901995 -0.269535
-42.2435 66.5538 16.5321 0.324947 -0.903372 -0.279871
-41.5559 66.6169 17.091 0.303523 -0.901464 -0.308604
-40.7513 66.953 16.8891 0.297967 -0.903728 -0.307395
-40.0055 67.3819 16.3308 0.272229 -0.913981 -0.300802
-39.46 67.7869 15.5738 0.268561 -0.920359 -0.28428
-39.1065 68.1573 14.6799 0.283732 -0.921351 -0.265721
-38.8816 68.4888 13.7446 0.281759 -0.924849 -0.255471
-38.6483 68.8582 12.6152 0.275905 -0.931709 -0.236208
-39.223 68.8571 11.8913 0.293515 -0.930626 -0.218597
-40.4771 68.5032 11.6434 0.316481 -0.925288 -0.208988
-41.1908 68.2595 11.6354 0.328733 -0.921838 -0.204932
-41.1376 68.473 10.7417 0.339522 -0.919178 -0.199593
-39.8613 68.8858 10.8601 0.316591 -0.92789 -0.19695
-38.8975 69.1554 11.0659 0.295879 -0.929319 -0.220957
-38.027 69.3498 11.3691 0.280253 -0.934045 -0.221402
-37.5489 69.3044 12.1325 0.274261 -0.932972 -0.233116
-37.7881 68.966 13.1648 0.269002 -0.928757 -0.255045
-38.0965 68.5844 14.2327 0.268004 -0.92946 -0.253533
-38.3575 68.2221 15.2049 0.267725 -0.921532 -0.281233
-38.6922 67.847 16.0872 0.246538 -0.917079 -0.313295
-39.3193 67.3548 17.0146 0.272965 -0.91022 -0.311385
-40.0109 66.9581 17.5343 0.273126 -0.90394 -0.329083
-40.8392 66.5557 17.9485 0.275658 -0.903995 -0.326808
-41.9325 66.0517 18.3844 0.293747 -0.901793 -0.31699
-42.6886 66.0813 17.5357 0.321576 -0.902384 -0.286558
-43.0955 66.1963 16.6866 0.335303 -0.901794 -0.272417
-43.5309 66.2961 15.7906 0.350971 -0.898734 -0.262618
-43.918 66.3821 14.9394 0.368835 -0.896086 -0.246836
-44.2702 66.4568 14.0892 0.369373 -0.900793 -0.228306
-44.4959 66.5926 13.1751 0.375093 -0.899444 -0.224246
-44.2143 66.9289 12.231 0.380481 -0.901422 -0.206574
-43.6475 67.2978 11.6353 0.382069 -0.902951 -0.196729
-42.6165 67.8477 11.0366 0.357606 -0.911659 -0.202476
-41.5265 68.3224 10.7741 0.339528 -0.919175 -0.199593
-41.7416 68.4193 9.88617 0.347208 -0.922278 -0.169853
-42.5811 68.063 10.045 0.365122 -0.91227 -0.185605
-43.5194 67.5965 10.4522 0.385358 -0.907185 -0.168863
-44.4723 67.0653 11.086 0.394705 -0.901137 -0.179331
-45.0698 66.6616 11.7937 0.398541 -0.897585 -0.18823
-45.4019 66.3202 12.6786 0.394902 -0.896581 -0.200397
-45.231 66.1102 13.8681 0.379869 -0.897524 -0.223939
-44.8625 66.0036 14.8888 0.374964 -0.895781 -0.238681
-44.4672 65.9308 15.7412 0.364909 -0.896133 -0.25256
-44.032 65.8503 16.6332 0.35972 -0.895158 -0.263238
-43.6145 65.7365 17.5508 0.340068 -0.897479 -0.280865
-43.1223 65.5721 18.5893 0.322251 -0.895201 -0.307846
-42.7058 65.4266 19.4186 0.319044 -0.891026 -0.322859
-41.6856 65.7841 19.3454 0.286563 -0.898631 -0.332181
-40.7991 66.2053 18.9468 0.276984 -0.90204 -0.331065
-39.9262 66.623 18.5237 0.259206 -0.904838 -0.337759
-39.1618 66.9973 18.0972 0.252398 -0.906786 -0.337681
-38.4195 67.428 17.4846 0.243562 -0.90999 -0.335554
-37.9264 67.8528 16.6632 0.246581 -0.915268 -0.318562
-37.5946 68.2561 15.737 0.233008 -0.924177 -0.302662
-37.3014 68.6639 14.6716 0.233931 -0.930412 -0.282152
-36.8537 69.1801 13.3231 0.253112 -0.931843 -0.259994
-36.6296 69.5205 12.3037 0.254116 -0.934772 -0.248245
-36.5292 69.7857 11.3715 0.266904 -0.936102 -0.229074
-37.2114 69.7601 10.6382 0.273914 -0.937304 -0.215465
-38.434 69.4779 10.2638 0.283612 -0.938296 -0.197889
-39.2908 69.2627 10.0297 0.311477 -0.928063 -0.203835
-40.1687 68.9834 9.90803 0.31944 -0.926484 -0.198932
-41.2533 68.6102 9.84795 0.344467 -0.923429 -0.169153
-41.5252 68.5035 9.87161 0.347201 -0.922281 -0.169852
-41.5393 68.6668 8.94711 0.361994 -0.921727 -0.139171
-40.5946 69.0214 8.88465 0.336606 -0.928594 -0.156233
-39.7312 69.2957 9.02946 0.317316 -0.935019 -0.158239
-38.6109 69.626 9.23699 0.296987 -0.940579 -0.16465
-37.582 69.8781 9.56435 0.274229 -0.942766 -0.189711
-36.5484 70.1039 9.90803 0.264967 -0.945158 -0.190967
-35.6579 70.2189 10.5158 0.250344 -0.946053 -0.2057
-35.5431 70.0391 11.4328 0.245306 -0.94264 -0.226396
-35.6995 69.7653 12.3332 0.246708 -0.934983 -0.254652
-35.8995 69.4493 13.2542 0.234747 -0.932269 -0.275201
-36.1748 69.0934 14.2177 0.230592 -0.930282 -0.285312
-36.4546 68.7549 15.06 0.203166 -0.925555 -0.319486
-36.6905 68.3696 16.0187 0.20482 -0.924001 -0.32291
-36.9884 67.9873 16.9128 0.210009 -0.91993 -0.330999
-37.5093 67.5019 17.9085 0.223388 -0.914167 -0.338116
-38.3028 67.0223 18.6374 0.227268 -0.908265 -0.351288
-39.1675 66.6052 19.139 0.236625 -0.905495 -0.352234
-40.0166 66.1985 19.5836 0.259842 -0.903367 -0.341187
-40.9641 65.7551 20.0217 0.271717 -0.89879 -0.344016
-41.8156 65.3253 20.4511 0.289531 -0.892067 -0.34697
-42.6341 64.9328 20.7667 0.307191 -0.888068 -0.342006
-43.3401 64.9413 20.1076 0.32449 -0.884647 -0.334583
-43.8258 65.1364 19.0924 0.339661 -0.883907 -0.321298
-44.3164 65.3183 18.0104 0.341562 -0.891812 -0.296659
-44.7018 65.4234 17.1736 0.370218 -0.890085 -0.265871
-45.2398 65.5271 16.0459 0.374798 -0.892347 -0.251483
-45.6968 65.6066 15.0556 0.379102 -0.89376 -0.23974
-46.0824 65.6985 14.0485 0.393686 -0.893266 -0.216997
-46.3119 65.8384 13.0297 0.393861 -0.895979 -0.205171
-46.2162 66.0826 12.1114 0.404221 -0.895301 -0.187194
-45.8475 66.4107 11.3129 0.404128 -0.897897 -0.174533
-45.1468 66.8929 10.4424 0.40168 -0.900469 -0.166745
-44.4728 67.2887 9.91713 0.397021 -0.902223 -0.168387
-43.4509 67.8178 9.38094 0.382917 -0.910037 -0.15877
-42.5113 68.2653 9.05164 0.376593 -0.912797 -0.158035
-41.9995 68.4815 8.96991 0.36384 -0.920616 -0.141731
-42.1327 68.5719 8.02398 0.360159 -0.922834 -0.136613
-41.2284 68.9286 7.96748 0.351008 -0.926476 -0.135776
-40.2943 69.2723 7.9806 0.335914 -0.932739 -0.130997
-39.4337 69.5519 8.10089 0.31157 -0.938716 -0.14692
-38.2477 69.8929 8.35873 0.293616 -0.941898 -0.163136
-37.3439 70.1136 8.66967 0.280901 -0.944909 -0.16805
-36.3229 70.3376 9.03596 0.263189 -0.949993 -0.16806
-35.355 70.5196 9.44384 0.241344 -0.953517 -0.18044
-34.7006 70.549 10.1278 0.235932 -0.949991 -0.204582
-34.5632 70.3855 11.0308 0.231771 -0.949841 -0.209963
-34.6917 70.1135 11.9986 0.231362 -0.941648 -0.244481
-34.894 69.8086 12.917 0.224372 -0.933746 -0.278026
-35.114 69.4561 13.8697 0.217083 -0.93074 -0.294276
-35.4214 69.057 14.8593 0.208356 -0.926364 -0.313625
-35.6979 68.6805 15.7596 0.197283 -0.922489 -0.331428
-35.9667 68.2759 16.7065 0.191258 -0.920885 -0.339694
-36.2692 67.8829 17.5976 0.191887 -0.919804 -0.342256
-36.7257 67.454 18.4693 0.187462 -0.914102 -0.359446
-37.3287 67.0848 19.0704 0.2105 -0.909172 -0.359296
-38.053 66.7191 19.5689 0.22389 -0.9055 -0.360477
-38.8803 66.3467 19.9928 0.227172 -0.906013 -0.357093
-39.6221 65.9981 20.3866 0.243233 -0.903845 -0.351988
-40.4178 65.6384 20.7535 0.253153 -0.90262 -0.348003
-41.187 65.2471 21.1547 0.278232 -0.895434 -0.347542
-41.974 64.8401 21.5651 0.294471 -0.891145 -0.345177
-42.8248 64.4175 21.9329 0.301036 -0.889748 -0.343019
-43.5915 64.3345 21.4506 0.312357 -0.888369 -0.336503
-44.0031 64.4907 20.6561 0.322285 -0.884516 -0.337121
-44.4891 64.6972 19.5965 0.337118 -0.882978 -0.326609
-44.9226 64.8555 18.6587 0.3562 -0.881603 -0.309674
-45.3577 64.976 17.7501 0.370937 -0.883345 -0.286436
-45.839 65.0998 16.6673 0.373595 -0.890794 -0.258585
-46.3099 65.1749 15.6855 0.386476 -0.889413 -0.244033
-46.7314 65.2468 14.7068 0.396733 -0.888799 -0.229432
-47.1475 65.3755 13.4132 0.410802 -0.888154 -0.205855
-47.2189 65.5617 12.4258 0.406526 -0.893218 -0.192047
-46.9634 65.8672 11.5092 0.412391 -0.894276 -0.173704
-46.4698 66.264 10.6073 0.412197 -0.895348 -0.16866
-45.7922 66.7229 9.77508 0.411965 -0.89737 -0.158149
-44.8016 67.2998 9.00652 0.398588 -0.904663 -0.15063
-43.8657 67.7875 8.51112 0.387696 -0.911113 -0.139457
-43.0547 68.1685 8.23365 0.386118 -0.913199 -0.130307
-42.585 68.3879 8.07463 0.362005 -0.921723 -0.139173
-42.9958 68.3312 7.24032 0.381068 -0.916288 -0.123304
-42.1325 68.6976 7.09888 0.360443 -0.92616 -0.110947
-41.1843 69.0678 7.05519 0.354237 -0.928561 -0.110863
-40.1763 69.4352 7.08191 0.32839 -0.93707 -0.118578
-39.3149 69.7217 7.16703 0.318703 -0.940301 -0.119427
-38.0539 70.0855 7.44378 0.291867 -0.948219 -0.125278
-37.1671 70.3097 7.76786 0.276274 -0.951811 -0.13277
-36.2492 70.5184 8.11196 0.26409 -0.953778 -0.143307
-35.3009 70.7153 8.47825 0.250356 -0.952615 -0.172393
-34.4063 70.8608 8.88785 0.217677 -0.961308 -0.168727
-33.8235 70.8414 9.68465 0.21611 -0.958916 -0.183787
-33.6147 70.5998 11.0289 0.205257 -0.955538 -0.211701
-33.7552 70.3069 12.0994 0.204946 -0.948367 -0.24207
-33.9676 69.9989 12.977 0.188165 -0.93688 -0.294704
-34.1907 69.6451 13.9168 0.180129 -0.926891 -0.329282
-34.4464 69.2777 14.8105 0.179232 -0.925329 -0.334094
-34.706 68.9261 15.6339 0.18135 -0.922821 -0.339849
-34.9933 68.472 16.7039 0.184214 -0.921869 -0.340912
-35.2615 68.1044 17.5007 0.160574 -0.91754 -0.363625
-35.5777 67.7069 18.3879 0.173562 -0.916703 -0.359902
-36.0243 67.3244 19.1428 0.176829 -0.915214 -0.362085
-36.6545 66.9635 19.7313 0.18563 -0.910528 -0.369381
-37.6408 66.4873 20.3886 0.196938 -0.906486 -0.373439
-38.4478 66.1395 20.7908 0.212954 -0.905878 -0.365843
-39.4047 65.7114 21.2583 0.231584 -0.904195 -0.358887
-40.1635 65.3547 21.6424 0.24729 -0.899726 -0.35964
-41.1511 64.8619 22.1746 0.277928 -0.89486 -0.34926
-41.9368 64.4647 22.5683 0.285452 -0.893669 -0.34612
-42.9279 63.97 23.0025 0.300782 -0.889652 -0.343516
-43.7461 63.6899 22.9953 0.307369 -0.888408 -0.340962
-44.293 63.8544 22.0399 0.329702 -0.884385 -0.330394
-44.7157 64.0369 21.1384 0.336644 -0.881214 -0.33178
-45.1658 64.1661 20.3162 0.352801 -0.878636 -0.321732
-45.4849 64.3497 19.448 0.357087 -0.880664 -0.31132
-45.927 64.5033 18.4605 0.3802 -0.879602 -0.285892
-46.3704 64.6201 17.4922 0.387015 -0.88136 -0.270882
-46.8855 64.7366 16.3348 0.394584 -0.883048 -0.254027
-47.2721 64.8013 15.478 0.406335 -0.883651 -0.232492
-47.6685 64.8519 14.5834 0.410896 -0.88244 -0.229051
-47.9456 64.9361 13.702 0.413603 -0.885317 -0.212464
-48.1032 65.0693 12.7834 0.421844 -0.885804 -0.193387
-47.9806 65.3459 11.742 0.420846 -0.889187 -0.179543
-47.5916 65.7242 10.7269 0.416071 -0.894521 -0.163453
-47.0784 66.1103 9.89629 0.415365 -0.896573 -0.153717
-46.5401 66.4747 9.22588 0.414189 -0.897959 -0.148624
-45.9111 66.8583 8.65299 0.412723 -0.898753 -0.147908
-45.1996 67.252 8.18837 0.400538 -0.905906 -0.13732
-44.4338 67.6528 7.74182 0.396464 -0.908963 -0.128667
-43.6491 68.0331 7.42398 0.387097 -0.913114 -0.127886
-43.0612 68.3021 7.25474 0.381068 -0.916288 -0.123304
-43.4738 68.2336 6.39767 0.382696 -0.917298 -0.110035
-42.423 68.6863 6.19427 0.366058 -0.925472 -0.09729
-41.2819 69.1405 6.11041 0.355234 -0.929507 -0.0987483
-40.1539 69.5562 6.1295 0.335274 -0.935867 -0.108372
-39.1873 69.8705 6.24844 0.309938 -0.945759 -0.0971159
-38.3174 70.129 6.42523 0.296621 -0.948942 -0.107351
-37.2592 70.4132 6.74737 0.278894 -0.953699 -0.112594
-36.0702 70.7021 7.19053 0.268612 -0.956441 -0.114318
-35.1139 70.9062 7.57018 0.238638 -0.961095 -0.139099
-34.2277 71.0647 7.92761 0.222799 -0.962311 -0.155945
-33.422 71.1559 8.44976 0.206425 -0.964556 -0.164381
-32.8918 71.0818 9.46349 0.194182 -0.963598 -0.183774
-32.7194 70.9322 10.3627 0.184239 -0.959959 -0.210223
-32.6854 70.7101 11.2925 0.171206 -0.954158 -0.245503
-32.8651 70.3715 12.4345 0.163075 -0.948583 -0.271288
-33.1552 69.9596 13.5683 0.168174 -0.930608 -0.325093
-33.3946 69.5998 14.4667 0.169358 -0.92527 -0.339247
-33.646 69.2514 15.2708 0.163858 -0.923312 -0.347337
-33.9477 68.7745 16.3681 0.160312 -0.918104 -0.362471
-34.2258 68.3446 17.3412 0.139849 -0.916661 -0.374319
-34.4935 67.9517 18.197 0.133737 -0.916211 -0.377719
-34.8348 67.5379 19.0844 0.132753 -0.917725 -0.374377
-35.3229 67.1699 19.8001 0.149716 -0.913317 -0.378731
-36.2685 66.6757 20.6008 0.155258 -0.910889 -0.382331
-37.0639 66.3143 21.0939 0.17231 -0.908341 -0.381028
-37.8292 65.9904 21.4952 0.202563 -0.907681 -0.367538
-38.7526 65.593 21.9445 0.218966 -0.90569 -0.362893
-39.558 65.2384 22.3525 0.228327 -0.905351 -0.35806
-40.4286 64.8173 22.8299 0.260344 -0.898625 -0.353114
-41.3177 64.3784 23.2772 0.275806 -0.894273 -0.35243
-42.0771 64.0111 23.6234 0.274042 -0.896378 -0.348437
-43.163 63.4651 24.1074 0.300944 -0.890307 -0.341683
-44.1343 63.1194 24.1322 0.317283 -0.885709 -0.338772
-44.616 63.2553 23.3086 0.325451 -0.883588 -0.336681
-45.036 63.4193 22.4568 0.33569 -0.881842 -0.331159
-45.5305 63.632 21.3691 0.348173 -0.880036 -0.322971
-45.9944 63.8002 20.4036 0.359826 -0.877575 -0.316792
-46.4005 63.9781 19.4059 0.376549 -0.876925 -0.298655
-46.7762 64.0978 18.5688 0.38696 -0.876727 -0.28563
-47.3567 64.2478 17.2691 0.392506 -0.87981 -0.268092
-47.8353 64.3339 16.2251 0.404072 -0.879584 -0.251112
-48.2729 64.4028 15.227 0.412302 -0.881783 -0.229055
-48.6549 64.4716 14.2419 0.418685 -0.882317 -0.214987
-48.9454 64.5518 13.303 0.432648 -0.878981 -0.200521
-48.9829 64.7654 12.229 0.433421 -0.882666 -0.181791
-48.7907 65.0411 11.3296 0.428558 -0.88606 -0.176675
-48.4775 65.3479 10.5001 0.425114 -0.890176 -0.163903
-47.9611 65.7551 9.57596 0.420624 -0.894698 -0.150305
-47.447 66.1058 8.92667 0.415365 -0.896571 -0.15373
-46.767 66.539 8.16624 0.41698 -0.89875 -0.135539
-45.9245 67.0172 7.55466 0.413309 -0.900606 -0.134476
-45.07 67.4686 7.0447 0.398239 -0.909413 -0.11986
-44.0699 67.9596 6.60838 0.38773 -0.914584 -0.114662
-43.7511 68.1072 6.48644 0.382695 -0.917298 -0.110041
-44.1067 68.0579 5.61382 0.39259 -0.914191 -0.100637
-44.8821 67.6899 5.9123 0.395902 -0.912659 -0.101559
-45.909 67.1716 6.45108 0.405567 -0.907254 -0.111384
-46.7993 66.6911 7.01691 0.416566 -0.900909 -0.121765
-47.5186 66.2772 7.58976 0.41697 -0.898753 -0.135546
-48.3192 65.7561 8.52383 0.423464 -0.895065 -0.139777
-48.9249 65.3202 9.43832 0.433084 -0.889056 -0.148386
-49.2986 65.0043 10.2189 0.437822 -0.885996 -0.152718
-49.6294 64.6867 11.0351 0.436123 -0.883155 -0.172729
-49.8668 64.2976 12.3734 0.449012 -0.874518 -0.183321
-49.7872 64.1181 13.3875 0.435967 -0.877122 -0.201436
-49.4382 64.0343 14.4732 0.4292 -0.877739 -0.212982
-49.091 63.9674 15.4053 0.422952 -0.876104 -0.231416
-48.7095 63.9015 16.3093 0.414708 -0.875421 -0.248305
-48.2389 63.8399 17.2828 0.404032 -0.876371 -0.262169
-47.8197 63.7256 18.2804 0.389411 -0.876936 -0.281677
-47.3904 63.6243 19.1914 0.385562 -0.876855 -0.287065
-46.9492 63.4987 20.1367 0.36967 -0.877409 -0.305563
-46.4069 63.2723 21.4011 0.357952 -0.87924 -0.314312
-46.0365 63.0958 22.2826 0.346358 -0.880587 -0.323424
-45.5372 62.8993 23.3345 0.335553 -0.882022 -0.330818
-45.0377 62.711 24.3312 0.328216 -0.88273 -0.336248
-44.5628 62.5628 25.1832 0.322601 -0.883688 -0.339099
-43.3919 62.9642 25.2154 0.311366 -0.888964 -0.335848
-42.3071 63.5123 24.7225 0.295861 -0.892024 -0.341702
-41.0956 64.1067 24.1584 0.27774 -0.897701 -0.342044
-40.0476 64.6021 23.6557 0.244182 -0.902361 -0.354883
-39.2823 64.954 23.2524 0.228244 -0.907352 -0.353013
-38.4715 65.3056 22.8277 0.196646 -0.907459 -0.371279
-37.3904 65.7534 22.2874 0.188054 -0.910969 -0.367112
-36.3874 66.1716 21.7435 0.155757 -0.908858 -0.386934
-35.4976 66.5528 21.1697 0.132293 -0.911305 -0.389777
-34.5688 67.0208 20.3875 0.119762 -0.912552 -0.391032
-34.0844 67.3717 19.7138 0.120332 -0.913579 -0.388449
-33.7091 67.7818 18.8667 0.121214 -0.911808 -0.392319
-33.4519 68.162 18.0553 0.133856 -0.91586 -0.378527
-33.1773 68.5904 17.1191 0.134383 -0.91538 -0.3795
-32.8454 69.1966 15.7541 0.136156 -0.919304 -0.369204
-32.5352 69.5982 14.8453 0.14609 -0.925164 -0.350321
-32.2915 69.9898 13.8971 0.147945 -0.935134 -0.321795
-32.0375 70.3499 12.9439 0.142522 -0.943336 -0.299094
-31.8247 70.6603 12.0254 0.155467 -0.945042 -0.28762
-31.7351 70.9738 10.9303 0.161055 -0.954029 -0.252464
-31.82 71.1949 9.90155 0.160073 -0.964988 -0.207421
-32.1064 71.3557 8.80888 0.183784 -0.967694 -0.172552
-32.5772 71.4247 7.89474 0.182906 -0.969492 -0.163158
-33.3942 71.3511 7.28832 0.209101 -0.965671 -0.154133
-34.2366 71.2112 6.93369 0.239351 -0.963146 -0.122722
-35.112 71.036 6.58355 0.257392 -0.960037 -0.109901
-36.3643 70.7484 6.09249 0.272031 -0.955807 -0.111501
-37.2677 70.5197 5.76183 0.284137 -0.954957 -0.0855755
-38.3501 70.2158 5.45452 0.297203 -0.951155 -0.0835193
-39.2683 69.9391 5.25551 0.30875 -0.947194 -0.0863699
-40.2834 69.6016 5.17371 0.324016 -0.942331 -0.0838196
-41.1576 69.2808 5.16769 0.353326 -0.931672 -0.0840219
-42.3659 68.8005 5.26313 0.363723 -0.927102 -0.0904711
-43.771 68.2148 5.49681 0.377758 -0.920742 -0.0969187
-43.7839 68.209 5.50062 0.388072 -0.915765 -0.103641
-44.0268 68.1842 4.61681 0.385556 -0.919282 -0.0791652
-42.8143 68.6981 4.36689 0.372091 -0.925103 -0.0757101
-41.7512 69.1307 4.21675 0.353122 -0.932883 -0.0709492
-40.7782 69.4972 4.21884 0.350525 -0.933849 -0.0711203
-39.8362 69.8311 4.25162 0.315779 -0.946068 -0.0723795
-38.876 70.1383 4.35603 0.307776 -0.948644 -0.0731332
-37.8475 70.4429 4.6022 0.289139 -0.954067 -0.0784546
-36.8257 70.7295 4.88295 0.279981 -0.957201 -0.0724376
-35.9415 70.9509 5.23569 0.264573 -0.959775 -0.0939179
-35.11 71.1419 5.58552 0.259014 -0.961173 -0.0951773
-34.1812 71.3439 5.9634 0.239732 -0.966156 -0.0952423
-33.3558 71.5011 6.30805 0.207667 -0.969677 -0.128509
-32.3313 71.6481 6.78454 0.176068 -0.975369 -0.132452
-31.5848 71.6557 7.63436 0.177562 -0.972377 -0.151088
-31.188 71.5558 8.59523 0.157827 -0.972407 -0.171748
-30.9125 71.3989 9.62974 0.162249 -0.966605 -0.198367
-30.8011 71.1622 10.7338 0.139929 -0.961381 -0.236993
-30.8374 70.8779 11.7948 0.130343 -0.950025 -0.283662
-31.0446 70.5178 12.8644 0.132769 -0.94524 -0.29815
-31.3625 70.0867 13.986 0.125893 -0.934602 -0.33252
-31.7022 69.575 15.2159 0.130543 -0.922605 -0.362986
-32.0446 69.034 16.4301 0.117119 -0.915754 -0.384289
-32.2923 68.577 17.4339 0.116036 -0.913145 -0.390766
-32.628 68.052 18.5535 0.113496 -0.910551 -0.397511
-33.0116 67.5271 19.6536 0.0967876 -0.906 -0.412064
-33.5677 67.005 20.6808 0.0954273 -0.909252 -0.40516
-34.5262 66.5057 21.5813 0.0929189 -0.911481 -0.400704
-35.3447 66.156 22.1599 0.120675 -0.911422 -0.39338
-36.0945 65.8577 22.6067 0.138101 -0.909493 -0.392111
-36.9915 65.495 23.0987 0.168494 -0.913646 -0.369946
-37.8451 65.1555 23.5453 0.183345 -0.912869 -0.364476
-38.6775 64.8005 23.9885 0.199999 -0.915764 -0.348392
-39.5029 64.4485 24.401 0.231101 -0.905595 -0.355655
-40.5215 63.9975 24.8798 0.261939 -0.903696 -0.338704
-41.3336 63.6106 25.2675 0.280971 -0.897364 -0.340283
-42.1218 63.2175 25.657 0.287894 -0.897478 -0.334014
-43.0523 62.746 26.0933 0.295947 -0.895615 -0.33209
-44.2742 62.169 26.493 0.323731 -0.885023 -0.334472
-45.0773 62.0526 26.0127 0.334455 -0.879339 -0.338966
-45.676 62.2258 24.9808 0.3383 -0.877487 -0.339922
-46.1659 62.4324 23.9351 0.337021 -0.880898 -0.332316
-46.5793 62.5855 23.0946 0.347999 -0.880503 -0.321888
-47.0745 62.8031 21.948 0.354223 -0.880576 -0.31482
-47.5296 62.9957 20.8755 0.374757 -0.876321 -0.302686
-47.9303 63.1224 19.9903 0.380416 -0.877949 -0.29067
-48.3537 63.223 19.1083 0.392341 -0.875993 -0.280545
-48.7445 63.3297 18.1958 0.398122 -0.878495 -0.264096
-49.239 63.4302 17.081 0.415054 -0.874636 -0.250483
-49.6405 63.4851 16.2102 0.424024 -0.87455 -0.235294
-50.0359 63.5552 15.2378 0.429394 -0.873857 -0.22781
-50.4371 63.6176 14.1407 0.438667 -0.874724 -0.205958
-50.7251 63.7672 12.8065 0.44627 -0.876199 -0.181986
-50.6514 64.0815 11.4363 0.453632 -0.875098 -0.168584
-50.3412 64.4438 10.3759 0.456461 -0.875444 -0.158875
-49.9578 64.793 9.52102 0.452165 -0.878891 -0.151981
-49.5123 65.161 8.64978 0.434673 -0.889956 -0.137953
-48.9571 65.5529 7.86 0.429272 -0.893457 -0.132011
-48.2333 66.0192 7.01043 0.425776 -0.896243 -0.124337
-47.5942 66.4009 6.43518 0.426362 -0.896893 -0.117317
-46.9211 66.7711 5.96405 0.417618 -0.902046 -0.109124
-46.1256 67.185 5.51013 0.407165 -0.907516 -0.103108
-45.064 67.7137 4.95419 0.398892 -0.912728 -0.0879766
-44.1918 68.1113 4.65926 0.385999 -0.919147 -0.0785751
-44.4087 68.0976 3.71658 0.383401 -0.920848 -0.0710075
-45.2822 67.7015 4.02067 0.395246 -0.914975 -0.0812433
-46.1601 67.2756 4.47631 0.40372 -0.91082 -0.0861193
-46.9859 66.8563 4.94432 0.416963 -0.903797 -0.0964007
-47.7826 66.4332 5.42168 0.424824 -0.899866 -0.0988215
-48.4982 66.0248 5.98966 0.429394 -0.896303 -0.110735
-49.19 65.6006 6.69357 0.436406 -0.891768 -0.119558
-49.83 65.1797 7.46794 0.439307 -0.889734 -0.124032
-50.3399 64.7978 8.28614 0.459357 -0.877986 -0.134443
-50.7409 64.4578 9.1026 0.456006 -0.87831 -0.14363
-51.109 64.1253 9.88779 0.466971 -0.869725 -0.159741
-51.4319 63.7833 10.8388 0.4701 -0.869176 -0.153255
-51.5881 63.4658 12.0764 0.459559 -0.871562 -0.170799
-51.5342 63.2826 13.1385 0.456356 -0.871469 -0.179547
-51.3392 63.1757 14.0732 0.444714 -0.873952 -0.196056
-51.0006 63.1226 15.0419 0.43595 -0.874155 -0.213899
-50.6557 63.0765 15.906 0.429391 -0.873859 -0.227808
-50.2048 62.9968 16.9941 0.418395 -0.875191 -0.242812
-49.7722 62.945 17.8975 0.413939 -0.875651 -0.248777
-49.4205 62.8573 18.7404 0.40582 -0.876402 -0.259263
-48.8934 62.7395 19.8803 0.386205 -0.877929 -0.282874
-48.4992 62.6405 20.7039 0.378368 -0.878601 -0.291309
-48.1401 62.4811 21.6173 0.369322 -0.876689 -0.308248
-47.6234 62.2828 22.7788 0.355665 -0.878166 -0.319887
-47.2082 62.1118 23.698 0.350784 -0.877279 -0.327595
-46.7445 61.9229 24.6783 0.344025 -0.876728 -0.336147
-46.2828 61.7347 25.6372 0.342787 -0.876245 -0.338662
-45.6785 61.5702 26.666 0.345843 -0.872832 -0.34432
-44.8426 61.6018 27.4215 0.338923 -0.876292 -0.342408
-43.9364 61.9364 27.4326 0.317934 -0.886561 -0.336046
-43.0045 62.3843 27.1066 0.308871 -0.890995 -0.332731
-42.1504 62.817 26.7067 0.294831 -0.896534 -0.330609
-41.3821 63.2011 26.3198 0.281284 -0.900884 -0.330587
-40.3035 63.7222 25.7691 0.249708 -0.904355 -0.346104
-39.3024 64.1637 25.2964 0.229033 -0.914696 -0.33298
-38.352 64.5393 24.853 0.19514 -0.914938 -0.353284
-37.3654 64.9345 24.329 0.170386 -0.922899 -0.345292
-36.2511 65.3627 23.7194 0.133484 -0.91428 -0.382459
-35.1961 65.7597 23.115 0.100257 -0.908853 -0.40489
-34.4023 66.0646 22.6152 0.0907279 -0.911568 -0.401014
-33.5478 66.4045 22.0247 0.0703807 -0.907768 -0.413527
-32.808 66.822 21.2419 0.0759576 -0.906188 -0.415996
-32.3438 67.2421 20.4284 0.0921734 -0.90064 -0.424679
-32.0311 67.6312 19.6493 0.0835871 -0.907066 -0.412608
-31.6235 68.1979 18.4943 0.102109 -0.910436 -0.40085
-31.4027 68.5737 17.6957 0.104842 -0.91233 -0.395805
-31.1901 68.9634 16.8508 0.103467 -0.913501 -0.39346
-30.9026 69.454 15.7719 0.115279 -0.915885 -0.384534
-30.5828 69.9473 14.6429 0.126674 -0.929479 -0.346442
-30.311 70.3332 13.6937 0.124521 -0.932964 -0.337747
-30.0168 70.7209 12.6709 0.124926 -0.945123 -0.301887
-29.8526 71.0934 11.5249 0.128366 -0.955525 -0.264779
-29.8745 71.3598 10.472 0.124519 -0.964626 -0.231989
-29.9998 71.5925 9.3723 0.119341 -0.971002 -0.206686
-30.3239 71.7613 8.22367 0.139868 -0.974486 -0.174801
-30.7696 71.8593 7.12012 0.152866 -0.977756 -0.143599
-31.4023 71.8816 6.21891 0.153805 -0.982516 -0.103939
-32.4068 71.757 5.71608 0.175224 -0.980086 -0.0932941
-33.3595 71.6052 5.28618 0.221755 -0.970957 -0.0898134
-34.4251 71.3868 4.84232 0.248091 -0.966511 -0.0656239
-35.2459 71.1955 4.50936 0.261085 -0.963166 -0.0643854
-36.2505 70.9447 4.12801 0.270187 -0.960727 -0.0630804
-37.2634 70.6701 3.80612 0.284832 -0.95762 -0.04244
-38.1961 70.3976 3.56366 0.291697 -0.955662 -0.0401914
-39.0765 70.1275 3.39527 0.301804 -0.952388 -0.0432526
-40.0944 69.7931 3.28579 0.32491 -0.944648 -0.0452526
-41.0166 69.4651 3.26801 0.339397 -0.939397 -0.0483996
-41.8964 69.1369 3.29058 0.352826 -0.93437 -0.0496722
-42.7634 68.7944 3.3862 0.370639 -0.926606 -0.0634557
-43.5993 68.4463 3.52905 0.378466 -0.923021 -0.0692523
-44.0804 68.2416 3.62153 0.383403 -0.920847 -0.0710131
-44.2375 68.245 2.69181 0.376842 -0.924328 -0.0600629
-43.1755 68.6887 2.50148 0.373092 -0.925693 -0.0623752
-42.2468 69.0515 2.3975 0.353358 -0.934216 -0.0487686
-41.3206 69.4013 2.31835 0.334327 -0.941853 -0.0337042
-40.4314 69.7135 2.32667 0.321713 -0.946315 -0.0314571
-39.4778 70.0334 2.39619 0.308306 -0.950934 -0.0259284
-38.6195 70.3076 2.5442 0.304144 -0.952027 -0.0327855
-37.4818 70.6463 2.78079 0.289466 -0.956684 -0.0310137
-36.4215 70.944 3.09141 0.276576 -0.960214 -0.03867
-35.2058 71.2636 3.51645 0.257894 -0.965417 -0.0381183
-34.3819 71.4669 3.82479 0.250578 -0.965969 -0.0640799
-33.5426 71.6578 4.16301 0.233631 -0.969575 -0.0716872
-32.5548 71.8257 4.61018 0.186357 -0.980272 -0.065867
-31.5448 71.9729 5.02095 0.157705 -0.983628 -0.086578
-30.4373 72.0715 5.75659 0.122291 -0.989502 -0.0770094
-29.8674 72.0206 6.80372 0.113061 -0.986156 -0.121295
-29.4998 71.9381 7.74581 0.119806 -0.98109 -0.151731
-29.1965 71.8087 8.75242 0.0931616 -0.981952 -0.164479
-28.9639 71.6515 9.67169 0.103824 -0.974445 -0.19913
-28.9049 71.3772 10.8961 0.118451 -0.961381 -0.248329
-28.9146 71.0711 11.9951 0.112327 -0.950465 -0.289689
-29.2033 70.6298 13.2538 0.11318 -0.938352 -0.326501
-29.485 70.2681 14.1714 0.112005 -0.931107 -0.346693
-29.7105 69.904 15.011 0.101162 -0.921894 -0.374001
-29.9534 69.509 15.9069 0.10488 -0.915173 -0.389147
-30.1975 69.1323 16.7186 0.102669 -0.913613 -0.393408
-30.4299 68.6935 17.667 0.0944797 -0.909631 -0.404527
-30.7173 68.1618 18.8004 0.0872277 -0.906523 -0.412866
-30.9668 67.7713 19.5731 0.0917331 -0.896928 -0.432484
-31.4119 67.2115 20.6552 0.069964 -0.896373 -0.437746
-31.9345 66.7158 21.6031 0.056915 -0.898638 -0.434921
-32.5798 66.2941 22.4142 0.0475119 -0.905215 -0.422275
-33.4259 65.9559 23.0388 0.0705735 -0.909757 -0.409096
-34.3645 65.6211 23.6361 0.0789018 -0.919133 -0.385959
-35.3104 65.2782 24.2467 0.114935 -0.918251 -0.378476
-36.0775 65.0242 24.6459 0.126644 -0.933601 -0.335187
-36.8978 64.7202 25.1365 0.17255 -0.923012 -0.343913
-37.7898 64.3858 25.602 0.195034 -0.927503 -0.318903
-38.7201 64.0373 26.018 0.215965 -0.922791 -0.319085
-39.595 63.683 26.4171 0.230027 -0.914737 -0.33218
-40.3314 63.3374 26.811 0.261198 -0.906839 -0.330786
-41.2239 62.9038 27.2699 0.279638 -0.903115 -0.325863
-42.0514 62.4868 27.6919 0.292459 -0.89897 -0.326069
-42.8816 62.0761 28.052 0.313638 -0.886847 -0.339313
-43.7548 61.6465 28.3643 0.325964 -0.881058 -0.342596
-44.8742 61.1901 28.4379 0.341281 -0.872784 -0.348883
-45.7666 61.054 27.8851 0.348732 -0.8702 -0.348049
-46.5139 61.1333 26.9331 0.350934 -0.870135 -0.345993
-47.0439 61.3011 25.9709 0.349123 -0.872371 -0.342172
-47.4811 61.4828 25.0579 0.350332 -0.872629 -0.340274
-47.9511 61.6789 24.0482 0.357304 -0.874168 -0.328882
-48.4375 61.8678 22.9994 0.36542 -0.875629 -0.315818
-48.8078 62.0193 22.1372 0.36741 -0.878603 -0.305068
-49.1701 62.156 21.2802 0.382625 -0.873644 -0.300573
-49.5956 62.272 20.3582 0.393524 -0.874483 -0.283581
-50.0084 62.3801 19.4282 0.396474 -0.875629 -0.275827
-50.4683 62.4892 18.3459 0.409907 -0.876722 -0.251604
-50.9796 62.566 17.2081 0.415154 -0.875837 -0.246055
-51.3784 62.6199 16.2871 0.429319 -0.872682 -0.232621
-51.8072 62.6648 15.259 0.439314 -0.872434 -0.214153
-52.1278 62.7051 14.382 0.444895 -0.873832 -0.196154
-52.3395 62.8075 13.3884 0.452258 -0.872637 -0.184249
-52.4171 62.9828 12.283 0.4677 -0.868417 -0.164645
-52.3341 63.2354 11.1212 0.472522 -0.867383 -0.156028
-52.0619 63.5833 9.96799 0.487166 -0.862303 -0.138213
-51.7282 63.9093 9.12068 0.478161 -0.866828 -0.141305
-51.2849 64.2951 8.23743 0.479009 -0.868013 -0.130644
-50.7705 64.7108 7.31799 0.469751 -0.873327 -0.128863
-50.2723 65.0782 6.55662 0.457734 -0.880602 -0.122546
-49.7221 65.4417 5.9135 0.439456 -0.890845 -0.115215
-49.0725 65.8391 5.26033 0.42753 -0.897162 -0.110953
-48.2187 66.3213 4.60381 0.419341 -0.902013 -0.102592
-47.4052 66.7508 4.09309 0.410621 -0.90686 -0.0948475
-46.5749 67.1717 3.61879 0.404426 -0.910749 -0.0835229
-45.8277 67.5333 3.24207 0.396716 -0.914612 -0.0781097
-44.9432 67.9367 2.89523 0.385178 -0.920299 -0.0684608
-44.4218 68.1665 2.74087 0.381426 -0.922144 -0.0642606
-44.7171 68.1048 1.83635 0.376508 -0.924018 -0.0665798
-45.5242 67.7545 2.09384 0.381822 -0.921595 -0.069821
-46.5759 67.2696 2.52805 0.394547 -0.915467 -0.0790277
-47.4629 66.832 3.05875 0.40041 -0.91232 -0.0856965
-48.2258 66.4408 3.50403 0.41062 -0.906861 -0.0948361
-48.9746 66.0401 3.99346 0.418017 -0.902578 -0.103027
-49.7947 65.5653 4.69292 0.432494 -0.894238 -0.115148
-50.649 65.0154 5.60434 0.454868 -0.881773 -0.124778
-51.2525 64.5824 6.42066 0.464328 -0.875956 -0.130768
-51.7418 64.19 7.24219 0.493888 -0.859744 -0.130061
-52.1777 63.8136 8.04277 0.498389 -0.855954 -0.137662
-52.6085 63.4307 8.93399 0.497406 -0.858584 -0.124178
-52.907 63.1255 9.83682 0.49112 -0.862018 -0.125406
-53.1926 62.7627 11.1324 0.484229 -0.864512 -0.134689
-53.2478 62.4962 12.505 0.471988 -0.868203 -0.153136
-53.1659 62.334 13.5838 0.463561 -0.869525 -0.170402
-52.9266 62.2423 14.6256 0.442448 -0.876132 -0.191395
-52.5326 62.2059 15.6581 0.430881 -0.878002 -0.208457
-52.0868 62.1622 16.7213 0.42892 -0.875212 -0.223677
-51.7322 62.1118 17.5561 0.419592 -0.875471 -0.239777
-51.3527 62.0628 18.3801 0.413033 -0.876547 -0.247121
-50.9884 61.983 19.2441 0.408335 -0.873483 -0.265122
-50.6034 61.8937 20.1072 0.401614 -0.873345 -0.275634
-50.1335 61.7819 21.1123 0.394277 -0.872185 -0.289549
-49.6804 61.6288 22.1667 0.383066 -0.874167 -0.298483
-49.2636 61.4648 23.15 0.377553 -0.871106 -0.314052
-48.7809 61.2814 24.1981 0.358691 -0.873995 -0.327832
-48.313 61.0862 25.2085 0.356809 -0.869505 -0.341535
-47.812 60.8616 26.2968 0.354394 -0.868602 -0.346318
-47.3688 60.712 27.124 0.353293 -0.867308 -0.350655
-46.8206 60.5974 27.9583 0.352786 -0.867994 -0.349467
-46.1123 60.57 28.7434 0.354273 -0.866727 -0.351104
-45.278 60.6947 29.2681 0.349135 -0.868914 -0.350847
-44.1243 61.0961 29.4035 0.34037 -0.876589 -0.340207
-42.9704 61.6575 29.0939 0.3255 -0.884943 -0.332869
-41.9714 62.1583 28.6916 0.309751 -0.893388 -0.325443
-41.1986 62.5587 28.2917 0.302573 -0.901259 -0.31013
-40.3195 62.9873 27.8527 0.290364 -0.90585 -0.308334
-39.4123 63.4186 27.365 0.266543 -0.914424 -0.304605
-38.318 63.8631 26.831 0.217988 -0.932893 -0.286656
-37.1793 64.2695 26.3061 0.180306 -0.938182 -0.295451
-36.082 64.6335 25.7281 0.123125 -0.938833 -0.321177
-35.3229 64.8908 25.2677 0.0917901 -0.941068 -0.325523
-34.4272 65.1766 24.7169 0.079967 -0.934918 -0.345737
-33.4687 65.485 24.1097 0.0355921 -0.913886 -0.404408
-32.6659 65.7352 23.6276 0.0477633 -0.911392 -0.408758
-31.8137 66.064 22.9699 0.0235556 -0.89727 -0.440829
-31.2077 66.4658 22.1983 0.0322585 -0.892265 -0.450343
-30.7223 66.9279 21.326 0.0401672 -0.888294 -0.45743
-30.2396 67.4908 20.2724 0.0743355 -0.893872 -0.442078
-29.9372 67.9594 19.3821 0.0823749 -0.900482 -0.426988
-29.5859 68.5477 18.1921 0.0872183 -0.906522 -0.412869
-29.3347 69.0674 17.0904 0.100923 -0.909583 -0.403067
-29.0844 69.4575 16.2568 0.105293 -0.913423 -0.393157
-28.8045 69.9168 15.2559 0.109005 -0.917453 -0.382493
-28.5746 70.27 14.4299 0.110206 -0.925826 -0.361527
-28.3161 70.6369 13.5405 0.120131 -0.940498 -0.317854
-27.9953 71.0124 12.5288 0.101988 -0.949226 -0.297365
-27.9382 71.3315 11.4859 0.103699 -0.952925 -0.284911
-27.957 71.5856 10.4682 0.0935002 -0.967332 -0.235641
-28.0182 71.7851 9.50797 0.0881138 -0.975979 -0.198841
-28.2955 71.9521 8.40656 0.0931684 -0.981949 -0.164492
-28.569 72.0632 7.50838 0.0888886 -0.985475 -0.144699
-28.9827 72.1529 6.43768 0.0812837 -0.991552 -0.100819
-29.5009 72.2072 5.32792 0.0942267 -0.992508 -0.0777827
-30.1286 72.1859 4.66233 0.107364 -0.993047 -0.0482705
-31.2079 72.0782 4.12529 0.141817 -0.989252 -0.0297901
-32.1509 71.9502 3.74402 0.139702 -0.989245 -0.0433334
-32.9898 71.8148 3.38733 0.200391 -0.979468 -0.0220599
-33.819 71.64 3.04824 0.245102 -0.968886 -0.0344106
-34.8361 71.3959 2.66396 0.250412 -0.967426 -0.0367028
-35.8224 71.1313 2.32753 0.262337 -0.964953 -0.00669286
-36.6566 70.9046 2.04837 0.265612 -0.964052 -0.00740183
-37.6129 70.631 1.796 0.281948 -0.959428 0.00183352
-38.5477 70.3511 1.61001 0.298151 -0.954386 -0.0135872
-39.4905 70.0521 1.44888 0.313451 -0.949477 -0.0155857
-40.3555 69.7657 1.38395 0.317104 -0.948248 -0.0164213
-41.211 69.4711 1.39119 0.33443 -0.942198 -0.0204659
-42.0558 69.1636 1.44553 0.346933 -0.937156 -0.037101
-42.9426 68.8288 1.52845 0.353024 -0.934877 -0.0371459
-43.8188 68.4783 1.65553 0.371474 -0.927151 -0.0489741
-44.3049 68.279 1.74914 0.372323 -0.926079 -0.0608111
-44.4912 68.2598 0.827604 0.368149 -0.928137 -0.0550341
-43.5318 68.6412 0.669583 0.349409 -0.936183 -0.0383922
-42.6043 68.9951 0.556075 0.345909 -0.937762 -0.0285568
-41.6784 69.3255 0.495827 0.333834 -0.942394 -0.021187
-40.5319 69.7225 0.441486 0.315114 -0.94905 -0.00271298
-39.6503 70.0106 0.485575 0.305773 -0.952094 -0.00441005
-38.7246 70.3018 0.638308 0.295917 -0.955208 -0.00324928
-37.783 70.5811 0.824092 0.271523 -0.962362 0.0116369
-36.8995 70.8337 1.01966 0.273512 -0.961797 0.0117138
-35.8719 71.1218 1.32957 0.259833 -0.965312 0.0256674
-34.7672 71.4104 1.70868 0.239835 -0.970807 0.00353063
-33.7824 71.6557 2.07972 0.213051 -0.97653 0.0115061
-32.9227 71.8241 2.42893 0.183209 -0.982959 0.0144704
-32.0791 71.969 2.76078 0.146518 -0.989168 0.00887472
-31.0188 72.1199 3.16381 0.129477 -0.991581 -0.00171006
-29.9694 72.239 3.58573 0.11534 -0.993059 -0.0230474
-28.9901 72.3137 4.31766 0.0734263 -0.995774 -0.0551562
-28.5453 72.3001 5.10114 0.0656002 -0.995852 -0.063058
-28.1365 72.2616 5.96807 0.0596096 -0.994809 -0.0824738
-27.7855 72.2054 6.82743 0.0524821 -0.993942 -0.0965615
-27.3839 72.0702 8.08957 0.0645126 -0.987021 -0.147066
-27.144 71.9349 9.09744 0.062401 -0.986964 -0.148339
-27.0064 71.7188 10.263 0.0766445 -0.975916 -0.203808
-26.9725 71.519 11.1726 0.089634 -0.970492 -0.223195
-27.018 71.2621 12.0384 0.0922035 -0.953123 -0.288194
-27.2227 70.8867 13.147 0.081623 -0.944197 -0.319106
-27.4928 70.5191 14.1031 0.0910953 -0.930523 -0.354725
-27.7641 70.1369 14.9976 0.0977739 -0.920276 -0.378857
-28.026 69.7304 15.8991 0.103564 -0.915077 -0.389753
-28.3079 69.2304 16.9759 0.103955 -0.910037 -0.40128
-28.6158 68.6874 18.1081 0.0944171 -0.902154 -0.420955
-28.9679 68.0475 19.3729 0.0721682 -0.892021 -0.446195
-29.234 67.6146 20.1939 0.0678996 -0.885469 -0.459485
-29.5263 67.1793 20.9674 0.0550398 -0.882563 -0.466874
-29.8508 66.7701 21.7194 0.0477812 -0.885982 -0.461251
-30.4848 66.1892 22.7955 0.0246026 -0.889115 -0.457022
-31.0155 65.8465 23.4448 0.00721334 -0.896548 -0.442889
-31.698 65.5422 24.0604 -0.0113982 -0.911519 -0.410631
-32.4792 65.3078 24.5705 -0.00703522 -0.91836 -0.395177
-33.3374 65.0871 25.0876 0.0267457 -0.931607 -0.361872
-34.0811 64.8799 25.6205 0.0485909 -0.936772 -0.344426
-34.9631 64.6374 26.1359 0.113769 -0.94385 -0.310168
-35.969 64.3557 26.7227 0.144068 -0.95839 -0.24644
-37.2539 63.9501 27.3565 0.206906 -0.945911 -0.249883
-38.0322 63.6699 27.7255 0.252954 -0.936297 -0.243645
-38.9801 63.2855 28.1735 0.279743 -0.922377 -0.26604
-39.7161 62.9518 28.5808 0.285791 -0.915338 -0.282817
-40.5619 62.5328 29.0035 0.311469 -0.903247 -0.294984
-41.6071 61.9823 29.544 0.32052 -0.893043 -0.315817
-42.6543 61.4307 29.9962 0.335821 -0.882118 -0.330291
-43.4857 61.0075 30.2635 0.347135 -0.871213 -0.347105
-44.4356 60.5896 30.3701 0.345821 -0.870857 -0.349301
-45.5962 60.2309 30.0952 0.35752 -0.863946 -0.354651
-46.3624 60.1044 29.6358 0.35427 -0.864474 -0.356619
-47.1323 60.0784 28.9251 0.357005 -0.865425 -0.351551
-47.7584 60.1728 28.0613 0.355025 -0.8652 -0.354098
-48.2168 60.299 27.2857 0.355438 -0.866689 -0.350021
-48.8848 60.5388 25.9996 0.358477 -0.868476 -0.342409
-49.3391 60.7715 24.924 0.367938 -0.86827 -0.332698
-49.8317 60.9358 23.9315 0.374983 -0.869194 -0.322213
-50.2705 61.1272 22.8691 0.388309 -0.869537 -0.30501
-50.7446 61.2927 21.7558 0.393088 -0.871568 -0.29298
-51.1505 61.3973 20.8689 0.401967 -0.870558 -0.283817
-51.6094 61.518 19.8135 0.411519 -0.870541 -0.269834
-52.0449 61.6163 18.7918 0.417556 -0.87137 -0.257607
-52.4663 61.668 17.8914 0.420114 -0.87524 -0.239706
-52.9529 61.7281 16.7662 0.42383 -0.878858 -0.219034
-53.4383 61.7599 15.6253 0.442221 -0.874386 -0.199725
-53.8417 61.8022 14.4816 0.45628 -0.871746 -0.178516
-54.0306 61.9304 13.3191 0.462213 -0.872155 -0.16033
-54.0732 62.1306 12.0891 0.465353 -0.87272 -0.147335
-54.0041 62.3511 10.9267 0.473925 -0.87094 -0.129638
-53.8234 62.5865 9.95094 0.48535 -0.865976 -0.120162
-53.4424 62.9706 8.71988 0.501532 -0.85781 -0.111813
-53.0684 63.3201 7.85571 0.506557 -0.851868 -0.133116
-52.6348 63.7096 7.05582 0.49514 -0.855247 -0.152093
-52.0919 64.1692 6.13227 0.482232 -0.86558 -0.134533
-51.6155 64.5484 5.38843 0.463729 -0.87258 -0.153491
-51.0853 64.9205 4.73301 0.441316 -0.886903 -0.136542
-50.1967 65.4874 3.80913 0.418807 -0.898816 -0.12935
-49.4768 65.902 3.22095 0.407013 -0.906739 -0.110298
-48.6695 66.3318 2.69643 0.409711 -0.906319 -0.103201
-47.7125 66.8128 2.1378 0.391129 -0.915056 -0.0984369
-46.8198 67.2457 1.6368 0.390652 -0.91609 -0.0903945
-45.8269 67.6962 1.21393 0.374807 -0.924034 -0.0753674
-44.6945 68.1766 0.870783 0.368149 -0.928137 -0.0550341
-45.0469 68.0914 0.000871883 0.364904 -0.929191 -0.0586998
-46.0343 67.6871 0.293245 0.369001 -0.926935 -0.0672388
-47.0316 67.2464 0.688136 0.375727 -0.922872 -0.0844655
-48.1388 66.7166 1.33463 0.38233 -0.91888 -0.0972767
-48.8948 66.3428 1.75663 0.391944 -0.913364 -0.110207
-49.6456 65.9559 2.22598 0.408298 -0.905174 -0.117698
-50.7371 65.3469 3.03611 0.418051 -0.900113 -0.122388
-51.3238 64.986 3.63244 0.429165 -0.892248 -0.139664
-52.0464 64.4922 4.46355 0.439961 -0.883045 -0.162515
-52.6272 64.0317 5.32069 0.467404 -0.86777 -0.167753
-53.0564 63.6466 6.01951 0.482348 -0.860905 -0.160933
-53.6584 63.0936 7.09327 0.480334 -0.858222 -0.180734
-54.071 62.7076 7.98771 0.487222 -0.863583 -0.128989
-54.4288 62.3809 8.96388 0.481707 -0.86943 -0.109776
-54.7015 62.1094 9.98708 0.454321 -0.882071 -0.124673
-54.895 61.8419 11.2019 0.456936 -0.87963 -0.131534
-54.9135 61.6478 12.3957 0.437496 -0.887142 -0.1461
-54.8504 61.4517 13.6613 0.444018 -0.881405 -0.161083
-54.6929 61.3616 14.5618 0.441403 -0.881179 -0.169297
-54.3426 61.3106 15.6672 0.434424 -0.881013 -0.187152
-53.9361 61.3155 16.5499 0.42245 -0.882304 -0.206946
-53.5311 61.2631 17.5164 0.413823 -0.881218 -0.228418
-52.9833 61.2191 18.6407 0.406773 -0.87899 -0.24857
-52.4866 61.1128 19.788 0.412008 -0.872264 -0.26333
-52.0795 60.9996 20.7677 0.410526 -0.870853 -0.270335
-51.5419 60.8653 21.9574 0.398664 -0.873191 -0.280365
-51.0497 60.6738 23.1693 0.391445 -0.87108 -0.29663
-50.683 60.524 24.0408 0.381788 -0.87055 -0.310452
-50.1881 60.349 25.0852 0.372844 -0.86858 -0.32642
-49.693 60.1048 26.2482 0.368979 -0.864332 -0.341735
-49.2485 59.9553 27.0797 0.360192 -0.864707 -0.350061
-48.6845 59.7683 28.1124 0.360101 -0.862487 -0.355589
-48.0637 59.6237 29.0906 0.359042 -0.862122 -0.357538
-47.3248 59.5827 29.9288 0.359596 -0.861639 -0.358148
-46.4731 59.6637 30.5837 0.362191 -0.855018 -0.371162
-45.3293 59.9093 31.138 0.360014 -0.858581 -0.364897
-44.4146 60.2135 31.296 0.352029 -0.863064 -0.362201
-43.4952 60.6154 31.2388 0.349837 -0.867107 -0.354462
-42.4342 61.1507 30.9616 0.348165 -0.870406 -0.348103
-41.4867 61.6809 30.5164 0.328359 -0.887394 -0.32338
-40.6702 62.1217 30.1204 0.319762 -0.899195 -0.298666
-39.6224 62.6726 29.5615 0.319958 -0.906525 -0.275391
-38.8323 63.0513 29.1709 0.29141 -0.921086 -0.258222
-37.9924 63.4108 28.7519 0.268153 -0.932232 -0.242581
-36.9599 63.7986 28.2445 0.243385 -0.947649 -0.206702
-35.613 64.1963 27.5887 0.169809 -0.958835 -0.227596
-34.5307 64.449 26.961 0.086722 -0.963137 -0.254651
-33.7726 64.6023 26.476 0.0188394 -0.949682 -0.312648
-32.7155 64.8353 25.7464 -0.0374307 -0.937945 -0.34345
-31.935 65.0009 25.2878 -0.0467096 -0.928879 -0.366085
-30.8357 65.2971 24.5355 -0.01405 -0.900854 -0.433052
-30.1489 65.6465 23.8257 -0.00891921 -0.883494 -0.467959
-29.4575 66.1483 22.9048 0.0226994 -0.881911 -0.47062
-28.9763 66.6317 22.0552 0.0358962 -0.880307 -0.472979
-28.6471 67.0708 21.2805 0.0607084 -0.874311 -0.481554
-28.3561 67.5402 20.4573 0.0741732 -0.875626 -0.477261
-27.9584 68.2103 19.2491 0.0933346 -0.890218 -0.44587
-27.6854 68.7215 18.2693 0.126724 -0.895322 -0.427012
-27.4658 69.1343 17.4225 0.111861 -0.911701 -0.395334
-27.2307 69.5878 16.4462 0.104755 -0.912303 -0.39589
-26.9365 70.0315 15.4744 0.101113 -0.91849 -0.382299
-26.6134 70.448 14.5101 0.100701 -0.928817 -0.356401
-26.2848 70.8496 13.5266 0.101204 -0.939041 -0.328573
-25.9798 71.233 12.467 0.0910611 -0.950527 -0.296856
-26.0143 71.5709 11.2922 0.0684345 -0.964481 -0.253439
-26.0497 71.809 10.1912 0.0737735 -0.978342 -0.192344
-26.2126 71.9935 9.08786 0.0601827 -0.984882 -0.161899
-26.4326 72.1451 7.98458 0.0508111 -0.99045 -0.126469
-26.7223 72.256 6.85703 0.0446722 -0.992972 -0.109595
-27.0753 72.3182 5.95287 0.0487103 -0.995534 -0.0808699
-27.4645 72.3653 5.13593 0.0443628 -0.998075 -0.0422872
-27.9202 72.3812 4.17609 0.0425921 -0.998392 -0.0374056
-28.7485 72.348 3.1602 0.0538308 -0.998297 0.0225006
-29.8858 72.2489 2.5875 0.108982 -0.993901 0.0168496
-30.7778 72.1424 2.26765 0.11669 -0.993019 0.0172454
-31.9701 71.966 1.81362 0.141048 -0.989535 0.0304265
-33.2656 71.7245 1.2792 0.176959 -0.983377 0.0406794
-34.5417 71.4372 0.802108 0.234158 -0.971592 0.0342618
-35.5859 71.176 0.470968 0.246328 -0.968644 0.0290895
-36.6279 70.894 0.12373 0.256428 -0.965702 0.0403948
-37.5081 70.6473 -0.0589119 0.271745 -0.962076 0.0226032
-38.7976 70.2689 -0.334146 0.283798 -0.958741 0.0165167
-39.6564 70.0083 -0.456973 0.294675 -0.955476 0.0152508
-40.7018 69.6692 -0.520245 0.314153 -0.949367 -0.00332062
-41.7249 69.323 -0.457524 0.323878 -0.94601 -0.0129623
-42.6548 68.9969 -0.36591 0.337931 -0.940907 -0.0222771
-43.5884 68.6591 -0.262143 0.348882 -0.936314 -0.0399623
-44.5338 68.2984 -0.103236 0.35172 -0.93527 -0.0395281
-44.6268 68.2627 -0.0850881 0.359163 -0.931909 -0.0489066
-44.947 68.188 -0.977889 0.34521 -0.937037 -0.0528381
-44.0336 68.5324 -1.14115 0.330508 -0.942861 -0.0404775
-43.0605 68.8745 -1.27028 0.330293 -0.943438 -0.0284877
-41.8468 69.2896 -1.38791 0.321795 -0.94675 -0.00985927
-40.8812 69.6066 -1.46888 0.312404 -0.949937 0.00360353
-39.917 69.9122 -1.41689 0.29456 -0.955462 0.0180017
-38.6496 70.2953 -1.25456 0.283595 -0.958753 0.0191396
-37.5064 70.6197 -0.998243 0.261232 -0.964801 0.0294892
-36.448 70.9037 -0.782906 0.242344 -0.969273 0.0419928
-35.5706 71.1335 -0.525752 0.223896 -0.973447 0.0476683
-34.5088 71.3975 -0.179259 0.205832 -0.97588 0.067732
-33.6466 71.582 0.113987 0.179825 -0.980717 0.0765321
-32.8035 71.763 0.45323 0.163495 -0.982788 0.0840844
-31.9669 71.9137 0.81148 0.137992 -0.986915 0.083414
-30.9963 72.0683 1.1881 0.114495 -0.990725 0.0731782
-29.7458 72.2262 1.61968 0.0800577 -0.995063 0.0568465
-28.8098 72.3076 1.99047 0.0608729 -0.997364 0.0394936
-27.8017 72.3817 2.67037 0.0223336 -0.99887 0.0419524
-27.1278 72.4288 3.67956 0.00771015 -0.999904 0.0115346
-26.6185 72.4147 4.72707 0.0268352 -0.99859 -0.0458112
-26.147 72.3778 5.68519 0.025858 -0.99717 -0.0689297
-25.7278 72.2992 6.77291 0.0308212 -0.99587 -0.0853995
-25.5072 72.2095 7.78022 0.0454936 -0.993268 -0.106535
-25.2785 72.0964 8.78712 0.0640109 -0.98798 -0.140708
-25.1488 71.9482 9.77088 0.0723878 -0.981844 -0.175337
-25.0875 71.7634 10.7643 0.109507 -0.965627 -0.23574
-25.0572 71.5198 11.7794 0.112415 -0.960664 -0.253078
-25.0644 71.2624 12.7015 0.106384 -0.950781 -0.289683
-25.2935 70.9542 13.5415 0.123777 -0.937839 -0.32389
-25.6619 70.5352 14.5832 0.104837 -0.93196 -0.346862
-25.9732 70.1391 15.4906 0.109308 -0.919756 -0.376892
-26.2281 69.7809 16.2772 0.116867 -0.918335 -0.378156
-26.4147 69.3773 17.1871 0.126249 -0.914999 -0.383195
-26.7188 68.8508 18.2924 0.131088 -0.899092 -0.417333
-26.9947 68.3384 19.2652 0.130953 -0.892969 -0.430572
-27.3066 67.769 20.241 0.108855 -0.865367 -0.489174
-27.5941 67.2525 21.1028 0.078507 -0.857938 -0.507719
-27.8988 66.7488 21.9338 0.042876 -0.868726 -0.493374
-28.2498 66.3203 22.6455 0.0288299 -0.868762 -0.494163
-28.759 65.8298 23.4939 0.016324 -0.866308 -0.499244
-29.4005 65.3609 24.3355 -0.0328805 -0.869227 -0.492956
-30.1687 64.94 25.1588 -0.0608828 -0.887192 -0.455601
-30.9886 64.7333 25.7621 -0.0629367 -0.901841 -0.426494
-32.0717 64.5776 26.3777 -0.111451 -0.921166 -0.371545
-32.869 64.4376 26.9082 -0.0968097 -0.946079 -0.304502
-33.8811 64.288 27.6298 0.0140977 -0.967336 -0.253105
-35.0861 64.0818 28.36 0.107474 -0.976417 -0.187242
-36.2403 63.7962 28.9261 0.179643 -0.965567 -0.18817
-37.1321 63.5021 29.3473 0.261685 -0.940759 -0.214926
-38.0154 63.1383 29.7816 0.289945 -0.921775 -0.257414
-38.7828 62.7781 30.1899 0.321759 -0.90343 -0.283216
-39.6095 62.3409 30.6231 0.327236 -0.898507 -0.292546
-40.3503 61.9322 30.9972 0.334766 -0.880786 -0.334883
-41.2888 61.3872 31.4871 0.337299 -0.879398 -0.335989
-42.0563 60.9529 31.834 0.347944 -0.870495 -0.348098
-43.1368 60.3768 32.1374 0.363629 -0.854224 -0.371585
-44.3611 59.8375 32.2012 0.356908 -0.846797 -0.394342
-45.3386 59.5189 32.0121 0.359825 -0.853242 -0.377498
-46.2534 59.2822 31.6746 0.361945 -0.853647 -0.374526
-47.3229 59.1216 31.0033 0.362193 -0.855015 -0.371167
-48.1019 59.0879 30.3152 0.363979 -0.854545 -0.370502
-48.71 59.1318 29.6156 0.366875 -0.856729 -0.362515
-49.2172 59.2517 28.8212 0.362311 -0.858394 -0.363167
-49.7084 59.4182 27.9252 0.360505 -0.862692 -0.354679
-50.1888 59.5672 27.0687 0.364929 -0.864095 -0.346608
-50.5978 59.7099 26.2741 0.361679 -0.86732 -0.341966
-51.0897 59.9301 25.1703 0.373185 -0.86997 -0.322313
-51.4675 60.0877 24.2987 0.379472 -0.872772 -0.306982
-51.8578 60.2673 23.3108 0.385727 -0.871772 -0.301925
-52.3126 60.4278 22.2329 0.391445 -0.875216 -0.284011
-52.7992 60.5572 21.1246 0.401751 -0.873761 -0.274033
-53.209 60.6693 20.1605 0.392933 -0.878792 -0.270794
-53.6461 60.757 19.1808 0.400475 -0.879651 -0.256569
-54.1917 60.8239 18.0291 0.393821 -0.889728 -0.230758
-54.6027 60.8702 17.108 0.394696 -0.892128 -0.219824
-55.1418 60.8892 15.9023 0.415111 -0.891091 -0.18305
-55.5684 60.9582 14.5345 0.412791 -0.895647 -0.16529
-55.7224 61.066 13.5202 0.408402 -0.899061 -0.157788
-55.7753 61.2165 12.4295 0.421486 -0.893776 -0.15206
-55.7638 61.4023 11.3422 0.408083 -0.900554 -0.149905
-55.6241 61.614 10.2307 0.430293 -0.893987 -0.125042
-55.3057 61.9313 8.9237 0.440488 -0.891391 -0.106737
-54.8706 62.322 7.65358 0.465145 -0.876102 -0.126827
-54.4523 62.7293 6.69333 0.474207 -0.860189 -0.187625
-53.9534 63.2179 5.73552 0.472901 -0.857219 -0.203815
-53.4472 63.672 4.93817 0.457214 -0.868758 -0.190305
-52.8928 64.1329 4.10801 0.43573 -0.882165 -0.178671
-52.3528 64.5356 3.39624 0.421804 -0.890248 -0.17187
-51.7463 64.943 2.69067 0.406986 -0.901302 -0.148383
-51.1323 65.3072 2.13514 0.401899 -0.905375 -0.137016
-50.4236 65.6961 1.608 0.402384 -0.906589 -0.127216
-49.6646 66.0931 1.10159 0.38925 -0.913685 -0.116892
-48.9295 66.4539 0.686493 0.391224 -0.914263 -0.105199
-48.1868 66.8157 0.229922 0.378204 -0.920659 -0.0966591
-47.3574 67.1966 -0.198429 0.372567 -0.923279 -0.0935367
-46.4206 67.5978 -0.558682 0.361827 -0.929082 -0.0762278
-45.4751 67.9843 -0.851399 0.348702 -0.935727 -0.0531224
-45.0209 68.1599 -0.963802 0.34696 -0.93638 -0.0529795
-45.3362 68.0988 -1.84984 0.332713 -0.941093 -0.0595792
-44.3773 68.4506 -2.0433 0.330498 -0.942865 -0.0404835
-43.4213 68.7741 -2.20827 0.313505 -0.949332 -0.0206196
-42.5381 69.0649 -2.28012 0.304121 -0.952558 -0.0119855
-41.5843 69.3758 -2.39102 0.305809 -0.952092 0.000732911
-40.6637 69.6654 -2.41088 0.29006 -0.9569 0.0143843
-39.5377 70.0057 -2.32811 0.286795 -0.95764 0.0259759
-38.5186 70.3049 -2.19716 0.267054 -0.96321 0.03007
-37.3905 70.617 -1.90248 0.243481 -0.969181 0.0374627
-36.4407 70.8653 -1.70916 0.242345 -0.969273 0.0419943
-35.3748 71.122 -1.41409 0.195082 -0.977954 0.0741398
-34.1652 71.3846 -1.06602 0.178849 -0.980271 0.0841541
-32.9117 71.644 -0.607144 0.145585 -0.983599 0.106484
-31.8922 71.8414 -0.167897 0.142573 -0.985887 0.0875247
-30.6316 72.0452 0.304696 0.120681 -0.989478 0.0793217
-29.6893 72.1588 0.634062 0.0505852 -0.986676 0.154362
-28.8454 72.2148 0.942481 0.0388214 -0.992583 0.115206
-27.6797 72.3043 1.45891 0.0406096 -0.995605 0.0843859
-26.8508 72.3813 2.22665 -0.0105631 -0.996634 0.0812939
-26.3069 72.4347 3.19076 0.0231046 -0.99963 0.014359
-25.8512 72.4442 4.15397 0.00811993 -0.999937 -0.00772406
-25.3726 72.4257 5.10591 0.0227185 -0.9982 -0.0555
-24.9466 72.382 6.07272 0.0232227 -0.998223 -0.0548857
-24.6269 72.3003 7.30456 0.0463815 -0.995953 -0.0769867
-24.3542 72.2184 8.3378 0.0579326 -0.994744 -0.084424
-24.218 72.0609 9.67375 0.108201 -0.982857 -0.146191
-24.1765 71.9089 10.5621 0.132538 -0.978457 -0.157081
-24.1654 71.6265 11.7702 0.112415 -0.960665 -0.253073
-24.1493 71.3205 12.8577 0.123522 -0.951533 -0.281208
-24.3643 70.9938 13.7667 0.123225 -0.942151 -0.311628
-24.6564 70.6741 14.576 0.136456 -0.934497 -0.328777
-25.0067 70.2787 15.4995 0.153362 -0.920716 -0.358835
-25.2771 69.86 16.3792 0.116868 -0.918333 -0.378161
-25.5 69.4154 17.4301 0.164823 -0.917645 -0.361228
-25.7069 69.0213 18.252 0.182254 -0.90055 -0.394707
-25.9677 68.5899 19.0748 0.191932 -0.881308 -0.428313
-26.213 68.1277 19.8939 0.140766 -0.857187 -0.495394
-26.4725 67.661 20.6403 0.117129 -0.855955 -0.50319
-26.8264 66.9396 21.764 0.0860733 -0.853485 -0.513846
-27.331 66.2245 22.8918 0.038098 -0.858234 -0.511594
-27.781 65.7463 23.6504 0.0127144 -0.858021 -0.513279
-28.4478 65.1861 24.6085 -0.00526706 -0.864828 -0.502041
-29.139 64.7464 25.4003 -0.0704549 -0.844055 -0.531608
-29.8263 64.4547 26.0376 -0.13202 -0.874678 -0.466379
-30.604 64.3235 26.5395 -0.149024 -0.903519 -0.401803
-31.64 64.2455 27.1099 -0.127985 -0.929407 -0.346154
-32.5309 64.1577 27.761 -0.128979 -0.955537 -0.265165
-33.383 64.1011 28.3978 -0.0868084 -0.962559 -0.252189
-34.5256 63.9755 29.1169 0.0187603 -0.971411 -0.227143
-35.4536 63.7829 29.5817 0.0848789 -0.969111 -0.23156
-36.3117 63.5673 29.9701 0.170336 -0.95989 -0.22124
-37.1447 63.2619 30.3589 0.297631 -0.922941 -0.244124
-38.0107 62.8632 30.8137 0.317896 -0.908203 -0.269727
-38.8746 62.3824 31.2957 0.327962 -0.88998 -0.315931
-39.812 61.8429 31.7691 0.33504 -0.880514 -0.335324
-40.696 61.3142 32.233 0.329197 -0.864969 -0.378728
-41.4685 60.8605 32.5899 0.342561 -0.854976 -0.389115
-42.5765 60.2319 32.9583 0.345064 -0.848336 -0.401568
-43.3916 59.8077 33.1174 0.347879 -0.835748 -0.424859
-44.2458 59.4636 33.0917 0.351364 -0.831655 -0.429991
-45.6147 59.0348 32.7884 0.356241 -0.842543 -0.403997
-46.7257 58.7626 32.3573 0.366041 -0.844319 -0.39133
-47.5109 58.6399 31.8841 0.366721 -0.84553 -0.388063
-48.5211 58.582 31.0489 0.368168 -0.848784 -0.379491
-49.2565 58.6197 30.2513 0.367958 -0.850336 -0.376211
-49.7916 58.7198 29.5051 0.364197 -0.854475 -0.370361
-50.2283 58.8674 28.7214 0.359661 -0.859602 -0.362944
-50.7484 59.0362 27.7964 0.360439 -0.863142 -0.353651
-51.14 59.2022 26.983 0.360408 -0.864175 -0.351137
-51.6175 59.385 26.0153 0.362473 -0.867537 -0.340577
-52.0346 59.5614 25.0807 0.371418 -0.869495 -0.325595
-52.4264 59.7434 24.1064 0.371564 -0.876458 -0.306175
-52.9291 59.9348 22.9061 0.375398 -0.883167 -0.281233
-53.3852 60.083 21.8284 0.374167 -0.884554 -0.278503
-53.8282 60.2088 20.7863 0.381077 -0.888382 -0.256041
-54.249 60.2956 19.8602 0.382204 -0.887366 -0.257879
-54.6724 60.3732 18.9255 0.392263 -0.887801 -0.240708
-55.143 60.4326 17.9086 0.360736 -0.906806 -0.218112
-55.639 60.4673 16.8722 0.374145 -0.907676 -0.190106
-56.0513 60.4835 15.9342 0.386822 -0.905647 -0.173699
-56.3537 60.5304 14.9854 0.395988 -0.903368 -0.16468
-56.5156 60.6238 14.0601 0.379345 -0.911461 -0.158222
-56.6414 60.7654 12.927 0.368063 -0.91966 -0.136946
-56.6717 60.9241 11.8391 0.387606 -0.911494 -0.137626
-56.6092 61.0915 10.9053 0.369501 -0.92052 -0.126915
-56.4355 61.3134 9.80161 0.371639 -0.920079 -0.123855
-56.1499 61.5723 8.7253 0.367542 -0.921584 -0.124886
-55.777 61.9038 7.53799 0.378354 -0.911542 -0.160121
-55.3624 62.26 6.60607 0.37894 -0.905422 -0.190514
-55.0086 62.6567 5.78194 0.445479 -0.863252 -0.237369
-54.5991 63.0518 5.05015 0.431325 -0.875613 -0.217396
-54.0647 63.5217 4.21764 0.432611 -0.875047 -0.217121
-53.4881 64.0018 3.35867 0.419815 -0.886515 -0.194542
-52.9263 64.4154 2.63294 0.4148 -0.895398 -0.161873
-52.2539 64.8535 1.89041 0.396776 -0.905219 -0.151931
-51.519 65.2733 1.25953 0.397798 -0.906165 -0.143544
-50.7591 65.6827 0.705019 0.386436 -0.912853 -0.131602
-50.0475 66.0409 0.250198 0.379482 -0.916715 -0.125011
-49.19 66.4554 -0.238187 0.376929 -0.920702 -0.101153
-48.3571 66.8489 -0.743379 0.371448 -0.922952 -0.100923
-47.4717 67.2428 -1.17904 0.362383 -0.927546 -0.0913081
-46.4537 67.6685 -1.54246 0.348274 -0.934932 -0.0678778
-45.5436 68.0205 -1.79917 0.338017 -0.938717 -0.0674885
-45.6165 68.0518 -2.76378 0.326308 -0.943755 -0.0533844
-46.438 67.7475 -2.51954 0.344374 -0.936219 -0.0699626
-47.2717 67.4174 -2.25928 0.357177 -0.931028 -0.0749069
-48.075 67.0827 -1.94667 0.365677 -0.926212 -0.0916465
-48.8299 66.7437 -1.53683 0.362463 -0.92686 -0.0977233
-49.5683 66.4034 -1.1211 0.370769 -0.922893 -0.103881
-50.4282 65.9957 -0.608369 0.375868 -0.920054 -0.110561
-51.1622 65.6301 -0.139556 0.383285 -0.915007 -0.125919
-51.898 65.249 0.37256 0.378559 -0.915634 -0.135304
-52.6284 64.8428 0.981583 0.381643 -0.911243 -0.15487
-53.2142 64.4876 1.58198 0.39535 -0.900989 -0.178653
-53.82 64.0859 2.27003 0.407264 -0.893899 -0.18654
-54.4928 63.5717 3.20089 0.397996 -0.891526 -0.215924
-54.9681 63.1667 3.9413 0.408207 -0.885851 -0.220481
-55.4826 62.7189 4.73905 0.400393 -0.884617 -0.239038
-55.9795 62.2318 5.67644 0.388936 -0.890504 -0.235133
-56.3637 61.8581 6.56693 0.371422 -0.905158 -0.206723
-56.7208 61.5341 7.5292 0.343312 -0.927547 -0.147624
-57.0527 61.23 8.67473 0.342648 -0.927995 -0.146348
-57.3326 60.9775 9.70595 0.336177 -0.933902 -0.121706
-57.5013 60.7634 10.7699 0.334168 -0.931059 -0.146496
-57.5757 60.5755 11.8339 0.336732 -0.931826 -0.135318
-57.5413 60.4266 12.8799 0.33475 -0.930063 -0.151408
-57.4606 60.3059 13.8111 0.341769 -0.928508 -0.145145
-57.3074 60.1761 14.895 0.334503 -0.928442 -0.161167
-57.0118 60.1115 15.9076 0.355375 -0.921309 -0.157793
-56.6554 60.0808 16.7535 0.338567 -0.924126 -0.177045
-56.0273 60.0564 18.01 0.368617 -0.905621 -0.209364
-55.5094 60.0024 19.0728 0.355168 -0.906079 -0.229748
-55.1327 59.9273 19.9099 0.348952 -0.906085 -0.239254
-54.7515 59.8432 20.7593 0.348374 -0.90222 -0.253842
-54.3736 59.7413 21.6339 0.341849 -0.900921 -0.267359
-53.9775 59.6257 22.5322 0.354065 -0.896151 -0.267186
-53.5762 59.4719 23.5303 0.343813 -0.892741 -0.290932
-53.2264 59.3251 24.3782 0.357147 -0.885891 -0.296044
-52.8229 59.1335 25.3607 0.357838 -0.879126 -0.314657
-52.4485 58.9724 26.1934 0.355886 -0.873436 -0.332348
-52.0066 58.7878 27.1121 0.356847 -0.86815 -0.344837
-51.4813 58.5572 28.2179 0.357694 -0.861841 -0.359535
-51.0558 58.404 28.999 0.361243 -0.856232 -0.36921
-50.5468 58.2309 29.8839 0.362327 -0.852834 -0.376021
-49.794 58.1041 30.8847 0.363919 -0.843925 -0.394137
-49.0195 58.0664 31.6914 0.376168 -0.837541 -0.396262
-47.9446 58.1267 32.5535 0.369378 -0.831101 -0.415571
-46.833 58.2818 33.2091 0.367187 -0.824842 -0.429846
-45.8314 58.5401 33.5546 0.361435 -0.825268 -0.43393
-44.5181 58.923 33.8966 0.347601 -0.81279 -0.467448
-43.6325 59.2296 34.0121 0.343085 -0.81263 -0.47109
-42.3837 59.8402 33.8546 0.337195 -0.818054 -0.465925
-41.5733 60.3227 33.5901 0.329983 -0.828535 -0.451727
-40.5694 60.9275 33.1831 0.337625 -0.835852 -0.432852
-39.7998 61.3956 32.8156 0.314154 -0.863568 -0.394407
-39.0584 61.8475 32.4389 0.330676 -0.855391 -0.398697
-38.0492 62.4732 31.8805 0.354557 -0.860717 -0.365316
-37.1343 62.9592 31.3667 0.268509 -0.909757 -0.316614
-36.3538 63.2772 30.9791 0.170259 -0.942684 -0.286982
-35.545 63.5276 30.6183 0.119241 -0.963799 -0.235867
-34.4464 63.7293 30.1104 -0.0455576 -0.953601 -0.287223
-33.5088 63.7789 29.5666 -0.11812 -0.947603 -0.296809
-32.6564 63.833 28.9674 -0.149676 -0.943821 -0.294616
-31.8038 63.8573 28.2969 -0.235005 -0.931746 -0.276806
-30.9246 63.8799 27.6781 -0.230312 -0.901865 -0.365508
-29.8255 63.8945 27.0811 -0.191839 -0.873041 -0.448328
-29.0327 64.0536 26.5142 -0.142115 -0.842729 -0.51924
-28.3495 64.3981 25.8395 -0.080216 -0.842848 -0.53214
-27.7803 64.7916 25.2041 -0.0353833 -0.829911 -0.55656
-27.2322 65.2178 24.537 0.0125088 -0.83985 -0.542584
-26.7562 65.7037 23.7718 0.0283558 -0.853554 -0.520206
-26.3435 66.1787 23.061 0.0729921 -0.846118 -0.527974
-25.9258 66.8384 22.089 0.119135 -0.837164 -0.532997
-25.5885 67.6169 20.957 0.155832 -0.845255 -0.511136
-25.3138 68.1719 20.163 0.209098 -0.846292 -0.489674
-25.048 68.7655 19.2465 0.224218 -0.892072 -0.389528
-24.7185 69.2045 18.3428 0.268387 -0.9026 -0.335858
-24.5362 69.5981 17.4059 0.16482 -0.917641 -0.36124
-24.3311 69.9826 16.4986 0.1762 -0.919426 -0.35158
-24.0756 70.3564 15.6971 0.19846 -0.903365 -0.379344
-23.5973 70.9096 14.4112 0.156355 -0.938437 -0.306931
-23.3189 71.217 13.5418 0.186485 -0.943237 -0.2742
-23.1814 71.5716 12.4788 0.178001 -0.939529 -0.292576
-23.248 71.8832 11.354 0.177236 -0.954244 -0.240843
-23.2794 72.0618 10.4626 0.221473 -0.9626 -0.15605
-23.3205 72.2361 9.19478 0.184205 -0.973011 -0.138992
-23.5082 72.321 7.83372 0.101957 -0.991318 -0.0830263
-23.7433 72.3731 6.83842 0.0363833 -0.997014 -0.0681148
-24.035 72.4187 5.84281 0.0388021 -0.998201 -0.0457181
-24.5344 72.4463 4.6676 0.0182465 -0.999711 -0.0156548
-25.0094 72.4503 3.71383 -0.00747962 -0.999639 0.0258004
-25.4646 72.4057 2.74958 0.0136707 -0.997525 0.0689645
-25.8848 72.3459 1.89073 -0.00287532 -0.9964 0.0847329
-26.5161 72.2625 1.10497 0.0091151 -0.992044 0.125563
-27.2911 72.1855 0.556912 0.00139837 -0.987109 0.160044
-28.1797 72.1244 0.164972 -0.00629535 -0.987615 0.156773
-29.0832 72.0622 -0.150171 0.0222159 -0.984326 0.172815
-30.1484 71.953 -0.516374 0.0533604 -0.987539 0.148051
-31.0931 71.8317 -0.885083 0.102742 -0.984954 0.138963
-32.032 71.6818 -1.24664 0.10652 -0.984555 0.138945
-33.1304 71.4769 -1.68006 0.135042 -0.979941 0.146559
-34.2352 71.2693 -2.06343 0.167358 -0.978999 0.116416
-35.3152 71.068 -2.35567 0.183672 -0.98016 0.0739288
-36.1801 70.8732 -2.55388 0.211199 -0.975596 0.060058
-37.0484 70.67 -2.7552 0.243479 -0.969182 0.0374495
-37.8823 70.451 -3.04459 0.242041 -0.969592 0.0361472
-39.0664 70.1215 -3.21592 0.269105 -0.962747 0.0248714
-40.0232 69.8419 -3.32408 0.275848 -0.960953 0.0209791
-41.2697 69.4693 -3.37704 0.295817 -0.955132 0.0107919
-42.2746 69.1602 -3.273 0.288616 -0.957418 -0.00719424
-43.2422 68.8562 -3.15404 0.299626 -0.953785 -0.0211684
-44.1549 68.5608 -3.05341 0.306945 -0.951054 -0.0342452
-45.0373 68.26 -2.87734 0.326083 -0.944274 -0.0424789
-45.5727 68.0671 -2.7669 0.326299 -0.943758 -0.0533866
-45.7434 68.0628 -3.73308 0.32316 -0.944786 -0.0541809
-44.6546 68.429 -3.92872 0.310869 -0.949541 -0.041103
-43.6065 68.7645 -4.07727 0.292311 -0.95595 -0.0258253
-42.7025 69.0421 -4.19435 0.285586 -0.958197 -0.0148597
-41.7678 69.3145 -4.29315 0.282908 -0.959113 -0.00298792
-40.7101 69.627 -4.3272 0.280536 -0.959839 0.00308985
-39.5573 69.9591 -4.21248 0.271176 -0.962291 0.0214457
-38.428 70.2702 -4.08206 0.25732 -0.965978 0.0256639
-37.2891 70.5631 -3.86066 0.227603 -0.973394 0.0264779
-36.3206 70.7956 -3.55241 0.201528 -0.978312 0.0465538
-35.3885 70.9722 -3.38054 0.161377 -0.984532 0.0651323
-34.5186 71.1346 -3.09948 0.120876 -0.987732 0.0973142
-33.3949 71.3007 -2.76909 0.0947216 -0.986832 0.129721
-32.3884 71.459 -2.36659 0.0850265 -0.982504 0.164552
-31.3322 71.6171 -1.95819 0.0582605 -0.979264 0.193638
-30.3355 71.7385 -1.59475 0.0247511 -0.978704 0.20378
-29.315 71.8389 -1.21668 0.00125865 -0.976846 0.213938
-28.2632 71.922 -0.872065 -0.00183184 -0.974937 0.22228
-27.2978 71.9928 -0.493295 -0.0110964 -0.975844 0.218188
-26.3763 72.0804 -0.0126969 -0.0260894 -0.981294 0.189429
-25.6564 72.1712 0.602234 -0.0186867 -0.987001 0.159616
-25.0703 72.2864 1.37594 -0.0176267 -0.991034 0.128561
-24.549 72.391 2.50115 -0.00873058 -0.995989 0.0890535
-24.0909 72.4456 3.47281 0.0102699 -0.999679 0.0231728
-23.5056 72.4695 4.70476 0.034964 -0.999246 -0.0122343
-23.1138 72.4692 5.67382 0.0489773 -0.997574 -0.0494756
-22.7868 72.4553 6.68503 0.0729624 -0.996178 -0.0448586
-22.5614 72.422 7.79327 0.135616 -0.990113 -0.0358362
-22.3954 72.3843 9.20775 0.181488 -0.980923 -0.0696609
-22.4095 72.2917 10.1482 0.199261 -0.973292 -0.114009
-22.3673 72.1117 11.1598 0.236108 -0.939501 -0.244773
-22.2588 71.7988 12.3437 0.219257 -0.930484 -0.293473
-22.3684 71.4003 13.6138 0.273281 -0.929733 -0.246806
-22.7299 71.0177 14.6908 0.267095 -0.933626 -0.232221
-23.1481 70.5309 15.8766 0.340432 -0.882971 -0.323215
-23.4709 70.0016 16.9151 0.215972 -0.916557 -0.33617
-23.6803 69.6457 17.8099 0.196778 -0.934308 -0.297233
-23.8906 69.2858 18.769 0.292418 -0.882572 -0.367094
-24.1532 68.8947 19.5443 0.267306 -0.893702 -0.360338
-24.365 68.2878 20.39 0.221495 -0.820625 -0.526796
-24.6577 67.6602 21.2307 0.212555 -0.804668 -0.553774
-24.8875 67.1185 21.9218 0.128254 -0.82085 -0.556557
-25.2062 66.4873 22.7929 0.125198 -0.829807 -0.543826
-25.5645 65.8853 23.6229 0.0744428 -0.833084 -0.547916
-25.983 65.4205 24.2869 0.0602959 -0.834715 -0.547371
-26.4841 64.9117 25.0249 0.0114484 -0.824374 -0.565585
-27.1623 64.3522 25.8264 -0.012361 -0.828936 -0.559207
-27.7136 63.9187 26.4439 -0.0492219 -0.815365 -0.576851
-28.4322 63.5533 27.1296 -0.143851 -0.820743 -0.552891
-29.4699 63.3687 27.8256 -0.263078 -0.85468 -0.447563
-30.4598 63.4067 28.377 -0.293586 -0.851092 -0.435259
-31.3435 63.4789 28.9909 -0.339406 -0.867883 -0.362743
-32.1095 63.4887 29.6175 -0.268573 -0.909731 -0.316534
-32.9215 63.4799 30.2346 -0.14847 -0.94459 -0.292758
-33.8487 63.4455 30.7966 -0.139399 -0.945 -0.295876
-34.8698 63.3461 31.31 0.0321534 -0.955268 -0.293988
-35.8852 63.105 31.7507 0.160138 -0.928557 -0.333908
-36.9061 62.6843 32.2583 0.221844 -0.902953 -0.36805
-37.8639 62.1105 32.8075 0.29531 -0.840954 -0.453419
-38.5508 61.6652 33.1919 0.29218 -0.844009 -0.449755
-39.4341 61.111 33.6432 0.302245 -0.837761 -0.454735
-40.2546 60.6 34.0218 0.317 -0.822234 -0.472235
-41.0618 60.0633 34.391 0.31401 -0.814183 -0.488368
-41.9058 59.5566 34.6704 0.327879 -0.801427 -0.50021
-42.8208 59.0729 34.8457 0.332241 -0.801246 -0.497588
-43.9279 58.6227 34.8262 0.333413 -0.804382 -0.491735
-44.8587 58.3272 34.6759 0.3361 -0.802881 -0.492355
-45.7806 58.0847 34.4029 0.353226 -0.812017 -0.464607
-46.9207 57.7975 34.0356 0.360475 -0.818425 -0.447476
-48.1148 57.6159 33.3901 0.367477 -0.821834 -0.435372
-48.8655 57.5642 32.8587 0.368801 -0.829166 -0.419986
-49.7231 57.5465 32.1281 0.365482 -0.836196 -0.408876
-50.464 57.5931 31.36 0.365353 -0.838149 -0.404994
-51.049 57.6817 30.6233 0.362143 -0.845094 -0.393258
-51.7333 57.892 29.5181 0.356992 -0.855067 -0.376053
-52.2078 58.1078 28.5725 0.357694 -0.861841 -0.359537
-52.6018 58.2978 27.7332 0.347208 -0.865096 -0.362016
-53.1394 58.5157 26.6552 0.345781 -0.871973 -0.346506
-53.5885 58.7307 25.6369 0.346457 -0.879517 -0.326082
-54.0359 58.9319 24.5992 0.335977 -0.889197 -0.310289
-54.5157 59.1536 23.3969 0.343816 -0.892739 -0.290934
-54.9141 59.2895 22.4696 0.317323 -0.907552 -0.275057
-55.285 59.3987 21.6422 0.325786 -0.910368 -0.255134
-55.7038 59.511 20.7051 0.322193 -0.912484 -0.252122
-56.1234 59.6142 19.7384 0.321473 -0.920077 -0.223858
-56.6407 59.689 18.662 0.323716 -0.922807 -0.208833
-57.0682 59.7158 17.8606 0.325811 -0.924664 -0.196889
-57.481 59.7232 17.0599 0.311756 -0.933782 -0.175665
-57.8327 59.7677 16.1821 0.31487 -0.934844 -0.164082
-58.0918 59.8424 15.2643 0.307697 -0.937555 -0.162127
-58.306 59.9328 14.3011 0.30896 -0.93842 -0.154623
-58.4202 60.0528 13.3561 0.318892 -0.935671 -0.150566
-58.4796 60.1875 12.3471 0.303472 -0.941231 -0.148279
-58.4521 60.3417 11.4308 0.312815 -0.938738 -0.14445
-58.3816 60.5227 10.3828 0.301489 -0.942607 -0.143506
-58.2191 60.7135 9.45817 0.306804 -0.941073 -0.142316
-57.9505 60.9416 8.54728 0.308113 -0.939817 -0.147683
-57.6527 61.2121 7.49034 0.30941 -0.93677 -0.16344
-57.3484 61.4821 6.55662 0.338697 -0.921995 -0.186312
-56.9014 61.9229 5.49071 0.341571 -0.907134 -0.245838
-56.5007 62.3014 4.68122 0.357002 -0.896879 -0.26107
-55.9606 62.7797 3.74039 0.36203 -0.899413 -0.244929
-55.408 63.2381 2.91263 0.388905 -0.894632 -0.219766
-54.8887 63.6354 2.16292 0.389333 -0.898662 -0.201978
-54.2952 64.0601 1.39111 0.382357 -0.905582 -0.183643
-53.692 64.4436 0.724367 0.37823 -0.911284 -0.162796
-52.7852 64.9593 -0.104733 0.375139 -0.915571 -0.144918
-52.0828 65.3283 -0.66001 0.370229 -0.919057 -0.135149
-51.1148 65.801 -1.2688 0.368559 -0.922588 -0.113998
-50.3823 66.1438 -1.70785 0.365169 -0.924811 -0.106632
-49.6058 66.5046 -2.15944 0.36486 -0.925872 -0.0977281
-48.8574 66.8339 -2.57456 0.357558 -0.929773 -0.087599
-47.9325 67.228 -3.01807 0.353825 -0.932281 -0.0752316
-47.0621 67.5789 -3.3544 0.34335 -0.93674 -0.0680356
-46.0216 67.9653 -3.67586 0.320012 -0.945817 -0.0549775
-46.1473 67.9741 -4.55913 0.32 -0.945816 -0.0550719
-45.0181 68.3519 -4.8409 0.30522 -0.951433 -0.0402044
-44.1813 68.6143 -5.01253 0.287411 -0.957373 -0.0288446
-43.2852 68.8847 -5.10873 0.278445 -0.960186 -0.0223975
-42.3098 69.1662 -5.19251 0.27335 -0.961734 -0.0180941
-41.3174 69.449 -5.32225 0.274459 -0.961599 -0.000592731
-40.1632 69.7711 -5.22957 0.272601 -0.962052 0.0073844
-39.038 70.086 -5.09017 0.258277 -0.96579 0.0215214
-38.0988 70.3348 -4.96541 0.25431 -0.966743 0.0270957
-36.7404 70.6603 -4.65726 0.22061 -0.97453 0.0402703
-35.6683 70.8705 -4.52645 0.169986 -0.983725 0.0530626
-34.7711 71.0163 -4.18765 0.0970402 -0.992265 0.0759503
-33.6445 71.153 -3.87253 0.0928176 -0.989155 0.113828
-32.7241 71.2606 -3.48532 0.0508044 -0.987445 0.147863
-31.5883 71.3981 -3.02175 0.0309214 -0.981637 0.187348
-30.5421 71.508 -2.63843 0.00919342 -0.976667 0.214226
-29.5188 71.5981 -2.27639 -0.00897305 -0.973054 0.230297
-28.6717 71.6672 -1.97592 -0.0116671 -0.971278 0.237532
-27.8239 71.7293 -1.66818 -0.0156116 -0.970119 0.242128
-26.6612 71.8107 -1.24376 -0.0224589 -0.97424 0.224392
-25.7903 71.894 -0.801368 -0.0115007 -0.977984 0.208257
-25.0555 71.9941 -0.276496 -0.0107601 -0.979359 0.201842
-24.4015 72.1343 0.549326 -0.0110081 -0.982754 0.183892
-23.8808 72.2986 1.65936 -0.0161465 -0.993573 0.11204
-23.4671 72.4062 2.64274 0.0215379 -0.996462 0.0812409
-22.9567 72.4804 3.70416 0.0349366 -0.999111 0.0236017
-22.4454 72.5175 4.79592 0.0473777 -0.998851 -0.00724581
-22.0322 72.5385 5.84493 0.0843657 -0.995966 -0.0305581
-21.7574 72.5523 6.89179 0.116115 -0.99301 -0.00638611
-21.6304 72.5474 8.01379 0.16599 -0.986037 0.0133251
-21.506 72.5631 9.04378 0.19116 -0.981507 -0.00542855
-21.4888 72.513 10.0363 0.272512 -0.958452 -0.0839729
-21.4467 72.4335 11.0144 0.295303 -0.921784 -0.251219
-21.3772 72.1745 11.9539 0.350586 -0.879536 -0.321723
-21.3289 71.8702 12.9706 0.327456 -0.918619 -0.22116
-21.6025 71.4924 14.2275 0.310383 -0.930926 -0.192458
-22.036 71.0297 15.5345 0.407401 -0.887476 -0.215432
-22.3932 70.5034 16.5929 0.520946 -0.76041 -0.387803
-22.7192 70.0294 17.5463 0.402297 -0.902973 -0.150985
-22.933 69.6717 18.519 0.322328 -0.917881 -0.231513
-23.1256 69.2973 19.3434 0.229825 -0.875075 -0.425939
-23.331 68.8091 20.1109 0.276861 -0.798384 -0.534726
-23.5192 68.2562 20.8431 0.26343 -0.788488 -0.554994
-23.7307 67.6815 21.5385 0.245032 -0.786136 -0.567405
-23.9842 67.0473 22.321 0.178659 -0.800825 -0.571629
-24.3053 66.4293 23.0866 0.17864 -0.800884 -0.571553
-24.6901 65.7444 23.9698 0.0761022 -0.826556 -0.557686
-25.2597 65.1158 24.8016 0.0583277 -0.816941 -0.573377
-25.8388 64.5384 25.588 0.0429521 -0.816162 -0.576224
-26.416 63.9948 26.2679 -0.00795336 -0.789536 -0.613653
-26.9759 63.4723 26.9342 -0.083949 -0.759437 -0.645142
-27.6735 63.0393 27.5225 -0.0966542 -0.721758 -0.683735
-28.4305 62.8093 28.0862 -0.252734 -0.749753 -0.60967
-29.2321 62.8128 28.5748 -0.382343 -0.755948 -0.531372
-30.2239 62.9357 29.2083 -0.385799 -0.805866 -0.449153
-31.0338 63.037 29.8196 -0.34785 -0.884798 -0.310052
-31.8583 63.0829 30.5248 -0.317596 -0.897331 -0.305285
-32.8716 63.1457 31.2192 -0.227448 -0.929808 -0.288913
-33.7229 63.123 31.7462 -0.136467 -0.94309 -0.303232
-34.6347 63.041 32.1672 -0.034418 -0.947496 -0.317909
-35.6958 62.7749 32.6292 0.135643 -0.903444 -0.406682
-36.6403 62.3411 33.1003 0.234349 -0.868477 -0.436839
-37.3919 61.8754 33.5424 0.281772 -0.839 -0.465493
-38.3612 61.2353 34.0936 0.285081 -0.826297 -0.485759
-39.0682 60.7871 34.4417 0.288147 -0.8198 -0.494737
-39.8507 60.2467 34.8539 0.298099 -0.809833 -0.505279
-40.6008 59.7448 35.1974 0.304254 -0.798124 -0.520026
-41.4349 59.242 35.4707 0.315248 -0.794833 -0.518516
-42.316 58.7759 35.6423 0.325877 -0.792469 -0.515555
-43.3123 58.3404 35.688 0.324182 -0.796124 -0.510961
-44.2368 58.0177 35.5996 0.330084 -0.797036 -0.505714
-45.4412 57.6596 35.3579 0.341609 -0.80128 -0.491176
-46.2832 57.4736 35.0771 0.351611 -0.803548 -0.480292
-47.1634 57.2806 34.7668 0.352055 -0.809015 -0.470503
-48.2766 57.1109 34.2028 0.355833 -0.816784 -0.454054
-49.1465 57.038 33.6308 0.368175 -0.82457 -0.429572
-49.9158 57.0117 33.029 0.367818 -0.829714 -0.419863
-50.6147 57.0255 32.3945 0.363938 -0.833588 -0.415475
-51.2193 57.0866 31.7255 0.362674 -0.836938 -0.409837
-51.9994 57.2589 30.6636 0.362501 -0.840856 -0.40192
-52.601 57.4321 29.7331 0.357644 -0.849918 -0.386949
-53.015 57.7102 28.7253 0.352496 -0.856775 -0.376282
-53.4603 57.9146 27.8234 0.348674 -0.863517 -0.364264
-53.9215 58.1169 26.8812 0.341288 -0.872286 -0.350031
-54.2743 58.3169 26.0154 0.338286 -0.877117 -0.340922
-54.7324 58.5174 25.0168 0.33094 -0.887651 -0.32024
-55.1496 58.6887 24.097 0.316945 -0.899031 -0.302142
-55.6165 58.8854 22.9733 0.324996 -0.902714 -0.281931
-55.9985 59.0322 22.0726 0.30558 -0.915592 -0.261365
-56.4874 59.1618 21.0267 0.297765 -0.924794 -0.236839
-56.8953 59.2619 20.1262 0.295616 -0.928121 -0.22595
-57.4264 59.346 19.0215 0.299095 -0.932314 -0.203121
-58.1053 59.4012 17.6986 0.302851 -0.935737 -0.180344
-58.5267 59.4186 16.8444 0.297939 -0.939179 -0.170728
-58.8356 59.4826 15.9347 0.290767 -0.943197 -0.160731
-59.0884 59.578 14.9114 0.28682 -0.944989 -0.157258
-59.2706 59.7092 13.7926 0.286062 -0.945209 -0.157316
-59.3883 59.8466 12.6908 0.288447 -0.94656 -0.144297
-59.417 59.9937 11.7158 0.289053 -0.944285 -0.1574
-59.3295 60.1653 10.7517 0.286541 -0.946958 -0.145475
-59.1798 60.3973 9.5353 0.286636 -0.946419 -0.148723
-58.8601 60.677 8.40679 0.287192 -0.945163 -0.155525
-58.6283 60.8982 7.55196 0.281044 -0.943996 -0.172017
-58.4107 61.121 6.67545 0.27558 -0.937859 -0.210658
-58.0131 61.4679 5.75075 0.29368 -0.925548 -0.238981
-57.5128 61.9158 4.69755 0.326298 -0.910136 -0.255308
-56.9755 62.3938 3.67312 0.352913 -0.901746 -0.249613
-56.474 62.8344 2.73344 0.372587 -0.89922 -0.229307
-55.9143 63.2415 1.9843 0.368939 -0.905187 -0.210905
-55.3341 63.6796 1.10169 0.388518 -0.90047 -0.195466
-54.6259 64.126 0.331604 0.378058 -0.911165 -0.163861
-53.9397 64.5209 -0.305429 0.374787 -0.914582 -0.151862
-52.9401 65.0553 -1.13518 0.368293 -0.919329 -0.138542
-51.96 65.538 -1.81192 0.359028 -0.925152 -0.12326
-51.137 65.9127 -2.281 0.358418 -0.927706 -0.104133
-50.2904 66.3018 -2.8276 0.357325 -0.929495 -0.0912957
-49.3693 66.709 -3.36585 0.355698 -0.930999 -0.0819507
-48.4146 67.1144 -3.85959 0.350777 -0.933272 -0.077189
-47.5787 67.4483 -4.1548 0.342776 -0.936804 -0.0700175
-46.7897 67.7469 -4.38853 0.326075 -0.943825 -0.0531535
-46.565 67.8271 -4.46111 0.32 -0.945816 -0.0550719
