-42.0699 68.2323 13.957 0.349184 -0.906692 -0.236565
-41.8152 68.091 14.8572 0.347736 -0.904523 -0.246759
-41.2199 68.4155 14.4635 0.329029 -0.912137 -0.244431
-41.4132 68.5913 13.5415 0.337902 -0.911223 -0.235287
-42.0359 68.2638 13.8856 0.350424 -0.907208 -0.232761
-42.4756 68.3093 13.0371 0.365277 -0.903336 -0.224785
-41.6532 68.7216 12.649 0.349654 -0.910848 -0.219311
-40.6651 69.0738 12.6692 0.313038 -0.923593 -0.22132
-40.2349 68.9974 13.5629 0.3128 -0.920754 -0.233142
-40.3612 68.7133 14.4576 0.302363 -0.917388 -0.258775
-40.7295 68.3144 15.428 0.311781 -0.913885 -0.259901
-41.3614 67.8618 16.2024 0.313483 -0.907865 -0.278407
-42.1845 67.655 15.918 0.341156 -0.902934 -0.261097
-42.6537 67.7079 15.0784 0.345316 -0.904396 -0.25064
-43.0449 67.7965 14.1521 0.362147 -0.90249 -0.233118
-42.7304 68.159 13.2241 0.363749 -0.902669 -0.229946
-43.2628 68.1355 12.4377 0.369456 -0.903055 -0.219058
-43.8869 67.7068 13.1374 0.375072 -0.899833 -0.22276
-44.0057 67.4446 13.9868 0.372392 -0.898984 -0.230534
-43.6775 67.3648 14.8208 0.368142 -0.899356 -0.23579
-43.0646 67.2919 16.0158 0.364159 -0.899147 -0.242733
-42.6035 67.1884 16.9537 0.333083 -0.904458 -0.266478
-41.9266 67.2036 17.6218 0.298214 -0.903482 -0.307877
-41.1235 67.6112 17.2137 0.302762 -0.899866 -0.31397
-40.323 68.1216 16.4614 0.277425 -0.91244 -0.300359
-39.8286 68.5391 15.6317 0.288747 -0.911443 -0.293082
-39.5273 68.9274 14.6416 0.279864 -0.925924 -0.253657
-39.3313 69.2221 13.7861 0.281224 -0.924891 -0.255908
-39.1974 69.5848 12.5093 0.280655 -0.933303 -0.224005
-39.848 69.5229 11.9194 0.306682 -0.927567 -0.21346
-40.8727 69.2374 11.6809 0.324306 -0.924654 -0.199128
-41.9508 68.814 11.7764 0.346932 -0.916117 -0.200869
-42.9445 68.3169 12.2228 0.363894 -0.905747 -0.217224
-43.2809 68.3773 11.3465 0.37384 -0.906846 -0.194602
-44.1368 67.8999 11.8909 0.379715 -0.902943 -0.201272
-44.7011 67.5145 12.5272 0.38921 -0.895947 -0.213832
-45.0098 67.1845 13.3246 0.386088 -0.895377 -0.221892
-44.7913 67.024 14.3357 0.384608 -0.894047 -0.229687
-44.4188 66.9661 15.1602 0.375723 -0.895623 -0.2381
-43.8622 66.9052 16.2459 0.363094 -0.897158 -0.251405
-43.3664 66.7959 17.3078 0.356595 -0.889354 -0.28538
-42.8881 66.635 18.2928 0.315882 -0.891954 -0.323016
-42.1862 66.6304 18.9462 0.296588 -0.892121 -0.340549
-41.0678 67.2223 18.3255 0.275547 -0.897502 -0.34422
-40.251 67.7053 17.6956 0.265702 -0.900693 -0.343737
-39.5708 68.1497 17.0156 0.257519 -0.912369 -0.318226
-39.0732 68.5794 16.1814 0.255943 -0.913558 -0.316078
-38.7837 68.9532 15.281 0.260879 -0.921243 -0.288536
-38.4875 69.3822 14.1173 0.256613 -0.931391 -0.258187
-38.292 69.6692 13.2581 0.254819 -0.937431 -0.237005
-38.2036 69.9597 12.1661 0.263538 -0.937362 -0.227775
-38.8708 69.9612 11.3206 0.27962 -0.935359 -0.216599
-39.9904 69.7024 10.9142 0.317108 -0.92412 -0.213177
-41.0057 69.3818 10.7779 0.33947 -0.920812 -0.191929
-41.9351 69.0244 10.8266 0.348738 -0.918347 -0.187138
-42.8649 68.5916 11.142 0.372098 -0.907591 -0.194479
-43.1022 68.4701 11.2553 0.372103 -0.90759 -0.194475
-43.4782 68.4958 10.4019 0.387912 -0.906159 -0.168496
-42.5809 68.9283 10.0434 0.363063 -0.914887 -0.176483
-41.7406 69.2888 9.86045 0.354961 -0.921616 -0.156897
-40.7693 69.6538 9.85512 0.336187 -0.923598 -0.184199
-39.816 69.9627 10.0008 0.305231 -0.935233 -0.178511
-38.8734 70.1851 10.339 0.284719 -0.935192 -0.21051
-38.0122 70.3502 10.737 0.277568 -0.936932 -0.2124
-37.2929 70.3481 11.6242 0.268495 -0.936153 -0.226999
-37.2483 70.1344 12.5388 0.260195 -0.93721 -0.232243
-37.4061 69.8614 13.4272 0.250769 -0.936098 -0.246646
-37.6931 69.4471 14.6254 0.24337 -0.927902 -0.282433
-37.9019 69.1375 15.4528 0.241131 -0.922193 -0.302019
-38.1876 68.7204 16.4573 0.236996 -0.917907 -0.318244
-38.7959 68.1661 17.5577 0.239167 -0.908532 -0.342448
-39.4247 67.748 18.2015 0.253375 -0.903229 -0.346379
-40.2881 67.2323 18.8885 0.260691 -0.896023 -0.359421
-41.1225 66.7597 19.4647 0.2594 -0.897051 -0.357786
-42.0651 66.2708 19.9625 0.276188 -0.894248 -0.352195
-42.9723 65.9805 19.9299 0.30372 -0.88758 -0.346346
-43.4755 66.1585 18.9972 0.334035 -0.882811 -0.33025
-43.9065 66.3142 18.0974 0.345898 -0.888401 -0.301825
-44.2936 66.4367 17.2366 0.367706 -0.89094 -0.266486
-44.7774 66.5286 16.236 0.378771 -0.892217 -0.245825
-45.2084 66.562 15.4298 0.381124 -0.893833 -0.236194
-45.6139 66.6104 14.5682 0.384605 -0.894045 -0.229701
-45.9165 66.7181 13.6051 0.398504 -0.890543 -0.219381
-45.8129 67.0022 12.6141 0.403995 -0.891637 -0.204379
-45.3893 67.3649 11.8668 0.398244 -0.894022 -0.205157
-44.8488 67.7367 11.2474 0.399921 -0.898894 -0.179033
-43.9915 68.2285 10.6478 0.389537 -0.905039 -0.170777
-43.8736 68.2909 10.5857 0.389538 -0.905039 -0.170777
-44.2631 68.2832 9.73801 0.387922 -0.906156 -0.168492
-43.4845 68.6792 9.38604 0.381878 -0.909135 -0.166195
-42.3688 69.1829 9.03973 0.366085 -0.919842 -0.140967
-41.4168 69.5719 8.92051 0.353488 -0.924413 -0.143204
-40.5496 69.9013 8.9225 0.336025 -0.929819 -0.149309
-39.6084 70.194 9.12035 0.319009 -0.93529 -0.153083
-38.4422 70.4882 9.51234 0.286581 -0.938323 -0.193236
-37.4634 70.6765 9.98438 0.2697 -0.943591 -0.192088
-36.6067 70.7571 10.7239 0.265181 -0.938989 -0.219014
-36.2947 70.5671 11.8692 0.263609 -0.935705 -0.23445
-36.3661 70.2896 12.8567 0.239405 -0.938653 -0.248225
-36.6176 69.9032 14.0176 0.234208 -0.932402 -0.275271
-36.8839 69.503 15.1038 0.221238 -0.92499 -0.308944
-37.1518 69.0552 16.2374 0.224913 -0.921987 -0.315206
-37.397 68.6999 17.0495 0.208215 -0.917311 -0.339392
-37.8876 68.2413 17.9644 0.227502 -0.908312 -0.35094
-38.4833 67.8347 18.6162 0.232645 -0.901351 -0.365298
-39.1591 67.4336 19.1701 0.247627 -0.898798 -0.361722
-39.9512 66.9685 19.7789 0.243113 -0.897844 -0.367107
-40.6848 66.5609 20.2739 0.256597 -0.895701 -0.36315
-41.6772 66.0524 20.8192 0.275833 -0.893969 -0.353179
-42.6711 65.5384 21.3244 0.291935 -0.889138 -0.352199
-43.5285 65.3896 20.9439 0.310607 -0.882367 -0.353485
-43.9259 65.5985 20.0244 0.333697 -0.880388 -0.336991
-44.3052 65.7774 19.1741 0.33492 -0.882132 -0.331166
-44.8105 65.958 18.0854 0.364934 -0.884402 -0.290597
-45.2819 66.0812 17.0536 0.374607 -0.890086 -0.259506
-45.7894 66.1325 16.1036 0.390336 -0.88628 -0.249245
-46.2247 66.168 15.2544 0.390937 -0.890975 -0.230907
-46.584 66.2284 14.3972 0.39437 -0.891788 -0.221708
-46.8704 66.3371 13.4093 0.408917 -0.888258 -0.209153
-46.7637 66.5962 12.4928 0.41142 -0.888504 -0.203209
-46.4001 66.933 11.7251 0.412557 -0.891634 -0.186505
-45.8072 67.3798 10.8775 0.4064 -0.896191 -0.17799
-44.8046 67.9892 10.0449 0.394443 -0.902996 -0.170334
-44.3306 68.2475 9.77347 0.391993 -0.904018 -0.170545
-44.7846 68.1772 8.96609 0.399482 -0.905579 -0.142624
-45.6252 67.7195 9.45916 0.407706 -0.900242 -0.152774
-46.4579 67.2115 10.1818 0.412065 -0.896083 -0.165038
-47.0582 66.7726 11.0205 0.417831 -0.891273 -0.176209
-47.4719 66.4137 11.8162 0.418704 -0.887763 -0.1912
-47.7703 66.0841 12.6854 0.420162 -0.885512 -0.19826
-47.7465 65.8832 13.6122 0.418592 -0.884881 -0.204358
-47.3437 65.7897 14.7674 0.405137 -0.886953 -0.221699
-46.9477 65.7432 15.6419 0.404692 -0.882627 -0.239082
-46.4914 65.7029 16.5318 0.390335 -0.886281 -0.249243
-46.0133 65.6335 17.4669 0.393171 -0.879189 -0.269152
-45.4729 65.5016 18.6087 0.377124 -0.874333 -0.304981
-44.9366 65.3076 19.7609 0.359183 -0.874719 -0.325162
-44.587 65.1178 20.6259 0.343459 -0.877048 -0.335728
-44.2035 64.8922 21.5713 0.327909 -0.879698 -0.344394
-43.5698 64.7461 22.528 0.319204 -0.882311 -0.345877
-42.6653 65.1342 22.3322 0.297015 -0.888286 -0.350329
-41.9044 65.527 21.9709 0.276309 -0.893807 -0.353154
-41.0533 65.9593 21.5177 0.250802 -0.899498 -0.357762
-40.1962 66.3853 21.0548 0.243424 -0.900351 -0.360606
-39.3744 66.8365 20.4851 0.240972 -0.898443 -0.367056
-38.5772 67.2861 19.8962 0.230706 -0.899367 -0.371367
-37.6818 67.8056 19.1726 0.194376 -0.905895 -0.376241
-37.0853 68.1879 18.5446 0.189218 -0.911238 -0.365809
-36.5928 68.6476 17.6402 0.185206 -0.913069 -0.363324
-36.286 69.1176 16.5864 0.183391 -0.918709 -0.349772
-36.0844 69.5236 15.6091 0.200929 -0.924644 -0.322815
-35.8737 69.8531 14.7629 0.213316 -0.929597 -0.300575
-35.5738 70.304 13.5172 0.2256 -0.936556 -0.268267
-35.3648 70.7069 12.2692 0.249873 -0.933819 -0.25602
-35.4738 71.0086 10.9835 0.252871 -0.942834 -0.217059
-36.0634 71.0858 9.90813 0.256743 -0.947397 -0.19111
-37.0817 70.954 9.15656 0.263152 -0.94816 -0.177838
-37.9515 70.7792 8.72943 0.272682 -0.947466 -0.167191
-39.1469 70.4805 8.29683 0.305716 -0.939541 -0.153926
-40.2193 70.1609 8.01164 0.332275 -0.933933 -0.131034
-41.1034 69.8398 7.95993 0.345273 -0.929656 -0.128553
-42.1817 69.4028 8.05112 0.363664 -0.921841 -0.134003
-43.1069 69.0019 8.25374 0.380834 -0.916429 -0.122955
-44.0141 68.5742 8.60113 0.390854 -0.910316 -0.135779
-44.5245 68.3126 8.83461 0.399484 -0.905578 -0.14262
-44.9021 68.2716 7.97613 0.402308 -0.907739 -0.118983
-45.8423 67.7738 8.48371 0.409339 -0.902666 -0.132801
-46.55 67.3715 8.98407 0.415205 -0.898247 -0.144073
-47.2062 66.961 9.62547 0.419378 -0.89496 -0.152208
-47.7682 66.5559 10.4203 0.423789 -0.890032 -0.167892
-48.2836 66.1125 11.4057 0.425441 -0.886655 -0.181223
-48.6507 65.7213 12.418 0.428793 -0.882537 -0.193042
-48.6482 65.4601 13.5859 0.426613 -0.880725 -0.205729
-48.2793 65.3734 14.6814 0.415683 -0.882388 -0.220452
-47.8954 65.3355 15.5278 0.409784 -0.881886 -0.233141
-47.4832 65.2913 16.3737 0.408541 -0.876044 -0.256205
-46.992 65.2274 17.3451 0.404099 -0.874496 -0.268254
-46.4947 65.1217 18.3845 0.390404 -0.872945 -0.292493
-45.9287 64.9572 19.5824 0.37649 -0.87041 -0.31724
-45.4736 64.7473 20.6608 0.35202 -0.87524 -0.331718
-45.117 64.5483 21.5465 0.342311 -0.87707 -0.336911
-44.7075 64.3254 22.5374 0.331904 -0.878533 -0.343539
-44.2999 64.1168 23.4617 0.316218 -0.883959 -0.344418
-43.2448 64.4378 23.6062 0.306714 -0.88534 -0.349343
-42.1649 65.0023 23.091 0.297046 -0.888253 -0.350387
-41.1254 65.5193 22.581 0.270713 -0.894357 -0.356142
-40.1424 65.9906 22.0795 0.239417 -0.904687 -0.352217
-39.2763 66.4142 21.5789 0.219002 -0.90511 -0.3642
-38.5506 66.8115 21.0513 0.226755 -0.89939 -0.373722
-37.6689 67.2981 20.4001 0.203276 -0.904196 -0.375581
-37.0249 67.6595 19.862 0.197889 -0.905696 -0.37488
-36.3487 68.0821 19.159 0.170427 -0.911171 -0.37513
-35.7704 68.5914 18.1698 0.159388 -0.914416 -0.372066
-35.4974 68.9684 17.3653 0.154756 -0.915394 -0.371584
-35.3199 69.3367 16.5194 0.167246 -0.918039 -0.358984
-35.1282 69.7433 15.5287 0.181561 -0.924538 -0.335059
-34.8859 70.1501 14.4934 0.193137 -0.931346 -0.308654
-34.6508 70.5012 13.5962 0.209416 -0.933328 -0.29046
-34.4683 70.8299 12.65 0.218598 -0.933677 -0.283344
-34.4146 71.0945 11.7347 0.209117 -0.947821 -0.240635
-34.5792 71.2984 10.7208 0.230525 -0.951745 -0.202584
-34.9726 71.3996 9.76767 0.230654 -0.9541 -0.191027
-35.7906 71.3593 8.87408 0.250841 -0.953273 -0.168186
-36.8092 71.1911 8.23845 0.266628 -0.949392 -0.165988
-37.8566 70.9598 7.76433 0.284854 -0.948817 -0.136321
-39.0551 70.6431 7.35896 0.306356 -0.943882 -0.123221
-39.9762 70.3679 7.123 0.317387 -0.941103 -0.116279
-41.166 69.9444 7.03508 0.353465 -0.926555 -0.128386
-42.2339 69.5124 7.09945 0.373703 -0.920203 -0.116325
-43.2468 69.0718 7.29458 0.377945 -0.918281 -0.117888
-44.2092 68.6164 7.66237 0.392694 -0.912362 -0.115702
-44.775 68.3356 7.91777 0.402309 -0.907739 -0.118982
-45.2205 68.2485 7.07364 0.402927 -0.90754 -0.11841
-44.2428 68.7301 6.62733 0.39123 -0.913877 -0.108483
-43.3596 69.1423 6.31687 0.386007 -0.916253 -0.107141
-42.5314 69.5064 6.15698 0.381753 -0.918892 -0.0995078
-41.6285 69.873 6.1128 0.358308 -0.927955 -0.102539
-40.6662 70.2359 6.11405 0.344593 -0.933076 -0.103075
-39.6431 70.5828 6.25485 0.319613 -0.941798 -0.104069
-38.5502 70.9075 6.54168 0.296654 -0.947893 -0.116172
-37.6219 71.1563 6.8692 0.286228 -0.949891 -0.125101
-36.2876 71.4601 7.46605 0.26342 -0.954105 -0.141934
-35.4005 71.6112 8.00974 0.252289 -0.955976 -0.149833
-34.5185 71.69 8.8208 0.236378 -0.956859 -0.168958
-33.9043 71.6429 9.81609 0.211945 -0.957971 -0.192895
-33.5814 71.4712 10.9153 0.201027 -0.955434 -0.216181
-33.465 71.1785 12.1694 0.193087 -0.945515 -0.262142
-33.6273 70.7964 13.3297 0.183671 -0.930269 -0.317591
-33.879 70.4205 14.294 0.181381 -0.932277 -0.312988
-34.1485 69.9873 15.3331 0.153746 -0.921929 -0.355482
-34.3183 69.6227 16.2102 0.147726 -0.918684 -0.366329
-34.4848 69.2246 17.1406 0.150218 -0.917453 -0.368395
-34.7492 68.7507 18.2019 0.134012 -0.915533 -0.379258
-35.1071 68.3545 19.0206 0.137294 -0.913529 -0.382904
-35.6918 67.9201 19.8458 0.152066 -0.911722 -0.381253
-36.3574 67.5164 20.5214 0.168072 -0.910586 -0.377604
-37.0233 67.1564 21.085 0.179843 -0.902276 -0.391045
-37.6822 66.7936 21.5812 0.204475 -0.899477 -0.386174
-38.518 66.3471 22.1787 0.214918 -0.903436 -0.37074
-39.4373 65.9021 22.7593 0.217896 -0.90645 -0.361758
-40.5469 65.3979 23.3117 0.250053 -0.903326 -0.348533
-41.6125 64.883 23.8343 0.277283 -0.894577 -0.350494
-42.6749 64.3378 24.348 0.299476 -0.887652 -0.349841
-43.6863 63.7808 24.8791 0.31103 -0.886153 -0.343501
-44.6035 63.4722 24.8323 0.325252 -0.881531 -0.342221
-45.1072 63.6715 23.8371 0.326616 -0.881753 -0.340343
-45.4719 63.9001 22.8938 0.33015 -0.880752 -0.339524
-45.8374 64.1034 21.9805 0.350137 -0.876713 -0.329815
-46.2135 64.2888 21.0638 0.358232 -0.878535 -0.315986
-46.5953 64.4814 20.1008 0.375376 -0.872273 -0.313421
-47.0171 64.6075 19.2134 0.396765 -0.86853 -0.297039
-47.4288 64.7035 18.3563 0.404275 -0.869774 -0.282941
-47.8502 64.7849 17.4839 0.412863 -0.869589 -0.270763
-48.2992 64.8473 16.5619 0.421068 -0.870095 -0.25617
-48.7261 64.9036 15.6423 0.431927 -0.869628 -0.239137
-49.1232 64.9378 14.7866 0.42925 -0.876475 -0.218007
-49.4959 65.006 13.7633 0.438735 -0.873655 -0.210203
-49.5784 65.2399 12.5465 0.442041 -0.875807 -0.193764
-49.259 65.6392 11.3994 0.43263 -0.882953 -0.182259
-48.8073 66.0455 10.4609 0.438678 -0.883415 -0.164708
-48.3715 66.4011 9.66903 0.429261 -0.88916 -0.158525
-47.8006 66.8025 8.89502 0.420836 -0.895913 -0.142137
-47.0585 67.2563 8.19203 0.418274 -0.898558 -0.132737
-46.1838 67.7443 7.60136 0.412702 -0.902225 -0.125133
-45.5456 68.0821 7.24324 0.402927 -0.907541 -0.118405
-46.0517 67.9604 6.44529 0.407354 -0.906013 -0.114694
-45.0804 68.4519 5.94032 0.397049 -0.91122 -0.10953
-43.9633 68.9793 5.50472 0.387391 -0.916669 -0.0981587
-43.1198 69.3541 5.30213 0.383091 -0.918981 -0.093238
-42.1216 69.7738 5.2121 0.370876 -0.923825 -0.0945351
-41.163 70.1492 5.17245 0.349615 -0.933266 -0.0819638
-40.1904 70.4983 5.21281 0.331996 -0.939173 -0.087681
-39.1552 70.8356 5.40903 0.313403 -0.944463 -0.0987398
-38.2169 71.1136 5.68673 0.307082 -0.947068 -0.0934267
-36.9989 71.4354 6.13163 0.289334 -0.951668 -0.102978
-36.1626 71.6308 6.49539 0.270969 -0.953597 -0.131255
-35.1852 71.8203 7.02595 0.248995 -0.957302 -0.146879
-34.4346 71.9206 7.60151 0.231255 -0.959537 -0.160584
-33.5937 71.9612 8.50116 0.213817 -0.961128 -0.174668
-33.085 71.9045 9.37975 0.200046 -0.960999 -0.190952
-32.7667 71.7758 10.3006 0.177558 -0.95906 -0.220281
-32.5542 71.5656 11.3368 0.167309 -0.955078 -0.244051
-32.4952 71.3339 12.2229 0.164513 -0.951186 -0.26111
-32.6208 71.0424 13.1198 0.149067 -0.942785 -0.298222
-32.834 70.7106 13.9923 0.151755 -0.930045 -0.334644
-33.0809 70.3355 14.9026 0.15578 -0.926478 -0.342592
-33.2806 69.9601 15.7751 0.135351 -0.917116 -0.374938
-33.4341 69.6024 16.589 0.132883 -0.916418 -0.377505
-33.6292 69.1246 17.6878 0.130304 -0.917649 -0.37542
-33.9149 68.6572 18.7142 0.113349 -0.912842 -0.392265
-34.3777 68.1868 19.6646 0.108093 -0.909744 -0.400851
-34.9656 67.7703 20.442 0.126365 -0.907133 -0.401424
-35.6564 67.3586 21.149 0.128227 -0.905502 -0.404504
-36.4745 66.9222 21.8355 0.156269 -0.905745 -0.393955
-37.2334 66.5499 22.3905 0.177925 -0.904088 -0.388006
-38.0084 66.1569 22.9238 0.18649 -0.908395 -0.374218
-38.7943 65.79 23.4264 0.195473 -0.913236 -0.357392
-39.8717 65.3227 23.988 0.232552 -0.907818 -0.34854
-40.7471 64.9059 24.431 0.251526 -0.900529 -0.354658
-41.5908 64.4939 24.8394 0.278392 -0.89275 -0.354254
-42.4347 64.0574 25.2569 0.295236 -0.889572 -0.348565
-43.2052 63.629 25.6911 0.298719 -0.887687 -0.350399
-43.9178 63.2268 26.1032 0.311718 -0.88727 -0.339893
-44.7265 62.8729 26.2632 0.332159 -0.879157 -0.341691
-45.3561 62.9628 25.4184 0.333421 -0.878334 -0.342574
-45.7788 63.1778 24.4553 0.336967 -0.877656 -0.340843
-46.102 63.381 23.6089 0.339549 -0.87838 -0.336385
-46.5172 63.6328 22.5212 0.352357 -0.877579 -0.325085
-46.895 63.817 21.5941 0.364537 -0.87671 -0.313822
-47.2343 63.9794 20.7303 0.377843 -0.876036 -0.299659
-47.7529 64.1578 19.5526 0.394638 -0.871416 -0.291367
-48.2207 64.259 18.5881 0.410636 -0.867718 -0.280079
-48.6569 64.3373 17.6783 0.415095 -0.870605 -0.264087
-49.1703 64.4151 16.5926 0.420927 -0.869366 -0.258887
-49.7434 64.4641 15.4074 0.434626 -0.869564 -0.234355
-50.1542 64.5044 14.4716 0.436435 -0.871665 -0.222846
-50.4683 64.6657 13.1071 0.449063 -0.870346 -0.202044
-50.3192 65.0303 11.7814 0.447733 -0.873881 -0.189342
-50.0016 65.3625 10.9128 0.443609 -0.87987 -0.170388
-49.6375 65.6888 10.1515 0.455852 -0.876648 -0.15389
-49.2093 66.0539 9.3003 0.443997 -0.883644 -0.148369
-48.6718 66.4487 8.48916 0.431662 -0.891424 -0.137898
-47.9499 66.9092 7.71778 0.419928 -0.898117 -0.130513
-47.2753 67.2949 7.21213 0.418032 -0.899439 -0.127511
-46.5331 67.7016 6.73838 0.412441 -0.902763 -0.122111
-46.3512 67.7994 6.63016 0.412653 -0.902952 -0.119958
-46.7497 67.7285 5.77646 0.415335 -0.902231 -0.116047
-47.8105 67.1487 6.44155 0.424101 -0.897952 -0.117546
-48.7904 66.5777 7.21185 0.432054 -0.893867 -0.119711
-49.5152 66.0926 8.08742 0.447742 -0.884301 -0.132379
-50.0467 65.6838 8.96844 0.465265 -0.873864 -0.140999
-50.4888 65.2875 9.91569 0.455849 -0.87665 -0.153885
-50.9386 64.8739 10.908 0.461257 -0.872204 -0.162657
-51.226 64.5446 11.8316 0.464728 -0.869626 -0.166532
-51.3307 64.3058 12.7049 0.458281 -0.868553 -0.188562
-51.1839 64.0846 14.0186 0.45387 -0.868027 -0.201312
-50.8135 64.0164 15.0598 0.443709 -0.867821 -0.223457
-50.3608 63.99 16.0171 0.433481 -0.868879 -0.238899
-49.8974 63.9569 16.9432 0.428162 -0.869784 -0.245262
-49.3121 63.8676 18.197 0.414232 -0.872859 -0.257933
-48.8871 63.7886 19.0938 0.404936 -0.873316 -0.270824
-48.4868 63.7075 19.904 0.395277 -0.87115 -0.291296
-48.1217 63.6004 20.7192 0.381285 -0.875068 -0.298097
-47.7062 63.4009 21.8106 0.374763 -0.873999 -0.309319
-47.339 63.2212 22.7331 0.35524 -0.877447 -0.322323
-46.981 63.0094 23.6793 0.346123 -0.875854 -0.336271
-46.5044 62.7131 24.9256 0.343263 -0.874777 -0.341957
-45.9851 62.4623 26.0762 0.348506 -0.871277 -0.345572
-45.4225 62.3395 26.9517 0.348234 -0.871113 -0.346258
-44.5161 62.5058 27.41 0.32746 -0.879897 -0.344314
-43.5909 62.9895 27.0113 0.305302 -0.891022 -0.335963
-42.7371 63.4709 26.5063 0.291871 -0.891699 -0.345955
-41.9648 63.8985 26.0476 0.286607 -0.894262 -0.343734
-40.9707 64.406 25.5459 0.268085 -0.895853 -0.354369
-40.0565 64.8387 25.1211 0.240165 -0.906213 -0.347468
-39.2925 65.1795 24.719 0.204341 -0.919011 -0.33714
-38.5385 65.4986 24.3061 0.203271 -0.914805 -0.348794
-37.7405 65.8498 23.8278 0.175405 -0.914268 -0.365168
-36.8382 66.2584 23.2282 0.165918 -0.909955 -0.380071
-36.0854 66.6148 22.6919 0.124325 -0.909492 -0.396657
-35.2678 67.0158 22.0328 0.124062 -0.906016 -0.404628
-34.4898 67.4478 21.2949 0.0875963 -0.903835 -0.418818
-33.7411 67.9381 20.3888 0.0893701 -0.904244 -0.417553
-33.1376 68.4884 19.3261 0.0922188 -0.904436 -0.416523
-32.7821 68.9871 18.2773 0.114713 -0.914168 -0.388738
-32.5778 69.454 17.2324 0.119539 -0.914028 -0.387636
-32.4094 69.9039 16.2268 0.127535 -0.914541 -0.383745
-32.1994 70.3454 15.2107 0.129519 -0.920671 -0.368199
-31.9842 70.6974 14.3838 0.121968 -0.929607 -0.3476
-31.7166 71.0875 13.3905 0.11959 -0.935902 -0.331339
-31.5322 71.4536 12.3109 0.127694 -0.946794 -0.295425
-31.622 71.7726 11.1246 0.143422 -0.957091 -0.251444
-31.8446 71.9774 10.1638 0.161085 -0.958336 -0.23546
-32.1501 72.1175 9.22798 0.177696 -0.965001 -0.1927
-32.5601 72.2028 8.36156 0.18376 -0.968152 -0.169865
-33.1183 72.2211 7.61065 0.187349 -0.96927 -0.159356
-33.7984 72.1796 6.92226 0.225929 -0.96215 -0.152392
-34.8181 72.0474 6.15977 0.23582 -0.961574 -0.140559
-35.9731 71.8089 5.58067 0.26883 -0.957112 -0.106967
-37.1669 71.498 5.08128 0.289341 -0.951667 -0.102967
-38.2097 71.2056 4.72268 0.30127 -0.949473 -0.0878844
-39.0971 70.9367 4.46685 0.313064 -0.946571 -0.0774217
-40.2179 70.5684 4.26772 0.332186 -0.940545 -0.0707676
-41.0869 70.2597 4.23387 0.33917 -0.937574 -0.0766394
-42.0467 69.887 4.24878 0.360872 -0.929536 -0.0757256
-43.0876 69.4594 4.35214 0.376748 -0.92267 -0.081673
-44.1103 69.013 4.56031 0.386889 -0.918382 -0.0829798
-45.0821 68.5656 4.87721 0.394094 -0.914582 -0.0907159
-46.0031 68.1156 5.34166 0.402185 -0.910291 -0.098067
-46.4815 67.8737 5.6037 0.407357 -0.906011 -0.114698
-46.8841 67.7867 4.78542 0.409159 -0.906655 -0.102367
-46.1569 68.1525 4.36208 0.401033 -0.912311 -0.0827892
-45.2989 68.5644 3.91974 0.394191 -0.915565 -0.0796358
-44.1614 69.0778 3.59922 0.390069 -0.917867 -0.0731077
-43.0861 69.5385 3.3927 0.376097 -0.923491 -0.0754943
-42.031 69.9652 3.28479 0.357964 -0.931889 -0.0583716
-40.9261 70.3825 3.27151 0.346294 -0.93613 -0.0608586
-39.9456 70.7272 3.34974 0.328215 -0.942846 -0.0574489
-38.8953 71.0713 3.55647 0.317515 -0.946466 -0.0581888
-37.8608 71.3842 3.87357 0.304594 -0.950088 -0.0674948
-36.9639 71.641 4.18422 0.298514 -0.950852 -0.0822786
-35.7416 71.9638 4.69548 0.27752 -0.956033 -0.0947779
-34.8949 72.162 5.0829 0.245997 -0.96361 -0.103166
-33.8709 72.3412 5.6625 0.203468 -0.971252 -0.123573
-33.045 72.428 6.31455 0.199153 -0.971839 -0.125965
-32.2551 72.4613 7.14408 0.18104 -0.971408 -0.153496
-31.6669 72.4195 8.04983 0.162657 -0.972006 -0.169515
-31.1994 72.2933 9.14745 0.151688 -0.969214 -0.193948
-30.8214 72.099 10.2973 0.144797 -0.960962 -0.235768
-30.6227 71.852 11.3594 0.13432 -0.954833 -0.265052
-30.5739 71.5632 12.3811 0.128555 -0.948228 -0.290348
-30.775 71.1672 13.5057 0.118281 -0.936827 -0.329175
-31.0823 70.7394 14.5693 0.112419 -0.926462 -0.359204
-31.3069 70.3526 15.4779 0.111001 -0.919756 -0.376467
-31.5069 69.897 16.5141 0.115965 -0.914882 -0.386709
-31.6361 69.5352 17.3306 0.0967924 -0.910113 -0.402895
-31.821 69.088 18.2953 0.0979081 -0.90991 -0.403085
-32.091 68.6349 19.2376 0.0956022 -0.908074 -0.407734
-32.5889 68.0827 20.3213 0.0687768 -0.897826 -0.434939
-33.2035 67.6004 21.2202 0.064838 -0.89979 -0.431444
-33.8197 67.2153 21.9267 0.0722479 -0.903345 -0.422721
-34.4508 66.8794 22.5326 0.0835171 -0.908685 -0.408911
-35.1363 66.5669 23.1103 0.102478 -0.911944 -0.396534
-36.0272 66.1625 23.7841 0.119077 -0.913371 -0.389274
-37.082 65.7094 24.4917 0.153469 -0.919358 -0.362244
-37.7978 65.4012 24.9494 0.175742 -0.919353 -0.351999
-38.7165 65.0319 25.4607 0.189573 -0.919594 -0.343758
-39.6457 64.6319 25.935 0.233822 -0.908082 -0.347214
-40.7836 64.11 26.4496 0.271799 -0.896699 -0.349362
-41.8167 63.5689 27.0283 0.27975 -0.895111 -0.34707
-42.8213 63.0079 27.6562 0.296822 -0.89378 -0.336165
-43.6152 62.5672 28.103 0.312146 -0.884818 -0.345737
-44.5878 62.0544 28.4928 0.335569 -0.875404 -0.34781
-45.4393 61.8343 28.205 0.345953 -0.871124 -0.348496
-46.1273 61.8479 27.4796 0.351677 -0.869208 -0.347542
-46.6474 61.9749 26.6332 0.352669 -0.869033 -0.346997
-47.0843 62.1678 25.7114 0.350775 -0.868587 -0.350021
-47.5048 62.4025 24.7058 0.351636 -0.870554 -0.344181
-47.8198 62.6069 23.8544 0.35723 -0.871845 -0.334982
-48.1563 62.8149 22.9172 0.365047 -0.874055 -0.320577
-48.486 62.9815 22.0594 0.383006 -0.87282 -0.302476
-48.8342 63.1122 21.2336 0.38541 -0.873484 -0.297463
-49.2226 63.2453 20.3173 0.395458 -0.874302 -0.281387
-49.6402 63.3402 19.414 0.404886 -0.873215 -0.271225
-50.1087 63.4157 18.4462 0.414261 -0.872772 -0.258179
-50.6255 63.4959 17.3072 0.428145 -0.869823 -0.245152
-51.0286 63.5275 16.4837 0.435109 -0.86972 -0.232916
-51.4613 63.5529 15.5891 0.436962 -0.87081 -0.225065
-51.8253 63.5849 14.7174 0.448481 -0.868702 -0.210088
-52.104 63.6866 13.6607 0.457761 -0.868154 -0.19118
-52.1802 63.886 12.5418 0.472584 -0.862658 -0.180065
-52.0356 64.1684 11.499 0.471547 -0.865913 -0.166835
-51.712 64.526 10.4808 0.476513 -0.866282 -0.149967
-51.3265 64.8804 9.63687 0.477693 -0.866583 -0.144368
-50.9146 65.2592 8.73291 0.472061 -0.869609 -0.144542
-50.3301 65.735 7.68299 0.465282 -0.876023 -0.126608
-49.806 66.103 6.96696 0.45554 -0.882409 -0.117635
-48.9252 66.659 6.0635 0.440691 -0.891123 -0.108124
-48.2485 67.0456 5.61223 0.433687 -0.89475 -0.10648
-47.2629 67.585 5.01357 0.416618 -0.902832 -0.106414
-47.0521 67.6966 4.89152 0.416612 -0.902835 -0.106411
-47.5273 67.5625 4.09951 0.414789 -0.906293 -0.0811338
-46.7445 67.9625 3.60907 0.401033 -0.912311 -0.0827893
-45.9513 68.348 3.17104 0.395598 -0.915239 -0.0762316
-45.1392 68.7219 2.84256 0.39037 -0.91791 -0.0710079
-44.2027 69.1337 2.62331 0.385754 -0.920023 -0.0688786
-43.2281 69.5455 2.45239 0.376493 -0.924723 -0.056048
-42.0073 70.0339 2.33193 0.364087 -0.929602 -0.0572726
-41.1032 70.3702 2.32482 0.347608 -0.936497 -0.046285
-39.7621 70.8415 2.42764 0.330934 -0.94249 -0.0468565
-38.6516 71.2009 2.6593 0.313835 -0.948409 -0.0450392
-37.8083 71.4605 2.92687 0.302303 -0.95186 -0.0503145
-36.9816 71.7005 3.20619 0.292759 -0.954532 -0.0562135
-36.0205 71.9638 3.57959 0.277915 -0.958743 -0.0597929
-34.8384 72.2534 4.09533 0.24619 -0.966607 -0.0711463
-33.6127 72.4928 4.72427 0.202522 -0.975295 -0.08823
-32.8259 72.601 5.25206 0.182422 -0.977705 -0.103503
-31.7935 72.675 6.21486 0.172162 -0.978235 -0.115828
-31.0583 72.659 7.193 0.136901 -0.980005 -0.144239
-30.5803 72.5638 8.24239 0.124213 -0.980279 -0.153262
-30.0672 72.3839 9.49067 0.122639 -0.972947 -0.195789
-29.7868 72.1645 10.5992 0.121743 -0.965263 -0.230898
-29.6335 71.846 11.8479 0.115032 -0.95765 -0.263957
-29.6735 71.4924 12.9663 0.111129 -0.941643 -0.317524
-29.8848 71.1594 13.8457 0.108919 -0.932713 -0.343266
-30.1579 70.7921 14.7135 0.1023 -0.927007 -0.360822
-30.3854 70.4078 15.5999 0.0969282 -0.918649 -0.383
-30.5729 69.9679 16.5904 0.0949618 -0.913805 -0.394896
-30.7018 69.5544 17.5074 0.094621 -0.911112 -0.401151
-30.8879 69.1071 18.4606 0.0792618 -0.905317 -0.417275
-31.1868 68.5799 19.5221 0.0743729 -0.899666 -0.430166
-31.5662 68.1213 20.4033 0.0717746 -0.898194 -0.433686
-32.1488 67.6131 21.3468 0.0516127 -0.891753 -0.449569
-32.8414 67.1486 22.2116 0.0390119 -0.898284 -0.437584
-33.4538 66.8117 22.844 0.0545134 -0.89935 -0.433818
-34.094 66.5125 23.4213 0.0730448 -0.909103 -0.410117
-34.7621 66.2196 23.9941 0.0586148 -0.922605 -0.381267
-35.4902 65.9229 24.5286 0.10153 -0.927886 -0.358774
-36.3395 65.6032 25.0756 0.153456 -0.91936 -0.362246
-37.2897 65.2098 25.7279 0.167158 -0.929451 -0.328585
-38.1196 64.8807 26.1922 0.178594 -0.925099 -0.335102
-38.9971 64.5302 26.6309 0.202517 -0.921144 -0.332385
-40.224 64.0061 27.1714 0.258871 -0.909429 -0.325106
-41.2824 63.4637 27.7715 0.283932 -0.900562 -0.329159
-41.9866 63.071 28.2247 0.290795 -0.897594 -0.331285
-42.6907 62.6702 28.6543 0.303382 -0.889561 -0.341527
-43.6768 62.0946 29.2361 0.32157 -0.880118 -0.349263
-44.7372 61.5956 29.4881 0.337719 -0.872515 -0.353077
-45.764 61.3628 29.0537 0.353042 -0.86722 -0.351129
-46.5254 61.3303 28.3622 0.355121 -0.867257 -0.348932
-47.1059 61.4164 27.5607 0.353093 -0.867573 -0.350202
-47.664 61.6307 26.464 0.357391 -0.865886 -0.350019
-48.1617 61.8895 25.3158 0.357045 -0.866017 -0.350046
-48.5072 62.0975 24.4361 0.369719 -0.866385 -0.335665
-48.8606 62.3387 23.4015 0.380353 -0.868357 -0.318249
-49.2316 62.5443 22.3728 0.385073 -0.870742 -0.305823
-49.6124 62.6808 21.4825 0.395373 -0.869965 -0.294689
-50.036 62.8034 20.5265 0.402138 -0.870655 -0.283274
-50.5106 62.9142 19.4773 0.41099 -0.871148 -0.26868
-51.0335 62.9899 18.3974 0.421375 -0.871486 -0.250908
-51.4929 63.0474 17.4107 0.42535 -0.87266 -0.239833
-52.0394 63.0924 16.2469 0.434482 -0.871407 -0.227674
-52.4544 63.1148 15.3363 0.443621 -0.87124 -0.209915
-52.7886 63.1628 14.3921 0.449186 -0.870065 -0.203023
-52.9832 63.281 13.3343 0.462017 -0.869157 -0.176331
-52.9829 63.5434 12.0354 0.476232 -0.862501 -0.171124
-52.8181 63.816 11.0374 0.481209 -0.863239 -0.15247
-52.4817 64.1686 10.0569 0.48341 -0.863665 -0.142822
-52.0763 64.5436 9.15452 0.490142 -0.861283 -0.133952
-51.631 64.945 8.20185 0.482601 -0.865193 -0.136148
-51.1699 65.333 7.36471 0.480791 -0.865955 -0.137674
-50.5378 65.7919 6.45712 0.462081 -0.878697 -0.119881
-49.9675 66.1734 5.75752 0.450617 -0.885669 -0.111959
-49.3363 66.5618 5.18856 0.441264 -0.890884 -0.107762
-48.3145 67.1351 4.56686 0.432248 -0.896165 -0.100248
-47.5358 67.5581 4.10508 0.41966 -0.903174 -0.0897454
-47.8414 67.5071 3.18522 0.409617 -0.907499 -0.0930115
-48.6266 67.0902 3.65779 0.428502 -0.896819 -0.110005
-49.4396 66.6405 4.12803 0.441692 -0.890344 -0.110439
-50.1654 66.2144 4.64327 0.44325 -0.888113 -0.121595
-50.7792 65.8222 5.26228 0.452271 -0.884841 -0.111836
-51.3965 65.4012 6.02249 0.458439 -0.880311 -0.12197
-51.9252 64.9912 6.89378 0.476431 -0.869191 -0.132072
-52.3952 64.5851 7.74804 0.491856 -0.859578 -0.13856
-52.8446 64.1771 8.69997 0.49014 -0.861284 -0.133954
-53.2571 63.793 9.64233 0.505213 -0.854455 -0.12071
-53.5865 63.4613 10.5723 0.487786 -0.861409 -0.141561
-53.801 63.1597 11.6488 0.480134 -0.862814 -0.158156
-53.8553 62.9347 12.7113 0.473707 -0.865551 -0.162477
-53.7714 62.7787 13.7451 0.462014 -0.869159 -0.17633
-53.4827 62.6773 14.9505 0.453968 -0.869651 -0.193563
-53.1045 62.6512 15.8801 0.447369 -0.869896 -0.207708
-52.5636 62.6314 17.01 0.430489 -0.872275 -0.231903
-51.9823 62.5591 18.2941 0.425239 -0.869548 -0.251105
-51.4222 62.4841 19.4611 0.421711 -0.866747 -0.266287
-50.9108 62.3821 20.5588 0.414071 -0.86682 -0.277791
-50.3819 62.231 21.7663 0.40702 -0.865261 -0.292674
-49.9914 62.1008 22.6576 0.395597 -0.866789 -0.303611
-49.6798 61.9326 23.5189 0.388727 -0.863903 -0.320255
-49.2797 61.6488 24.7356 0.373244 -0.863296 -0.339718
-48.7785 61.3607 25.9932 0.367236 -0.861047 -0.351761
-48.2708 61.1071 27.1387 0.357502 -0.8656 -0.350614
-47.8201 60.9356 28.0212 0.35742 -0.86448 -0.353438
-47.3007 60.8409 28.7738 0.362392 -0.863051 -0.351872
-46.5055 60.8356 29.6042 0.361524 -0.861947 -0.355453
-45.5842 60.9814 30.172 0.353154 -0.866241 -0.353425
-44.5831 61.2721 30.4354 0.338228 -0.872666 -0.352215
-43.6141 61.709 30.2758 0.331515 -0.875559 -0.351416
-42.8185 62.1701 29.8564 0.325003 -0.881577 -0.342337
-42.0188 62.6578 29.3332 0.308338 -0.894588 -0.32342
-41.1802 63.1303 28.7954 0.298598 -0.901196 -0.314118
-40.2576 63.6123 28.2415 0.277599 -0.913388 -0.297761
-39.2702 64.0638 27.7509 0.257145 -0.915276 -0.310073
-38.2505 64.478 27.2774 0.213197 -0.932829 -0.290478
-37.3064 64.8319 26.8107 0.182913 -0.935806 -0.301275
-36.4274 65.1635 26.276 0.155664 -0.933869 -0.321958
-35.5239 65.4961 25.6354 0.08697 -0.941774 -0.324544
-34.5973 65.8093 25.0374 0.0601711 -0.927877 -0.366789
-33.7553 66.1343 24.3251 0.0439099 -0.914569 -0.402039
-32.9791 66.4661 23.6401 0.027218 -0.903489 -0.427746
-32.2804 66.8168 22.9511 0.0243084 -0.896336 -0.442709
-31.6548 67.2125 22.1977 0.0405559 -0.888834 -0.456241
-31.0696 67.6495 21.3984 0.0334213 -0.884712 -0.464915
-30.5721 68.13 20.5106 0.0554477 -0.891651 -0.449312
-30.2357 68.5778 19.6724 0.0652071 -0.889695 -0.451875
-29.9845 69.0477 18.7543 0.0689672 -0.899384 -0.431546
-29.8093 69.4599 17.8955 0.0772624 -0.907821 -0.412151
-29.6908 69.8624 17.0248 0.0802297 -0.908707 -0.409652
-29.5215 70.3121 16.0387 0.0810349 -0.914123 -0.397222
-29.2528 70.8054 14.9361 0.0999982 -0.922672 -0.372186
-28.9595 71.1563 14.1137 0.101268 -0.927659 -0.359435
-28.7473 71.5048 13.2453 0.100599 -0.945098 -0.310864
-28.6873 71.7925 12.3828 0.105543 -0.945508 -0.308018
-28.7734 72.1316 11.1568 0.0996019 -0.962776 -0.251017
-28.9297 72.3988 9.997 0.0929321 -0.972594 -0.212406
-29.3264 72.6112 8.75002 0.0948183 -0.978777 -0.181265
-29.7683 72.7494 7.66222 0.11296 -0.981293 -0.155899
-30.2414 72.8337 6.72267 0.114062 -0.985698 -0.123868
-30.7806 72.862 5.96238 0.123597 -0.986124 -0.110124
-31.4857 72.8411 5.14926 0.145729 -0.985033 -0.092045
-32.2039 72.7818 4.53186 0.168695 -0.982436 -0.0797587
-33.025 72.6795 3.98479 0.196839 -0.978339 -0.0622055
-33.9362 72.524 3.48435 0.225311 -0.971544 -0.0705127
-34.9592 72.2848 3.03446 0.251446 -0.96703 -0.0403526
-36.1693 71.9704 2.5162 0.271662 -0.96158 -0.0391374
-37.3164 71.6405 2.11599 0.285069 -0.95819 -0.0246543
-38.6248 71.2468 1.69199 0.303095 -0.952587 -0.0252776
-39.8709 70.8461 1.45674 0.320021 -0.946855 -0.0305677
-40.849 70.5064 1.382 0.330305 -0.943325 -0.0321983
-42.0613 70.0595 1.37774 0.354079 -0.934122 -0.0448756
-43.0782 69.663 1.46757 0.363098 -0.930668 -0.0447604
-44.0644 69.2579 1.60746 0.37605 -0.924757 -0.0583953
-45.0729 68.8233 1.84751 0.387648 -0.919494 -0.0652706
-45.9774 68.4186 2.14914 0.391227 -0.917149 -0.07602
-46.9152 67.9762 2.60041 0.39849 -0.913701 -0.0797248
-47.6856 67.5883 3.08249 0.412042 -0.906501 -0.0920686
-47.7941 67.5318 3.15353 0.412043 -0.906501 -0.0920681
-48.3235 67.3796 2.33811 0.4068 -0.908059 -0.0997173
-49.2016 66.9148 2.87261 0.418563 -0.900855 -0.115174
-50.0357 66.4472 3.40372 0.433192 -0.892261 -0.127338
-50.8143 65.9863 3.96575 0.435721 -0.89037 -0.131519
-51.4461 65.5807 4.60925 0.439288 -0.888515 -0.132544
-51.9657 65.2135 5.29717 0.447288 -0.88275 -0.143827
-52.4356 64.849 6.0294 0.474328 -0.86947 -0.137966
-52.9188 64.4447 6.82959 0.483508 -0.861135 -0.157056
-53.3672 64.0106 7.70271 0.534807 -0.834856 -0.130373
-53.7988 63.6061 8.67484 0.520258 -0.847847 -0.102407
-54.1888 63.2491 9.63844 0.499192 -0.859185 -0.112287
-54.4618 62.9832 10.4973 0.49558 -0.862417 -0.103136
-54.6344 62.718 11.5541 0.476372 -0.86752 -0.143105
-54.6817 62.4909 12.6794 0.464348 -0.871335 -0.158411
-54.6109 62.328 13.7417 0.46707 -0.868254 -0.167237
-54.3989 62.2238 14.8266 0.454839 -0.871038 -0.185489
-53.9102 62.1929 16.0883 0.439818 -0.873591 -0.208311
-53.4078 62.1737 17.1622 0.426547 -0.875763 -0.226048
-52.8678 62.1265 18.2888 0.42433 -0.870708 -0.24862
-52.4092 62.0549 19.2873 0.422274 -0.864949 -0.271159
-52.0061 61.9945 20.1188 0.424088 -0.862702 -0.275415
-51.5843 61.9003 21.0396 0.421845 -0.861894 -0.281398
-51.1274 61.7633 22.0968 0.414915 -0.860751 -0.29488
-50.6785 61.6113 23.1388 0.406794 -0.860232 -0.307438
-50.3089 61.386 24.2234 0.391399 -0.860729 -0.325497
-50.0361 61.1859 25.0778 0.38647 -0.85757 -0.33929
-49.6072 60.9375 26.164 0.370807 -0.860859 -0.348425
-49.2444 60.7583 26.9876 0.366498 -0.862491 -0.348983
-48.6863 60.4958 28.2063 0.364723 -0.860711 -0.35518
-48.0646 60.369 29.1452 0.363971 -0.858778 -0.360566
-47.3518 60.3273 29.9688 0.36989 -0.856028 -0.361106
-46.5888 60.387 30.6012 0.362351 -0.858877 -0.361983
-45.4069 60.6415 31.1703 0.354909 -0.861403 -0.363352
-44.4019 60.9674 31.3546 0.342512 -0.86977 -0.355218
-43.4881 61.3661 31.2683 0.3459 -0.872509 -0.344949
-42.4613 61.962 30.764 0.344181 -0.876288 -0.337133
-41.4254 62.6222 30.0443 0.332876 -0.885328 -0.324636
-40.6334 63.0663 29.5387 0.304903 -0.906264 -0.292779
-39.8443 63.4733 29.0692 0.289568 -0.91605 -0.277041
-38.822 63.9382 28.5528 0.258269 -0.925743 -0.27622
-37.9461 64.2951 28.1604 0.247107 -0.937347 -0.245263
-37.1689 64.5908 27.7918 0.183299 -0.957141 -0.224236
-36.2164 64.9015 27.2412 0.174375 -0.952372 -0.250161
-35.2711 65.1978 26.6092 0.0917875 -0.951258 -0.294422
-34.2567 65.498 25.8792 0.00703238 -0.93701 -0.349231
-33.5011 65.7409 25.287 0.0249928 -0.926449 -0.375589
-32.7722 66.0046 24.664 0.00664981 -0.913707 -0.406319
-32.078 66.2999 24.0304 -0.00132853 -0.896071 -0.443909
-31.4816 66.6055 23.4191 0.00768224 -0.891661 -0.452399
-30.8307 67.0158 22.6314 0.0303613 -0.888306 -0.458248
-30.2316 67.4746 21.7962 0.0373607 -0.883423 -0.467084
-29.7522 67.9343 20.9698 0.0505942 -0.881666 -0.469154
-29.4145 68.3658 20.187 0.05025 -0.885737 -0.46146
-29.122 68.8598 19.2655 0.0599836 -0.892508 -0.447025
-28.9358 69.3097 18.3665 0.0723585 -0.902925 -0.423664
-28.8034 69.7427 17.4535 0.0724135 -0.907374 -0.414038
-28.6845 70.1242 16.6328 0.0783074 -0.911617 -0.403512
-28.4507 70.5966 15.6035 0.0927234 -0.912924 -0.397458
-28.1574 70.9866 14.7604 0.0884881 -0.917917 -0.38678
-27.8326 71.3724 13.8546 0.0894242 -0.933392 -0.347538
-27.7235 71.6872 13.0083 0.0819861 -0.949406 -0.302615
-27.7692 71.9488 12.1414 0.0750747 -0.956658 -0.281083
-27.8641 72.2495 10.9776 0.0682093 -0.96805 -0.241304
-27.968 72.471 9.99197 0.0618288 -0.977269 -0.202665
-28.2134 72.6473 9.04029 0.0617371 -0.981953 -0.178578
-28.5863 72.7961 8.05762 0.0681776 -0.984385 -0.161728
-29.0228 72.9119 7.03661 0.0801317 -0.987103 -0.138586
-29.578 72.9869 6.03671 0.084052 -0.990305 -0.110594
-30.1557 73.0081 5.23841 0.106638 -0.990923 -0.0818568
-30.7457 72.9985 4.5525 0.117264 -0.990726 -0.0680811
-31.6145 72.9392 3.78679 0.128359 -0.990181 -0.0540058
-32.6968 72.7888 3.08157 0.181023 -0.982081 -0.0520734
-33.732 72.6029 2.5472 0.194305 -0.980657 -0.0236104
-34.5968 72.4062 2.16883 0.231483 -0.972754 -0.0120128
-35.5111 72.1704 1.79354 0.270372 -0.962566 -0.0191363
-36.5019 71.8938 1.42696 0.278083 -0.960418 -0.0163377
-37.4552 71.6177 1.08076 0.285046 -0.958463 -0.00652645
-38.3567 71.346 0.782197 0.292144 -0.956333 -0.00882103
-39.486 70.9935 0.564085 0.305843 -0.951991 -0.013126
-40.4514 70.6753 0.454258 0.325329 -0.945465 -0.0160403
-41.6127 70.2628 0.408586 0.345248 -0.937931 -0.0330054
-42.6289 69.8818 0.440168 0.35459 -0.934421 -0.0335125
-43.5941 69.5048 0.563387 0.362977 -0.930439 -0.0503203
-44.5225 69.1251 0.731783 0.376502 -0.924813 -0.0544739
-45.5547 68.686 0.992795 0.381209 -0.921961 -0.0683252
-46.6101 68.2131 1.38791 0.38811 -0.918389 -0.0770272
-47.5092 67.7877 1.85516 0.392202 -0.915514 -0.0895076
-48.1257 67.4815 2.21682 0.406805 -0.908057 -0.0997149
-48.4224 67.4491 1.30666 0.399182 -0.910661 -0.106479
-47.3359 67.9732 0.690817 0.388003 -0.917615 -0.0861388
-46.4355 68.3798 0.31583 0.376293 -0.923286 -0.076859
-45.487 68.7892 -0.0217248 0.374379 -0.925006 -0.0642752
-44.3501 69.2558 -0.265063 0.357042 -0.932217 -0.0573456
-43.1727 69.7102 -0.462133 0.354547 -0.93435 -0.03584
-42.1646 70.0893 -0.54837 0.342181 -0.939335 -0.0230622
-41.136 70.4584 -0.530836 0.331783 -0.943141 -0.0183969
-40.2274 70.7655 -0.479709 0.312976 -0.949711 -0.00838499
-39.3213 71.058 -0.352976 0.304385 -0.952516 -0.005457
-38.1247 71.4242 -0.145375 0.292162 -0.95635 -0.00603823
-37.2492 71.6798 0.148478 0.278608 -0.9604 0.00295954
-36.402 71.9258 0.474679 0.272062 -0.962214 0.00399061
-35.453 72.1877 0.818217 0.254624 -0.96702 0.00623517
-34.6034 72.4125 1.14994 0.242808 -0.970001 -0.00460923
-33.601 72.6365 1.57347 0.196947 -0.980177 0.0198174
-32.5098 72.8435 2.11404 0.172537 -0.984881 -0.0117184
-31.6443 72.9793 2.6172 0.160275 -0.986696 -0.0247731
-30.7368 73.0771 3.27634 0.12801 -0.990992 -0.0390999
-29.9636 73.1229 3.99771 0.0903213 -0.994611 -0.0509066
-29.3165 73.129 4.79904 0.073708 -0.993391 -0.0872087
-28.7217 73.0975 5.6389 0.060009 -0.9946 -0.0845768
-28.1389 73.0205 6.69223 0.0502806 -0.99199 -0.115325
-27.7698 72.9221 7.54762 0.042076 -0.989731 -0.136607
-27.3739 72.7729 8.58996 0.0271532 -0.984998 -0.170415
-27.0686 72.5939 9.63098 0.0435055 -0.978686 -0.20061
-26.9469 72.4157 10.5188 0.0507817 -0.974113 -0.219612
-26.8621 72.1041 11.823 0.0543368 -0.965073 -0.255392
-26.7252 71.7406 13.0786 0.0676035 -0.948061 -0.310118
-26.9181 71.3221 14.2103 0.0790621 -0.928355 -0.362864
-27.3177 70.8777 15.206 0.0849215 -0.918076 -0.387201
-27.6305 70.4318 16.1567 0.0854226 -0.910275 -0.405088
-27.8061 70.028 17.0213 0.0939272 -0.910778 -0.401949
-27.9243 69.6156 17.9146 0.0960516 -0.908365 -0.406997
-28.0553 69.1663 18.8288 0.0746751 -0.895564 -0.438252
-28.2585 68.6629 19.7813 0.081601 -0.878157 -0.470785
-28.5377 68.2094 20.578 0.0450691 -0.877516 -0.477425
-28.9089 67.7449 21.3858 0.0348293 -0.874556 -0.483662
-29.3481 67.3288 22.1013 0.0267732 -0.8755 -0.482385
-29.9623 66.8374 22.9763 0.0100047 -0.879832 -0.475073
-30.6524 66.3894 23.8306 -0.000193461 -0.886374 -0.462969
-31.4603 65.9772 24.6775 -0.0424528 -0.891298 -0.45108
-32.3057 65.6514 25.4443 -0.0630909 -0.909793 -0.408967
-33.0682 65.4038 26.0928 -0.0414769 -0.931437 -0.359816
-33.8034 65.2293 26.6678 0.00482379 -0.950391 -0.310497
-34.6612 65.0377 27.3055 -0.00634658 -0.970699 -0.238163
-35.5805 64.8233 27.912 0.0771895 -0.969227 -0.233185
-36.4441 64.5829 28.4554 0.182975 -0.971355 -0.151622
-37.4788 64.2304 28.9758 0.297141 -0.93836 -0.176599
-38.4047 63.8502 29.3794 0.290214 -0.928641 -0.231089
-39.2829 63.4485 29.8106 0.319225 -0.915214 -0.245926
-40.1181 63.0129 30.3026 0.327295 -0.905286 -0.270803
-40.9224 62.5388 30.8249 0.351147 -0.886215 -0.30219
-41.7418 61.9993 31.4197 0.35671 -0.875927 -0.324801
-42.4025 61.5648 31.8751 0.359876 -0.869203 -0.338628
-43.2725 61.0681 32.2141 0.348339 -0.867911 -0.354105
-44.2853 60.6351 32.2661 0.353598 -0.859133 -0.369945
-45.2904 60.2826 32.128 0.351014 -0.860069 -0.370229
-46.2667 60.0203 31.7849 0.37314 -0.84659 -0.379542
-47.2721 59.8566 31.1554 0.376314 -0.848426 -0.372238
-48.2674 59.8203 30.2379 0.369134 -0.853827 -0.366979
-48.9605 59.8894 29.3759 0.366308 -0.856232 -0.364257
-49.491 60.0244 28.5158 0.370209 -0.857892 -0.356323
-49.8688 60.2412 27.597 0.375096 -0.857531 -0.352052
-50.2431 60.4251 26.7452 0.376378 -0.859363 -0.346156
-50.6272 60.621 25.8319 0.378938 -0.858823 -0.344713
-51.0028 60.8342 24.8423 0.392574 -0.860349 -0.324966
-51.2905 61.0594 23.8729 0.406858 -0.860152 -0.30758
-51.6347 61.2108 22.9941 0.410879 -0.860421 -0.301332
-52.0641 61.3312 22.0429 0.413914 -0.862429 -0.291326
-52.4284 61.448 21.163 0.417946 -0.863495 -0.282294
-52.834 61.5468 20.2497 0.418649 -0.865397 -0.275341
-53.2891 61.6181 19.326 0.421388 -0.865925 -0.26941
-53.7218 61.6935 18.3748 0.422462 -0.873031 -0.243431
-54.3049 61.7141 17.2559 0.419125 -0.880043 -0.222843
-54.7205 61.7284 16.349 0.427948 -0.879184 -0.209514
-55.1222 61.7367 15.364 0.452822 -0.872939 -0.181282
-55.3944 61.8311 14.1599 0.455836 -0.874016 -0.168229
-55.5094 61.9614 13.1517 0.45372 -0.876715 -0.159712
-55.5154 62.1408 12.1482 0.450907 -0.878043 -0.160384
-55.4351 62.3436 11.1568 0.451003 -0.883614 -0.12579
-55.2566 62.5756 10.1819 0.474617 -0.874627 -0.0988267
-54.9441 62.8586 9.20174 0.507247 -0.856292 -0.0972839
-54.5988 63.1633 8.34881 0.509477 -0.854311 -0.102892
-54.2189 63.5114 7.48381 0.520836 -0.838492 -0.160155
-53.838 63.9051 6.67846 0.525271 -0.831141 -0.181287
-53.4264 64.3213 5.94685 0.491445 -0.851791 -0.180703
-52.9322 64.7509 5.1245 0.453697 -0.8777 -0.153794
-52.4191 65.1461 4.33972 0.426856 -0.889351 -0.163274
-51.8438 65.5401 3.65272 0.429936 -0.890929 -0.146169
-51.2135 65.9309 3.08801 0.429768 -0.891824 -0.141201
-50.2299 66.4971 2.41432 0.417158 -0.89899 -0.13319
-49.2826 67.013 1.82107 0.409261 -0.905666 -0.11007
-48.8287 67.244 1.5414 0.400018 -0.910689 -0.103112
-49.1908 67.1887 0.678378 0.394324 -0.913124 -0.103177
-49.8926 66.8269 1.11328 0.402449 -0.908872 -0.109485
-50.6422 66.4266 1.567 0.414206 -0.901337 -0.12659
-51.5445 65.9224 2.16975 0.412542 -0.900124 -0.139949
-52.2244 65.5177 2.724 0.409558 -0.89827 -0.159291
-52.8339 65.1224 3.35378 0.415597 -0.894389 -0.165374
-53.413 64.6956 4.16366 0.423711 -0.888838 -0.17446
-53.9379 64.2359 5.05223 0.446556 -0.867194 -0.220366
-54.3919 63.7772 5.83734 0.465592 -0.846056 -0.259641
-54.8834 63.2313 6.79833 0.488599 -0.850312 -0.19046
-55.2602 62.8519 7.69058 0.482815 -0.869292 -0.10197
-55.6175 62.57 8.54159 0.461244 -0.880649 -0.108219
-55.9525 62.2816 9.47536 0.453023 -0.885969 -0.0965761
-56.1971 62.0652 10.4326 0.433746 -0.896341 -0.0918528
-56.3181 61.8605 11.4012 0.419883 -0.898558 -0.125247
-56.3815 61.6787 12.3512 0.426588 -0.892646 -0.145621
-56.3465 61.4924 13.391 0.412892 -0.894122 -0.172401
-56.1917 61.3724 14.4767 0.430018 -0.889428 -0.154925
-55.9327 61.296 15.5312 0.439708 -0.8807 -0.175858
-55.4923 61.2804 16.6627 0.41247 -0.893223 -0.178505
-54.9096 61.2545 17.9335 0.419127 -0.88004 -0.222849
-54.4374 61.2291 18.8302 0.412206 -0.877814 -0.243984
-54.0213 61.1665 19.6656 0.395135 -0.878939 -0.267084
-53.5748 61.0759 20.5958 0.404416 -0.87149 -0.2769
-53.1533 60.973 21.5376 0.417867 -0.862642 -0.285021
-52.7905 60.871 22.3709 0.410773 -0.86369 -0.292038
-52.4334 60.7602 23.2096 0.409053 -0.865694 -0.28853
-51.9886 60.5532 24.3844 0.389088 -0.867011 -0.311106
-51.6773 60.3263 25.3712 0.390714 -0.863415 -0.319042
-51.2174 60.0877 26.5111 0.384056 -0.858297 -0.340291
-50.7717 59.8572 27.5666 0.377142 -0.858703 -0.346956
-50.4238 59.6237 28.5078 0.373693 -0.857893 -0.352665
-49.9658 59.4528 29.3864 0.370245 -0.856154 -0.360442
-49.4229 59.3445 30.1788 0.368325 -0.852391 -0.371165
-48.7973 59.3082 30.8787 0.369575 -0.851317 -0.372382
-47.8537 59.3312 31.7618 0.374695 -0.842198 -0.387656
-47.0051 59.4485 32.3354 0.376855 -0.842354 -0.385158
-46.1369 59.6332 32.7611 0.364166 -0.845515 -0.390497
-45.1952 59.9096 33.0337 0.356692 -0.841173 -0.406445
-44.2329 60.2515 33.1831 0.355515 -0.847797 -0.393128
-43.3093 60.6326 33.1828 0.360341 -0.851709 -0.380455
-42.4808 61.0686 33.0008 0.370688 -0.84992 -0.373954
-41.6294 61.635 32.5049 0.362798 -0.859969 -0.35893
-40.959 62.1042 32.0109 0.367837 -0.874427 -0.316344
-40.2676 62.5735 31.5004 0.363505 -0.884743 -0.291708
-39.5888 62.9923 31.0576 0.353347 -0.894545 -0.27332
-38.8502 63.3838 30.6291 0.33646 -0.913179 -0.22915
-38.0941 63.7709 30.2622 0.362861 -0.904396 -0.224497
-37.2539 64.1453 29.9044 0.281566 -0.947181 -0.153075
-36.28 64.4613 29.439 0.216067 -0.968866 -0.120884
-35.3714 64.6873 28.8866 0.0899633 -0.984012 -0.148172
-34.6155 64.7983 28.4031 0.0322234 -0.974233 -0.216323
-33.8017 64.9076 27.8128 -0.00634729 -0.970699 -0.238163
-33.0726 65.0235 27.2333 -0.0656961 -0.956172 -0.28504
-32.3463 65.1608 26.6428 -0.127081 -0.942881 -0.307154
-31.401 65.4185 25.8228 -0.0630906 -0.909793 -0.408967
-30.4864 65.7993 24.9374 -0.0424577 -0.891302 -0.45107
-29.5628 66.3162 23.9249 -0.0187946 -0.880532 -0.473604
-28.8697 66.8307 22.9839 -0.00325814 -0.873501 -0.486781
-28.2635 67.3787 22.0538 0.0167529 -0.866786 -0.498389
-27.7115 68.0101 21.0125 0.0480194 -0.854008 -0.517584
-27.2759 68.7413 19.8054 0.081591 -0.878157 -0.470787
-27.0879 69.3057 18.7678 0.106932 -0.879333 -0.464047
-26.9835 69.7208 17.9118 0.10545 -0.90611 -0.409689
-26.8398 70.1779 16.9258 0.0994181 -0.91306 -0.395508
-26.6317 70.561 16.0894 0.0965726 -0.913365 -0.395522
-26.2346 71.0318 15.0732 0.0844469 -0.921433 -0.379212
-25.8584 71.4354 14.1289 0.067932 -0.933079 -0.353198
-25.7376 71.7992 13.1074 0.0648558 -0.946607 -0.3158
-25.8611 72.1088 11.9982 0.0580657 -0.96004 -0.273714
-25.9554 72.3212 11.1146 0.0340027 -0.975051 -0.219363
-26.0549 72.566 9.96234 0.037875 -0.979417 -0.198261
-26.2555 72.7499 8.91932 0.0324396 -0.985438 -0.166911
-26.7239 72.9401 7.64972 0.0252765 -0.988782 -0.147212
-27.186 73.0812 6.48887 0.0140255 -0.993998 -0.108494
-27.7616 73.1694 5.40662 0.0262026 -0.997049 -0.0721511
-28.4102 73.2083 4.42901 0.0574604 -0.996683 -0.0576327
-29.0382 73.2167 3.61582 0.0601594 -0.996739 -0.0537824
-29.794 73.1941 2.83417 0.092687 -0.994762 -0.0431031
-30.7495 73.1098 2.07491 0.131398 -0.991295 -0.00834607
-31.6972 72.9777 1.4906 0.155671 -0.987722 0.00716548
-32.8696 72.7619 0.887113 0.18466 -0.982508 0.0240345
-33.7491 72.5863 0.483426 0.19798 -0.980069 0.014782
-34.6488 72.381 0.122189 0.234512 -0.971838 0.023143
-35.4967 72.1665 -0.207766 0.252377 -0.967361 0.0177519
-36.3488 71.9297 -0.516684 0.265326 -0.9641 0.0106717
-37.5041 71.6044 -0.941721 0.275698 -0.961244 0.000649485
-38.4614 71.3249 -1.20435 0.283234 -0.959035 0.00546452
-39.4619 71.0154 -1.35654 0.300392 -0.953814 -0.00156988
-40.3409 70.7344 -1.44493 0.314192 -0.949336 -0.000351167
-41.2074 70.4426 -1.50091 0.329427 -0.944168 -0.00489309
-42.2166 70.093 -1.50599 0.329812 -0.943868 -0.0166923
-43.1119 69.7666 -1.42174 0.340341 -0.939718 -0.0330711
-44.0691 69.4113 -1.25848 0.348693 -0.935999 -0.0481096
-44.9733 69.0685 -1.10021 0.35703 -0.932221 -0.0573512
-45.9138 68.6841 -0.884152 0.363091 -0.929248 -0.0682932
-47.0228 68.2078 -0.466716 0.371455 -0.92535 -0.0758134
-47.9299 67.7965 -0.0483014 0.38076 -0.920645 -0.0862198
-48.7127 67.4236 0.383611 0.390302 -0.915615 -0.096509
-48.9158 67.3243 0.504308 0.3903 -0.915616 -0.0965038
-49.4663 67.1763 -0.24414 0.386711 -0.916111 -0.105801
-48.5945 67.594 -0.754365 0.379549 -0.920366 -0.0941717
-47.517 68.0819 -1.27921 0.371746 -0.924434 -0.0850095
-46.5495 68.4968 -1.66351 0.362517 -0.928915 -0.0754942
-45.6973 68.8459 -1.92584 0.360486 -0.929967 -0.0720927
-44.41 69.3356 -2.13734 0.337394 -0.940012 -0.0494061
-43.3837 69.7061 -2.34279 0.330621 -0.943037 -0.0361718
-42.395 70.0479 -2.4439 0.317993 -0.947749 -0.024986
-41.4862 70.3568 -2.47007 0.322209 -0.946585 -0.0125911
-40.511 70.6759 -2.39917 0.308381 -0.951253 -0.00432962
-39.5533 70.9858 -2.31687 0.29748 -0.954708 0.00403162
-38.6877 71.253 -2.20577 0.294088 -0.955751 0.00725924
-37.4993 71.6069 -1.92806 0.276805 -0.960865 -0.00552006
-36.6411 71.8462 -1.6151 0.267438 -0.963565 0.0019469
-35.723 72.0896 -1.30731 0.243427 -0.969868 0.00803987
-34.7641 72.3288 -0.947145 0.237614 -0.97106 0.0238424
-33.8255 72.5411 -0.567251 0.20003 -0.97887 0.0424542
-32.8564 72.7368 -0.13079 0.162474 -0.985542 0.0480119
-31.7391 72.9436 0.405589 0.14774 -0.988128 0.0412785
-30.5457 73.1304 1.0746 0.127002 -0.991427 0.0307016
-29.7965 73.2171 1.59983 0.0856246 -0.99632 -0.00384486
-29.0787 73.2708 2.21275 0.0626773 -0.997329 -0.0334398
-28.3752 73.2757 2.9474 0.0462445 -0.998221 -0.0376396
-27.6526 73.2601 3.87711 0.0299895 -0.998525 -0.0452285
-26.9553 73.2251 4.93051 0.0255458 -0.997728 -0.0614031
-26.4622 73.1626 5.79409 0.00357444 -0.99706 -0.0757048
-25.9858 73.0478 6.93735 0.0113702 -0.992097 -0.124065
-25.6371 72.9315 7.84389 0.0227714 -0.990816 -0.133287
-25.2766 72.7851 8.87248 0.022324 -0.988521 -0.149361
-25.107 72.5862 10.05 0.053442 -0.981917 -0.181614
-24.98 72.3205 11.3909 0.0657298 -0.972172 -0.224492
-24.7898 72.0026 12.6528 0.0708839 -0.955996 -0.284509
-24.7478 71.714 13.566 0.0631978 -0.947033 -0.314849
-24.9548 71.3576 14.5235 0.077413 -0.932855 -0.351835
-25.2981 71.0081 15.3461 0.0982757 -0.919233 -0.381251
-25.6696 70.6244 16.1754 0.100363 -0.920254 -0.378213
-25.9569 70.1009 17.3474 0.111345 -0.916732 -0.383672
-26.089 69.685 18.2355 0.128608 -0.90669 -0.401473
-26.1911 69.2273 19.1353 0.131495 -0.875546 -0.464632
-26.3471 68.7167 20.0424 0.114124 -0.854733 -0.506367
-26.7501 68.0009 21.1469 0.0805231 -0.847259 -0.524823
-27.1999 67.4553 21.9849 0.0290413 -0.853983 -0.519298
-27.6726 66.9341 22.7908 0.00941724 -0.852468 -0.522261
-28.3061 66.386 23.725 -0.0203941 -0.863149 -0.504365
-28.9924 65.8802 24.6463 -0.0414726 -0.8684 -0.494001
-29.618 65.5405 25.3052 -0.0528544 -0.865144 -0.49873
-30.3549 65.2035 26.0556 -0.0810363 -0.880385 -0.467277
-31.236 64.9413 26.85 -0.105132 -0.907734 -0.40612
-32.096 64.8172 27.5941 -0.127082 -0.942877 -0.307165
-32.9115 64.7157 28.2236 -0.121264 -0.943056 -0.309307
-33.8108 64.673 28.9284 -0.0711234 -0.974054 -0.208035
-34.6161 64.625 29.506 0.0358902 -0.985861 -0.16312
-35.3993 64.5624 29.9887 -0.178475 -0.972453 -0.14994
-36.1975 64.3536 30.45 0.272154 -0.95437 -0.107608
-37.1526 64.0023 30.8535 0.319383 -0.924336 -0.201907
-37.949 63.5838 31.2072 0.340199 -0.88957 -0.304225
-38.6873 63.1729 31.6058 0.348137 -0.893666 -0.283129
-39.387 62.7609 32.0218 0.353457 -0.877291 -0.322474
-40.0995 62.2732 32.5454 0.35266 -0.873862 -0.333772
-40.7334 61.7914 33.0525 0.374394 -0.852187 -0.365521
-41.4462 61.2612 33.5578 0.358194 -0.834921 -0.417856
-42.4101 60.6618 33.9477 0.364523 -0.839588 -0.402309
-43.3141 60.176 34.1096 0.364178 -0.816084 -0.448755
-44.3333 59.7734 34.0477 0.348351 -0.823734 -0.447341
-45.3351 59.4375 33.872 0.356919 -0.815169 -0.456189
-46.3211 59.1393 33.5953 0.372138 -0.830631 -0.414205
-47.2658 58.9369 33.1532 0.371606 -0.830771 -0.414402
-48.2099 58.8117 32.5383 0.371923 -0.841319 -0.392245
-49.0686 58.7979 31.7462 0.369532 -0.84619 -0.383939
-49.7929 58.8003 31.0405 0.37024 -0.846974 -0.381519
-50.453 58.8812 30.2208 0.369866 -0.847407 -0.380922
-50.9208 59.0236 29.4197 0.371357 -0.854307 -0.363668
-51.3109 59.2364 28.5134 0.372643 -0.857281 -0.355256
-51.7097 59.4851 27.4799 0.367086 -0.862769 -0.347676
-52.1415 59.693 26.4895 0.372804 -0.864229 -0.337825
-52.4882 59.8992 25.5549 0.383495 -0.865928 -0.321092
-52.894 60.1689 24.3201 0.366209 -0.87938 -0.304273
-53.2526 60.3337 23.3801 0.379695 -0.879356 -0.287338
-53.808 60.4964 22.1306 0.386107 -0.878815 -0.280369
-54.1842 60.5965 21.2778 0.387096 -0.881762 -0.269541
-54.5608 60.6928 20.4246 0.392325 -0.878771 -0.271692
-55.0705 60.7856 19.4132 0.367097 -0.894222 -0.255797
-55.5063 60.826 18.5937 0.38324 -0.894902 -0.228034
-55.9844 60.846 17.6281 0.40266 -0.89362 -0.197903
-56.429 60.8556 16.624 0.412466 -0.893225 -0.178504
-56.7801 60.8927 15.6186 0.39654 -0.901059 -0.17564
-57.0572 60.9734 14.5029 0.357971 -0.919085 -0.164213
-57.2258 61.0854 13.4928 0.398712 -0.90096 -0.171011
-57.2766 61.2645 12.4929 0.362772 -0.916606 -0.166022
-57.1996 61.473 11.4043 0.401681 -0.904716 -0.139937
-57.0439 61.6933 10.2588 0.387493 -0.914455 -0.116327
-56.7665 61.954 9.10716 0.408599 -0.906485 -0.106199
-56.3663 62.2611 8.03627 0.363069 -0.919087 -0.153045
-56.04 62.5535 7.22036 0.408144 -0.897481 -0.167174
-55.6484 62.946 6.32211 0.439213 -0.871554 -0.216644
-55.0926 63.5767 5.23392 0.46549 -0.846123 -0.259606
-54.4676 64.1998 4.13436 0.41275 -0.879738 -0.234538
-53.9613 64.6097 3.32465 0.417411 -0.888748 -0.189458
-53.4568 64.9731 2.6487 0.399387 -0.900712 -0.170902
-52.705 65.4412 1.9137 0.400477 -0.901627 -0.16297
-51.8673 65.9291 1.25183 0.398374 -0.906226 -0.14161
-51.0683 66.3625 0.740139 0.399674 -0.907106 -0.131454
-50.0537 66.8844 0.127691 0.391687 -0.913035 -0.113442
-49.5762 67.1217 -0.174614 0.387972 -0.915577 -0.105814
-49.9999 67.0418 -1.0066 0.384849 -0.91629 -0.110918
-49.0528 67.4907 -1.56842 0.377358 -0.920862 -0.0980543
-48.0207 67.9545 -2.07861 0.37026 -0.924745 -0.0880576
-46.951 68.4148 -2.53283 0.360756 -0.928998 -0.0825711
-45.9722 68.8041 -2.8211 0.353224 -0.932962 -0.0692137
-44.8827 69.216 -3.00703 0.331585 -0.941616 -0.0568948
-43.8071 69.5984 -3.23462 0.320519 -0.946304 -0.0407551
-42.9395 69.8879 -3.36549 0.317163 -0.947825 -0.0312567
-41.9422 70.2206 -3.43127 0.310762 -0.95031 -0.0183578
-41.0486 70.5091 -3.38949 0.306291 -0.951744 -0.0192239
-39.8704 70.8837 -3.30095 0.303332 -0.952884 0.00141555
-38.6984 71.2498 -3.17502 0.294915 -0.955502 -0.005632
-37.495 71.6146 -2.89608 0.284868 -0.958418 -0.0168833
-36.4581 71.9054 -2.5403 0.270889 -0.962539 -0.0117637
-35.5716 72.1256 -2.25606 0.233812 -0.972141 -0.00923564
-34.5484 72.3488 -1.89816 0.206454 -0.97804 0.028534
-33.7164 72.53 -1.55571 0.175209 -0.983378 0.0379731
-32.6413 72.725 -1.07408 0.158911 -0.985609 0.0576324
-31.5222 72.9195 -0.539924 0.122221 -0.988956 0.0838295
-30.4433 73.0894 0.0303051 0.0989408 -0.992378 0.0730679
-29.2918 73.227 0.79714 0.0558381 -0.996757 0.0579479
-28.3222 73.2893 1.64554 0.0215837 -0.999469 0.0243933
-27.4485 73.2928 2.58181 0.00166812 -0.999904 -0.0137518
-26.6438 73.2672 3.67367 -0.00506664 -0.999685 -0.0245656
-26.0502 73.2326 4.57544 -0.00828909 -0.999272 -0.0372477
-25.5854 73.1868 5.39078 -0.00343651 -0.99762 -0.0688695
-25.2326 73.1115 6.2934 0.00388208 -0.995861 -0.0908029
-24.8501 73.0107 7.2671 0.00490382 -0.993458 -0.113918
-24.4326 72.8932 8.27941 0.00640791 -0.992139 -0.124975
-24.2141 72.7449 9.31303 0.0616535 -0.987154 -0.142358
-24.1466 72.6234 10.2474 0.111598 -0.980216 -0.161626
-24.0653 72.459 11.1604 0.110264 -0.968881 -0.221609
-23.92 72.2672 12.0474 0.104637 -0.955101 -0.273852
-23.7657 71.963 13.0204 0.122845 -0.936901 -0.326197
-23.7721 71.6626 13.9261 0.0705028 -0.948169 -0.309848
-24.1335 71.2199 15.0973 0.103742 -0.931809 -0.347808
-24.4884 70.8568 15.9272 0.119363 -0.918958 -0.37547
-24.9431 70.3043 17.1459 0.105363 -0.917884 -0.382607
-25.1146 69.9119 18.0413 0.117617 -0.91353 -0.389395
-25.2578 69.2989 19.3291 0.210858 -0.876612 -0.43254
-25.4062 68.773 20.1901 0.216807 -0.799596 -0.560037
-25.6599 68.2641 20.9389 0.137503 -0.837892 -0.527904
-26.1098 67.5871 21.8876 0.0593379 -0.830995 -0.553106
-26.5225 67.0392 22.6663 0.0383139 -0.837398 -0.544738
-26.9979 66.5688 23.3919 0.0172705 -0.844198 -0.535753
-27.5938 66.051 24.2541 -0.0199546 -0.854935 -0.518352
-28.2412 65.5557 25.1289 -0.0425085 -0.855574 -0.515932
-29.0508 65.1005 25.9772 -0.0876272 -0.85552 -0.509382
-29.886 64.7727 26.785 -0.137806 -0.893655 -0.427071
-30.6581 64.5782 27.4893 -0.169258 -0.919007 -0.356058
-31.37 64.4823 28.1011 -0.20727 -0.919422 -0.333648
-32.2763 64.4187 28.8335 -0.154324 -0.943026 -0.291877
-33.1516 64.3923 29.536 -0.178677 -0.948803 -0.260469
-34.097 64.3696 30.2175 -0.18251 -0.936314 -0.300012
-35.1504 64.299 30.875 -0.117404 -0.95747 -0.263566
-36.0177 64.1704 31.3465 0.0445926 -0.918648 -0.392553
-36.9037 63.8242 31.7381 0.374412 -0.876072 -0.30383
-37.8131 63.2984 32.1745 0.299074 -0.860034 -0.413396
-38.6698 62.7863 32.663 0.277716 -0.874203 -0.398301
-39.4785 62.2229 33.2361 0.343638 -0.856051 -0.386122
-40.1814 61.652 33.827 0.348825 -0.8262 -0.442396
-40.8546 61.1256 34.3033 0.333559 -0.836656 -0.434447
-41.6573 60.5666 34.6896 0.343564 -0.804795 -0.483773
-42.4947 60.0745 34.9134 0.335744 -0.815328 -0.471716
-43.5277 59.5806 35.0033 0.3395 -0.80115 -0.492848
-44.4497 59.2594 34.8806 0.345803 -0.795976 -0.496832
-45.4944 58.9109 34.6859 0.359623 -0.812974 -0.457978
-46.456 58.6277 34.4286 0.363062 -0.812574 -0.455971
-47.4614 58.4267 33.9814 0.36767 -0.812239 -0.452865
-48.2856 58.2917 33.5133 0.369015 -0.82626 -0.425584
-49.0183 58.2654 32.9104 0.371802 -0.834915 -0.405809
-49.782 58.2718 32.1848 0.373912 -0.837441 -0.398584
-50.4608 58.2905 31.5104 0.374754 -0.841062 -0.390096
-51.1783 58.3862 30.6148 0.371772 -0.846297 -0.381532
-51.747 58.5774 29.6255 0.37339 -0.850184 -0.371169
-52.112 58.801 28.7274 0.368242 -0.858479 -0.356947
-52.4796 59.022 27.8085 0.3707 -0.859525 -0.351849
-52.8782 59.2145 26.9221 0.354228 -0.871413 -0.339355
-53.2636 59.4452 25.9168 0.358356 -0.871814 -0.333947
-53.5399 59.6521 25.0336 0.366637 -0.878798 -0.305436
-53.9886 59.8961 23.7708 0.333782 -0.898566 -0.2849
-54.3951 60.0282 22.862 0.33983 -0.899784 -0.273668
-54.9328 60.1744 21.6963 0.34154 -0.900908 -0.267797
-55.305 60.2791 20.8603 0.344413 -0.903381 -0.255344
-55.7066 60.3545 20.0188 0.335742 -0.908326 -0.249039
-56.1156 60.4167 19.2041 0.355241 -0.901476 -0.247277
-56.5852 60.4526 18.2922 0.366342 -0.908585 -0.200664
-57.0194 60.4625 17.4015 0.365368 -0.915098 -0.170579
-57.5383 60.4929 16.0882 0.364097 -0.918513 -0.154168
-57.784 60.5639 15.2141 0.324428 -0.933317 -0.153838
-58.0636 60.6844 13.9681 0.320654 -0.930703 -0.175994
-58.1776 60.8325 12.9445 0.321175 -0.932489 -0.165258
-58.151 61.0192 11.9143 0.339071 -0.92749 -0.157457
-58.0429 61.2179 10.8651 0.342399 -0.931212 -0.124926
-57.8008 61.4699 9.61816 0.341242 -0.931179 -0.128125
-57.4649 61.7822 8.35318 0.346931 -0.926863 -0.143403
-57.1 62.0807 7.39544 0.338647 -0.920321 -0.19131
-56.6535 62.5339 6.28158 0.330948 -0.903319 -0.272924
-56.2389 62.978 5.42235 0.363573 -0.884566 -0.292162
-55.8385 63.3891 4.69075 0.407465 -0.876317 -0.256985
-55.3032 63.9094 3.7179 0.412432 -0.886648 -0.209177
-54.7334 64.375 2.81467 0.396077 -0.897836 -0.192318
-54.0135 64.879 1.87996 0.386631 -0.904553 -0.179721
-53.2879 65.3208 1.18712 0.393815 -0.905878 -0.155869
-52.4987 65.7697 0.535704 0.388177 -0.909563 -0.148372
-51.466 66.3079 -0.107571 0.383945 -0.914604 -0.126831
-50.4651 66.8102 -0.707171 0.38396 -0.916669 -0.110875
-50.2835 66.9006 -0.824053 0.38485 -0.91629 -0.11092
-50.8778 66.7441 -1.54402 0.372432 -0.921191 -0.112154
-50.082 67.1223 -2.05516 0.375723 -0.920985 -0.103042
-49.0504 67.5936 -2.61764 0.370619 -0.924258 -0.0915879
-47.9328 68.085 -3.14179 0.36477 -0.92716 -0.085547
-47.004 68.474 -3.51043 0.350389 -0.933411 -0.0772809
-45.9577 68.881 -3.78879 0.335129 -0.939664 -0.0687056
-44.7848 69.3037 -4.00302 0.320262 -0.945892 -0.0521602
-43.8534 69.6224 -4.20055 0.309598 -0.949933 -0.0420838
-42.6333 70.0229 -4.34755 0.303174 -0.952334 -0.033829
-41.3849 70.4217 -4.3515 0.299769 -0.953667 -0.0256501
-40.2809 70.7669 -4.26146 0.300891 -0.953554 -0.0140301
-39.1797 71.1079 -4.19641 0.295461 -0.95533 -0.006854
-37.9522 71.4932 -3.98369 0.297885 -0.954421 -0.0185978
-36.6665 71.8699 -3.59506 0.280093 -0.959159 -0.0395122
-35.7092 72.0997 -3.24281 0.224128 -0.974028 -0.032194
-34.5444 72.3407 -2.89475 0.173144 -0.984598 0.0242324
-33.6561 72.4862 -2.56974 0.139219 -0.989313 0.0400146
-32.7737 72.6395 -2.19674 0.1272 -0.989829 0.0594526
-31.7204 72.8005 -1.68623 0.119011 -0.989686 0.0796844
-30.7366 72.9504 -1.22237 0.0766483 -0.990533 0.113806
-29.7884 73.0821 -0.679798 0.0728152 -0.99084 0.11373
-28.5502 73.2178 0.194402 0.0358941 -0.996094 0.0806781
-27.5314 73.2681 1.12709 -0.0228293 -0.998365 0.0507114
-26.6387 73.2676 2.07174 -0.035235 -0.999103 0.0230716
-26.0543 73.2616 2.82128 -0.0358676 -0.999357 0.000230826
-25.5239 73.2484 3.66281 -0.0263406 -0.999568 -0.0063296
-25.0355 73.2208 4.42002 -0.0243622 -0.999297 -0.026355
-24.5363 73.1675 5.43809 -0.0110306 -0.99885 -0.046656
-24.1137 73.0855 6.63926 0.00694805 -0.996056 -0.0856102
-23.635 72.989 7.66618 0.0318829 -0.993451 -0.108184
-23.3006 72.8894 8.8136 0.0784519 -0.993543 -0.0819587
-23.2308 72.7781 9.93773 0.162546 -0.980599 -0.10299
-23.1477 72.6246 11.0813 0.19003 -0.963662 -0.184395
-22.9434 72.3585 12.1764 0.15353 -0.933101 -0.325193
-22.764 72.0284 13.1545 0.0765923 -0.930225 -0.358907
-22.8276 71.6807 14.1919 0.164 -0.945893 -0.279983
-23.1497 71.3374 15.1954 0.209141 -0.933473 -0.287178
-23.4696 70.9704 16.007 0.177237 -0.925986 -0.32664
-23.8268 70.5416 16.8813 0.109076 -0.905958 -0.409074
-24.1098 70.1547 17.7695 0.10549 -0.922509 -0.371157
-24.1743 69.8397 18.6754 0.107189 -0.910537 -0.388566
-24.3208 69.4351 19.4973 0.229905 -0.884227 -0.406553
-24.4486 68.9322 20.3224 0.202025 -0.795553 -0.571164
-24.6426 68.3701 21.0316 0.198191 -0.795072 -0.57322
-24.9755 67.8381 21.7309 0.126878 -0.815971 -0.56397
-25.3848 67.2518 22.4964 0.11898 -0.82591 -0.551104
-25.9146 66.6107 23.4006 0.0790552 -0.836066 -0.542903
-26.5131 66.0562 24.2458 0.0438807 -0.849623 -0.525562
-27.0736 65.5515 25.0764 0.00848006 -0.851027 -0.525054
-27.602 65.1537 25.7538 -0.0208168 -0.845247 -0.53397
-28.2237 64.7756 26.4121 -0.0438747 -0.8334 -0.549734
-28.9239 64.452 27.0528 -0.114768 -0.849154 -0.515525
-29.9546 64.1878 27.9901 -0.221583 -0.881313 -0.41736
-30.9847 64.0954 28.8623 -0.257756 -0.898315 -0.355797
-31.9957 64.0531 29.6909 -0.253518 -0.902127 -0.349136
-33.0634 64.0352 30.5378 -0.25789 -0.912732 -0.316881
-34.2125 64.0396 31.3262 -0.179066 -0.937434 -0.295589
-35.3634 63.9222 31.9758 -0.0107687 -0.908851 -0.413851
-36.3471 63.6045 32.4459 0.108074 -0.868091 -0.484497
-37.1977 63.1552 32.8664 0.239892 -0.86995 -0.430859
-38.0548 62.6393 33.3673 0.262768 -0.842527 -0.470213
-38.8425 62.0821 33.9309 0.259663 -0.844999 -0.467495
-39.5417 61.5097 34.5098 0.298732 -0.814309 -0.497655
-40.3083 60.8929 35.0449 0.307716 -0.807568 -0.503135
-41.1662 60.2874 35.4569 0.324239 -0.787409 -0.524267
-42.1126 59.7254 35.7197 0.324208 -0.789323 -0.521394
-43.1488 59.2068 35.8543 0.33176 -0.787103 -0.519984
-44.1033 58.855 35.7693 0.331881 -0.790425 -0.514816
-45.0994 58.5468 35.578 0.347397 -0.798027 -0.49238
-46.1545 58.2134 35.3752 0.34363 -0.804855 -0.483866
-47.2339 57.9583 34.9998 0.351904 -0.806759 -0.474588
-48.0552 57.8179 34.5978 0.363006 -0.816083 -0.449706
-48.8938 57.7265 34.0796 0.368405 -0.82044 -0.437053
-49.6525 57.7291 33.4053 0.370863 -0.827855 -0.420852
-50.4109 57.7375 32.7124 0.376392 -0.83333 -0.404833
-51.2731 57.7877 31.8094 0.37579 -0.835336 -0.401216
-51.9778 57.9174 30.87 0.375038 -0.839968 -0.39212
-52.5495 58.1099 29.8928 0.373481 -0.846769 -0.378713
-52.8942 58.3245 29.0466 0.374769 -0.852784 -0.363741
-53.2646 58.5838 28.0826 0.358144 -0.859841 -0.363878
-53.7099 58.7944 27.125 0.350859 -0.869782 -0.346955
-54.0783 59.029 26.1585 0.341232 -0.878829 -0.333497
-54.3797 59.2694 25.2023 0.341026 -0.884802 -0.317257
-54.6801 59.4559 24.3189 0.340451 -0.890711 -0.30121
-55.1398 59.6245 23.2755 0.312217 -0.910312 -0.271758
-55.5795 59.753 22.337 0.311196 -0.912979 -0.263763
-55.9831 59.8682 21.4422 0.309163 -0.91564 -0.256947
-56.3919 59.9743 20.5299 0.308643 -0.921318 -0.23646
-56.9383 60.0618 19.4342 0.329694 -0.917288 -0.223347
-57.4582 60.0997 18.4195 0.329949 -0.92557 -0.185503
-58.0677 60.1166 17.1716 0.326565 -0.933139 -0.150357
-58.4956 60.1823 16.0077 0.296939 -0.941464 -0.159602
-58.7618 60.2761 14.9814 0.300055 -0.938982 -0.168168
-58.983 60.3766 14.0048 0.29627 -0.940955 -0.163715
-59.0978 60.5119 13.0149 0.293433 -0.942581 -0.159496
-59.0618 60.6901 12.0148 0.307362 -0.940187 -0.146575
-58.9826 60.8621 11.0685 0.30176 -0.943197 -0.138991
-58.7576 61.1103 9.86388 0.303846 -0.942993 -0.135789
-58.482 61.3982 8.55188 0.301613 -0.941385 -0.151074
-58.0568 61.7762 7.31149 0.300147 -0.932637 -0.200248
-57.7413 62.0914 6.45297 0.307907 -0.921189 -0.237409
-57.3251 62.5159 5.52942 0.329936 -0.903341 -0.274076
-56.834 63.0084 4.55317 0.363774 -0.892875 -0.26449
-56.3754 63.412 3.80083 0.393607 -0.88067 -0.263617
-55.8479 63.8821 2.83467 0.391908 -0.894957 -0.21295
-55.218 64.3579 1.90695 0.381716 -0.903399 -0.195353
-54.6618 64.7324 1.19866 0.374283 -0.910789 -0.174287
-54.0118 65.1198 0.581683 0.380254 -0.910924 -0.160073
-53.2506 65.5481 -0.076497 0.388699 -0.909524 -0.147237
-52.3767 66.0066 -0.669302 0.380242 -0.915448 -0.131792
-51.4484 66.4624 -1.18762 0.376315 -0.918467 -0.121675
-50.9943 66.6863 -1.46916 0.377204 -0.918098 -0.121711
-51.5409 66.5584 -2.23392 0.362615 -0.925835 -0.106447
-52.3531 66.1687 -1.75076 0.369373 -0.920787 -0.125287
-53.1069 65.7993 -1.31209 0.376158 -0.916264 -0.137712
-53.8239 65.4283 -0.806981 0.377529 -0.914319 -0.146602
-54.4628 65.0785 -0.265438 0.368511 -0.917217 -0.151344
-55.2212 64.6663 0.3447 0.36833 -0.915608 -0.161227
-55.8091 64.2641 1.15951 0.376301 -0.906923 -0.189442
-56.3226 63.8901 1.90702 0.382491 -0.901765 -0.201178
-56.8796 63.4398 2.82607 0.383706 -0.899058 -0.210867
-57.3756 63.0097 3.73977 0.373467 -0.897089 -0.236123
-57.9341 62.5334 4.71005 0.345569 -0.901831 -0.25939
-58.3934 62.1201 5.59374 0.320926 -0.910883 -0.259421
-58.747 61.7503 6.48969 0.311816 -0.916917 -0.249064
-59.1342 61.3689 7.58068 0.305341 -0.931237 -0.198907
-59.4769 61.0399 8.81731 0.295511 -0.942891 -0.15372
-59.6845 60.8261 9.81186 0.286835 -0.947593 -0.140688
-59.8862 60.6007 10.9085 0.288248 -0.946974 -0.141965
-59.9745 60.3719 12.2068 0.294101 -0.943995 -0.149591
-59.9908 60.1885 13.2956 0.288547 -0.943743 -0.161523
-59.8595 60.029 14.4867 0.280055 -0.946822 -0.15842
-59.6233 59.9462 15.3982 0.284237 -0.945072 -0.161318
-59.2974 59.859 16.4671 0.275736 -0.947272 -0.163207
-58.8385 59.8126 17.5365 0.287413 -0.94423 -0.160696
-58.2004 59.7787 18.7902 0.299966 -0.937842 -0.174568
-57.6946 59.7086 19.8629 0.306907 -0.929507 -0.204513
-57.2424 59.6305 20.7735 0.299243 -0.9238 -0.238846
-56.7468 59.5179 21.7887 0.296343 -0.920507 -0.254568
-56.3163 59.3828 22.7471 0.295132 -0.918189 -0.264246
-55.8719 59.2269 23.7243 0.300225 -0.907949 -0.292391
-55.4225 59.0083 24.8366 0.33026 -0.887941 -0.32014
-55.0561 58.7647 25.8732 0.325169 -0.886979 -0.327924
-54.6543 58.4526 27.0443 0.33787 -0.873726 -0.349923
-54.2906 58.2414 27.8922 0.351552 -0.86155 -0.366256
-53.8492 57.954 28.975 0.364783 -0.851162 -0.377435
-53.3988 57.6867 29.9927 0.369826 -0.844173 -0.388039
-52.7869 57.4619 31.066 0.374686 -0.837083 -0.398626
-52.0206 57.2974 32.1256 0.375128 -0.833315 -0.406036
-51.4414 57.2246 32.8108 0.374717 -0.830822 -0.411442
-50.7424 57.1822 33.5183 0.371132 -0.829141 -0.418075
-49.9646 57.156 34.2432 0.371199 -0.819939 -0.435787
-49.0959 57.1652 34.9451 0.358804 -0.820683 -0.444679
-48.09 57.3161 35.4642 0.353688 -0.813733 -0.461242
-46.914 57.5275 35.9705 0.345622 -0.801578 -0.487871
-45.8634 57.7937 36.259 0.334557 -0.799634 -0.49859
-44.725 58.1306 36.4903 0.333976 -0.796718 -0.503686
-43.8269 58.4025 36.6484 0.325015 -0.79025 -0.519491
-42.7984 58.8098 36.6706 0.324976 -0.784845 -0.527645
-41.7749 59.3328 36.5141 0.316443 -0.784422 -0.533429
-40.8981 59.8534 36.2646 0.309098 -0.784771 -0.537209
-40.1261 60.3695 35.9558 0.300412 -0.78623 -0.539913
-39.3758 60.9559 35.4925 0.279443 -0.802364 -0.527154
-38.6322 61.5146 35.0003 0.267932 -0.814576 -0.514469
-37.9215 62.0898 34.4102 0.234648 -0.831997 -0.50249
-37.1165 62.58 33.8926 0.192419 -0.848127 -0.493615
-36.0773 63.2071 33.2446 0.143272 -0.860252 -0.487739
-35.0475 63.5657 32.7594 0.0016352 -0.906317 -0.41722
-33.9114 63.6983 32.1497 -0.217491 -0.914204 -0.340411
-33.1291 63.6785 31.6268 -0.258562 -0.914093 -0.311168
-32.1924 63.6463 30.9175 -0.272737 -0.901713 -0.335452
-31.4975 63.6531 30.3435 -0.26387 -0.89426 -0.361486
-30.5886 63.6868 29.5662 -0.286602 -0.883383 -0.370583
-29.4559 63.6579 28.6196 -0.379215 -0.808569 -0.440264
-28.6508 63.8183 27.8922 -0.20911 -0.778457 -0.590214
-27.8747 64.1601 27.2454 -0.134756 -0.777477 -0.612858
-27.1255 64.633 26.5375 -0.00504943 -0.813791 -0.580742
-26.5596 65.0702 25.8789 0.0178593 -0.857145 -0.514766
-25.9683 65.6011 25.042 0.039829 -0.860138 -0.508504
-25.4225 66.1199 24.2386 0.049301 -0.850951 -0.522926
-24.7456 66.7992 23.3376 0.125967 -0.841196 -0.525854
-24.3711 67.4598 22.4175 0.169383 -0.820879 -0.545376
-23.7829 68.1983 21.5153 0.156595 -0.81068 -0.56416
-23.6022 68.844 20.7416 0.198444 -0.772666 -0.602003
-23.4595 69.4094 20.0142 0.208152 -0.886795 -0.402033
-23.2433 69.8383 19.029 0.299999 -0.899444 -0.317119
-23.1183 70.154 18.153 0.122061 -0.951527 -0.282306
-22.8554 70.4898 17.2491 0.111339 -0.883391 -0.433578
-22.5542 71.0587 16.3163 0.358377 -0.853696 -0.377847
-22.2842 71.456 15.5075 0.32919 -0.92087 -0.208884
-21.9907 71.7897 14.4761 0.316542 -0.932674 -0.16942
-21.7073 72.0471 13.3556 0.306338 -0.942648 -0.13191
-21.9954 72.5376 12.2847 0.189792 -0.900669 -0.38149
-22.1581 72.8378 11.3132 0.250477 -0.911602 -0.32595
-22.288 72.9414 10.4295 0.339022 -0.933234 -0.0312538
-22.308 72.9677 9.30472 0.167022 -0.983179 -0.0739076
-22.49 73.0238 8.03569 0.0907828 -0.992235 -0.0850232
-22.9526 73.0848 6.86756 0.0413011 -0.994756 -0.0935692
-23.3286 73.1321 6.01297 0.00692078 -0.998063 -0.0618297
-23.7259 73.172 4.94078 -0.00709743 -0.999408 -0.028072
-24.2646 73.213 3.83424 -0.0179735 -0.999716 -0.0156292
-24.8397 73.2241 2.87409 -0.0392093 -0.998998 0.0215722
-25.4032 73.2148 2.07796 -0.0454991 -0.997365 0.0547113
-26.2455 73.2072 1.12551 -0.0584391 -0.995531 0.0740411
-27.2043 73.1937 0.184341 -0.0468505 -0.994554 0.0919077
-27.9046 73.1557 -0.444691 -0.0312137 -0.993157 0.111529
-28.8655 73.0576 -1.20086 0.0180663 -0.990675 0.135042
-29.6614 72.9631 -1.71736 0.0424815 -0.988337 0.146234
-30.4593 72.8638 -2.16748 0.0620213 -0.991497 0.112659
-31.2496 72.7535 -2.61647 0.079613 -0.991443 0.103456
-32.0835 72.6603 -2.94457 0.082531 -0.993125 0.0811739
-32.9892 72.5468 -3.31899 0.0997507 -0.993629 0.0482596
-34.1496 72.3953 -3.7884 0.131719 -0.990819 0.0035582
-34.9867 72.2598 -4.04714 0.158565 -0.987347 -0.00144024
-36.0289 72.0552 -4.383 0.243272 -0.96906 -0.0417379
-37.0277 71.8022 -4.68798 0.288136 -0.957151 -0.0233398
-37.9263 71.5245 -4.91282 0.311211 -0.949949 -0.0245706
-38.9513 71.1905 -5.17403 0.307302 -0.951565 -0.00945044
-39.8584 70.9104 -5.19235 0.293381 -0.955872 -0.0153246
-41.0575 70.5481 -5.26484 0.289194 -0.956895 -0.0268294
-42.0353 70.2451 -5.27521 0.298746 -0.953669 -0.0355916
-43.3376 69.8305 -5.20831 0.302912 -0.952312 -0.0366882
-44.4568 69.4657 -5.05426 0.307469 -0.950622 -0.0422004
-45.3541 69.162 -4.89675 0.317938 -0.946673 -0.0522063
-46.4117 68.7826 -4.68117 0.333643 -0.940344 -0.0666052
-47.369 68.4105 -4.383 0.350549 -0.933059 -0.0807198
-48.3154 68.0102 -3.98119 0.362839 -0.928167 -0.0827872
-49.3532 67.556 -3.49997 0.367958 -0.925892 -0.0856181
-50.1061 67.2197 -3.11056 0.369717 -0.924448 -0.0933067
-50.9091 66.8549 -2.64123 0.362399 -0.926607 -0.100052
-51.0964 66.767 -2.52012 0.365281 -0.924758 -0.106735
-51.3523 66.6472 -2.35862 0.365278 -0.92476 -0.106728
