-41.9181 69.1756 13.8638 0.34796 -0.909455 -0.227384
-42.5022 68.8023 14.4089 0.363443 -0.900279 -0.239596
-42.0983 68.7491 15.2302 0.347542 -0.90429 -0.246862
-41.5618 69.1377 14.5238 0.341848 -0.909249 -0.237499
-41.7252 69.236 13.9099 0.341452 -0.909851 -0.235759
-42.1066 69.3166 12.9734 0.349747 -0.912653 -0.211299
-43.1402 68.7667 13.508 0.37426 -0.899228 -0.22637
-43.398 68.412 14.4808 0.38355 -0.895696 -0.224981
-43.0263 68.3038 15.5328 0.371487 -0.89999 -0.227727
-42.4718 68.255 16.4602 0.332132 -0.908187 -0.254726
-41.6869 68.539 16.4377 0.292592 -0.91007 -0.293214
-40.9751 69.0899 15.4146 0.316785 -0.910635 -0.265312
-40.6489 69.4685 14.4711 0.294517 -0.921359 -0.253559
-40.5598 69.7376 13.5526 0.314234 -0.92267 -0.223422
-41.1667 69.6975 12.8521 0.329578 -0.919983 -0.211415
-41.7492 69.472 12.8795 0.345028 -0.916246 -0.203589
-41.9453 69.6134 11.9643 0.349914 -0.912299 -0.212553
-42.8395 69.1906 12.2629 0.367877 -0.904886 -0.214121
-43.7785 68.6821 12.7825 0.378153 -0.897557 -0.226632
-44.293 68.2716 13.5295 0.382188 -0.894286 -0.232738
-44.2495 68.0032 14.6527 0.389018 -0.89334 -0.224964
-43.9239 67.9295 15.4947 0.383037 -0.895082 -0.228276
-43.363 67.8426 16.6986 0.357373 -0.894294 -0.269119
-42.8234 67.7242 17.7083 0.319288 -0.892707 -0.317842
-41.9967 67.9547 17.875 0.275083 -0.89656 -0.347091
-41.2827 68.3459 17.3896 0.268136 -0.906813 -0.325229
-40.6385 68.7971 16.6334 0.281392 -0.911907 -0.298651
-40.1157 69.2734 15.6905 0.27919 -0.910709 -0.304403
-39.8417 69.6012 14.89 0.276284 -0.919784 -0.278682
-39.6754 69.9283 13.9008 0.291582 -0.924636 -0.245006
-39.7491 70.2338 12.6926 0.308297 -0.920467 -0.239267
-40.5645 70.1132 12.0341 0.323213 -0.916631 -0.235205
-41.5726 69.767 11.9038 0.343991 -0.913155 -0.218647
-41.6399 69.9561 10.9551 0.353116 -0.9142 -0.198864
-42.7012 69.4865 11.207 0.35892 -0.910999 -0.203118
-43.6096 69.0348 11.6015 0.366582 -0.906766 -0.208312
-44.3108 68.6435 12.0198 0.386642 -0.897137 -0.213665
-45.0405 68.1389 12.7925 0.391646 -0.891669 -0.227023
-45.2825 67.7239 13.9923 0.38533 -0.893328 -0.231269
-45.002 67.5804 15.0306 0.388796 -0.893531 -0.224589
-44.6533 67.5196 15.8719 0.386592 -0.893662 -0.227838
-44.1115 67.4429 17.0204 0.370234 -0.889583 -0.266926
-43.5622 67.2919 18.1499 0.355119 -0.882945 -0.30708
-42.9687 67.1226 19.1744 0.319008 -0.88375 -0.342375
-42.1074 67.4558 19.0549 0.279374 -0.891984 -0.355409
-41.0007 68.0759 18.3412 0.270444 -0.899183 -0.343992
-40.2642 68.5259 17.7042 0.251478 -0.911256 -0.326147
-39.658 68.9979 16.8739 0.260612 -0.906528 -0.332097
-39.1581 69.5283 15.7811 0.260585 -0.914817 -0.308185
-38.8752 69.9244 14.7806 0.275289 -0.922643 -0.269931
-38.7372 70.2383 13.7847 0.257499 -0.932745 -0.252332
-38.7091 70.5013 12.8218 0.260633 -0.936066 -0.236149
-39.1807 70.6503 11.6773 0.25736 -0.938775 -0.229056
-40.3751 70.4032 11.1067 0.323938 -0.923566 -0.203901
-41.5058 70.0096 10.9471 0.351107 -0.914731 -0.199965
-41.4467 70.219 10.0156 0.356496 -0.918416 -0.171529
-40.2438 70.6477 10.1865 0.3438 -0.924432 -0.164548
-39.3086 70.8843 10.4784 0.291282 -0.936237 -0.196509
-38.4356 70.9974 11.082 0.25499 -0.940145 -0.226072
-37.8969 70.8743 12.1741 0.245931 -0.940361 -0.234981
-37.7768 70.6206 13.3188 0.24142 -0.941034 -0.237004
-37.8849 70.2965 14.4234 0.2521 -0.931819 -0.261072
-38.0945 69.923 15.4821 0.258189 -0.920304 -0.293903
-38.4336 69.4894 16.4667 0.244447 -0.910015 -0.33484
-38.799 69.0922 17.2637 0.24204 -0.905979 -0.347268
-39.2447 68.7067 17.9696 0.238883 -0.903899 -0.354687
-39.9657 68.2162 18.7106 0.243667 -0.90029 -0.360655
-40.9154 67.6729 19.3936 0.25044 -0.895309 -0.368376
-41.8352 67.1676 19.9802 0.263251 -0.891243 -0.369198
-42.5453 66.7733 20.3992 0.291845 -0.887484 -0.356643
-43.3771 66.4698 20.4692 0.308708 -0.884058 -0.3505
-43.7937 66.6246 19.6786 0.323831 -0.881268 -0.344236
-44.243 66.8415 18.6546 0.355258 -0.878695 -0.318682
-44.7922 67.0135 17.4907 0.380321 -0.883555 -0.272609
-45.1873 67.0775 16.677 0.385686 -0.888219 -0.249508
-45.5984 67.14 15.7458 0.39166 -0.891416 -0.227991
-45.952 67.2047 14.8702 0.394904 -0.892628 -0.217406
-46.1827 67.3207 13.9902 0.401044 -0.887117 -0.228427
-46.0724 67.6654 12.8392 0.403324 -0.885978 -0.228849
-45.5261 68.1662 11.7977 0.40543 -0.891852 -0.200567
-44.5269 68.7754 11.057 0.391628 -0.900042 -0.190369
-43.3918 69.3716 10.4648 0.375369 -0.914067 -0.153558
-42.4546 69.8081 10.146 0.360504 -0.918738 -0.16071
-41.6481 70.1421 10.0085 0.356497 -0.918416 -0.171529
-41.5197 70.3526 9.08272 0.362488 -0.920762 -0.144222
-42.4877 69.9573 9.16268 0.365142 -0.919741 -0.144042
-43.2961 69.591 9.39752 0.376065 -0.913581 -0.154742
-44.2532 69.121 9.82253 0.385299 -0.910055 -0.152792
-45.1909 68.6206 10.3271 0.404406 -0.897832 -0.174223
-45.9222 68.1873 10.8493 0.407601 -0.895703 -0.1777
-46.5103 67.7657 11.5452 0.427452 -0.884832 -0.185355
-46.8957 67.3952 12.3662 0.419028 -0.882646 -0.212959
-47.115 67.0554 13.3564 0.412302 -0.884646 -0.217484
-47.0153 66.8506 14.3693 0.40403 -0.890109 -0.210868
-46.608 66.7621 15.473 0.401184 -0.887505 -0.226674
-46.2077 66.6979 16.4195 0.397086 -0.885766 -0.2402
-45.7838 66.635 17.3254 0.394416 -0.881791 -0.258237
-45.1445 66.4822 18.6329 0.379881 -0.876702 -0.295049
-44.6799 66.2633 19.7286 0.350601 -0.877742 -0.32657
-44.2412 66.0388 20.7477 0.328276 -0.879449 -0.344677
-43.8116 65.8445 21.6572 0.330966 -0.878355 -0.344883
-43.0136 66.0947 21.7008 0.294347 -0.888549 -0.35191
-42.1708 66.5409 21.2503 0.268136 -0.892663 -0.362289
-41.1849 67.0793 20.6479 0.246815 -0.894246 -0.373222
-40.2244 67.5904 20.0426 0.235064 -0.895513 -0.37789
-39.5316 67.9752 19.5642 0.239544 -0.893748 -0.379254
-38.599 68.5758 18.7151 0.227756 -0.900076 -0.371472
-37.9974 69.1155 17.7585 0.218239 -0.904738 -0.365816
-37.6207 69.5393 16.9245 0.225972 -0.910156 -0.346528
-37.2682 69.9941 15.922 0.244241 -0.918047 -0.312272
-37.0251 70.3965 14.882 0.23994 -0.932487 -0.269781
-36.8817 70.7454 13.7305 0.23781 -0.939448 -0.246745
-36.8837 71.0653 12.4937 0.25446 -0.935824 -0.243787
-37.1562 71.2548 11.4497 0.261066 -0.934355 -0.242432
-37.5932 71.3445 10.5965 0.257125 -0.938551 -0.230236
-38.4803 71.2631 9.82768 0.267013 -0.941646 -0.204956
-39.4521 71.038 9.44849 0.306316 -0.939634 -0.152243
-40.3569 70.7695 9.21702 0.338513 -0.929203 -0.148065
-41.4014 70.3975 9.0931 0.359063 -0.922768 -0.139775
-41.3403 70.5568 8.15525 0.357895 -0.924836 -0.128804
-42.4586 70.1052 8.19301 0.377895 -0.917626 -0.123083
-43.4541 69.6605 8.43435 0.384492 -0.915255 -0.12031
-44.394 69.2068 8.83957 0.385935 -0.913787 -0.126677
-45.4032 68.6914 9.35896 0.401934 -0.905977 -0.13287
-46.265 68.2037 9.91601 0.418452 -0.894428 -0.157379
-46.9325 67.7634 10.5694 0.423623 -0.890525 -0.165846
-47.5449 67.2657 11.5545 0.427423 -0.883836 -0.190037
-47.8435 66.9464 12.3445 0.426581 -0.883065 -0.195514
-48.0309 66.6625 13.1771 0.423332 -0.881757 -0.208072
-47.9062 66.453 14.3154 0.414375 -0.884658 -0.213697
-47.5329 66.3545 15.4138 0.409841 -0.884316 -0.22364
-47.0904 66.2823 16.4686 0.430765 -0.868861 -0.243973
-46.5939 66.2008 17.5462 0.396211 -0.877163 -0.271298
-46.081 66.0766 18.626 0.381029 -0.874554 -0.299952
-45.6216 65.9146 19.6323 0.364864 -0.870477 -0.330301
-45.137 65.6844 20.737 0.357687 -0.868226 -0.343865
-44.7189 65.4199 21.8591 0.333867 -0.877541 -0.344163
-44.3836 65.2138 22.7169 0.33708 -0.87658 -0.34347
-43.518 65.3984 23.0141 0.297145 -0.884192 -0.360429
-42.69 65.8421 22.598 0.275299 -0.892577 -0.357029
-41.9438 66.2314 22.1846 0.270344 -0.894438 -0.356185
-41.1219 66.6669 21.6859 0.245204 -0.896561 -0.368854
-40.2731 67.0993 21.1733 0.237653 -0.897387 -0.371681
-39.5146 67.5073 20.6761 0.228869 -0.895453 -0.381814
-38.8302 67.8883 20.2039 0.235075 -0.893309 -0.383061
-38.1205 68.3229 19.6135 0.22893 -0.896675 -0.378899
-37.5164 68.7888 18.85 0.218477 -0.903863 -0.367831
-36.9926 69.3252 17.8268 0.207973 -0.908947 -0.361334
-36.5757 69.8155 16.8265 0.205149 -0.911248 -0.357128
-36.3228 70.1919 16.0044 0.204658 -0.913702 -0.35109
-36.1208 70.5579 15.0381 0.186585 -0.939309 -0.287898
-35.9794 70.9148 13.9115 0.211099 -0.944659 -0.25111
-35.9277 71.2562 12.7365 0.246478 -0.935946 -0.251501
-36.1022 71.4727 11.7589 0.26066 -0.932869 -0.248572
-36.4782 71.635 10.7028 0.266274 -0.93877 -0.218315
-37.0066 71.6754 9.83549 0.263295 -0.944844 -0.194786
-37.913 71.5699 9.06515 0.276381 -0.9453 -0.173267
-38.7272 71.3834 8.71088 0.301726 -0.942448 -0.144059
-39.9981 71.0189 8.34225 0.322099 -0.938189 -0.126701
-40.9083 70.7169 8.20649 0.356766 -0.924804 -0.132073
-40.768 70.8929 7.27973 0.342061 -0.931759 -0.121139
-41.8448 70.4932 7.19828 0.364218 -0.923741 -0.117965
-42.724 70.1203 7.26879 0.380461 -0.916652 -0.12247
-43.8368 69.6125 7.55029 0.386555 -0.915035 -0.115268
-44.7621 69.1644 7.9872 0.389106 -0.913609 -0.117962
-45.7117 68.6838 8.46083 0.403886 -0.905774 -0.128255
-46.6047 68.1936 8.99829 0.419818 -0.897323 -0.136251
-47.4373 67.6875 9.69679 0.424335 -0.889838 -0.16769
-48.0326 67.249 10.4995 0.427131 -0.886842 -0.17611
-48.5182 66.7973 11.5456 0.427173 -0.884085 -0.18942
-48.8807 66.3735 12.6611 0.439219 -0.877519 -0.192474
-48.9242 66.1383 13.6106 0.428411 -0.881071 -0.200192
-48.7391 66.0025 14.5366 0.431566 -0.872863 -0.227731
-48.3685 65.9141 15.5502 0.428204 -0.871487 -0.239064
-48.0055 65.8442 16.4302 0.422697 -0.871055 -0.25018
-47.6278 65.7763 17.2784 0.433244 -0.861331 -0.265347
-47.2319 65.7071 18.1117 0.423613 -0.860801 -0.282088
-46.7402 65.5908 19.1491 0.406367 -0.861144 -0.305439
-46.2311 65.4027 20.2705 0.382497 -0.859968 -0.337862
-45.7883 65.1963 21.3129 0.359033 -0.871834 -0.333169
-45.426 64.9296 22.4042 0.359323 -0.872442 -0.331258
-45.0943 64.6556 23.433 0.339705 -0.875104 -0.344665
-44.6959 64.4257 24.3709 0.319751 -0.877092 -0.358425
-43.8281 64.7887 24.2569 0.32011 -0.875993 -0.360775
-42.8218 65.3434 23.7193 0.284053 -0.885622 -0.36738
-41.8695 65.8524 23.2025 0.274056 -0.890778 -0.36247
-40.9269 66.3356 22.6502 0.249632 -0.900842 -0.355194
-40.14 66.7246 22.1682 0.223206 -0.907659 -0.355436
-39.2766 67.1695 21.6221 0.229491 -0.899132 -0.372688
-38.4079 67.6345 21.046 0.22904 -0.892716 -0.38807
-37.6956 68.0475 20.5035 0.219106 -0.896977 -0.38396
-37.0045 68.5162 19.7844 0.206152 -0.901312 -0.38097
-36.5177 68.9493 18.9943 0.181256 -0.912347 -0.36711
-36.0784 69.4114 18.0739 0.174113 -0.912154 -0.37091
-35.623 69.9467 16.9599 0.158692 -0.913706 -0.373996
-35.3373 70.3969 15.9344 0.152274 -0.923411 -0.352313
-35.1825 70.743 15.0397 0.150972 -0.937333 -0.314028
-35.0962 71.0537 14.1424 0.223603 -0.932575 -0.283269
-34.9671 71.4028 13.0848 0.215787 -0.935705 -0.279073
-35.0863 71.6883 11.9944 0.254491 -0.93309 -0.254073
-35.4208 71.8875 10.8495 0.242453 -0.942356 -0.23061
-35.8761 71.9876 9.85969 0.244686 -0.948379 -0.201416
-36.5661 71.9823 8.90568 0.252714 -0.952832 -0.167868
-37.6375 71.8061 8.15329 0.282447 -0.947952 -0.146289
-38.8391 71.4951 7.709 0.305944 -0.942793 -0.132211
-39.7724 71.2253 7.42051 0.316989 -0.939573 -0.129156
-40.5222 70.9768 7.30246 0.330782 -0.935897 -0.121162
-40.5584 71.082 6.35068 0.327984 -0.937842 -0.113486
-39.6064 71.3965 6.5027 0.319739 -0.940305 -0.116257
-38.6959 71.6617 6.78155 0.310585 -0.943261 -0.117456
-37.7841 71.9122 7.08041 0.292883 -0.9477 -0.126662
-36.9375 72.1072 7.46874 0.271496 -0.952928 -0.134974
-36.0422 72.2609 8.08654 0.260518 -0.951143 -0.165705
-35.347 72.2968 8.92563 0.242222 -0.954188 -0.175633
-34.7735 72.2313 10.0198 0.227544 -0.954129 -0.19426
-34.4156 72.1321 10.8701 0.21776 -0.950754 -0.220124
-34.1267 71.9154 11.9736 0.205744 -0.945476 -0.252476
-34.036 71.6553 12.9458 0.183572 -0.939889 -0.286619
-34.1022 71.2851 14.0087 0.170021 -0.932037 -0.320001
-34.2021 70.9678 14.8723 0.170193 -0.9307 -0.323778
-34.3616 70.5767 15.8661 0.139043 -0.924789 -0.354164
-34.5669 70.1978 16.7366 0.128542 -0.915023 -0.382353
-34.9054 69.7107 17.7929 0.124319 -0.914937 -0.383972
-35.4185 69.1835 18.8764 0.118267 -0.914227 -0.387523
-35.8738 68.7395 19.7731 0.156686 -0.907355 -0.390045
-36.4108 68.3079 20.5496 0.17296 -0.902177 -0.394878
-37.083 67.8757 21.2055 0.185673 -0.895844 -0.40372
-37.8052 67.4706 21.7667 0.189047 -0.893622 -0.407063
-38.5362 67.0795 22.2604 0.217023 -0.90106 -0.375439
-39.489 66.6165 22.8504 0.203177 -0.911877 -0.35665
-40.3125 66.2197 23.3582 0.227356 -0.907719 -0.352641
-41.3439 65.7013 23.9677 0.27321 -0.89457 -0.353695
-42.058 65.3204 24.3609 0.285946 -0.8873 -0.361847
-42.9669 64.8248 24.8553 0.286867 -0.886223 -0.363753
-43.6768 64.3989 25.3085 0.306173 -0.880128 -0.362711
-44.6109 63.8482 25.8541 0.322361 -0.875519 -0.35993
-45.2856 63.8414 25.2513 0.333908 -0.876188 -0.347564
-45.7334 64.0838 24.2238 0.347446 -0.8683 -0.354028
-46.0319 64.3249 23.328 0.355387 -0.869793 -0.342286
-46.3024 64.5568 22.4379 0.357777 -0.873408 -0.330385
-46.5838 64.7746 21.5385 0.368032 -0.87203 -0.322669
-46.9857 64.9325 20.6458 0.375976 -0.870035 -0.318875
-47.3924 65.0874 19.7049 0.396515 -0.865433 -0.30627
-47.8647 65.2068 18.6907 0.421208 -0.863406 -0.277692
-48.3444 65.3013 17.659 0.430403 -0.860687 -0.271976
-48.7593 65.3828 16.7215 0.429809 -0.864875 -0.259337
-49.1689 65.4581 15.7623 0.434735 -0.866247 -0.246216
-49.532 65.5366 14.8028 0.439796 -0.869526 -0.224731
-49.8042 65.6576 13.7594 0.446655 -0.869884 -0.209288
-49.7775 65.961 12.4939 0.439515 -0.877291 -0.192839
-49.5013 66.2873 11.6371 0.44001 -0.8786 -0.185491
-49.1259 66.6729 10.6667 0.439895 -0.880212 -0.178089
-48.7246 67.0292 9.86075 0.438845 -0.882568 -0.168788
-48.2157 67.4103 9.12367 0.430854 -0.892038 -0.136503
-47.3964 67.9121 8.39588 0.424268 -0.895587 -0.133865
-46.4894 68.4204 7.80948 0.413661 -0.901388 -0.128003
-45.4314 68.9663 7.28387 0.393444 -0.911483 -0.120002
-44.5233 69.418 6.80685 0.384402 -0.915274 -0.120455
-43.4713 69.9102 6.44483 0.392681 -0.91206 -0.118098
-42.2765 70.4369 6.24751 0.375622 -0.919859 -0.112954
-41.4345 70.7702 6.26867 0.349111 -0.930009 -0.114655
-40.6738 71.0434 6.33616 0.336255 -0.935134 -0.111252
-40.4536 71.2285 5.40684 0.331891 -0.938351 -0.096484
-41.3664 70.9031 5.31341 0.346468 -0.93237 -0.103181
-42.4349 70.488 5.28051 0.371074 -0.922716 -0.104033
-43.6329 69.9618 5.50974 0.387971 -0.914654 -0.113288
-44.6735 69.4808 5.81959 0.39171 -0.91363 -0.108823
-45.5662 69.0391 6.28955 0.392658 -0.91192 -0.119248
-46.422 68.607 6.68262 0.408491 -0.905368 -0.115887
-47.38 68.0878 7.22897 0.422362 -0.897495 -0.126917
-48.1999 67.6195 7.77263 0.435473 -0.891556 -0.124394
-48.9557 67.1375 8.52396 0.444308 -0.885895 -0.133181
-49.413 66.797 9.22606 0.449764 -0.880682 -0.148124
-49.9001 66.3738 10.1806 0.448393 -0.879308 -0.160503
-50.3158 65.9548 11.2185 0.45423 -0.873208 -0.176589
-50.5927 65.6419 12.0479 0.454475 -0.872773 -0.178102
-50.7472 65.3181 13.1597 0.447127 -0.87158 -0.201062
-50.5728 65.1478 14.2487 0.446279 -0.867503 -0.219712
-50.3021 65.0585 15.1268 0.440636 -0.867651 -0.230267
-49.9399 64.9883 16.0512 0.433034 -0.868287 -0.241989
-49.5309 64.9203 16.9883 0.426913 -0.866543 -0.258542
-49.0417 64.8269 18.083 0.41983 -0.866681 -0.269448
-48.5166 64.7144 19.2422 0.410474 -0.86846 -0.278007
-48.0334 64.5742 20.3386 0.395511 -0.868475 -0.298868
-47.6022 64.4144 21.3356 0.376085 -0.871145 -0.315701
-47.2977 64.2347 22.1833 0.367723 -0.871847 -0.323514
-47.0145 64.0248 23.0685 0.363286 -0.870681 -0.331456
-46.7049 63.7729 24.0383 0.34939 -0.870316 -0.347011
-46.3796 63.5551 24.9041 0.343153 -0.873094 -0.346341
-45.8915 63.2817 26.0629 0.340397 -0.872565 -0.350371
-45.1833 63.1612 27.0465 0.33768 -0.872759 -0.352504
-44.0682 63.7051 26.7073 0.31925 -0.880916 -0.349381
-43.104 64.2934 26.0524 0.300335 -0.883471 -0.359551
-42.1064 64.863 25.4426 0.286676 -0.886636 -0.362895
-41.1761 65.3668 24.9388 0.266483 -0.894261 -0.359265
-40.2781 65.8261 24.4222 0.24228 -0.903978 -0.351954
-39.3919 66.2373 23.8895 0.207703 -0.913278 -0.350404
-38.5377 66.63 23.3577 0.203629 -0.913536 -0.352085
-37.7153 67.0188 22.8299 0.186168 -0.902808 -0.387604
-36.7862 67.5058 22.1626 0.190297 -0.897059 -0.398735
-36.0877 67.9005 21.568 0.15337 -0.897422 -0.413655
-35.5046 68.2893 20.9112 0.111771 -0.906911 -0.406227
-34.9565 68.7423 20.0421 0.105697 -0.908938 -0.403312
-34.4145 69.2419 19.0433 0.0997037 -0.912622 -0.396459
-34.0295 69.6651 18.1738 0.108296 -0.912195 -0.395107
-33.6698 70.2143 17.0028 0.126142 -0.910843 -0.392889
-33.4242 70.6803 15.9624 0.125284 -0.91878 -0.374362
-33.263 71.0775 14.9838 0.138638 -0.929869 -0.340768
-33.1182 71.4879 13.9103 0.137388 -0.932429 -0.334216
-33.0746 71.91 12.6637 0.152394 -0.94265 -0.296798
-33.2348 72.1873 11.6228 0.163145 -0.955629 -0.244879
-33.5233 72.3792 10.5961 0.179733 -0.959518 -0.216843
-33.903 72.499 9.67161 0.214802 -0.957323 -0.193372
-34.3545 72.5718 8.76233 0.222149 -0.958794 -0.1771
-34.9322 72.592 7.86664 0.24751 -0.952845 -0.175569
-35.8865 72.4778 7.0255 0.270941 -0.95023 -0.153644
-36.8352 72.2871 6.45319 0.289549 -0.948762 -0.126536
-37.8194 72.0321 6.07018 0.29923 -0.945893 -0.125494
-38.8579 71.7322 5.75885 0.312949 -0.943396 -0.109851
-39.8805 71.4173 5.49842 0.323468 -0.940164 -0.107057
-39.9998 71.3789 5.47532 0.324967 -0.94011 -0.102808
-39.8191 71.5358 4.5568 0.323816 -0.941489 -0.0934958
-38.7837 71.8658 4.79652 0.320495 -0.942644 -0.0932985
-37.7969 72.1577 5.08164 0.30568 -0.945678 -0.110681
-36.7992 72.4369 5.44061 0.302794 -0.946418 -0.112291
-35.6872 72.6935 6.03199 0.283735 -0.94949 -0.134027
-34.7959 72.8401 6.68082 0.242835 -0.956235 -0.163007
-34.0962 72.8818 7.42315 0.226089 -0.958417 -0.174094
-33.539 72.8466 8.31382 0.224824 -0.957355 -0.181456
-33.0197 72.748 9.35202 0.188514 -0.962669 -0.194246
-32.669 72.627 10.2334 0.168616 -0.958873 -0.227653
-32.3883 72.4562 11.1039 0.148578 -0.956863 -0.249674
-32.2014 72.254 11.9811 0.140633 -0.945596 -0.293353
-32.0914 71.9719 12.9374 0.13696 -0.945702 -0.294769
-32.1687 71.562 14.079 0.120027 -0.936153 -0.330471
-32.3404 71.1135 15.2357 0.122304 -0.926467 -0.355951
-32.5157 70.7074 16.2054 0.128815 -0.91814 -0.374734
-32.7412 70.2695 17.1609 0.123197 -0.907931 -0.400605
-32.9735 69.8512 18.0274 0.108451 -0.905757 -0.409559
-33.3893 69.3351 19.0876 0.0985001 -0.906765 -0.409887
-34.0004 68.7571 20.235 0.0942556 -0.909121 -0.405725
-34.6061 68.2357 21.252 0.0783297 -0.904325 -0.419591
-35.1451 67.855 21.959 0.102739 -0.90299 -0.417197
-35.984 67.3871 22.7137 0.146845 -0.900099 -0.410103
-36.9279 66.9202 23.4009 0.163903 -0.906077 -0.389587
-37.8759 66.4829 24.0497 0.178784 -0.913423 -0.365509
-38.7344 66.1208 24.575 0.18227 -0.920145 -0.346369
-39.6302 65.7229 25.098 0.218058 -0.909519 -0.353627
-40.4178 65.3471 25.543 0.241734 -0.902421 -0.356315
-41.1839 64.9374 25.9711 0.277018 -0.888237 -0.366463
-42.039 64.4641 26.4816 0.286023 -0.889283 -0.356884
-42.8514 63.9959 27.0046 0.288759 -0.891138 -0.34993
-43.5373 63.5785 27.4874 0.295449 -0.888262 -0.351705
-44.2855 63.1181 27.982 0.320056 -0.879681 -0.351747
-45.3936 62.6427 28.1267 0.336168 -0.873569 -0.351948
-46.2585 62.6559 27.2576 0.34837 -0.868524 -0.352567
-46.718 62.8483 26.3252 0.351225 -0.868215 -0.350489
-47.1002 63.0763 25.3779 0.353456 -0.867909 -0.349002
-47.4156 63.2875 24.5318 0.356474 -0.868707 -0.343869
-47.7433 63.5325 23.558 0.359671 -0.869155 -0.33942
-48.0777 63.7815 22.5108 0.379217 -0.869115 -0.3175
-48.4248 63.9668 21.5767 0.385958 -0.868084 -0.312167
-48.9312 64.1506 20.3952 0.396802 -0.870139 -0.292244
-49.3058 64.2691 19.4912 0.409747 -0.872033 -0.267704
-49.781 64.3783 18.3994 0.410242 -0.872945 -0.263949
-50.2471 64.4576 17.372 0.418046 -0.872952 -0.251381
-50.6817 64.5202 16.401 0.435001 -0.86747 -0.241389
-51.0456 64.5772 15.5172 0.440681 -0.867609 -0.230336
-51.3544 64.6534 14.6156 0.44521 -0.867949 -0.220119
-51.5598 64.7662 13.7257 0.451422 -0.868344 -0.20542
-51.619 64.936 12.8198 0.46538 -0.866411 -0.180981
-51.463 65.2326 11.7997 0.465322 -0.866532 -0.180547
-51.0933 65.647 10.6949 0.472544 -0.866973 -0.158305
-50.723 66.0037 9.82804 0.471334 -0.869031 -0.150431
-50.2837 66.3867 8.94809 0.462848 -0.875573 -0.138364
-49.7288 66.8199 8.01957 0.450969 -0.882717 -0.132033
-48.9576 67.3346 7.14002 0.44037 -0.889074 -0.124988
-48.1145 67.8284 6.5456 0.431529 -0.894215 -0.119003
-47.3926 68.2308 6.10878 0.420437 -0.899909 -0.11573
-46.4913 68.7048 5.64875 0.4082 -0.906538 -0.107324
-45.4225 69.2356 5.14552 0.401383 -0.910332 -0.100929
-44.5225 69.6629 4.78171 0.387757 -0.917037 -0.0932106
-43.6318 70.0699 4.48622 0.388231 -0.916816 -0.0934032
-42.6791 70.4822 4.32633 0.377195 -0.921992 -0.0874927
-41.8121 70.8284 4.33552 0.362675 -0.928615 -0.07837
-40.9083 71.1628 4.40234 0.337524 -0.937546 -0.0841667
-40.0306 71.4666 4.52056 0.328303 -0.940441 -0.0879556
-39.8579 71.6088 3.5904 0.332266 -0.939766 -0.0802443
-38.9449 71.9087 3.77159 0.317455 -0.94435 -0.0861688
-37.8113 72.2559 4.10147 0.309271 -0.947045 -0.0863204
-36.8575 72.5312 4.42669 0.292902 -0.951936 -0.0894317
-35.7047 72.831 4.92357 0.286374 -0.953511 -0.0938473
-34.5045 73.0533 5.72839 0.239522 -0.963551 -0.119158
-33.7785 73.139 6.35871 0.212612 -0.968066 -0.131683
-33.024 73.1235 7.33512 0.185202 -0.968718 -0.165183
-32.4134 73.0524 8.42536 0.168987 -0.971299 -0.166666
-31.8838 72.8983 9.59777 0.155269 -0.96772 -0.198517
-31.5738 72.7333 10.499 0.135014 -0.96353 -0.230792
-31.2699 72.4315 11.7826 0.122395 -0.954633 -0.271229
-31.1341 72.1581 12.7444 0.108169 -0.945057 -0.307864
-31.1595 71.7809 13.8196 0.10802 -0.935906 -0.335185
-31.2691 71.4578 14.6656 0.108186 -0.933309 -0.342388
-31.4195 71.109 15.5443 0.112204 -0.928339 -0.354398
-31.6674 70.5982 16.7171 0.106611 -0.915664 -0.387548
-31.9614 70.0323 17.915 0.103922 -0.901538 -0.41987
-32.1944 69.6404 18.6973 0.085131 -0.90057 -0.426225
-32.7122 69.0674 19.8228 0.09086 -0.906195 -0.412934
-33.2779 68.5448 20.8291 0.0741339 -0.902619 -0.423991
-33.6892 68.175 21.5527 0.061707 -0.901067 -0.42907
-34.2693 67.7341 22.3874 0.0667314 -0.900317 -0.430089
-35.1225 67.2806 23.1984 0.111275 -0.901392 -0.418461
-36.0203 66.8596 23.8854 0.143973 -0.904332 -0.401815
-36.9811 66.433 24.5657 0.153474 -0.913716 -0.376255
-37.8351 66.0959 25.0909 0.163497 -0.923192 -0.347829
-38.7646 65.7042 25.6432 0.192264 -0.916741 -0.350171
-39.6292 65.3088 26.1372 0.227755 -0.904733 -0.359981
-40.6772 64.776 26.7453 0.260136 -0.891178 -0.371233
-41.6485 64.2463 27.3361 0.273609 -0.89803 -0.344482
-42.5817 63.7128 27.9501 0.289601 -0.893426 -0.343388
-43.2468 63.3007 28.4327 0.302634 -0.888232 -0.345624
-44.1906 62.7186 29.0538 0.323346 -0.87604 -0.357773
-45.0807 62.3021 29.2653 0.331856 -0.87246 -0.358683
-46.0564 62.1222 28.779 0.341999 -0.87116 -0.35228
-46.9876 62.1676 27.7459 0.347067 -0.870545 -0.34885
-47.4879 62.3795 26.7132 0.359415 -0.864757 -0.350736
-47.8003 62.5819 25.8926 0.36027 -0.86499 -0.349283
-48.1478 62.8151 24.9534 0.364857 -0.865315 -0.343669
-48.4776 63.0492 24.0088 0.369941 -0.867248 -0.33307
-48.8066 63.2648 23.0545 0.379219 -0.869115 -0.317497
-49.1475 63.4637 22.0754 0.392253 -0.866707 -0.308134
-49.5553 63.6284 21.0844 0.398632 -0.866021 -0.301738
-49.9209 63.7714 20.1539 0.407809 -0.865085 -0.292095
-50.4159 63.8995 18.994 0.411341 -0.872374 -0.264049
-50.83 63.9841 18.0458 0.418272 -0.871886 -0.254581
-51.2671 64.0465 17.0802 0.427197 -0.871329 -0.24131
-51.727 64.0941 16.0367 0.439012 -0.869009 -0.228236
-52.1508 64.1732 14.8935 0.451756 -0.865315 -0.21713
-52.4141 64.3009 13.7653 0.45855 -0.867233 -0.194005
-52.4857 64.4599 12.8728 0.470709 -0.864718 -0.174998
-52.3781 64.719 11.8454 0.475261 -0.864505 -0.16358
-51.9892 65.1842 10.5213 0.479681 -0.862614 -0.160637
-51.639 65.5263 9.70506 0.480496 -0.865187 -0.143377
-51.21 65.9114 8.80271 0.476811 -0.867221 -0.143452
-50.6759 66.3505 7.84471 0.46638 -0.874305 -0.134461
-50.0294 66.833 6.8909 0.449368 -0.884126 -0.127992
-49.302 67.3001 6.1775 0.437947 -0.890632 -0.122299
-48.2778 67.8841 5.53205 0.431956 -0.894068 -0.118559
-47.3741 68.3736 5.01315 0.421816 -0.900396 -0.106578
-46.5022 68.8134 4.60466 0.411488 -0.906482 -0.0946965
-45.6585 69.2264 4.21421 0.396728 -0.913913 -0.0858448
-44.8431 69.6104 3.89436 0.396596 -0.913974 -0.0858024
-44.0553 69.9724 3.62016 0.391213 -0.917 -0.0778696
-43.1268 70.3772 3.41213 0.377957 -0.922605 -0.0771245
-42.1938 70.7571 3.37347 0.368761 -0.92669 -0.0725271
-41.2006 71.136 3.41652 0.348899 -0.934055 -0.0762317
-40.0951 71.5278 3.55619 0.332265 -0.939766 -0.0802449
-39.8845 71.6813 2.63119 0.336894 -0.938407 -0.0765424
-41.1011 71.2497 2.47843 0.345203 -0.935553 -0.0745397
-42.1692 70.8395 2.42152 0.365125 -0.928408 -0.0687462
-43.0549 70.48 2.45347 0.37468 -0.924731 -0.0669912
-44.0867 70.0383 2.63462 0.387996 -0.919076 -0.0689822
-45.0453 69.6025 2.95082 0.399556 -0.913731 -0.0738305
-45.9011 69.2004 3.28628 0.400793 -0.913166 -0.0741166
-46.7016 68.8138 3.66435 0.404093 -0.911169 -0.0805049
-47.4856 68.4269 4.01851 0.414812 -0.905202 -0.0924153
-48.3607 67.97 4.4908 0.426607 -0.897915 -0.108424
-49.1764 67.5217 4.93851 0.438753 -0.891858 -0.109933
-50.0892 66.9728 5.59054 0.462331 -0.879136 -0.11563
-50.9223 66.4096 6.55428 0.468204 -0.87658 -0.111321
-51.5379 65.9293 7.56622 0.472237 -0.871253 -0.133714
-52.0027 65.5385 8.41901 0.478753 -0.865771 -0.145627
-52.5035 65.078 9.4742 0.486362 -0.861497 -0.145857
-52.9046 64.6906 10.4069 0.47954 -0.864274 -0.151896
-53.1685 64.378 11.3328 0.480205 -0.862864 -0.157698
-53.3257 64.1204 12.2603 0.467704 -0.86801 -0.16677
-53.3316 63.9008 13.3783 0.468706 -0.867038 -0.168997
-53.1748 63.7825 14.2856 0.459796 -0.866112 -0.196034
-52.9088 63.6864 15.2647 0.449815 -0.866881 -0.214905
-52.5872 63.6324 16.1264 0.445462 -0.866194 -0.226432
-52.1302 63.6005 17.128 0.437616 -0.868495 -0.232826
-51.6246 63.5304 18.2746 0.424331 -0.869954 -0.251242
-51.2539 63.4642 19.1202 0.420542 -0.865069 -0.273466
-50.8345 63.3575 20.0916 0.41643 -0.864659 -0.280921
-50.3937 63.212 21.1543 0.405822 -0.86464 -0.29611
-49.9598 63.031 22.2574 0.399237 -0.865266 -0.30312
-49.6704 62.8571 23.1101 0.390207 -0.867106 -0.30962
-49.3771 62.6675 23.9728 0.383337 -0.861452 -0.333096
-49.0138 62.418 25.0149 0.377888 -0.85975 -0.343555
-48.6557 62.1662 26.0345 0.373306 -0.860204 -0.347407
-48.3515 61.9578 26.8678 0.359087 -0.865828 -0.348412
-47.8412 61.7068 28.0256 0.356357 -0.867095 -0.348061
-47.1196 61.6045 29.0101 0.350612 -0.868265 -0.350962
-46.3587 61.6504 29.6386 0.345866 -0.867373 -0.357827
-45.2812 61.8388 30.2062 0.340257 -0.868676 -0.360036
-44.2157 62.2479 30.1802 0.324643 -0.874006 -0.361548
-43.3152 62.8025 29.6228 0.310535 -0.880299 -0.358605
-42.5786 63.2657 29.1069 0.312244 -0.883366 -0.349525
-41.6671 63.8204 28.4421 0.302813 -0.894453 -0.329025
-40.8166 64.2864 27.8921 0.273607 -0.898033 -0.344476
-40.0459 64.6895 27.4333 0.2568 -0.903194 -0.343859
-39.3009 65.061 26.9888 0.231964 -0.911669 -0.338852
-38.5455 65.3946 26.5679 0.218138 -0.916582 -0.335102
-37.7347 65.7435 26.0772 0.182012 -0.928193 -0.324545
-36.7664 66.106 25.5248 0.13615 -0.92899 -0.344154
-35.8483 66.4599 24.9077 0.112223 -0.914477 -0.388764
-35.134 66.764 24.3533 0.0623588 -0.912982 -0.402404
-34.4439 67.0706 23.8157 0.0512533 -0.906782 -0.417956
-33.7118 67.3995 23.176 0.0352885 -0.899892 -0.434682
-33.0841 67.815 22.3743 0.0310462 -0.894015 -0.446959
-32.6827 68.1839 21.6536 0.0586995 -0.895944 -0.440199
-32.1986 68.6488 20.7884 0.0674046 -0.89711 -0.436562
-31.7874 69.026 20.0754 0.0758744 -0.897817 -0.433784
-31.3124 69.5457 19.082 0.0912364 -0.898091 -0.430243
-31.0601 69.9534 18.2803 0.0907535 -0.901889 -0.422321
-30.8543 70.4154 17.3335 0.0891731 -0.907351 -0.410646
-30.6158 70.8839 16.3129 0.0839045 -0.919276 -0.384326
-30.3928 71.3719 15.1544 0.0889164 -0.926789 -0.364767
-30.1965 71.8455 13.9496 0.10803 -0.935906 -0.335182
-30.1876 72.246 12.801 0.102324 -0.945835 -0.307489
-30.3291 72.5587 11.7181 0.104663 -0.955237 -0.27645
-30.511 72.7883 10.8154 0.112879 -0.958609 -0.261259
-30.7541 72.9757 9.9358 0.112765 -0.967369 -0.226895
-31.1636 73.1528 8.881 0.138211 -0.972944 -0.185022
-31.5475 73.2509 8.06362 0.149213 -0.973011 -0.175743
-32.1584 73.3404 6.96847 0.150197 -0.97726 -0.149323
-32.8783 73.3676 5.98346 0.16662 -0.975329 -0.144038
-33.6746 73.3052 5.21695 0.187221 -0.977632 -0.0953228
-34.5864 73.1689 4.49101 0.225872 -0.970113 -0.0886766
-35.7705 72.9048 3.85354 0.273722 -0.959119 -0.0718811
-36.8591 72.6119 3.45059 0.288868 -0.954993 -0.0674144
-37.7606 72.3508 3.14323 0.30288 -0.951283 -0.0576499
-38.5897 72.1031 2.87576 0.31036 -0.94873 -0.0593461
-39.5564 71.7908 2.68008 0.321255 -0.944394 -0.0694856
-39.8108 71.7064 2.64196 0.328387 -0.941209 -0.079179
-39.7451 71.7947 1.69353 0.327905 -0.942461 -0.0636534
-40.728 71.4471 1.54877 0.347771 -0.935767 -0.0576366
-41.5735 71.129 1.48901 0.357579 -0.932251 -0.055094
-42.5245 70.756 1.45986 0.369207 -0.927948 -0.0509781
-43.4127 70.3931 1.53741 0.374016 -0.925836 -0.0542259
-44.3652 69.9902 1.72335 0.3847 -0.920847 -0.0631689
-45.1698 69.6248 1.97319 0.398232 -0.914577 -0.0704351
-46.0147 69.2328 2.29575 0.396839 -0.914592 -0.077724
-46.8035 68.8626 2.61583 0.398162 -0.914021 -0.0776754
-47.8183 68.3685 3.09751 0.410501 -0.907621 -0.0875476
-48.9737 67.7698 3.73319 0.423015 -0.899856 -0.105591
-49.704 67.3626 4.13849 0.436166 -0.892729 -0.113113
-50.6729 66.7699 4.83985 0.45923 -0.879925 -0.121801
-51.3213 66.3322 5.54601 0.460697 -0.879332 -0.120554
-51.8369 65.9575 6.3243 0.458509 -0.879145 -0.129482
-52.2867 65.5987 7.09586 0.467242 -0.872499 -0.142676
-52.7712 65.187 7.98371 0.480233 -0.864336 -0.149027
-53.1368 64.8426 8.75466 0.486925 -0.860619 -0.149093
-53.5496 64.4653 9.64528 0.478308 -0.866655 -0.141883
-53.9835 64.009 10.8972 0.476252 -0.866082 -0.15194
-54.1591 63.7526 11.7854 0.475114 -0.865473 -0.158815
-54.2256 63.5481 12.6951 0.472726 -0.864944 -0.168533
-54.1314 63.3853 13.7912 0.467424 -0.86456 -0.183887
-53.9256 63.2775 14.7417 0.461317 -0.864863 -0.197986
-53.5652 63.1901 15.8954 0.451157 -0.867843 -0.208102
-53.1663 63.1453 16.8793 0.4397 -0.868905 -0.227226
-52.674 63.1171 17.9163 0.433329 -0.868477 -0.240537
-52.1977 63.0285 19.0332 0.425202 -0.86618 -0.26238
-51.7262 62.9273 20.0891 0.427106 -0.860331 -0.278208
-51.3435 62.8228 20.9624 0.416368 -0.862686 -0.287071
-50.8753 62.64 22.1488 0.404554 -0.86374 -0.300483
-50.5869 62.4722 23.015 0.398716 -0.861679 -0.313861
-50.1687 62.204 24.2411 0.391249 -0.859794 -0.328079
-49.7877 61.9526 25.3333 0.379396 -0.860129 -0.340935
-49.4159 61.673 26.4373 0.374091 -0.859467 -0.348385
-49.0522 61.4103 27.4754 0.373996 -0.859404 -0.348643
-48.6103 61.2151 28.4132 0.369483 -0.857085 -0.359009
-48.0646 61.1125 29.2215 0.370783 -0.854832 -0.362981
-47.4193 61.1006 29.8987 0.368214 -0.853417 -0.368907
-46.6612 61.1788 30.4685 0.366053 -0.853369 -0.371166
-45.8409 61.3101 30.952 0.340038 -0.868534 -0.360588
-44.876 61.56 31.2436 0.32807 -0.872214 -0.362785
-43.8479 62.0039 31.1015 0.326266 -0.876054 -0.355077
-42.8676 62.6204 30.4664 0.327405 -0.881764 -0.339558
-42.0509 63.1539 29.8609 0.312251 -0.883365 -0.349522
-41.2329 63.6663 29.2608 0.302938 -0.894411 -0.329025
-40.4029 64.1287 28.7061 0.265313 -0.912855 -0.31033
-39.5049 64.5723 28.1641 0.241443 -0.914392 -0.324949
-38.5672 64.9998 27.6454 0.238608 -0.918817 -0.314391
-37.7224 65.361 27.156 0.199955 -0.93278 -0.299899
-36.7174 65.7439 26.5682 0.126627 -0.937976 -0.322747
-35.6659 66.0923 25.92 0.0741467 -0.931928 -0.354981
-34.6431 66.4734 25.1255 0.0420621 -0.917136 -0.396349
-33.871 66.7789 24.5053 0.0168048 -0.905458 -0.423636
-33.0551 67.1111 23.8219 0.00270731 -0.899975 -0.435932
-32.4016 67.4964 23.0538 0.0110171 -0.890381 -0.454938
-31.9409 67.9288 22.2247 0.0350135 -0.890408 -0.45372
-31.4135 68.4425 21.2754 0.0478037 -0.886875 -0.459452
-30.8578 68.9665 20.3246 0.0618636 -0.893974 -0.443802
-30.4552 69.3996 19.5178 0.0663133 -0.894101 -0.442913
-30.1568 69.8778 18.5807 0.0619443 -0.897519 -0.436603
-29.9655 70.2982 17.7335 0.054759 -0.902339 -0.427534
-29.7588 70.7579 16.7612 0.0572813 -0.911121 -0.40814
-29.5242 71.2231 15.7259 0.069289 -0.921256 -0.382736
-29.3062 71.7012 14.5793 0.105247 -0.925778 -0.363122
-29.2261 72.1387 13.417 0.105773 -0.940031 -0.324276
-29.3003 72.4904 12.3103 0.102546 -0.951781 -0.289132
-29.4771 72.792 11.1994 0.0993747 -0.959822 -0.262424
-29.7253 73.067 10.0375 0.0984667 -0.966767 -0.235934
-30.0566 73.2614 9.0153 0.112221 -0.972846 -0.20243
-30.5047 73.3959 8.0464 0.11709 -0.980234 -0.159472
-31.0311 73.4959 7.06878 0.131993 -0.977801 -0.161839
-31.7514 73.5606 5.85757 0.144314 -0.981939 -0.121923
-32.6793 73.5273 4.87938 0.168398 -0.979677 -0.107931
-33.367 73.4512 4.23201 0.187383 -0.979333 -0.0761148
-34.1119 73.3403 3.67243 0.218687 -0.974167 -0.054533
-35.2261 73.1061 3.07026 0.23683 -0.970276 -0.0497517
-36.3343 72.8237 2.63947 0.27984 -0.95856 -0.0521874
-37.4689 72.4968 2.26767 0.299145 -0.95247 -0.0574154
-38.7967 72.1007 1.83159 0.310364 -0.948728 -0.0593454
-39.5001 71.8743 1.72011 0.314802 -0.946898 -0.0654546
-39.4412 71.9314 0.758949 0.303299 -0.952671 -0.02068
-38.505 72.217 0.912851 0.293039 -0.955742 -0.0261855
-37.6078 72.4874 1.17771 0.297593 -0.954366 -0.0249767
-36.6076 72.7882 1.55301 0.295791 -0.9549 -0.0259421
-35.5685 73.0777 1.92209 0.265435 -0.96275 -0.051536
-34.5449 73.3198 2.34542 0.242602 -0.967524 -0.0710031
-33.7077 73.4799 2.80303 0.214423 -0.97312 -0.084031
-32.9621 73.5992 3.32472 0.178373 -0.981129 -0.0740212
-32.1653 73.6837 4.04559 0.169367 -0.982926 -0.0719072
-31.4254 73.7309 4.77501 0.149469 -0.983658 -0.0999621
-30.7072 73.7319 5.67185 0.11428 -0.987439 -0.108711
-30.269 73.6781 6.46823 0.114362 -0.982711 -0.145279
-29.7854 73.5864 7.37733 0.0743063 -0.984738 -0.157345
-29.3059 73.4577 8.36373 0.0862763 -0.979719 -0.180625
-28.9279 73.2892 9.34794 0.0702651 -0.977589 -0.198448
-28.6071 72.9861 10.7549 0.0608126 -0.968282 -0.242144
-28.4567 72.7641 11.6446 0.0633418 -0.965898 -0.251054
-28.3278 72.4817 12.6761 0.0868415 -0.954293 -0.285612
-28.2878 72.0538 13.9534 0.0945789 -0.939946 -0.327957
-28.4175 71.5935 15.0663 0.0835068 -0.920686 -0.381126
-28.6285 71.1635 16.0314 0.075613 -0.919075 -0.386683
-28.8882 70.6145 17.2052 0.0582607 -0.904544 -0.422318
-29.0858 70.1434 18.1729 0.0548514 -0.902347 -0.427505
-29.384 69.5409 19.3459 0.0368391 -0.888921 -0.456388
-29.8562 68.945 20.4481 0.0210185 -0.880304 -0.473715
-30.4599 68.381 21.45 0.0109351 -0.876931 -0.480493
-30.9496 67.8872 22.3423 -0.00179825 -0.878615 -0.477528
-31.4805 67.361 23.3313 -0.00770099 -0.8831 -0.469122
-32.1764 66.9148 24.2204 -0.0157576 -0.893326 -0.449133
-32.8251 66.6368 24.8192 -0.0124325 -0.905884 -0.422915
-33.5396 66.3689 25.4158 -0.0121429 -0.918788 -0.394564
-34.2249 66.1326 25.9586 0.0289512 -0.926488 -0.37421
-35.0109 65.8883 26.5866 0.0280392 -0.941443 -0.335938
-35.8192 65.6563 27.1372 0.0915952 -0.940892 -0.324928
-36.7932 65.3842 27.7098 0.107452 -0.960399 -0.257077
-37.6662 65.0356 28.2099 0.204203 -0.945075 -0.251074
-38.7534 64.5734 28.8049 0.248799 -0.921 -0.299387
-39.514 64.2259 29.2365 0.255601 -0.924449 -0.282952
-40.3716 63.7865 29.7812 0.291958 -0.907679 -0.301463
-41.1761 63.2969 30.3609 0.328352 -0.888361 -0.320935
-41.8869 62.8252 30.9034 0.341461 -0.876894 -0.338322
-42.851 62.1668 31.6309 0.338712 -0.873996 -0.348381
-43.8254 61.5862 32.1537 0.319819 -0.874771 -0.363994
-44.8298 61.1947 32.1937 0.330578 -0.876356 -0.350311
-45.6859 60.9458 31.9822 0.351806 -0.868822 -0.348399
-46.4977 60.7625 31.5966 0.375101 -0.851711 -0.365907
-47.3416 60.6371 31.0384 0.373332 -0.848478 -0.375111
-48.1898 60.5811 30.3229 0.372469 -0.849995 -0.372509
-49.0832 60.6446 29.2712 0.374354 -0.851101 -0.368085
-49.5436 60.7918 28.4459 0.380766 -0.853245 -0.356357
-49.9484 61.0023 27.5043 0.382026 -0.854904 -0.35099
-50.3031 61.2595 26.4842 0.383578 -0.856134 -0.346267
-50.6665 61.5596 25.3352 0.384362 -0.856325 -0.344926
-51.0126 61.7973 24.2971 0.397606 -0.858325 -0.324327
-51.2933 61.977 23.4455 0.407327 -0.85719 -0.315127
-51.747 62.2278 22.1344 0.415798 -0.857427 -0.303201
-52.081 62.3567 21.2873 0.422852 -0.858155 -0.291058
-52.6296 62.4837 20.0737 0.427109 -0.86033 -0.278206
-53.0845 62.5769 19.0655 0.433136 -0.861746 -0.26401
-53.5243 62.6548 18.0524 0.432937 -0.864363 -0.25581
-54.0135 62.6978 16.9549 0.439602 -0.870328 -0.221866
-54.4416 62.7361 15.8937 0.449647 -0.868292 -0.20949
-54.7949 62.8039 14.7993 0.458512 -0.867305 -0.193777
-55.0181 62.9512 13.5412 0.463793 -0.869058 -0.172148
-55.0768 63.1223 12.4812 0.470644 -0.867895 -0.158891
-54.9621 63.4009 11.3186 0.470824 -0.867083 -0.162761
-54.6186 63.8271 9.93107 0.482318 -0.867037 -0.12134
-54.0922 64.2818 8.71344 0.521702 -0.845044 -0.117169
-53.591 64.7659 7.67971 0.520953 -0.841155 -0.145139
-53.0543 65.2544 6.6524 0.464944 -0.872263 -0.151608
-52.6125 65.6125 5.90656 0.451044 -0.883246 -0.127813
-52.0687 66.0279 4.98561 0.4457 -0.884744 -0.13631
-51.3814 66.4943 4.22055 0.450752 -0.882479 -0.134357
-50.4374 67.0827 3.47497 0.442182 -0.887257 -0.131336
-49.6115 67.5498 2.99248 0.425184 -0.897454 -0.117454
-48.6878 68.0384 2.50432 0.410643 -0.906417 -0.0989029
-47.856 68.456 2.05432 0.396597 -0.913342 -0.0922886
-46.8657 68.9258 1.58527 0.390834 -0.916411 -0.0862517
-46.0104 69.321 1.26757 0.395062 -0.915491 -0.0761714
-45.1483 69.7146 0.952269 0.385551 -0.920608 -0.0618931
-44.2281 70.1119 0.71572 0.377598 -0.923838 -0.0628007
-43.2353 70.5207 0.534029 0.373875 -0.926237 -0.0479885
-42.0135 71.0059 0.506855 0.36815 -0.928817 -0.0420107
-40.8959 71.4311 0.584443 0.346053 -0.937326 -0.0398054
-39.8983 71.7872 0.700971 0.322465 -0.945937 -0.0275688
-39.8685 71.7966 0.704664 0.303298 -0.952671 -0.0206796
-39.7493 71.8533 -0.245295 0.303976 -0.952545 -0.0158804
-38.736 72.1604 -0.107709 0.280323 -0.95982 -0.0128362
-37.8009 72.4386 0.105795 0.28877 -0.957376 -0.00655565
-36.7538 72.7638 0.492309 0.300432 -0.953798 -0.00276373
-35.7606 73.0692 0.860703 0.28103 -0.959029 -0.0319351
-34.6839 73.3535 1.25929 0.262378 -0.96393 -0.0436939
-33.7097 73.5645 1.70861 0.232327 -0.969377 -0.0795791
-32.8564 73.6969 2.23758 0.171569 -0.982488 -0.0726625
-31.8524 73.8131 3.02631 0.169701 -0.982754 -0.073458
-31.177 73.86 3.65308 0.123395 -0.988972 -0.0819
-30.5433 73.8832 4.31004 0.117738 -0.989219 -0.0870815
-29.9621 73.8785 5.09287 0.0875855 -0.99083 -0.102275
-29.4694 73.8274 5.94191 0.0797543 -0.988513 -0.127032
-29.0209 73.7383 6.78002 0.0717079 -0.986397 -0.147731
-28.5769 73.619 7.69106 0.0496696 -0.984466 -0.168402
-28.0632 73.4243 8.91655 0.0385056 -0.980445 -0.192604
-27.7201 73.1463 10.2652 0.0276012 -0.975292 -0.21919
-27.5329 72.8527 11.5272 0.0477765 -0.96711 -0.24983
-27.3508 72.5618 12.6429 0.0542684 -0.959052 -0.277613
-27.3162 72.2753 13.5555 0.0600363 -0.941089 -0.332313
-27.401 71.7999 14.7743 0.0703428 -0.917877 -0.390379
-27.5504 71.4275 15.5981 0.0634903 -0.914448 -0.399685
-27.7841 70.992 16.5363 0.0572207 -0.908343 -0.414292
-27.9749 70.5496 17.4633 0.0630847 -0.902399 -0.426208
-28.1664 70.053 18.4568 0.0540007 -0.886013 -0.460365
-28.3687 69.6257 19.2726 0.0443868 -0.880243 -0.472034
-28.6488 69.1321 20.1488 0.0149377 -0.876657 -0.480797
-29.2089 68.5578 21.1618 0.0115761 -0.872786 -0.487966
-29.6566 68.145 21.881 -0.00429798 -0.869886 -0.493235
-30.1577 67.6219 22.8146 -0.0251763 -0.873365 -0.486416
-30.5749 67.1869 23.6281 -0.0295316 -0.880573 -0.472966
-31.1811 66.7465 24.5033 -0.040553 -0.889574 -0.454881
-31.9599 66.3967 25.2638 -0.0222588 -0.900243 -0.434687
-32.6703 66.1428 25.8825 -0.0323405 -0.914293 -0.403761
-33.6333 65.8542 26.6551 -0.0350596 -0.93239 -0.35975
-34.5093 65.642 27.3308 -0.0303538 -0.957708 -0.28594
-35.4075 65.4448 27.975 0.0614978 -0.962034 -0.264973
-36.4155 65.2173 28.5923 0.152129 -0.971404 -0.169495
-37.4878 64.8636 29.1773 0.24851 -0.941641 -0.220908
-38.4841 64.396 29.7144 0.302396 -0.919113 -0.252563
-39.4844 63.9251 30.2974 0.300718 -0.91621 -0.264391
-40.2818 63.4666 30.8473 0.331648 -0.894103 -0.300982
-41.1107 62.9175 31.4811 0.351121 -0.877598 -0.326399
-41.8365 62.4073 32.0526 0.356109 -0.869776 -0.341578
-42.8571 61.6945 32.7943 0.351283 -0.864191 -0.360241
-43.8239 61.1737 33.1439 0.321155 -0.87355 -0.365746
-44.7393 60.8421 33.1295 0.330703 -0.866111 -0.374571
-45.7308 60.5378 32.9002 0.364875 -0.850368 -0.379133
-46.6124 60.3215 32.5147 0.382435 -0.848876 -0.364787
-47.3835 60.1753 32.0313 0.381644 -0.84522 -0.373937
-48.1065 60.097 31.497 0.373737 -0.845629 -0.381093
-48.8864 60.0599 30.8088 0.373011 -0.848124 -0.37623
-49.5985 60.1099 29.9934 0.370769 -0.850172 -0.373816
-50.2769 60.2976 28.8474 0.380018 -0.853469 -0.35662
-50.8008 60.5553 27.6634 0.383088 -0.854232 -0.351467
-51.1504 60.8399 26.5798 0.385299 -0.855388 -0.3462
-51.4595 61.1145 25.5385 0.394677 -0.856821 -0.331788
-51.8729 61.3964 24.2785 0.409429 -0.85685 -0.313331
-52.2706 61.6383 23.0775 0.418258 -0.855729 -0.304612
-52.6217 61.8234 22.0726 0.423598 -0.856872 -0.293685
-53.0592 61.9366 21.0792 0.429201 -0.856773 -0.285872
-53.4854 62.0241 20.1637 0.432183 -0.856304 -0.282776
-53.8763 62.1043 19.2995 0.424503 -0.861414 -0.278668
-54.4266 62.2037 18.0564 0.433295 -0.868181 -0.241399
-54.8934 62.251 16.9654 0.438952 -0.870023 -0.224458
-55.3699 62.2968 15.7325 0.450191 -0.871776 -0.193071
-55.7174 62.3617 14.5985 0.46225 -0.867078 -0.185504
-55.878 62.5206 13.3982 0.465197 -0.867802 -0.174645
-55.9284 62.6771 12.429 0.44778 -0.878302 -0.167567
-55.8315 62.9585 11.1757 0.464593 -0.870173 -0.164171
-55.5823 63.2687 10.077 0.481899 -0.865789 -0.134841
-55.1332 63.6419 8.88938 0.497634 -0.863074 -0.0863962
-54.7682 63.9408 8.1094 0.578381 -0.807166 -0.118141
-54.4048 64.322 7.35846 0.526816 -0.820472 -0.218547
-53.9381 64.831 6.37787 0.488442 -0.85481 -0.171656
-53.4758 65.2336 5.55236 0.461594 -0.870475 -0.170891
-53.0068 65.5955 4.7567 0.43211 -0.8888 -0.151972
-52.3672 66.065 3.86018 0.436799 -0.886626 -0.151946
-51.7062 66.4909 3.24487 0.432503 -0.889546 -0.147136
-50.8877 66.9826 2.63945 0.421195 -0.896093 -0.140044
-49.8916 67.5356 2.06397 0.423146 -0.899552 -0.108412
-49.016 67.9913 1.60384 0.407336 -0.907454 -0.102976
-48.0724 68.4559 1.10111 0.389841 -0.916138 -0.0933552
-47.0872 68.9152 0.654663 0.388781 -0.917927 -0.0791147
-46.2687 69.2904 0.342224 0.389176 -0.918084 -0.0749936
-45.1921 69.7681 -0.0322025 0.379289 -0.922908 -0.0659875
-44.379 70.1062 -0.228388 0.361654 -0.930766 -0.0532589
-43.3433 70.5209 -0.424694 0.357791 -0.933072 -0.0355694
-42.4209 70.8845 -0.461937 0.362827 -0.931404 -0.0288659
-41.4987 71.2396 -0.422034 0.360283 -0.932435 -0.0275937
-40.3506 71.6558 -0.312499 0.336465 -0.94141 -0.0232006
-40.1947 71.711 -0.294535 0.321067 -0.946719 -0.0188125
-40.2959 71.6921 -1.2667 0.304933 -0.952348 -0.00676415
-39.3836 71.9822 -1.1687 0.295905 -0.955157 -0.00685026
-38.4237 72.2648 -1.0241 0.28087 -0.95964 -0.0142553
-37.4028 72.5662 -0.765529 0.29458 -0.955575 -0.00836511
-36.4685 72.8575 -0.431535 0.295467 -0.955185 -0.0154444
-35.4673 73.1635 -0.0649937 0.292916 -0.956135 0.00259037
-34.4595 73.4434 0.326482 0.240034 -0.970712 0.00614117
-33.3904 73.6961 0.808584 0.192595 -0.980492 -0.0201353
-32.6078 73.8109 1.27063 0.174584 -0.982966 -0.0564521
-31.6112 73.92 1.99679 0.150075 -0.986353 -0.0677182
-30.7874 73.9875 2.68598 0.142305 -0.987362 -0.0694987
-30.005 74.0093 3.44808 0.0887867 -0.993664 -0.0688918
-29.3401 74.0045 4.29915 0.0878083 -0.992253 -0.0876906
-28.7404 73.9556 5.30766 0.0447824 -0.994403 -0.0949321
-28.1531 73.8429 6.38033 0.0470805 -0.989385 -0.13748
-27.5638 73.6685 7.64018 0.034721 -0.986536 -0.159816
-27.2177 73.5285 8.46634 0.00858497 -0.982187 -0.187709
-26.857 73.3184 9.58009 0.00620486 -0.980318 -0.19713
-26.6888 73.0577 10.7833 0.0257426 -0.974462 -0.223048
-26.4915 72.795 11.9357 0.024212 -0.97055 -0.239293
-26.3384 72.5066 12.9987 0.0424925 -0.961921 -0.270003
-26.3974 72.0025 14.4354 0.0526747 -0.934827 -0.349183
-26.5606 71.4749 15.6479 0.0642485 -0.914702 -0.398976
-26.9228 70.8696 16.964 0.076241 -0.9058 -0.416641
-27.0978 70.3758 17.9769 0.0715787 -0.902329 -0.425052
-27.3829 69.6968 19.2494 0.101287 -0.877626 -0.468039
-27.6363 69.1856 20.1167 0.0405323 -0.869614 -0.492065
-27.9526 68.7616 20.851 0.0339038 -0.87193 -0.488439
-28.4254 68.2877 21.648 0.0376516 -0.865637 -0.499255
-28.8692 67.8896 22.3245 -0.00438501 -0.868342 -0.495936
-29.3667 67.3289 23.2971 -0.0296091 -0.860839 -0.507964
-29.8489 66.8303 24.2242 -0.0579764 -0.872359 -0.485329
-30.4578 66.4233 25.0535 -0.066133 -0.880649 -0.469063
-31.0928 66.1354 25.6858 -0.0555523 -0.884298 -0.463607
-32.0734 65.7936 26.5585 -0.0798929 -0.912899 -0.398577
-32.901 65.5907 27.2333 -0.0575476 -0.924547 -0.376699
-33.6682 65.4588 27.8149 -0.0839465 -0.947883 -0.307362
-34.5191 65.317 28.4726 -0.0169444 -0.977372 -0.210849
-35.4451 65.2026 29.1122 -0.027957 -0.978417 -0.204739
-36.4882 64.9907 29.712 0.22435 -0.970991 -0.0827236
-37.408 64.6617 30.2047 0.339535 -0.923297 -0.179552
-38.3807 64.1655 30.721 0.34252 -0.909905 -0.231247
-39.334 63.6705 31.3074 0.337603 -0.896439 -0.287087
-40.2217 63.0983 31.9685 0.354791 -0.8789 -0.318838
-41.0809 62.4901 32.6529 0.362668 -0.870478 -0.332776
-41.8584 61.9256 33.2572 0.368559 -0.861389 -0.349534
-42.8328 61.2413 33.8872 0.369258 -0.848728 -0.378562
-43.7342 60.7887 34.0818 0.337509 -0.842335 -0.420189
-44.7421 60.4173 34.0423 0.319664 -0.848612 -0.421512
-45.8408 60.0849 33.7868 0.379542 -0.835579 -0.397185
-46.8534 59.8215 33.3584 0.390984 -0.830896 -0.395909
-47.647 59.6803 32.8611 0.386137 -0.835129 -0.391633
-48.4678 59.5903 32.2658 0.375197 -0.842098 -0.387362
-49.3629 59.5435 31.4946 0.375751 -0.842108 -0.386862
-50.0848 59.5758 30.718 0.375982 -0.845082 -0.380091
-50.6467 59.6816 29.9182 0.379286 -0.84949 -0.366663
-51.1887 59.8831 28.8648 0.381751 -0.851585 -0.359263
-51.6161 60.0751 27.9425 0.380123 -0.855252 -0.352209
-51.886 60.3074 27.0831 0.376666 -0.859743 -0.344913
-52.2077 60.6178 25.9372 0.376628 -0.866154 -0.328524
-52.5545 60.8716 24.8316 0.399505 -0.86147 -0.313472
-52.8653 61.0767 23.8558 0.407297 -0.86167 -0.302709
-53.2484 61.2891 22.7157 0.413768 -0.86204 -0.292716
-53.6554 61.4399 21.684 0.425656 -0.858819 -0.285037
-54.0984 61.525 20.7528 0.415608 -0.865222 -0.28015
-54.5398 61.6131 19.8349 0.406676 -0.872097 -0.272144
-54.941 61.6987 18.9408 0.418139 -0.873314 -0.24992
-55.3223 61.766 18.0796 0.416523 -0.87888 -0.231638
-55.8202 61.8126 16.8737 0.430759 -0.880307 -0.198617
-56.2743 61.8368 15.7148 0.440548 -0.87844 -0.185085
-56.6204 61.9075 14.5435 0.445203 -0.877026 -0.180611
-56.7512 62.0256 13.6457 0.440062 -0.878988 -0.183645
-56.7892 62.217 12.5778 0.434745 -0.886298 -0.159601
-56.7318 62.4373 11.4872 0.436766 -0.886218 -0.154441
-56.5536 62.6957 10.3738 0.462721 -0.876285 -0.134218
-56.1876 63.0265 9.18046 0.463643 -0.881175 -0.0925576
-55.8281 63.2965 8.32163 0.442763 -0.893492 -0.0750519
-55.4351 63.5722 7.53212 0.429709 -0.867306 -0.247777
-55.0205 64.1344 6.57847 0.526815 -0.820473 -0.218546
-54.6109 64.6084 5.72246 0.493283 -0.83605 -0.240193
-54.1053 65.0657 4.79162 0.426358 -0.885373 -0.184126
-53.5887 65.4651 3.95708 0.424263 -0.891252 -0.160063
-53.0634 65.846 3.23467 0.416876 -0.893384 -0.167559
-52.3606 66.2951 2.55884 0.416477 -0.895162 -0.158845
-51.6513 66.72 2.03006 0.416973 -0.896709 -0.148044
-50.7233 67.2337 1.44199 0.415047 -0.901711 -0.120877
-49.8627 67.6823 0.991976 0.405927 -0.906992 -0.111977
-48.8138 68.2092 0.424311 0.397148 -0.912072 -0.101816
-47.8777 68.6503 -0.044384 0.385392 -0.918629 -0.0870925
-47.1051 69.0003 -0.353445 0.382413 -0.9201 -0.084717
-46.2588 69.3766 -0.684778 0.38046 -0.921433 -0.0786035
-45.3516 69.7705 -0.996204 0.369688 -0.926693 -0.0676122
-44.4146 70.1536 -1.2315 0.356244 -0.932442 -0.060345
-43.4545 70.5239 -1.40059 0.348612 -0.935932 -0.0500132
-42.2464 70.9813 -1.41594 0.360351 -0.932025 -0.0384235
-41.039 71.4306 -1.34349 0.340554 -0.940084 -0.0162551
-40.4558 71.6408 -1.2838 0.323338 -0.94603 -0.0109262
-40.2174 71.723 -2.21978 0.306128 -0.951974 -0.00559892
-41.4746 71.2947 -2.35197 0.334586 -0.94213 -0.0210469
-42.5006 70.9234 -2.39635 0.350551 -0.935559 -0.0415376
-43.3995 70.5986 -2.40111 0.336196 -0.940239 -0.0538709
-44.2953 70.2656 -2.25828 0.348222 -0.935602 -0.0575197
-45.3238 69.8616 -2.02111 0.3606 -0.93019 -0.0677657
-46.3292 69.435 -1.67728 0.367147 -0.927186 -0.0743541
-47.2446 69.0325 -1.31814 0.372487 -0.923953 -0.0868348
-48.1564 68.6258 -0.971542 0.380382 -0.920265 -0.0916935
-49.0746 68.1977 -0.531175 0.389541 -0.916072 -0.095017
-49.8058 67.8407 -0.133609 0.393246 -0.912726 -0.110503
-50.5695 67.4493 0.317404 0.405927 -0.906992 -0.111977
-51.3183 67.0616 0.72151 0.404444 -0.906863 -0.118427
-52.2351 66.5634 1.28066 0.407496 -0.901549 -0.144908
-53.0331 66.1076 1.89784 0.398375 -0.902564 -0.16301
-53.969 65.5039 2.86539 0.402879 -0.898215 -0.175782
-54.5636 65.0619 3.71835 0.411035 -0.89268 -0.184858
-55.0528 64.6438 4.58789 0.416925 -0.885452 -0.205299
-55.4828 64.2116 5.43962 0.437794 -0.860884 -0.259258
-55.9024 63.7103 6.33474 0.453126 -0.84656 -0.27931
-56.3134 63.2457 7.2354 0.404609 -0.887335 -0.221196
-56.7638 62.8443 8.22487 0.38834 -0.912595 -0.127913
-57.0828 62.5831 9.10266 0.398933 -0.907209 -0.133497
-57.4008 62.3063 10.1164 0.41964 -0.901182 -0.108504
-57.5506 62.081 11.1922 0.402347 -0.90662 -0.1242
-57.6526 61.8608 12.295 0.381305 -0.911885 -0.151894
-57.6599 61.689 13.2155 0.391138 -0.90354 -0.175004
-57.5306 61.497 14.4613 0.395433 -0.899785 -0.184446
-57.221 61.3947 15.6548 0.401506 -0.897851 -0.180699
-56.7495 61.3844 16.7672 0.397566 -0.901681 -0.169656
-56.3054 61.3495 17.9099 0.396797 -0.899595 -0.182428
-55.9341 61.2885 18.7687 0.402521 -0.882582 -0.242952
-55.5602 61.2168 19.6118 0.393102 -0.87771 -0.274038
-55.1577 61.1422 20.4489 0.368001 -0.892187 -0.26151
-54.645 61.0346 21.5239 0.39279 -0.879 -0.270325
-54.1856 60.9343 22.5279 0.381416 -0.880085 -0.282128
-53.8561 60.7601 23.4507 0.369394 -0.881415 -0.29433
-53.446 60.4994 24.7343 0.363999 -0.880935 -0.302353
-53.0765 60.2415 25.9333 0.386266 -0.866269 -0.316446
-52.7665 59.9187 27.0905 0.377413 -0.859773 -0.344019
-52.4736 59.6158 28.141 0.366227 -0.860564 -0.353964
-52.0239 59.4165 29.0833 0.374609 -0.85529 -0.357882
-51.4526 59.2157 30.1479 0.386209 -0.845478 -0.368794
-50.6446 59.0418 31.3428 0.380127 -0.83947 -0.388319
-49.767 59.0262 32.2283 0.375751 -0.84211 -0.386858
-48.7391 59.0904 33.0723 0.375244 -0.839175 -0.393669
-47.6273 59.2061 33.8769 0.380986 -0.824609 -0.418173
-46.8256 59.373 34.3053 0.401011 -0.814041 -0.420152
-45.9622 59.5974 34.6308 0.360132 -0.814777 -0.454155
-44.9068 59.901 34.8975 0.345104 -0.825036 -0.447458
-44.0091 60.2254 34.9931 0.350193 -0.821695 -0.447582
-43.1814 60.5862 34.9491 0.345929 -0.843569 -0.410761
-42.4067 61.0302 34.7466 0.368827 -0.8271 -0.424028
-41.5503 61.6594 34.2096 0.368225 -0.85301 -0.369584
-40.7955 62.2277 33.6258 0.370935 -0.857266 -0.357075
-39.8101 62.9537 32.8352 0.371635 -0.864991 -0.33716
-38.9135 63.5457 32.141 0.316696 -0.892632 -0.320788
-37.9761 64.0925 31.5709 0.331959 -0.892319 -0.305361
-37.1739 64.5181 31.1512 0.31947 -0.903479 -0.285769
-36.4201 64.8944 30.7507 0.0326535 -0.942092 -0.313232
-35.3923 64.9723 30.163 -0.0374654 -0.976987 -0.209759
-34.5017 65.0462 29.584 -0.104218 -0.962161 -0.251723
-33.6827 65.1207 28.9819 -0.095219 -0.961271 -0.258579
-32.8551 65.2195 28.3309 -0.0872079 -0.954512 -0.284088
-31.9975 65.3444 27.6587 -0.135009 -0.93156 -0.337593
-31.1601 65.5325 26.9262 -0.11776 -0.902383 -0.412197
-30.2761 65.8365 26.1245 -0.0998635 -0.879948 -0.463986
-29.4637 66.2261 25.2654 -0.0874099 -0.868456 -0.487944
-28.9679 66.5947 24.5346 -0.0775519 -0.864838 -0.495964
-28.4165 67.1899 23.4774 -0.0295967 -0.860838 -0.507967
-27.9253 67.7348 22.5725 -0.00237869 -0.853481 -0.521119
-27.3751 68.2859 21.7304 0.0230338 -0.852328 -0.521647
-26.9432 68.7801 20.9249 0.080645 -0.867833 -0.490268
-26.5607 69.4522 19.8477 0.0991161 -0.865403 -0.49113
-26.312 69.9279 19.0475 0.0994434 -0.874762 -0.474003
-26.1699 70.4005 18.1616 0.112219 -0.895212 -0.430551
-25.9801 70.9283 17.0343 0.0940792 -0.915691 -0.390279
-25.6053 71.4485 15.8777 0.0742223 -0.915946 -0.394379
-25.4096 71.9441 14.6974 0.0732539 -0.927426 -0.366763
-25.3784 72.2731 13.8333 0.0460468 -0.949579 -0.309481
-25.3622 72.5525 12.9567 0.0221909 -0.959636 -0.279211
-25.5384 72.8441 11.8329 0.0242121 -0.97055 -0.239293
-25.7299 73.1126 10.6386 0.0221534 -0.977453 -0.209689
-25.8771 73.3211 9.59397 0.0147732 -0.979163 -0.2023
-26.0926 73.4839 8.72364 -0.0118395 -0.983974 -0.177916
-26.4962 73.6533 7.75485 -0.0142298 -0.986825 -0.161163
-26.9174 73.8238 6.71965 -0.00306997 -0.989353 -0.144958
-27.4628 73.9566 5.66498 0.00217684 -0.995165 -0.0981061
-27.9492 74.037 4.79809 0.0206204 -0.994733 -0.0991606
-28.5329 74.0867 3.81375 0.0464938 -0.996665 -0.0670667
-29.2675 74.1169 2.84446 0.067284 -0.995184 -0.0683053
-30.1478 74.1083 1.99163 0.10265 -0.991763 -0.0748342
-30.8637 74.0628 1.385 0.120442 -0.991328 -0.051607
-31.6771 73.981 0.745763 0.148885 -0.987817 -0.0450412
-32.4613 73.8815 0.240134 0.146341 -0.988781 -0.0194718
-33.3068 73.7053 -0.200218 0.208015 -0.977868 0.0224538
-34.3765 73.4549 -0.645903 0.249613 -0.968345 0.000977321
-35.2352 73.2349 -0.968396 0.263146 -0.964514 -0.00856853
-36.3587 72.907 -1.39626 0.295473 -0.955183 -0.0154325
-37.3281 72.6123 -1.72253 0.29645 -0.954595 -0.0294277
-38.3992 72.2921 -1.99864 0.295537 -0.954879 -0.0292716
-39.4865 71.9571 -2.14359 0.292995 -0.955868 -0.0174935
-40.1207 71.754 -2.20945 0.306134 -0.951972 -0.00560062
-40.1426 71.7689 -3.17511 0.310383 -0.950343 -0.0225687
-41.1029 71.4569 -3.28089 0.323508 -0.945729 -0.0271588
-42.2982 71.0406 -3.35258 0.325852 -0.944317 -0.0456631
-43.3633 70.6648 -3.3577 0.332138 -0.94176 -0.0526434
-44.5971 70.2122 -3.18415 0.337675 -0.939563 -0.0565465
-45.8336 69.7317 -2.88525 0.347138 -0.935429 -0.0668473
-46.8722 69.2877 -2.48819 0.366512 -0.926699 -0.0830115
-47.6896 68.934 -2.18028 0.374178 -0.923264 -0.0869584
-48.8207 68.4285 -1.73184 0.377622 -0.92151 -0.090665
-49.5836 68.0699 -1.33258 0.386661 -0.916661 -0.101125
-50.3743 67.6844 -0.865742 0.393254 -0.912724 -0.110492
-51.1457 67.2987 -0.428987 0.387697 -0.914082 -0.118932
-51.954 66.8892 -0.00599873 0.393064 -0.909429 -0.135796
-52.862 66.4056 0.562377 0.399248 -0.905631 -0.142945
-53.6825 65.9392 1.21278 0.388793 -0.907133 -0.161088
-54.4474 65.4722 1.95983 0.391224 -0.901477 -0.185159
-55.0073 65.0781 2.69726 0.393428 -0.898928 -0.192527
-55.5403 64.6555 3.55595 0.408981 -0.890824 -0.197425
-55.9678 64.2651 4.36291 0.416639 -0.885314 -0.20647
-56.4194 63.8062 5.25272 0.388724 -0.885155 -0.255717
-56.7736 63.4206 5.992 0.370583 -0.87959 -0.298311
-57.2066 62.9344 6.96724 0.368767 -0.89383 -0.253494
-57.6295 62.5526 7.88791 0.340858 -0.917061 -0.206647
-57.9466 62.2429 8.83341 0.398927 -0.907212 -0.133495
-58.266 61.9665 9.87673 0.360971 -0.922875 -0.13411
-58.4302 61.7475 10.9649 0.382845 -0.914338 -0.131208
-58.5485 61.5265 12.0876 0.338596 -0.92858 -0.150718
-58.5649 61.3439 13.0686 0.347739 -0.922842 -0.165649
-58.435 61.1335 14.4315 0.345292 -0.920904 -0.180857
-58.1695 61.0031 15.6204 0.339986 -0.923248 -0.178949
-57.8302 60.9551 16.5457 0.365036 -0.915982 -0.163861
-57.3459 60.9531 17.6622 0.380082 -0.905891 -0.186814
-56.9529 60.9163 18.5831 0.34582 -0.909345 -0.231262
-56.5567 60.8472 19.4585 0.349113 -0.907034 -0.235324
-56.0735 60.7601 20.4739 0.343663 -0.906895 -0.243798
-55.6248 60.6813 21.3805 0.336834 -0.907381 -0.251402
-55.1513 60.5615 22.4069 0.330045 -0.905482 -0.26678
-54.7948 60.4361 23.2475 0.346177 -0.89246 -0.288322
-54.4644 60.2603 24.2017 0.365162 -0.88349 -0.293402
-54.2211 60.0519 25.0909 0.355625 -0.883667 -0.304179
-53.9574 59.8498 25.9621 0.374741 -0.87066 -0.318622
-53.7153 59.6193 26.8438 0.361961 -0.865577 -0.34598
-53.4617 59.3139 27.8517 0.364607 -0.862279 -0.351472
-53.1536 59.0602 28.7741 0.37063 -0.854036 -0.365014
-52.634 58.8656 29.7464 0.373131 -0.851655 -0.368043
-52.0732 58.6848 30.716 0.379576 -0.842082 -0.383171
-51.3175 58.5243 31.804 0.378437 -0.838013 -0.39301
-50.4482 58.4806 32.7277 0.381337 -0.834332 -0.398087
-49.6201 58.4956 33.4836 0.374787 -0.83148 -0.409937
-48.6467 58.5758 34.1941 0.377077 -0.82754 -0.41592
-47.7593 58.6962 34.7472 0.380947 -0.810555 -0.444837
-46.8419 58.8896 35.1624 0.366891 -0.813188 -0.451794
-45.9379 59.1091 35.4859 0.353595 -0.796049 -0.491199
-44.9955 59.364 35.7425 0.34618 -0.797492 -0.494131
-43.8347 59.7755 35.8714 0.343677 -0.807072 -0.480125
-43.0033 60.1555 35.842 0.33745 -0.800171 -0.495837
-41.9843 60.7596 35.5784 0.348736 -0.79141 -0.502049
-41.1808 61.3606 35.1206 0.347222 -0.837111 -0.422707
-40.4801 61.9143 34.5889 0.341829 -0.842091 -0.417176
-39.7151 62.4813 33.9818 0.277756 -0.856349 -0.435317
-38.9336 63.0714 33.3176 0.260135 -0.866529 -0.425659
-38.2347 63.5231 32.7902 0.260902 -0.873271 -0.41143
-37.4222 64.0064 32.3136 0.273339 -0.865582 -0.419587
-36.4408 64.453 31.7964 0.119107 -0.914807 -0.385924
-35.4793 64.7089 31.2818 -0.0699808 -0.966451 -0.246586
-34.6244 64.7639 30.7635 -0.104006 -0.966996 -0.232597
-33.7815 64.7799 30.1681 -0.175858 -0.933419 -0.312735
-32.983 64.8287 29.5732 -0.175938 -0.933414 -0.312704
-32.136 64.9077 28.9079 -0.15532 -0.933571 -0.322986
-31.171 65.047 28.0855 -0.164989 -0.913796 -0.370111
-30.2948 65.2393 27.3073 -0.133621 -0.894494 -0.425061
-29.6018 65.4677 26.6846 -0.119796 -0.881625 -0.456493
-28.8706 65.7791 25.9497 -0.107483 -0.862392 -0.4947
-28.2727 66.178 25.1614 -0.0682991 -0.865331 -0.496526
-27.7237 66.7424 24.1464 -0.0462354 -0.848483 -0.527199
-27.2711 67.2777 23.2789 -0.0356067 -0.832629 -0.552685
-26.8165 67.7477 22.5808 0.0137413 -0.829883 -0.557491
-26.3026 68.318 21.7373 0.0291318 -0.829087 -0.558361
-25.8966 68.904 20.9079 0.0916316 -0.842018 -0.530804
-25.6553 69.3712 20.178 0.102087 -0.866933 -0.487857
-25.4388 69.8578 19.3585 0.102828 -0.867252 -0.487134
-25.2372 70.3663 18.4291 0.0929918 -0.88255 -0.460933
-25.0959 70.8098 17.5212 0.0900723 -0.904515 -0.4165
-24.8719 71.1522 16.7113 0.0328658 -0.926835 -0.374028
-24.4805 71.7191 15.4012 0.0440673 -0.919817 -0.389865
-24.4162 72.0869 14.4663 0.0422997 -0.937402 -0.34558
-24.3897 72.4143 13.5196 0.0319517 -0.958654 -0.282045
-24.4994 72.7506 12.2792 0.0242976 -0.966108 -0.256992
-24.6973 73.0454 11.0486 0.0331898 -0.975419 -0.217845
-24.8416 73.2652 9.93484 0.0042713 -0.983589 -0.180372
-24.9918 73.4322 8.99759 0.00584371 -0.985404 -0.17013
-25.3866 73.6121 7.91861 -0.00755238 -0.986715 -0.162284
-25.7774 73.7493 7.1012 -0.0277479 -0.989654 -0.139626
-26.1135 73.8854 6.15797 -0.0414291 -0.990881 -0.12821
-26.6537 74.0093 5.13707 -0.0149498 -0.994776 -0.100012
-27.125 74.075 4.32657 -0.0006508 -0.997915 -0.0645442
-27.6658 74.1305 3.40347 0.0104845 -0.998385 -0.0558159
-28.394 74.1695 2.37901 0.0290785 -0.997971 -0.0556724
-29.0904 74.2001 1.64206 0.0440077 -0.996923 -0.0620433
-29.9072 74.185 0.949651 0.0604667 -0.997185 -0.0427313
-30.9657 74.0941 0.0722604 0.121018 -0.992468 -0.0190354
-31.8764 73.9627 -0.5373 0.15405 -0.987719 0.0169333
-32.8795 73.7762 -1.04061 0.16798 -0.985347 0.0294899
-34.1524 73.5101 -1.57167 0.19858 -0.980048 -0.00268786
-35.3188 73.2213 -2.00509 0.263146 -0.964514 -0.00855882
-36.2396 72.9647 -2.33704 0.272126 -0.96189 -0.0267521
-37.3419 72.6405 -2.70578 0.293509 -0.955302 -0.035204
-38.291 72.3547 -2.95716 0.294906 -0.954978 -0.0321725
-39.36 72.0198 -3.10241 0.303045 -0.95272 -0.0220964
-39.6648 71.9234 -3.12515 0.306381 -0.951633 -0.0226556
-39.6384 71.9607 -4.09532 0.304509 -0.951856 -0.0348722
-38.4881 72.3307 -3.98187 0.302633 -0.952436 -0.0352297
-37.3762 72.667 -3.69361 0.293069 -0.955323 -0.0376617
-36.5194 72.915 -3.40866 0.288957 -0.956788 -0.0325592
-35.6065 73.1718 -3.09881 0.277712 -0.959956 -0.0368768
-34.7093 73.3852 -2.76618 0.240101 -0.970383 -0.0231882
-33.6625 73.6138 -2.37519 0.193459 -0.981069 -0.00874345
-32.7718 73.782 -2.00245 0.151631 -0.988381 0.0105828
-31.8638 73.9345 -1.58868 0.162612 -0.986253 0.0287246
-30.8844 74.097 -1.04926 0.140124 -0.990003 0.016125
-29.8893 74.2059 -0.320289 0.0777668 -0.996916 -0.0102171
-29.0791 74.2494 0.378335 0.030025 -0.998742 -0.0310295
-28.3927 74.2341 0.990131 0.00344059 -0.99948 -0.0319788
-27.5558 74.1963 1.9141 -0.0226449 -0.999157 -0.0342388
-26.8582 74.1445 2.88655 -0.0263937 -0.998798 -0.0410297
-26.2212 74.0734 3.9747 -0.0384836 -0.997621 -0.0563505
-25.7195 73.9926 4.84403 -0.0500368 -0.995966 -0.0744862
-25.1382 73.8668 6.04118 -0.0405643 -0.993025 -0.108296
-24.706 73.7139 7.12647 -0.02937 -0.990727 -0.132657
-24.3151 73.5962 7.96502 0.00777389 -0.991339 -0.1311
-23.9977 73.4396 9.03045 0.0263665 -0.987086 -0.158005
-23.8395 73.2652 10.2581 0.0518806 -0.978476 -0.196688
-23.6891 73.0311 11.3398 0.155987 -0.960048 -0.22815
-23.5489 72.8253 12.2093 0.123768 -0.962008 -0.243354
-23.4162 72.4864 13.4077 0.0567187 -0.962655 -0.264723
-23.4552 72.1037 14.5642 0.0556399 -0.937364 -0.343878
-23.5032 71.7483 15.4436 0.0427671 -0.918669 -0.392705
-23.7183 71.3538 16.3455 0.0424322 -0.919374 -0.39109
-24.0262 70.9885 17.18 0.0150561 -0.924247 -0.381342
-24.2381 70.473 18.3588 0.0834737 -0.91662 -0.388211
-24.4073 70.0846 19.1698 0.11323 -0.889886 -0.441907
-24.6411 69.587 20.0381 0.128489 -0.861138 -0.491867
-24.8394 69.0995 20.7719 0.126373 -0.821753 -0.555654
-25.1651 68.5066 21.597 0.0718729 -0.82043 -0.567166
-25.6693 67.8381 22.4959 0.0655333 -0.820515 -0.567853
-26.1349 67.3561 23.1506 0.00150416 -0.825724 -0.564021
-26.5973 66.8324 23.9437 0.00906743 -0.847123 -0.531081
-26.9824 66.3185 24.8053 -0.0282217 -0.861241 -0.507395
-27.5075 65.8282 25.6778 -0.0214872 -0.863309 -0.504172
-28.0811 65.4432 26.4032 -0.0719829 -0.860591 -0.504184
-28.756 65.1329 27.0719 -0.162468 -0.856568 -0.489792
-29.5511 64.8944 27.7782 -0.183846 -0.875866 -0.445969
-30.2505 64.7381 28.3964 -0.201579 -0.884609 -0.41968
-31.0352 64.6133 29.0896 -0.207618 -0.894679 -0.395529
-31.956 64.5067 29.8822 -0.190401 -0.911527 -0.364508
-32.8417 64.4555 30.5511 -0.207898 -0.916772 -0.341039
-33.8603 64.4536 31.32 -0.25154 -0.916988 -0.309613
-34.872 64.4493 31.9678 -0.101043 -0.950888 -0.29258
-35.869 64.2247 32.5096 0.0653458 -0.910935 -0.403516
-36.6167 63.9001 32.9114 0.174445 -0.878065 -0.445614
-37.5831 63.3957 33.4401 0.207212 -0.844325 -0.494143
-38.2815 62.9186 33.9681 0.218325 -0.845499 -0.487096
-39.0352 62.3491 34.6467 0.207084 -0.869057 -0.449285
-39.7305 61.8428 35.217 0.266649 -0.839027 -0.47427
-40.4911 61.2206 35.7967 0.312913 -0.797341 -0.516075
-41.2716 60.6057 36.2692 0.316453 -0.793711 -0.5195
-42.1778 60.0364 36.577 0.325199 -0.785968 -0.525745
-42.9938 59.6159 36.6896 0.329366 -0.789026 -0.518584
-43.8472 59.2561 36.6966 0.340198 -0.791573 -0.50762
-44.87 58.895 36.5855 0.332584 -0.796714 -0.504614
-46.0531 58.5723 36.287 0.343657 -0.801698 -0.489019
-47.0097 58.3528 35.9529 0.357026 -0.800646 -0.481142
-48.0422 58.1524 35.5078 0.369604 -0.805868 -0.462569
-48.9365 58.0238 34.989 0.369681 -0.819857 -0.437185
-49.7254 57.9707 34.4242 0.370305 -0.825047 -0.426762
-50.642 57.9292 33.6771 0.383505 -0.826805 -0.411482
-51.3832 57.9412 32.9606 0.383466 -0.831092 -0.402791
-52.1418 58.0331 32.0442 0.380237 -0.834191 -0.399431
-52.7861 58.1691 31.1422 0.381771 -0.838078 -0.389642
-53.2526 58.3057 30.3798 0.376835 -0.841995 -0.386057
-53.7649 58.5204 29.3992 0.377726 -0.84542 -0.377608
-54.2083 58.7718 28.382 0.36449 -0.856809 -0.364727
-54.4879 59.0912 27.3345 0.365433 -0.860996 -0.353758
-54.7314 59.3911 26.3579 0.349874 -0.876469 -0.330743
-54.9946 59.6201 25.4726 0.343054 -0.87777 -0.334323
-55.2869 59.878 24.4168 0.330793 -0.89381 -0.302743
-55.6766 60.0871 23.3465 0.328966 -0.902213 -0.278774
-56.1704 60.2483 22.2361 0.31075 -0.913783 -0.261281
-56.5994 60.3568 21.2984 0.329961 -0.912645 -0.240689
-57.0384 60.4169 20.4591 0.309856 -0.923643 -0.225477
-57.4898 60.5052 19.4483 0.311979 -0.92508 -0.216537
-57.9004 60.5672 18.5684 0.322367 -0.927988 -0.185773
-58.4298 60.5971 17.4037 0.314244 -0.935797 -0.159338
-58.8478 60.6196 16.4113 0.287768 -0.943517 -0.164202
-59.2068 60.7267 15.1642 0.293938 -0.941178 -0.166587
-59.433 60.8843 13.884 0.302634 -0.938868 -0.164131
-59.4756 61.087 12.6397 0.306957 -0.93839 -0.158749
-59.4176 61.2853 11.621 0.338591 -0.928581 -0.150722
-59.3008 61.4769 10.6157 0.324711 -0.93501 -0.142547
-59.127 61.6853 9.57018 0.314321 -0.936212 -0.156577
-58.8189 61.9886 8.50037 0.329825 -0.925804 -0.184131
-58.4636 62.3422 7.49073 0.318361 -0.916577 -0.241365
-58.0874 62.7279 6.58566 0.324372 -0.906807 -0.268746
-57.6307 63.1969 5.58902 0.345657 -0.901933 -0.258892
-57.2435 63.5655 4.83504 0.367549 -0.893233 -0.25801
-56.7921 63.9938 3.96626 0.398978 -0.889437 -0.222977
-56.2631 64.4638 2.97548 0.394003 -0.895565 -0.206697
-55.7667 64.8622 2.1542 0.387259 -0.901988 -0.190892
-55.1861 65.2722 1.35117 0.382133 -0.90907 -0.166032
-54.5165 65.6794 0.666414 0.381798 -0.910755 -0.157056
-53.66 66.1541 -0.0295577 0.390464 -0.908928 -0.146202
-52.8388 66.5945 -0.588179 0.391693 -0.909872 -0.136781
-51.8044 67.1138 -1.13211 0.386844 -0.913874 -0.123229
-50.7854 67.6108 -1.69531 0.379402 -0.918929 -0.107813
-50.0305 67.9764 -2.16288 0.377668 -0.921084 -0.0947135
-49.1628 68.379 -2.63523 0.375265 -0.922134 -0.0940464
-48.2216 68.7944 -3.00137 0.370996 -0.924538 -0.0871281
-47.4148 69.1449 -3.29094 0.36445 -0.927515 -0.0829973
-46.3892 69.5875 -3.72717 0.353396 -0.932216 -0.0766942
-45.3209 70.0029 -4.02243 0.347261 -0.935436 -0.0661009
-44.0884 70.46 -4.21597 0.337208 -0.939417 -0.0615279
-42.8671 70.8989 -4.32625 0.327832 -0.942956 -0.0577561
-41.5662 71.3435 -4.28091 0.318419 -0.946591 -0.049973
-40.2047 71.7848 -4.17298 0.311477 -0.949158 -0.0456183
-40.1283 71.8094 -4.16249 0.305477 -0.951287 -0.0409044
-39.9581 71.9041 -5.1567 0.297046 -0.953497 -0.0510634
-38.8836 72.2395 -5.0325 0.309345 -0.950368 -0.0332713
-37.9166 72.542 -4.82707 0.300135 -0.953229 -0.0356824
-36.813 72.8658 -4.48186 0.286948 -0.957198 -0.0378524
-35.7591 73.1652 -4.1363 0.283638 -0.958234 -0.0365562
-34.5551 73.4634 -3.68865 0.240984 -0.969134 -0.0520156
-33.3294 73.6806 -3.2139 0.188665 -0.98204 0.00172296
-32.0286 73.8603 -2.65866 0.131962 -0.989566 0.057844
-30.8451 74.0695 -2.18946 0.151026 -0.987597 0.0429417
-29.8956 74.2144 -1.5433 0.132267 -0.990665 0.0321686
-28.9573 74.2746 -0.807263 0.0575066 -0.998345 -0.000796737
-28.0041 74.2519 0.0456133 -0.0108004 -0.999896 -0.00958365
-27.381 74.2183 0.695545 -0.0489249 -0.998799 0.00260893
-26.7126 74.1866 1.43406 -0.051965 -0.998533 -0.0096555
-26.0142 74.1226 2.44163 -0.0642454 -0.997521 -0.0285491
-25.4278 74.0551 3.42128 -0.0742792 -0.996484 -0.0384938
-24.8916 73.9759 4.37661 -0.0696744 -0.996414 -0.0471932
-24.3879 73.8879 5.39198 -0.0445315 -0.996286 -0.0698085
-23.9372 73.7712 6.5904 -0.0126502 -0.995275 -0.0933526
-23.5372 73.6685 7.4224 0.00756549 -0.994005 -0.106812
-23.2203 73.5709 8.28287 0.0355822 -0.989906 -0.137183
-22.9891 73.484 9.19469 0.10636 -0.985264 -0.133952
-22.9138 73.3826 10.3493 0.200971 -0.965696 -0.132783
-22.7628 73.2127 11.2318 0.239983 -0.938686 -0.246587
-22.5818 72.9048 12.3185 0.135804 -0.920487 -0.36129
-22.443 72.496 13.5672 0.0847237 -0.944925 -0.315518
-22.5132 72.2154 14.503 0.133522 -0.947559 -0.279772
-22.5463 71.8765 15.4059 0.179419 -0.925578 -0.333315
-22.7836 71.3299 16.5923 0.201068 -0.878812 -0.432736
-23.1517 70.8408 17.5723 0.0332316 -0.93283 -0.358781
-23.2111 70.3531 18.4696 -0.150446 -0.876692 -0.316371
-23.551 70.0682 19.4807 0.191416 -0.894406 -0.404226
-23.8136 69.4599 20.4923 0.240048 -0.833784 -0.497173
-23.9565 68.9082 21.208 0.0854131 -0.802839 -0.590046
-24.2633 68.3265 21.973 0.0805892 -0.815567 -0.573024
-24.7341 67.7417 22.7642 0.0955585 -0.828178 -0.552259
-25.1565 67.2619 23.4422 0.0842189 -0.845447 -0.527378
-25.6527 66.6953 24.1993 0.107407 -0.832484 -0.543532
-25.9373 66.2257 24.9611 0.0106508 -0.858386 -0.512893
-26.5452 65.6753 25.8997 0.00711809 -0.864943 -0.501819
-27.2359 65.1461 26.8055 -0.0342879 -0.845234 -0.533192
-27.9524 64.7765 27.4976 -0.108917 -0.840377 -0.530946
-28.6168 64.5537 28.065 -0.195306 -0.859625 -0.472124
-29.3983 64.3776 28.7401 -0.216436 -0.879462 -0.423662
-30.0969 64.2663 29.3566 -0.234302 -0.88616 -0.399162
-30.8948 64.1776 30.072 -0.241063 -0.893734 -0.378323
-31.6082 64.117 30.6974 -0.218527 -0.907935 -0.35763
-32.3224 64.0676 31.2496 -0.237287 -0.89947 -0.365946
-33.0926 64.0559 31.8367 -0.277672 -0.900777 -0.332058
-34.0699 64.1221 32.489 -0.241821 -0.924656 -0.294165
-34.8753 64.0433 32.963 0.0195577 -0.91873 -0.394401
-35.8137 63.7177 33.4941 0.120259 -0.866194 -0.485021
-36.6427 63.3429 33.8947 0.177639 -0.840652 -0.511613
-37.4588 62.8404 34.4263 0.173342 -0.833528 -0.52458
-38.1642 62.314 35.1021 0.182229 -0.869012 -0.459567
-38.9722 61.7043 35.8452 0.224252 -0.845268 -0.485009
-39.7655 61.0646 36.4614 0.300567 -0.787587 -0.537928
-40.5586 60.4466 36.9251 0.304092 -0.787425 -0.536158
-41.5029 59.8242 37.2943 0.312694 -0.786425 -0.532666
-42.3488 59.382 37.4435 0.313817 -0.789213 -0.527856
-43.4531 58.8855 37.5211 0.325763 -0.79267 -0.515319
-44.3283 58.5666 37.4666 0.332855 -0.800474 -0.498446
-45.4655 58.228 37.2588 0.331911 -0.805836 -0.490296
-46.3237 58.0132 37.0175 0.334724 -0.808604 -0.483841
-47.3706 57.7688 36.6866 0.347899 -0.811685 -0.469184
-48.3326 57.5808 36.2921 0.350936 -0.820696 -0.45089
-49.2893 57.4572 35.7543 0.363947 -0.818072 -0.445309
-50.2386 57.4151 35.0463 0.36323 -0.827995 -0.427187
-51.1622 57.3952 34.2796 0.371418 -0.834938 -0.406113
-51.8958 57.4043 33.5856 0.377004 -0.833942 -0.402997
-52.7825 57.4997 32.5494 0.379777 -0.834565 -0.399088
-53.4943 57.6494 31.5507 0.385052 -0.833431 -0.396392
-54.0183 57.8029 30.7225 0.382139 -0.835914 -0.39393
-54.4562 58.0094 29.8494 0.378706 -0.840967 -0.386405
-54.8792 58.2085 28.9884 0.365469 -0.848808 -0.381994
-55.14 58.4826 28.1175 0.361384 -0.851758 -0.37934
-55.4706 58.845 26.962 0.352126 -0.863011 -0.362241
-55.7288 59.1305 26.0121 0.344456 -0.874646 -0.341091
-56.0053 59.3907 25.0457 0.3266 -0.89056 -0.316598
-56.3891 59.6368 23.9636 0.311056 -0.902615 -0.29754
-56.8456 59.8401 22.8399 0.302524 -0.906889 -0.292988
-57.3596 59.971 21.7932 0.29802 -0.920015 -0.254474
-57.7502 60.0668 20.9086 0.301741 -0.92491 -0.231193
-58.2176 60.1567 19.9075 0.294896 -0.932185 -0.209925
-58.707 60.2166 18.9098 0.297891 -0.934597 -0.194394
-59.2032 60.2526 17.8981 0.298224 -0.94024 -0.164354
-59.6678 60.2996 16.8212 0.286476 -0.94424 -0.162305
-60.0501 60.3934 15.6036 0.282851 -0.945567 -0.160931
-60.2289 60.4964 14.6723 0.287247 -0.94474 -0.157926
-60.3874 60.666 13.3975 0.288036 -0.944349 -0.158854
-60.3912 60.8956 12.0058 0.28713 -0.944977 -0.156764
-60.3263 61.0707 11.0858 0.295903 -0.945281 -0.137426
-60.1496 61.2586 10.1778 0.296214 -0.94458 -0.141484
-59.9689 61.4666 9.19246 0.308363 -0.937982 -0.157499
-59.5775 61.8483 7.91879 0.326473 -0.920614 -0.213648
-59.2769 62.1859 7.00812 0.333621 -0.909731 -0.247159
-58.9008 62.5761 6.08977 0.334116 -0.90692 -0.25663
-58.4697 63.001 5.15749 0.341548 -0.907077 -0.245679
-58.0037 63.4276 4.20091 0.363785 -0.903239 -0.227637
-57.2845 64.0066 3.03342 0.378718 -0.901872 -0.207721
-56.7405 64.4827 1.98489 0.380354 -0.902438 -0.202258
-56.193 64.8924 1.12686 0.373833 -0.911846 -0.169644
-55.5422 65.3125 0.299101 0.374654 -0.914289 -0.153983
-54.8976 65.6743 -0.283653 0.377531 -0.913612 -0.150871
-54.0508 66.1378 -0.990906 0.382765 -0.913315 -0.139091
-52.9185 66.7087 -1.60495 0.384618 -0.914122 -0.128257
-51.8721 67.2193 -2.13513 0.37708 -0.918696 -0.11745
-51.0088 67.6288 -2.65008 0.370398 -0.923509 -0.0996084
-49.9294 68.1327 -3.28615 0.371929 -0.923783 -0.0910662
-49.0801 68.5169 -3.71454 0.372101 -0.92367 -0.0915166
-48.2874 68.8682 -4.0369 0.371812 -0.923766 -0.0917199
-47.4957 69.2123 -4.35366 0.361014 -0.928048 -0.0914874
-46.4388 69.6473 -4.73825 0.340447 -0.936771 -0.0809707
-45.4451 70.0206 -4.95896 0.333771 -0.940269 -0.0668003
-44.606 70.3322 -5.09062 0.337715 -0.939076 -0.0639091
-43.5779 70.706 -5.21023 0.332927 -0.940691 -0.065267
-42.6669 71.0206 -5.26332 0.323616 -0.944816 -0.0509413
-41.6592 71.3622 -5.24875 0.314242 -0.948036 -0.0496606
-40.5112 71.7342 -5.20194 0.3018 -0.95206 -0.0497251
-40.2607 71.8109 -5.17651 0.297051 -0.953495 -0.0510684
