-42.7327 69.3241 15.4201 0.348159 -0.902974 -0.251841
-42.1019 69.5865 15.3099 0.296233 -0.911223 -0.286215
-42.5174 69.7208 14.1713 0.363643 -0.908649 -0.205233
-43.0047 69.3482 14.9578 0.355905 -0.905812 -0.228529
-42.9084 69.2713 15.3667 0.348165 -0.902973 -0.251836
-43.66 68.9073 15.6566 0.38444 -0.895636 -0.217277
-43.2456 68.8096 16.6443 0.313663 -0.913794 -0.255082
-42.1776 69.0687 16.8805 0.290337 -0.91393 -0.283526
-41.5075 69.5574 16.0176 0.296224 -0.911238 -0.286175
-41.0913 70.0581 14.8089 0.271747 -0.918866 -0.28589
-41.0748 70.3103 13.9425 0.262913 -0.925421 -0.272562
-41.6817 70.3087 13.0836 0.36952 -0.906173 -0.205685
-42.5128 69.9521 13.1683 0.367753 -0.907141 -0.204578
-43.4598 69.4295 13.7167 0.402937 -0.894001 -0.195968
-43.8339 69.0573 14.6068 0.425002 -0.88033 -0.210694
-43.72 68.9191 15.4638 0.426905 -0.884726 -0.187115
-44.5154 68.5054 15.5609 0.44415 -0.870572 -0.211742
-44.731 68.6441 14.5516 0.395504 -0.889295 -0.229633
-44.5581 68.9903 13.5308 0.387027 -0.891067 -0.237053
-43.996 69.3878 12.9415 0.386786 -0.892128 -0.23346
-42.9256 69.9657 12.3357 0.350279 -0.914458 -0.20266
-41.879 70.454 12.0811 0.381065 -0.903538 -0.195982
-40.8545 70.8334 12.2542 0.369234 -0.906555 -0.204511
-40.1999 70.7431 13.3598 0.270653 -0.917472 -0.291532
-40.1249 70.4786 14.2987 0.266003 -0.930719 -0.250819
-40.3004 70.1407 15.3153 0.291928 -0.908026 -0.300445
-40.553 69.7971 16.1271 0.26243 -0.919199 -0.29357
-41.0149 69.3794 17.0073 0.26258 -0.917829 -0.297727
-41.8479 68.8509 17.8218 0.26875 -0.897123 -0.350049
-42.7892 68.4055 18.3001 0.261318 -0.894142 -0.363089
-43.4258 68.3004 17.9781 0.3594 -0.874804 -0.324481
-44.0857 68.4136 16.7116 0.424205 -0.872013 -0.244109
-44.3646 68.4725 16.0125 0.444151 -0.870572 -0.211742
-45.0872 68.029 16.3583 0.390233 -0.892435 -0.226443
-45.4103 68.1177 15.4491 0.390624 -0.89281 -0.224278
-45.637 68.2316 14.5773 0.404892 -0.885652 -0.226981
-45.6121 68.4969 13.6351 0.398485 -0.885953 -0.237269
-45.1622 68.9407 12.7312 0.382136 -0.893111 -0.237328
-44.4936 69.3795 12.139 0.377004 -0.901768 -0.211317
-43.7709 69.7683 11.7479 0.373653 -0.904223 -0.206793
-42.8766 70.2114 11.3145 0.347984 -0.915286 -0.202858
-41.9301 70.6349 11.1262 0.382595 -0.9045 -0.188419
-41.1019 70.9975 11.1336 0.366627 -0.902118 -0.227525
-40.212 71.2759 11.446 0.321515 -0.916437 -0.236569
-39.4654 71.2323 12.5021 0.280451 -0.921839 -0.266077
-39.2465 70.9754 13.5343 0.291371 -0.913631 -0.283516
-39.2267 70.6799 14.5665 0.291563 -0.924978 -0.243572
-39.4479 70.3007 15.6351 0.280922 -0.909848 -0.305382
-39.8238 69.7795 16.7707 0.261499 -0.909585 -0.321674
-40.233 69.4268 17.511 0.241586 -0.921123 -0.305235
-41.2598 68.7589 18.5403 0.266024 -0.892221 -0.363991
-41.9555 68.353 19.0295 0.261323 -0.894143 -0.363084
-42.7941 67.8695 19.563 0.273616 -0.887127 -0.371672
-43.8008 67.7022 19.1094 0.3615 -0.869781 -0.335833
-44.4201 67.8945 17.9575 0.377742 -0.864945 -0.329883
-44.8 67.9776 17.0672 0.394986 -0.891064 -0.223587
-45.0293 68.015 16.513 0.392834 -0.891539 -0.225459
-45.804 67.6191 16.735 0.390671 -0.892019 -0.227328
-45.4663 67.5469 17.6064 0.394366 -0.876328 -0.271968
-44.8984 67.3513 18.8306 0.368685 -0.878099 -0.303005
-44.4732 67.2052 19.6815 0.36123 -0.871281 -0.332238
-44.0604 67.0657 20.4885 0.288319 -0.885527 -0.363928
-42.9293 67.3533 20.7 0.291643 -0.890722 -0.348653
-42.0547 67.8117 20.2301 0.258299 -0.886905 -0.38299
-41.1226 68.3427 19.6009 0.240392 -0.89124 -0.384576
-40.3475 68.8182 18.9888 0.242605 -0.891729 -0.382023
-39.5865 69.327 18.204 0.231842 -0.907158 -0.350957
-39.1281 69.7374 17.4518 0.250716 -0.902192 -0.350983
-38.7176 70.2678 16.3851 0.256554 -0.898542 -0.356007
-38.417 70.7096 15.3461 0.277075 -0.903018 -0.327036
-38.2768 71.1346 14.0179 0.294138 -0.917646 -0.266645
-38.4047 71.4275 12.7916 0.211435 -0.950273 -0.228639
-38.6815 71.5957 11.8465 0.211635 -0.949355 -0.232239
-39.5062 71.6668 10.8045 0.210606 -0.952489 -0.21964
-40.3472 71.4727 10.3466 0.329001 -0.930824 -0.15914
-41.4342 71.0602 10.1578 0.399611 -0.906389 -0.137007
-42.7869 70.4722 10.2838 0.345808 -0.916357 -0.201759
-43.764 70.0158 10.6443 0.365283 -0.90904 -0.200536
-44.7185 69.5114 11.1577 0.373461 -0.904541 -0.205751
-45.4774 69.0708 11.6908 0.380181 -0.899622 -0.214809
-46.1281 68.589 12.4168 0.428714 -0.87137 -0.238576
-46.52 68.1553 13.3065 0.426398 -0.875486 -0.227239
-46.5838 67.9043 14.1875 0.415473 -0.880107 -0.229227
-46.3871 67.7475 15.1617 0.406014 -0.888316 -0.214585
-45.888 67.6385 16.5147 0.386302 -0.893887 -0.227408
-45.8396 67.6272 16.6421 0.39067 -0.892021 -0.227325
-46.5768 67.2156 17.0203 0.384607 -0.893805 -0.230631
-47.0447 67.3124 15.8078 0.398033 -0.894767 -0.202297
-47.3803 67.3786 14.8388 0.403627 -0.892614 -0.200814
-47.4621 67.6513 13.5192 0.405033 -0.890194 -0.208537
-47.3018 67.9482 12.6605 0.428845 -0.872421 -0.234466
-46.8045 68.4276 11.7365 0.431797 -0.880853 -0.194035
-46.1961 68.8588 11.0823 0.422032 -0.888739 -0.178977
-45.2514 69.4448 10.3663 0.41575 -0.892716 -0.173807
-44.2981 69.95 9.86199 0.366551 -0.920124 -0.137883
-43.2581 70.4339 9.4372 0.372306 -0.917072 -0.142718
-41.9249 70.9989 9.20056 0.367219 -0.9163 -0.159826
-40.781 71.4659 9.24256 0.361475 -0.924054 -0.124339
-39.5586 71.8487 9.64539 0.300182 -0.944881 -0.129611
-38.6743 71.9689 10.2519 0.20956 -0.955619 -0.207068
-38.0773 71.9394 10.9922 0.210606 -0.952487 -0.219645
-37.6531 71.8402 11.7885 0.280157 -0.925793 -0.25381
-37.4423 71.6534 12.7427 0.220967 -0.949177 -0.22388
-37.3667 71.4124 13.8648 0.230495 -0.948079 -0.219131
-37.4189 71.1729 14.7771 0.230766 -0.943363 -0.238357
-37.5827 70.8213 15.7808 0.297985 -0.890863 -0.342882
-37.8584 70.3774 16.7387 0.262408 -0.895267 -0.360053
-38.16 69.9794 17.5212 0.250718 -0.902192 -0.350984
-38.5929 69.4993 18.4492 0.246608 -0.904539 -0.347804
-39.2562 68.974 19.2871 0.22624 -0.894831 -0.384828
-40.0253 68.486 19.9562 0.235254 -0.891444 -0.387225
-40.7899 68.0284 20.5409 0.239492 -0.89214 -0.383053
-41.5294 67.6322 21.0057 0.239514 -0.899671 -0.364748
-42.2633 67.2627 21.4105 0.252531 -0.897544 -0.361447
-43.0807 66.8588 21.8462 0.275306 -0.895249 -0.349319
-43.837 66.4679 22.206 0.300349 -0.891048 -0.340325
-44.5127 66.3909 21.7783 0.382605 -0.862033 -0.332236
-44.8494 66.5906 20.8535 0.368865 -0.865785 -0.337806
-45.4397 66.8537 19.5992 0.354326 -0.871315 -0.339135
-45.8942 67.0125 18.6609 0.354708 -0.879106 -0.318362
-46.3005 67.1525 17.7256 0.38461 -0.893804 -0.230628
-47.1375 66.7184 17.7804 0.471082 -0.843675 -0.257381
-47.4773 66.794 16.892 0.455995 -0.850487 -0.261646
-47.8597 66.8749 15.9903 0.438735 -0.869859 -0.225514
-48.2765 66.9504 14.888 0.426318 -0.874044 -0.23255
-48.4009 67.1399 13.8671 0.407996 -0.889382 -0.206248
-48.2893 67.447 12.7782 0.407125 -0.888725 -0.210752
-47.9837 67.7991 11.9332 0.437868 -0.879194 -0.187854
-47.5363 68.1861 11.1778 0.436824 -0.876712 -0.201397
-46.9592 68.6168 10.5047 0.414813 -0.890993 -0.18456
-46.3071 69.0312 9.94649 0.413631 -0.900426 -0.134655
-45.6153 69.4248 9.46115 0.415366 -0.89928 -0.136994
-44.8689 69.814 9.06283 0.390766 -0.913868 -0.109693
-43.9382 70.2514 8.67445 0.389755 -0.915469 -0.100037
-42.7255 70.8162 8.32619 0.386351 -0.914146 -0.121151
-41.6789 71.2528 8.2195 0.363782 -0.922769 -0.126838
-40.6656 71.6254 8.31482 0.349075 -0.928629 -0.125677
-39.4647 71.9965 8.68417 0.309165 -0.943331 -0.120594
-38.4482 72.2492 9.21542 0.281985 -0.951101 -0.126058
-37.7503 72.3199 9.80325 0.265919 -0.935547 -0.232127
-37.1917 72.2713 10.6776 0.27776 -0.932877 -0.229326
-36.634 72.1187 11.8977 0.272316 -0.925732 -0.262169
-36.4547 71.9015 12.816 0.260442 -0.932659 -0.248533
-36.4274 71.5542 14.1542 0.194684 -0.946414 -0.255911
-36.5471 71.2959 15.1392 0.211687 -0.949019 -0.232514
-36.6926 70.9928 16.01 0.2294 -0.898906 -0.372115
-36.8939 70.5884 16.8231 0.209217 -0.89525 -0.39339
-37.2033 70.1566 17.6744 0.210884 -0.905989 -0.367032
-37.5262 69.7706 18.4278 0.218838 -0.901359 -0.373713
-37.9248 69.3581 19.1762 0.226036 -0.894877 -0.384841
-38.4742 68.9229 19.8657 0.231555 -0.897081 -0.376188
-39.4051 68.3265 20.688 0.229031 -0.892355 -0.388906
-40.2332 67.8568 21.2789 0.233105 -0.891853 -0.387608
-40.99 67.4625 21.7536 0.226498 -0.901791 -0.368065
-41.7446 67.0909 22.1996 0.239514 -0.89967 -0.364748
-42.6008 66.6627 22.6691 0.250252 -0.897699 -0.362644
-43.4902 66.1898 23.1698 0.264187 -0.885032 -0.383306
-44.276 65.7956 23.5383 0.264242 -0.884959 -0.383437
-45.0105 65.7109 22.9649 0.379127 -0.874529 -0.302427
-45.4209 65.987 21.7575 0.388692 -0.856304 -0.34009
-45.7301 66.1886 20.9106 0.377979 -0.860866 -0.340395
-46.1549 66.376 19.995 0.381168 -0.854979 -0.351741
-46.75 66.6082 18.7468 0.384478 -0.85934 -0.337212
-46.84 66.6436 18.5539 0.428904 -0.849979 -0.300248
-47.5433 66.1388 18.936 0.453204 -0.851529 -0.263538
-47.0984 65.9934 19.894 0.377685 -0.859128 -0.34533
-46.6142 65.7949 20.9409 0.374803 -0.866749 -0.329043
-46.2543 65.5535 21.9684 0.347958 -0.880234 -0.322667
-45.9315 65.3108 22.9932 0.350059 -0.882435 -0.314273
-45.5482 64.9592 24.239 0.30435 -0.878927 -0.367231
-44.8817 64.8693 25.0112 0.323557 -0.871176 -0.368844
-43.957 65.4665 24.5175 0.302098 -0.865847 -0.396346
-43.1716 65.8648 24.1355 0.260265 -0.881489 -0.393897
-42.2814 66.3837 23.58 0.261635 -0.890169 -0.37264
-41.5662 66.755 23.153 0.249111 -0.897869 -0.36301
-40.6911 67.1733 22.6479 0.225541 -0.904885 -0.360922
-39.4947 67.7642 21.9036 0.212512 -0.905549 -0.367178
-38.7726 68.1828 21.3865 0.230304 -0.883626 -0.40755
-38.1042 68.6125 20.8337 0.250689 -0.888491 -0.384367
-37.3854 69.1244 20.0749 0.23186 -0.900173 -0.368646
-36.9064 69.5446 19.3404 0.222125 -0.90319 -0.367299
-36.5298 69.9648 18.5348 0.178741 -0.912569 -0.366324
-36.1618 70.3702 17.6631 0.140703 -0.922634 -0.358968
-35.8418 70.8824 16.5452 0.110197 -0.903459 -0.41426
-35.6641 71.2993 15.6142 0.0939667 -0.946689 -0.30814
-35.5158 71.5935 14.7552 0.142511 -0.950802 -0.267688
-35.4395 71.8819 13.7628 0.19084 -0.940231 -0.281916
-35.4948 72.1771 12.808 0.229833 -0.91981 -0.31333
-35.7155 72.4458 11.6712 0.252166 -0.937994 -0.234792
-36.116 72.5589 10.7363 0.218179 -0.949373 -0.226027
-36.661 72.6312 9.73929 0.227808 -0.95903 -0.168418
-37.4715 72.6161 8.71805 0.262768 -0.952122 -0.151731
-38.6675 72.3436 8.01291 0.296385 -0.944539 -0.141396
-39.6083 72.0886 7.65063 0.305928 -0.943058 -0.130574
-40.7257 71.7364 7.32756 0.344577 -0.930623 -0.123197
-41.726 71.3631 7.24754 0.356545 -0.925764 -0.125798
-42.8075 70.9032 7.35806 0.394614 -0.909102 -0.133468
-43.8019 70.4343 7.60888 0.39157 -0.91083 -0.130522
-44.7271 69.9885 8.00983 0.388888 -0.915857 -0.0998561
-45.5322 69.6123 8.33702 0.387229 -0.916477 -0.100613
-46.3441 69.1913 8.77422 0.416433 -0.90228 -0.111689
-47.0588 68.7775 9.34133 0.41124 -0.901802 -0.132795
-47.7146 68.3863 9.91956 0.425814 -0.883853 -0.192983
-48.3456 67.8887 10.7314 0.430004 -0.879552 -0.203678
-48.8869 67.3913 11.7376 0.438011 -0.878935 -0.18873
-49.2499 66.942 12.9601 0.436725 -0.878005 -0.195902
-49.2893 66.6859 14.0198 0.435414 -0.878385 -0.197115
-49.054 66.5055 15.1618 0.436271 -0.865778 -0.245145
-48.4479 66.3739 16.6415 0.43126 -0.86257 -0.264553
-47.9899 66.2567 17.7574 0.441599 -0.857132 -0.264819
-47.6831 66.173 18.5763 0.452289 -0.85408 -0.256871
-48.4695 65.6942 18.7761 0.440315 -0.856464 -0.268967
-48.8153 65.81 17.8625 0.430905 -0.860188 -0.27276
-49.1418 65.9109 17.02 0.434099 -0.861632 -0.26294
-49.6887 65.9968 15.8222 0.446619 -0.861593 -0.240103
-49.9791 66.0751 14.9363 0.47419 -0.848193 -0.236034
-50.1731 66.2681 13.853 0.475155 -0.847957 -0.234936
-50.1431 66.5102 12.8884 0.44768 -0.873517 -0.191184
-49.8373 66.9307 11.6364 0.449165 -0.87496 -0.180819
-49.1972 67.5422 10.3605 0.452702 -0.870135 -0.194744
-48.7306 67.9304 9.66464 0.470678 -0.863276 -0.179257
-48.0378 68.3648 8.89114 0.401542 -0.91064 -0.0974621
-47.1987 68.8557 8.21092 0.437748 -0.893854 -0.0969646
-46.4984 69.2375 7.76665 0.425875 -0.899439 -0.0981834
-45.6399 69.6817 7.33712 0.387615 -0.915211 -0.110199
-44.7181 70.1331 6.9288 0.402269 -0.907718 -0.119279
-43.6171 70.6698 6.54209 0.39723 -0.909047 -0.125866
-42.3144 71.2518 6.31442 0.376636 -0.919338 -0.113851
-41.032 71.7511 6.3249 0.344563 -0.931382 -0.117495
-40.0573 72.086 6.51124 0.327687 -0.937612 -0.115296
-39.2261 72.3309 6.79203 0.305477 -0.943285 -0.129988
-38.014 72.656 7.28398 0.305936 -0.943139 -0.129968
-37.1889 72.8538 7.70625 0.272118 -0.951849 -0.138862
-36.4111 72.9237 8.4408 0.254053 -0.949271 -0.185316
-35.804 72.9059 9.34579 0.23172 -0.958226 -0.167655
-35.3247 72.8524 10.1956 0.208181 -0.956458 -0.204569
-34.9056 72.7573 11.1517 0.229153 -0.954954 -0.188551
-34.6657 72.6406 12.0204 0.252159 -0.937995 -0.234792
-34.5173 72.3543 12.8967 0.197932 -0.912987 -0.356761
-34.4689 72.0051 13.9437 0.13935 -0.936241 -0.322544
-34.6264 71.5152 15.3191 0.136224 -0.939537 -0.314187
-34.8075 71.1651 16.2074 0.107763 -0.910881 -0.397834
-35.0228 70.691 17.2105 0.127344 -0.907006 -0.401403
-35.3879 70.2538 18.2652 0.105376 -0.930379 -0.349858
-35.7767 69.799 19.198 0.129043 -0.913867 -0.384902
-36.1519 69.4417 19.9362 0.110465 -0.910609 -0.397479
-36.803 68.9349 20.8607 0.158587 -0.896292 -0.410569
-37.3997 68.5137 21.4735 0.238283 -0.881627 -0.407375
-38.4301 67.8652 22.286 0.243088 -0.890881 -0.38362
-39.3893 67.3609 22.9445 0.207113 -0.902854 -0.376773
-40.4822 66.8441 23.5874 0.209189 -0.903577 -0.373882
-41.2088 66.5235 24.0178 0.231587 -0.913135 -0.334132
-42.1051 65.9966 24.5743 0.300687 -0.870753 -0.389071
-43.0157 65.4889 25.0914 0.25274 -0.889082 -0.38155
-43.8039 65.0423 25.5542 0.297964 -0.866043 -0.401481
-44.6194 64.5151 26.1102 0.295919 -0.892036 -0.341283
-45.7962 64.1178 26.1074 0.30286 -0.894781 -0.328089
-46.2607 64.4047 24.8869 0.374421 -0.856122 -0.35618
-46.4956 64.6541 24.0406 0.374367 -0.856116 -0.356252
-46.9433 64.9994 22.7405 0.362175 -0.869276 -0.335299
-47.2952 65.3006 21.4817 0.371777 -0.875 -0.310091
-47.7114 65.4924 20.4864 0.37644 -0.869104 -0.32086
-48.2011 65.6202 19.4599 0.45413 -0.848975 -0.270198
-48.258 65.6325 19.3255 0.45413 -0.848974 -0.270203
-49.0842 65.1754 19.4712 0.427971 -0.863615 -0.266471
-48.6279 65.0914 20.467 0.41033 -0.862591 -0.294355
-48.2443 64.9561 21.3038 0.393998 -0.861461 -0.320391
-47.9693 64.7579 22.1795 0.383422 -0.866796 -0.31883
-47.574 64.4197 23.4942 0.366315 -0.857947 -0.360134
-47.2999 64.1871 24.3219 0.369906 -0.861439 -0.347566
-46.921 63.7835 25.7789 0.355223 -0.873684 -0.33235
-46.4593 63.5637 26.8257 0.365151 -0.863425 -0.348084
-45.5979 63.513 27.7088 0.319333 -0.864662 -0.387183
-44.4237 64.1729 27.1284 0.293946 -0.880793 -0.370728
-43.4687 64.7518 26.4607 0.291382 -0.888401 -0.354739
-42.5346 65.2862 25.9008 0.270679 -0.889511 -0.36758
-41.7822 65.7137 25.4646 0.303904 -0.871538 -0.38479
-40.6483 66.3713 24.7892 0.227436 -0.903978 -0.359473
-39.6233 66.833 24.1312 0.199045 -0.923547 -0.327711
-38.7796 67.2053 23.6539 0.201736 -0.903201 -0.378854
-38.0549 67.5863 23.1818 0.228678 -0.889413 -0.395791
-37.0314 68.167 22.3937 0.122545 -0.892219 -0.43466
-36.1016 68.7106 21.5114 0.109974 -0.898915 -0.424097
-35.308 69.3119 20.4115 0.0948505 -0.904664 -0.415434
-34.7204 69.9007 19.2098 0.0706173 -0.916992 -0.392605
-34.3945 70.2699 18.3945 0.0638946 -0.921511 -0.38306
-34.0647 70.7671 17.297 0.0881835 -0.914761 -0.394254
-33.7698 71.3789 15.9013 0.0751847 -0.924168 -0.374514
-33.5986 71.7707 14.9917 0.131809 -0.927302 -0.348851
-33.4955 72.2435 13.6411 0.121955 -0.93985 -0.319076
-33.6181 72.7181 12.3373 0.128958 -0.941 -0.310063
-33.8234 72.939 11.4725 0.160483 -0.957444 -0.232871
-34.1331 73.0526 10.5994 0.21518 -0.955189 -0.202843
-34.6784 73.1556 9.46827 0.224169 -0.951496 -0.210209
-35.1254 73.2278 8.67813 0.254512 -0.946194 -0.199219
-35.7549 73.2365 7.75287 0.260549 -0.947134 -0.187219
-36.7003 73.1295 6.89458 0.282846 -0.94102 -0.185688
-37.903 72.8151 6.3227 0.299008 -0.947196 -0.115773
-38.9881 72.5215 5.89811 0.308125 -0.944243 -0.116035
-40.0126 72.2177 5.54559 0.332704 -0.936696 -0.109124
-41.3155 71.7716 5.34142 0.356995 -0.927141 -0.112939
-42.3843 71.3429 5.34831 0.373085 -0.921183 -0.110464
-43.2547 70.9703 5.4523 0.380635 -0.917852 -0.112538
-44.2178 70.5291 5.68504 0.388497 -0.912383 -0.128948
-44.9941 70.151 5.98348 0.40385 -0.903945 -0.14067
-46.1613 69.5707 6.50649 0.3758 -0.919311 -0.116787
-46.9333 69.1774 6.89174 0.428292 -0.889637 -0.158435
-47.7734 68.6787 7.44688 0.423358 -0.892068 -0.158061
-48.7051 68.1365 8.19229 0.422209 -0.902635 -0.0835997
-49.4345 67.6562 9.01672 0.498932 -0.850723 -0.164148
-49.9113 67.2682 9.71644 0.464673 -0.87641 -0.126426
-50.3904 66.8631 10.6095 0.465981 -0.86657 -0.178653
-50.7402 66.4842 11.5416 0.458503 -0.870896 -0.176954
-50.9944 66.1383 12.5856 0.454844 -0.872332 -0.179221
-51.0278 65.8441 13.6894 0.436365 -0.87091 -0.226057
-50.8716 65.642 14.778 0.44127 -0.87034 -0.218607
-50.4576 65.5126 16.1286 0.448636 -0.866495 -0.218729
-49.9553 65.4347 17.2323 0.435816 -0.861809 -0.259519
-49.4052 65.2721 18.6365 0.42906 -0.86247 -0.268406
-49.1865 65.2056 19.207 0.42943 -0.863282 -0.265206
-49.9489 64.706 19.6267 0.419393 -0.870171 -0.258675
-49.536 64.6508 20.4548 0.410115 -0.870411 -0.272378
-49.1246 64.5005 21.4456 0.394091 -0.861222 -0.320918
-48.7052 64.2566 22.6213 0.399787 -0.855344 -0.329229
-48.3567 63.959 23.7784 0.387395 -0.852011 -0.351569
-48.1302 63.7156 24.6334 0.368569 -0.868294 -0.331997
-47.869 63.4753 25.5513 0.370206 -0.864388 -0.340157
-47.5904 63.2358 26.443 0.372352 -0.860488 -0.347727
-47.2056 63.0569 27.2978 0.371912 -0.861521 -0.345625
-46.5731 62.9465 28.1259 0.335892 -0.863333 -0.376607
-45.6652 63.023 28.7773 0.340809 -0.865267 -0.367645
-44.463 63.6086 28.4517 0.320213 -0.87497 -0.363108
-43.7323 64.1318 27.823 0.307138 -0.885489 -0.348149
-42.6783 64.7656 27.0844 0.294578 -0.88924 -0.349965
-41.8874 65.2099 26.5948 0.285476 -0.884113 -0.36993
-41.1783 65.6067 26.1938 0.278184 -0.886412 -0.369905
-40.4691 65.9844 25.7855 0.265995 -0.894698 -0.358833
-39.7085 66.3942 25.3161 0.199045 -0.923547 -0.327713
-38.9939 66.7072 24.8536 0.192321 -0.924676 -0.328613
-37.9868 67.1294 24.2739 0.165132 -0.922708 -0.346622
-37.0833 67.5615 23.6209 0.122618 -0.891945 -0.4352
-36.3846 67.9266 23.0691 0.122424 -0.89204 -0.435061
-35.6856 68.3148 22.4742 0.133375 -0.896136 -0.423251
-35.008 68.7595 21.7118 0.0914798 -0.912157 -0.399501
-34.4559 69.1875 20.879 0.0957203 -0.905788 -0.412779
-33.9328 69.6875 19.8584 0.0932303 -0.91578 -0.39071
-33.4723 70.2724 18.6673 0.124054 -0.903071 -0.410852
-33.1045 70.8336 17.4607 0.168733 -0.90346 -0.391594
-32.9488 71.2413 16.623 0.198886 -0.918636 -0.341396
-32.7327 71.7032 15.5059 0.168465 -0.927937 -0.330799
-32.5688 72.0894 14.4511 0.132426 -0.937137 -0.322857
-32.5331 72.3991 13.5836 0.127088 -0.930772 -0.342568
-32.6055 72.7692 12.5803 0.116189 -0.933827 -0.338034
-32.8531 73.0915 11.4176 0.16426 -0.946828 -0.27665
-33.3144 73.3132 10.2094 0.193183 -0.958466 -0.209504
-33.6923 73.4044 9.39378 0.224169 -0.951496 -0.210208
-34.2698 73.5081 8.31888 0.211935 -0.958022 -0.192944
-34.8137 73.5507 7.47344 0.237957 -0.952826 -0.18696
-35.3757 73.5381 6.75432 0.259737 -0.947707 -0.185438
-36.124 73.4185 6.12907 0.318216 -0.941713 -0.109004
-36.8928 73.2121 5.70483 0.306145 -0.945066 -0.114196
-38.2318 72.8537 5.19241 0.299807 -0.946808 -0.116864
-39.1537 72.5967 4.81068 0.309236 -0.944913 -0.107294
-40.5906 72.1341 4.44132 0.337453 -0.936962 -0.090011
-41.5034 71.7995 4.37505 0.371944 -0.923561 -0.0932403
-42.8214 71.266 4.39895 0.3772 -0.921242 -0.0948759
-44.2302 70.6444 4.66715 0.391541 -0.915564 -0.0918535
-45.1033 70.2394 4.97789 0.395033 -0.914175 -0.0906558
-45.9138 69.8435 5.32716 0.402544 -0.904455 -0.141138
-46.6854 69.4613 5.69167 0.388421 -0.914227 -0.11455
-47.4807 69.045 6.12506 0.42446 -0.895901 -0.131133
-48.2123 68.6051 6.607 0.448296 -0.88177 -0.146673
-48.9776 68.1351 7.18515 0.423667 -0.896134 -0.132101
-49.6505 67.724 7.87164 0.460577 -0.878553 -0.114146
-50.3325 67.1863 8.75625 0.465323 -0.873422 -0.142508
-51.0381 66.6504 9.91375 0.458044 -0.879732 -0.127529
-51.4379 66.2628 10.8231 0.458502 -0.870897 -0.176955
-51.7741 65.8768 11.8447 0.459326 -0.87045 -0.177022
-51.898 65.6075 12.7989 0.467645 -0.86461 -0.183733
-51.8564 65.3383 14 0.444768 -0.867855 -0.221344
-51.7025 65.1776 14.9471 0.44186 -0.869725 -0.219857
-51.409 65.0956 15.859 0.442458 -0.869344 -0.220163
-51.0592 65.0193 16.7746 0.428248 -0.864779 -0.262222
-50.6454 64.9334 17.7382 0.433883 -0.861299 -0.264353
-50.3229 64.8322 18.6246 0.398414 -0.880631 -0.255736
-50.1144 64.7738 19.1306 0.419397 -0.87017 -0.258672
-50.8351 64.2891 19.617 0.399496 -0.876092 -0.269871
-51.2297 64.4274 18.6055 0.39842 -0.880626 -0.255744
-51.5823 64.5005 17.7115 0.40691 -0.881017 -0.241045
-52.0403 64.6094 16.5043 0.443631 -0.867891 -0.223508
-52.4914 64.7066 15.2248 0.442771 -0.86887 -0.221396
-52.7317 64.9207 13.8698 0.451645 -0.865533 -0.216493
-52.7551 65.1057 12.8981 0.473108 -0.866503 -0.159189
-52.6937 65.3248 11.9741 0.49305 -0.855651 -0.157362
-52.3595 65.7514 10.7526 0.500859 -0.850445 -0.160696
-51.8735 66.2321 9.59237 0.492975 -0.858998 -0.138195
-51.3293 66.6755 8.65457 0.473379 -0.871888 -0.125395
-50.6908 67.1741 7.70093 0.479063 -0.865915 -0.143837
-49.9707 67.7143 6.73601 0.467619 -0.875035 -0.125086
-49.3231 68.1128 6.18747 0.434246 -0.890957 -0.132759
-48.4287 68.6573 5.56849 0.446238 -0.885149 -0.131637
-47.5998 69.1156 5.09378 0.422549 -0.902963 -0.0771663
-46.4445 69.6928 4.51831 0.417131 -0.905083 -0.0826243
-45.4379 70.1827 4.06498 0.398278 -0.912913 -0.089247
-44.0661 70.8174 3.62024 0.393077 -0.91573 -0.0832427
-43.2221 71.1943 3.45982 0.384511 -0.919956 -0.0753581
-42.3283 71.5616 3.38453 0.373879 -0.924955 -0.0683605
-41.457 71.9065 3.4366 0.353954 -0.931075 -0.0876992
-40.3002 72.3323 3.51062 0.349238 -0.931919 -0.0977733
-39.0456 72.7439 3.82097 0.331036 -0.938572 -0.0974426
-38.1619 72.9935 4.18704 0.310996 -0.944237 -0.108156
-37.1421 73.2689 4.60826 0.300156 -0.94714 -0.113281
-36.186 73.5294 5.00427 0.325652 -0.938778 -0.112429
-35.107 73.8203 5.68846 0.291666 -0.943741 -0.147742
-34.2676 73.8313 6.62373 0.203884 -0.961122 -0.186215
-33.5008 73.7825 7.79735 0.212725 -0.960098 -0.181445
-32.9237 73.6689 8.87147 0.172998 -0.964359 -0.200208
-32.5323 73.5759 9.68289 0.179421 -0.962822 -0.201786
-32.1672 73.4398 10.5158 0.152444 -0.960207 -0.234017
-31.8789 73.2632 11.4085 0.139306 -0.942817 -0.30078
-31.6221 72.8373 12.7292 0.113127 -0.940359 -0.320785
-31.5668 72.4997 13.6964 0.134008 -0.933025 -0.333918
-31.6547 72.0388 14.9821 0.137616 -0.938263 -0.317371
-31.8356 71.692 15.9256 0.138044 -0.937238 -0.320202
-32.0087 71.372 16.7877 0.0894297 -0.929591 -0.352683
-32.2125 70.8094 17.8902 0.114418 -0.886358 -0.448641
-32.5748 70.2258 19.0088 0.0985783 -0.900462 -0.423311
-32.965 69.6978 20.0652 0.0816309 -0.906534 -0.413283
-33.3697 69.2409 20.9409 0.0700203 -0.89729 -0.435852
-33.834 68.8476 21.7232 0.0571487 -0.904465 -0.422703
-34.5039 68.4004 22.5689 0.0524639 -0.894125 -0.444734
-35.1463 68.0538 23.1893 0.0569918 -0.89798 -0.436204
-35.88 67.6307 23.8501 0.147689 -0.89902 -0.412251
-36.6242 67.2551 24.479 0.1289 -0.919986 -0.369937
-37.5034 66.8854 25.0784 0.133336 -0.923317 -0.360149
-38.3968 66.5546 25.5928 0.157668 -0.92001 -0.357708
-39.1269 66.2249 26.0602 0.201981 -0.906815 -0.369987
-39.9662 65.8118 26.5888 0.268445 -0.891705 -0.364353
-41.0559 65.2281 27.1929 0.278184 -0.886411 -0.369907
-41.7983 64.8183 27.6497 0.280162 -0.897175 -0.341447
-42.7408 64.2724 28.3085 0.29943 -0.89327 -0.335277
-43.6223 63.6916 28.9918 0.323104 -0.871697 -0.368439
-44.5994 63.0157 29.7359 0.321005 -0.873702 -0.365499
-45.9325 62.5108 29.767 0.330257 -0.873095 -0.358608
-47.1024 62.4158 28.8676 0.347125 -0.863084 -0.366521
-47.7974 62.4997 28.0569 0.353897 -0.862848 -0.360091
-48.2758 62.6861 27.0628 0.381058 -0.855556 -0.350352
-48.5666 62.9214 26.1799 0.369652 -0.861501 -0.3481
-48.8594 63.2032 25.1828 0.366551 -0.861011 -0.352563
-49.1277 63.4757 24.1792 0.364378 -0.877976 -0.310461
-49.4453 63.7702 23.0096 0.382155 -0.864829 -0.325437
-49.7286 63.9657 22.1417 0.39217 -0.862019 -0.321131
-50.2319 64.173 20.9104 0.41288 -0.858616 -0.303824
-50.633 64.241 20.089 0.419302 -0.871159 -0.255475
-50.6754 64.2454 20.0046 0.410072 -0.87419 -0.259844
-51.4072 63.8407 20.217 0.419542 -0.862555 -0.282813
-50.8409 63.6706 21.5057 0.410007 -0.860219 -0.303179
-50.4512 63.4803 22.5597 0.399945 -0.859238 -0.318882
-50.202 63.2578 23.4566 0.393418 -0.862434 -0.318446
-49.8336 62.9203 24.7976 0.405717 -0.851044 -0.333345
-49.5776 62.6575 25.7255 0.394258 -0.849721 -0.350045
-49.2824 62.3725 26.7458 0.389812 -0.850116 -0.354046
-48.9348 62.1426 27.6808 0.385999 -0.855518 -0.345088
-48.4599 62.0156 28.5223 0.378426 -0.852595 -0.360049
-47.7768 61.9045 29.4329 0.347121 -0.863085 -0.366522
-46.6916 61.953 30.3927 0.366146 -0.852476 -0.373109
-45.7864 62.1285 30.8134 0.329408 -0.868652 -0.370045
-44.5212 62.5867 30.8378 0.317613 -0.874959 -0.36547
-43.5147 63.2303 30.1496 0.300565 -0.876944 -0.374912
-42.8871 63.6909 29.5928 0.308729 -0.870336 -0.383587
-42.0561 64.2559 28.9641 0.286928 -0.898814 -0.331061
-41.2266 64.7143 28.392 0.277299 -0.900765 -0.334146
-40.2757 65.2363 27.8062 0.282502 -0.896432 -0.34147
-39.1023 65.8154 27.1297 0.208519 -0.917314 -0.339198
-38.126 66.2135 26.5584 0.128394 -0.929602 -0.344958
-37.1156 66.5866 25.979 0.109775 -0.920143 -0.374957
-36.1545 66.9703 25.303 0.100577 -0.909331 -0.403734
-35.4848 67.2895 24.7509 0.108611 -0.915018 -0.388077
-34.4897 67.7699 23.8832 0.0604277 -0.902477 -0.426477
-33.6506 68.203 23.0484 0.03409 -0.907917 -0.417762
-32.9024 68.7622 22.0086 0.0329283 -0.89419 -0.446458
-32.4856 69.1393 21.2928 0.0658472 -0.892353 -0.446313
-32.0604 69.6074 20.3989 0.0718786 -0.89725 -0.435633
-31.6874 70.1486 19.3468 0.0774001 -0.899707 -0.429489
-31.2995 70.7186 18.2748 0.0545013 -0.893805 -0.445048
-31.1023 71.19 17.3193 0.0505143 -0.911485 -0.407367
-30.8696 71.7417 16.0296 0.0535723 -0.919098 -0.390349
-30.6632 72.1983 14.876 0.118836 -0.937791 -0.325817
-30.6085 72.6286 13.7125 0.119807 -0.933713 -0.337295
-30.6466 72.9136 12.8596 0.115926 -0.941338 -0.316928
-30.8097 73.2554 11.7957 0.0976623 -0.948963 -0.298304
-31.1193 73.5546 10.6446 0.101945 -0.954443 -0.279786
-31.534 73.749 9.56885 0.133705 -0.969163 -0.206992
-31.9905 73.8772 8.64849 0.134246 -0.970743 -0.199058
-32.5504 73.9799 7.55628 0.154072 -0.974078 -0.165632
-33.0158 74.05 6.7568 0.147077 -0.973566 -0.17475
-33.7847 74.0891 5.67909 0.171711 -0.977087 -0.125765
-34.6136 74.0233 4.8515 0.199101 -0.977234 -0.073292
-35.4164 73.8753 4.33607 0.290812 -0.952268 -0.0785954
-36.3226 73.6082 3.92534 0.312571 -0.943304 -0.110721
-37.2968 73.3481 3.52728 0.301414 -0.947969 -0.102005
-38.1937 73.0869 3.15618 0.321046 -0.942689 -0.0909224
-39.3865 72.7187 2.76375 0.322 -0.943134 -0.0825333
-40.6966 72.2777 2.50227 0.352711 -0.93295 -0.0715546
-41.6685 71.9041 2.42966 0.379652 -0.922307 -0.0722162
-42.6705 71.4962 2.3983 0.37491 -0.92457 -0.0679087
-43.9158 70.9757 2.58874 0.384506 -0.919958 -0.075356
-44.8395 70.5524 2.84168 0.397756 -0.913965 -0.0803668
-45.6297 70.1838 3.1213 0.406082 -0.910682 -0.0751698
-46.6572 69.6796 3.55067 0.417656 -0.905722 -0.0723253
-47.5868 69.212 4.01851 0.4142 -0.906692 -0.0795517
-48.4433 68.7679 4.46631 0.417225 -0.903831 -0.0949407
-49.2058 68.3559 4.93219 0.438973 -0.893054 -0.0987804
-50.246 67.7155 5.65151 0.473497 -0.873055 -0.116515
-50.9006 67.2649 6.3802 0.474672 -0.872635 -0.114848
-51.4498 66.8462 7.18111 0.471432 -0.870021 -0.144273
-52.0198 66.3935 8.07424 0.468284 -0.872866 -0.137169
-52.5927 65.9133 9.05862 0.477885 -0.866315 -0.145261
-53.1014 65.414 10.2705 0.479056 -0.860975 -0.17096
-53.3886 65.1087 11.0756 0.454693 -0.875025 -0.166082
-53.5581 64.8572 11.9318 0.45564 -0.874092 -0.168379
-53.5986 64.6444 12.9304 0.458652 -0.873208 -0.164761
-53.6204 64.4605 13.8447 0.468502 -0.865273 -0.177445
-53.5001 64.2934 14.7518 0.457299 -0.861203 -0.221825
-53.27 64.1824 15.6597 0.459345 -0.861206 -0.217545
-52.8789 64.1349 16.6761 0.453373 -0.86353 -0.220682
-52.5195 64.072 17.6242 0.448812 -0.86327 -0.230912
-52.1352 64.0026 18.5659 0.431809 -0.867366 -0.247421
-51.6326 63.9062 19.6808 0.414201 -0.868399 -0.272043
-51.5909 63.8954 19.7777 0.410188 -0.869889 -0.273517
-52.3964 63.4287 19.9986 0.425178 -0.862417 -0.27457
-53.0016 63.5351 18.6696 0.444819 -0.859418 -0.251635
-53.4495 63.6117 17.5374 0.448811 -0.863272 -0.23091
-53.831 63.6577 16.5636 0.457829 -0.862949 -0.213803
-54.2634 63.7453 15.3092 0.457033 -0.861071 -0.222886
-54.459 64.0082 13.7742 0.478354 -0.857338 -0.190131
-54.4402 64.232 12.7734 0.457838 -0.873167 -0.167204
-54.417 64.4115 11.8887 0.474897 -0.865565 -0.158966
-54.2365 64.6886 10.9253 0.472216 -0.866905 -0.15961
-53.9447 65.0137 10.0048 0.469571 -0.868638 -0.15802
-53.4371 65.52 8.72784 0.465092 -0.871048 -0.157799
-52.8651 65.9959 7.74286 0.456821 -0.875829 -0.155685
-52.1849 66.5235 6.65394 0.449862 -0.882886 -0.134669
-51.6522 66.922 5.86112 0.479909 -0.869385 -0.117598
-50.9572 67.4227 5.03385 0.458414 -0.878369 -0.134824
-50.0146 68.0248 4.30548 0.472338 -0.873066 -0.121051
-49.228 68.4725 3.77958 0.439718 -0.892718 -0.0984927
-48.5065 68.8532 3.39185 0.418903 -0.90233 -0.101586
-47.4046 69.4023 2.84434 0.393071 -0.915008 -0.0908546
-46.262 69.9577 2.325 0.414745 -0.906946 -0.0737272
-45.2851 70.4282 1.97552 0.407392 -0.910541 -0.0703381
-44.4869 70.7982 1.73161 0.39517 -0.915785 -0.0717888
-43.0903 71.4019 1.45445 0.371718 -0.925344 -0.0745332
-41.7683 71.9372 1.45233 0.380915 -0.922158 -0.0672913
-40.7253 72.3289 1.56533 0.345246 -0.936918 -0.05469
-39.4489 72.7805 1.79547 0.327406 -0.942548 -0.0643519
-38.6137 73.0468 2.00437 0.324378 -0.942626 -0.0789567
-37.7554 73.316 2.31757 0.311849 -0.947995 -0.0588772
-36.852 73.567 2.69028 0.290293 -0.954542 -0.0676748
-35.6565 73.8682 3.18777 0.253589 -0.96505 -0.0639703
-34.7035 74.0783 3.61479 0.200395 -0.9782 -0.0544581
-33.8335 74.2197 4.23484 0.197534 -0.978548 -0.0585214
-33.0274 74.292 5.07503 0.158237 -0.979594 -0.123922
-32.2552 74.2543 6.16693 0.136488 -0.97843 -0.155067
-31.6265 74.1833 7.20874 0.148812 -0.975898 -0.15948
-31.1916 74.1118 8.02682 0.141859 -0.973055 -0.180878
-30.6496 73.9436 9.20011 0.116271 -0.971747 -0.205349
-30.2687 73.7471 10.3191 0.0909769 -0.969555 -0.225463
-30.016 73.5257 11.1618 0.0929906 -0.952627 -0.289575
-29.7067 73.1158 12.5809 0.0910896 -0.949486 -0.300298
-29.6389 72.7799 13.5944 0.105734 -0.938653 -0.328254
-29.696 72.3073 14.9128 0.0973378 -0.925493 -0.364476
-29.8332 71.9366 15.7483 0.0816073 -0.916122 -0.392507
-29.989 71.5757 16.5582 0.0772328 -0.912394 -0.401812
-30.1615 71.1555 17.5101 0.0479747 -0.909247 -0.412669
-30.3705 70.6302 18.5662 0.0544936 -0.893804 -0.445051
-30.7036 70.1055 19.5303 0.0495844 -0.882219 -0.468221
-31.1526 69.522 20.7033 0.0121483 -0.889499 -0.455882
-31.6221 68.9497 21.7066 -0.00191916 -0.867105 -0.498122
-32.0655 68.5319 22.4463 -0.0384638 -0.877952 -0.4772
-32.7421 68.034 23.4387 -0.0251864 -0.892076 -0.451126
-33.4797 67.6662 24.1898 -0.0185681 -0.884601 -0.465819
-34.1453 67.3396 24.7687 0.0371854 -0.876839 -0.479343
-34.8651 66.9828 25.4046 -0.0100283 -0.902238 -0.431122
-35.6334 66.6811 26.0724 0.00255286 -0.943323 -0.330899
-36.6593 66.3341 26.8008 0.129619 -0.948203 -0.290016
-37.72 65.974 27.4048 0.136722 -0.936911 -0.321721
-38.7416 65.5879 27.9839 0.215711 -0.914843 -0.341287
-39.5151 65.2327 28.432 0.24789 -0.903732 -0.347578
-40.601 64.6657 29.0954 0.259816 -0.919258 -0.295736
-41.3029 64.2924 29.5614 0.29606 -0.907327 -0.298506
-42.2132 63.655 30.2544 0.342363 -0.865565 -0.365493
-42.9935 63.0811 30.9335 0.30063 -0.880677 -0.3661
-43.807 62.5192 31.6167 0.308175 -0.877353 -0.367715
-44.9265 61.9777 31.9391 0.324396 -0.871573 -0.367528
-46.1006 61.6515 31.6535 0.330179 -0.868778 -0.369059
-47.0234 61.4561 31.2066 0.368193 -0.852741 -0.370496
-47.8074 61.3797 30.6118 0.369218 -0.849953 -0.375801
-48.5134 61.3961 29.8717 0.374339 -0.847695 -0.375876
-49.2018 61.5253 28.8967 0.380703 -0.850105 -0.363536
-49.707 61.6453 28.041 0.387206 -0.853712 -0.348206
-50.1362 61.9427 26.8378 0.388134 -0.85195 -0.351454
-50.4305 62.2358 25.7989 0.383286 -0.854825 -0.349808
-50.6607 62.4802 24.9339 0.391148 -0.857553 -0.334045
-50.9912 62.7736 23.78 0.398967 -0.857552 -0.324519
-51.2759 62.992 22.8235 0.406943 -0.857441 -0.314948
-51.6557 63.212 21.7103 0.408641 -0.861415 -0.301622
-52.1124 63.3693 20.6041 0.42347 -0.859717 -0.285559
-52.2304 63.397 20.3433 0.421863 -0.861556 -0.282406
-52.9552 62.9178 20.7014 0.44145 -0.851519 -0.282908
-53.3814 63.0006 19.7693 0.443475 -0.854326 -0.271028
-53.9258 63.0871 18.5357 0.437135 -0.866962 -0.238824
-54.4422 63.1574 17.3159 0.441422 -0.870268 -0.218572
-54.859 63.18 16.3504 0.452882 -0.868311 -0.202321
-55.1644 63.2201 15.4939 0.455029 -0.866525 -0.205101
-55.281 63.3885 14.5822 0.463508 -0.863435 -0.19798
-55.3538 63.5667 13.5199 0.471493 -0.862472 -0.18369
-55.2252 63.9347 12.0579 0.48127 -0.861454 -0.162098
-55.0141 64.3081 10.6765 0.474859 -0.865172 -0.161203
-54.6826 64.7382 9.31483 0.461555 -0.873212 -0.15642
-54.2885 65.1267 8.34094 0.471348 -0.867457 -0.159204
-53.8545 65.5029 7.58186 0.465317 -0.871736 -0.153133
-53.3359 65.9154 6.73762 0.46037 -0.875771 -0.145205
-52.7174 66.3898 5.73684 0.451919 -0.882963 -0.127062
-51.9849 66.9188 4.77164 0.464966 -0.873587 -0.143708
-51.1256 67.4969 3.91535 0.447465 -0.884396 -0.132737
-50.4057 67.9285 3.43897 0.428798 -0.897155 -0.104916
-49.3898 68.5031 2.7627 0.440702 -0.892475 -0.0962875
-48.3955 69.0296 2.27177 0.430409 -0.897148 -0.099105
-47.3797 69.5163 1.77676 0.392737 -0.91553 -0.0869598
-46.1198 70.1097 1.25521 0.404769 -0.910748 -0.0808476
-45.007 70.6432 0.877412 0.387337 -0.918614 -0.0740918
-44.0315 71.0674 0.630173 0.394719 -0.917341 -0.0517826
-43.0491 71.4783 0.474174 0.37602 -0.926016 -0.0332213
-41.915 71.9406 0.474148 0.366917 -0.929002 -0.0452962
-40.5907 72.4337 0.618957 0.349513 -0.935501 -0.0514575
-39.1538 72.9272 0.901046 0.327123 -0.944305 -0.035767
-37.8778 73.3206 1.25026 0.293054 -0.955818 -0.0170168
-36.8513 73.6402 1.66104 0.301236 -0.951847 -0.054162
-35.7792 73.9214 2.05752 0.269772 -0.960763 -0.0644798
-34.873 74.1344 2.43777 0.245509 -0.966071 -0.0801971
-33.7206 74.3367 3.04954 0.197989 -0.975402 -0.0951105
-32.8984 74.4368 3.77711 0.198152 -0.978619 -0.0551443
-32.1656 74.4835 4.60438 0.132981 -0.984088 -0.117839
-31.6355 74.4639 5.33916 0.126688 -0.983829 -0.126615
-30.8416 74.3816 6.68245 0.131237 -0.980417 -0.146832
-30.3451 74.2932 7.62226 0.0564106 -0.984335 -0.166757
-29.679 74.0832 9.08917 0.11628 -0.971745 -0.20535
-29.3886 73.8863 10.0023 0.0663256 -0.968241 -0.241062
-29.1255 73.6697 10.8733 0.0608789 -0.962156 -0.26561
-28.8444 73.3764 12.0016 0.0625709 -0.960934 -0.267021
-28.7114 73.0895 12.948 0.0766913 -0.950398 -0.301422
-28.6916 72.6649 14.202 0.0888795 -0.939667 -0.330343
-28.7485 72.3402 15.0671 0.107539 -0.913342 -0.392688
-28.9437 71.8418 16.1556 0.0734938 -0.904654 -0.417541
-29.1952 71.2163 17.4852 0.0292405 -0.908391 -0.417061
-29.3542 70.7514 18.4296 0.0336499 -0.885997 -0.461503
-29.6448 70.1649 19.5059 0.0111944 -0.884172 -0.467027
-30.104 69.5137 20.714 -0.00211164 -0.878361 -0.477992
-30.4292 69.091 21.4765 0.0177694 -0.861849 -0.506853
-30.9161 68.5469 22.388 -0.03262 -0.853902 -0.519411
-31.6764 67.9324 23.567 -0.0517511 -0.888952 -0.455068
-32.1901 67.6028 24.2587 -0.0185601 -0.8846 -0.46582
-32.8169 67.2958 24.8481 -0.0177057 -0.878942 -0.476601
-33.5637 66.9667 25.4512 0.00198702 -0.872744 -0.488174
-34.3391 66.6695 26.15 -0.0169848 -0.931114 -0.364333
-35.208 66.4019 26.9114 -0.0198213 -0.945212 -0.325366
-35.9242 66.2284 27.462 0.0601862 -0.942584 -0.314142
-36.7941 65.9136 27.982 0.14943 -0.937166 -0.315101
-37.6142 65.6494 28.4283 0.133848 -0.950216 -0.28138
-38.7288 65.2097 29.0379 0.251166 -0.916136 -0.312428
-39.7506 64.7191 29.6565 0.248597 -0.916561 -0.313233
-40.5675 64.3106 30.1798 0.294953 -0.889661 -0.346143
-41.484 63.6862 30.8599 0.329404 -0.878441 -0.346015
-42.1758 63.1742 31.4641 0.357254 -0.870891 -0.337519
-43.0117 62.5354 32.2417 0.330536 -0.878574 -0.344752
-43.7342 62.0851 32.7083 0.316018 -0.867353 -0.384117
-44.513 61.6931 32.9357 0.293911 -0.873762 -0.38639
-45.527 61.4088 32.7724 0.322886 -0.876387 -0.357338
-46.4307 61.1855 32.4602 0.400924 -0.85098 -0.339253
-47.4909 60.936 31.914 0.369332 -0.847659 -0.38087
-48.7946 60.8587 30.8089 0.372346 -0.849707 -0.373304
-49.5731 60.9202 29.8968 0.369417 -0.852247 -0.370413
-50.2437 61.0745 28.8411 0.38544 -0.85332 -0.351115
-50.6886 61.276 27.8578 0.385736 -0.85446 -0.348002
-51.0416 61.5736 26.7428 0.384713 -0.853323 -0.351903
-51.2952 61.8375 25.8248 0.387787 -0.855196 -0.343808
-51.5871 62.1299 24.7386 0.407944 -0.851381 -0.329631
-51.8365 62.3485 23.8392 0.410527 -0.853828 -0.320052
-52.0919 62.5406 22.9937 0.40569 -0.857339 -0.316827
-52.4942 62.7706 21.8036 0.416937 -0.861693 -0.28922
-52.921 62.9104 20.7771 0.433262 -0.854699 -0.285809
-52.9363 62.9139 20.7427 0.441448 -0.85152 -0.282908
-53.6235 62.4159 21.1744 0.439233 -0.853534 -0.280275
-53.249 62.3086 22.0752 0.436824 -0.852992 -0.285639
-52.8475 62.077 23.2716 0.408104 -0.852737 -0.326023
-52.5539 61.8346 24.2796 0.413215 -0.851769 -0.322089
-52.2884 61.5824 25.2846 0.407942 -0.851382 -0.329631
-51.9962 61.2646 26.4521 0.401442 -0.853675 -0.331789
-51.7342 60.9961 27.4026 0.377692 -0.856944 -0.350707
-51.3946 60.7424 28.3765 0.400737 -0.841168 -0.36306
-50.9311 60.5526 29.3292 0.391894 -0.846311 -0.360799
-50.4252 60.4126 30.1945 0.38971 -0.845113 -0.365936
-49.6574 60.349 31.1234 0.369454 -0.848487 -0.378836
-48.8754 60.3436 31.889 0.371511 -0.844846 -0.384986
-47.7185 60.452 32.7657 0.369677 -0.845874 -0.384495
-46.8311 60.6746 33.2069 0.412136 -0.831792 -0.371842
-45.854 60.9322 33.6062 0.368991 -0.836536 -0.405034
-44.5129 61.2687 33.9444 0.271365 -0.887148 -0.37327
-43.3486 61.7841 33.7106 0.362552 -0.849745 -0.38274
-42.676 62.2479 33.2774 0.330783 -0.873011 -0.358377
-42.031 62.7734 32.6444 0.375505 -0.870281 -0.318758
-41.4529 63.2351 32.0722 0.342088 -0.876916 -0.337236
-40.8247 63.6731 31.534 0.326923 -0.88294 -0.336955
-39.8853 64.2532 30.8559 0.258029 -0.905383 -0.337198
-39.0486 64.6812 30.3279 0.287331 -0.927309 -0.216122
-38.0615 65.1575 29.7273 0.251282 -0.915985 -0.312775
-37.1503 65.4726 29.2476 0.135211 -0.950163 -0.280907
-36.3785 65.7163 28.7947 0.145583 -0.944412 -0.294233
-35.5337 65.9247 28.3152 -0.0355709 -0.946506 -0.32072
-34.8149 66.0897 27.7927 0.0084568 -0.959475 -0.281503
-34.1472 66.2669 27.2017 -0.0255701 -0.940324 -0.339318
-33.1117 66.6135 26.2958 -0.0113991 -0.921072 -0.388288
-32.1488 66.938 25.4699 -0.0281654 -0.89541 -0.442209
-31.4911 67.2475 24.8578 -0.0520805 -0.88105 -0.470148
-30.8276 67.6823 23.959 -0.0484776 -0.888454 -0.456385
-30.2448 68.136 23.0213 -0.0389023 -0.870928 -0.488558
-29.8135 68.5568 22.3399 0.0194976 -0.841952 -0.5392
-29.2559 69.2366 21.1769 -0.0307699 -0.88148 -0.471152
-28.916 69.669 20.3545 -0.0296282 -0.869919 -0.491954
-28.6039 70.2197 19.4049 -0.0136924 -0.860428 -0.509285
-28.4024 70.687 18.5871 0.0259348 -0.874371 -0.484565
-28.2202 71.2885 17.403 0.0325431 -0.91019 -0.412911
-28.0216 71.7249 16.4712 0.0276387 -0.899603 -0.435746
-27.8297 72.2469 15.3953 0.0192812 -0.900887 -0.433625
-27.7444 72.7252 14.2967 0.055387 -0.948336 -0.312395
-27.742 73.1087 13.0997 0.03304 -0.951679 -0.305312
-27.8513 73.4042 12.0852 0.0391924 -0.970858 -0.236299
-28.1462 73.7081 10.8744 0.0176024 -0.965868 -0.257391
-28.5419 74.0209 9.58344 0.0135382 -0.975093 -0.221161
-29.0126 74.2736 8.21649 0.0349946 -0.985557 -0.165687
-29.529 74.4292 7.11867 0.055078 -0.982795 -0.176299
-30.0044 74.5582 6.2511 0.0931527 -0.981607 -0.161564
-30.6323 74.6215 5.13974 0.134179 -0.983144 -0.124193
-31.2048 74.6522 4.2799 0.130751 -0.986446 -0.0968309
-32.2366 74.6101 3.07963 0.163338 -0.983712 -0.065473
-32.9996 74.5389 2.38127 0.181055 -0.97798 -0.103799
-33.7708 74.4473 1.89858 0.195754 -0.974831 -0.105618
-34.8914 74.2108 1.37546 0.256263 -0.964749 -0.059384
-36.0043 73.9285 0.932963 0.268123 -0.961699 -0.0569664
-37.0322 73.5918 0.542718 0.3145 -0.949253 -0.00275805
-37.8811 73.3235 0.237552 0.285846 -0.958272 -0.00162258
-38.9979 72.9898 -0.0451677 0.279642 -0.960075 -0.00202238
-39.9822 72.6843 -0.267102 0.327117 -0.944312 -0.0356166
-41.1503 72.2812 -0.440108 0.342124 -0.938536 -0.0432776
-42.1144 71.899 -0.517296 0.380813 -0.923878 -0.0378345
-43.0354 71.5232 -0.507054 0.370824 -0.927428 -0.0484248
-44.3296 70.9882 -0.282983 0.365642 -0.928814 -0.0589981
-45.4812 70.5127 0.0158567 0.387337 -0.918614 -0.0740918
-46.5249 70.0144 0.340118 0.407338 -0.909195 -0.0862561
-47.333 69.6346 0.686696 0.386441 -0.91894 -0.0782609
-48.103 69.2786 1.06641 0.386842 -0.917529 -0.0921591
-49.0304 68.8134 1.51673 0.431304 -0.895934 -0.1062
-50.0039 68.2934 2.01628 0.417025 -0.902388 -0.108444
-50.8387 67.8405 2.5482 0.430875 -0.894303 -0.119505
-51.5596 67.4194 2.96903 0.446153 -0.885588 -0.129094
-52.2065 67.0048 3.58129 0.441738 -0.887221 -0.133061
-52.9335 66.4761 4.40511 0.435785 -0.884951 -0.161308
-53.6492 65.9757 5.46507 0.418261 -0.897848 -0.137572
-54.2446 65.4926 6.49186 0.4357 -0.880627 -0.186178
-54.829 64.8686 7.54896 0.693404 -0.711385 -0.114552
-55.1923 64.4712 8.28351 0.577677 -0.806825 0.123784
-55.7051 64.1559 9.54831 0.462484 -0.872256 -0.158967
-56.0399 63.7893 10.5654 0.472983 -0.866144 -0.16113
-56.1348 63.5365 11.6429 0.44869 -0.87644 -0.174681
-56.2069 63.2744 12.7506 0.450098 -0.873155 -0.186862
-56.2432 62.9958 13.9779 0.464434 -0.867633 -0.177522
-56.0389 62.8126 15.2893 0.446201 -0.869953 -0.209837
-55.6554 62.699 16.6179 0.454363 -0.868732 -0.197028
-55.1388 62.6779 17.8163 0.42751 -0.876623 -0.220834
-54.7122 62.6412 18.775 0.42693 -0.866501 -0.257846
-54.132 62.528 20.0306 0.43721 -0.856645 -0.273779
-53.7685 62.4524 20.836 0.439234 -0.853534 -0.280273
-54.4897 61.966 21.1881 0.438129 -0.854026 -0.280504
-53.9623 61.8154 22.4493 0.43913 -0.850332 -0.290002
-53.5366 61.5475 23.7818 0.415043 -0.848046 -0.329448
-53.1939 61.2179 25.0669 0.42162 -0.846733 -0.324469
-52.8541 60.8535 26.5147 0.376455 -0.864471 -0.333125
-52.4851 60.4668 27.8295 0.383842 -0.845023 -0.372291
-51.9446 60.1381 29.1796 0.397794 -0.847222 -0.35198
-51.4638 59.9563 30.1418 0.387648 -0.845703 -0.366756
-50.9033 59.8359 31.0166 0.387117 -0.842058 -0.375466
-49.9693 59.8195 31.9737 0.379049 -0.839932 -0.388375
-49.2595 59.8338 32.6359 0.376709 -0.841408 -0.387431
-48.5425 59.8721 33.2439 0.372873 -0.843504 -0.386609
-47.7426 60.0239 33.6885 0.3813 -0.83907 -0.388035
-46.7164 60.266 34.1655 0.386543 -0.828496 -0.405191
-45.8794 60.4907 34.4948 0.354205 -0.831704 -0.426726
-44.7878 60.7647 34.8159 0.33942 -0.826868 -0.448424
-43.8986 61.029 34.8928 0.353996 -0.856372 -0.375918
-43.0944 61.4495 34.6923 0.35822 -0.852875 -0.379785
-42.2162 62.0687 34.1946 0.409107 -0.843882 -0.34691
-41.6464 62.5732 33.606 0.396819 -0.848895 -0.348931
-41.0751 63.0117 32.9966 0.272389 -0.904181 -0.329031
-40.1509 63.6248 32.1958 0.358506 -0.853352 -0.372145
-39.5489 64.1265 31.7468 0.394721 -0.864126 -0.303747
-38.7241 64.644 31.237 0.422747 -0.870893 -0.25066
-37.9284 65.0092 30.783 0.320628 -0.939563 -0.120047
-36.9575 65.3449 30.2192 0.208805 -0.976422 -0.0547823
-36.0568 65.6018 29.7183 0.107551 -0.979805 -0.122172
-35.2731 65.6833 29.2355 0.0385737 -0.97979 -0.196276
-34.5204 65.8135 28.7333 0.0275634 -0.968861 -0.241397
-33.6894 66.0015 28.0313 -0.0865077 -0.945082 -0.315177
-32.8233 66.207 27.2565 -0.0269059 -0.936246 -0.350314
-31.8816 66.4925 26.4616 -0.0326125 -0.915923 -0.399991
-31.0387 66.7441 25.7455 -0.0849365 -0.889333 -0.447333
-30.3176 67.1802 24.851 -0.0541092 -0.880585 -0.470788
-29.8128 67.5543 24.0869 -0.0566455 -0.883586 -0.464831
-29.2901 67.9799 23.2544 -0.00050762 -0.860379 -0.507788
-28.6417 68.7074 22.1471 0.0174851 -0.840861 -0.540962
-28.2701 69.1686 21.2717 0.0222958 -0.888482 -0.45837
-27.7669 69.8606 20.0024 -0.000182457 -0.861113 -0.50839
-27.5568 70.3617 19.1665 -0.00106687 -0.852213 -0.523194
-27.357 70.9197 18.2168 0.0199274 -0.879878 -0.474782
-27.2075 71.3365 17.3681 0.00991319 -0.917445 -0.396871
-27.0297 71.6774 16.5341 -0.01505 -0.90857 -0.415567
-26.8424 72.3113 15.3299 0.0408881 -0.894174 -0.442561
-26.7769 72.811 14.2075 0.0290079 -0.927699 -0.366693
-26.7782 73.1077 13.2486 0.050486 -0.95533 -0.291198
-26.957 73.5068 11.7654 0.0204009 -0.973059 -0.229652
-27.284 73.8178 10.4547 0.0147354 -0.970465 -0.240791
-27.6438 74.0882 9.30035 -0.00700912 -0.975714 -0.218937
-27.9454 74.2911 8.38177 0.0234265 -0.980947 -0.189968
-28.283 74.4282 7.50745 0.0518801 -0.984501 -0.167368
-28.6909 74.5477 6.65975 0.0388334 -0.985347 -0.166082
-29.1277 74.6619 5.88009 0.0387184 -0.987628 -0.151212
-29.8907 74.7755 4.46305 0.0935633 -0.99046 -0.101171
-30.5305 74.8286 3.58113 0.124891 -0.9846 -0.122329
-31.2937 74.8254 2.68519 0.178881 -0.976598 -0.119021
-32.1795 74.7546 1.84786 0.184131 -0.976745 -0.109824
-33.5242 74.5978 0.994898 0.186465 -0.975535 -0.116455
-34.4988 74.3666 0.539674 0.256268 -0.964747 -0.0593919
-35.3179 74.1571 0.143366 0.284083 -0.95847 0.00803109
-36.2402 73.8567 -0.18122 0.309485 -0.950751 0.00963294
-37.3294 73.5323 -0.601271 0.295195 -0.954049 -0.0514772
-38.2636 73.2087 -0.883825 0.313953 -0.948503 -0.021116
-39.2285 72.9293 -1.11452 0.273128 -0.961967 -0.00446122
-40.2627 72.6383 -1.31018 0.30026 -0.952243 -0.0397023
-41.1928 72.3161 -1.41161 0.384067 -0.92254 -0.0375847
-42.143 71.9236 -1.47226 0.374627 -0.92626 -0.0402359
-43.5562 71.3629 -1.42835 0.353276 -0.933807 -0.0544801
-44.8801 70.839 -1.1526 0.362117 -0.929571 -0.0688271
-46.0569 70.3368 -0.852606 0.380211 -0.922653 -0.0644236
-46.9657 69.9019 -0.553733 0.396082 -0.9135 -0.0919937
-47.7353 69.5488 -0.214436 0.378165 -0.92218 -0.0810861
-48.5027 69.1952 0.17837 0.397848 -0.913555 -0.0834695
-49.2274 68.8338 0.579763 0.41893 -0.902719 -0.0958674
-50.1167 68.3572 1.03365 0.408103 -0.905151 -0.118958
-51.1224 67.8327 1.58737 0.406536 -0.906062 -0.117385
-52.0714 67.319 2.11871 0.415401 -0.897373 -0.148875
-52.7328 66.8826 2.71983 0.426412 -0.889224 -0.165241
-53.3745 66.4698 3.36172 0.408498 -0.897302 -0.167267
-53.8967 66.11 4.01199 0.41024 -0.89604 -0.169748
-54.4896 65.6431 5.05301 0.412172 -0.896729 -0.161218
-54.973 65.2504 5.91627 0.446605 -0.875655 -0.183737
-55.5272 64.6297 6.94273 0.49963 -0.776182 -0.384593
-55.9256 64.1811 7.74707 0.169857 -0.955373 -0.213094
-56.4556 63.8481 8.99225 0.495517 -0.850896 -0.173062
-56.7818 63.4664 10.0679 0.471645 -0.870237 -0.140015
-56.9054 63.2583 11.0388 0.450315 -0.877196 -0.166498
-57.0731 62.9608 12.1213 0.44869 -0.876441 -0.174679
-57.1401 62.6105 13.5749 0.42125 -0.887793 -0.185263
-56.9975 62.422 14.9082 0.447428 -0.87395 -0.188225
-56.5701 62.2451 16.5256 0.44035 -0.872441 -0.211989
-56.1661 62.2269 17.5582 0.452183 -0.87098 -0.192157
-55.7141 62.2101 18.525 0.437977 -0.86348 -0.250159
-55.1197 62.1199 19.8062 0.421269 -0.860859 -0.284894
-54.6426 62.0036 20.835 0.438131 -0.854025 -0.280503
-55.2691 61.5053 21.4347 0.417226 -0.868771 -0.266732
-54.8717 61.398 22.3811 0.40857 -0.864852 -0.291721
-54.419 61.1763 23.6459 0.406523 -0.855967 -0.318983
-54.1677 60.9483 24.5309 0.37922 -0.872981 -0.304527
-53.9644 60.7396 25.4631 0.360984 -0.88987 -0.278966
-53.741 60.4795 26.4505 0.373122 -0.856184 -0.356895
-53.5213 60.1732 27.4274 0.387222 -0.84735 -0.363261
-53.1397 59.875 28.5341 0.364478 -0.862377 -0.351371
-52.795 59.6746 29.3684 0.360552 -0.860534 -0.359837
-52.2643 59.4419 30.4871 0.38714 -0.844768 -0.369431
-51.4185 59.2944 31.684 0.382943 -0.840224 -0.383899
-50.5773 59.2922 32.5198 0.388144 -0.833126 -0.393826
-49.834 59.3007 33.2253 0.379783 -0.839439 -0.388724
-48.9896 59.3378 33.9586 0.38387 -0.831621 -0.401293
-48.1073 59.5031 34.4562 0.372492 -0.838817 -0.396838
-47.1834 59.7121 34.8525 0.375107 -0.833535 -0.405411
-45.8433 60.0064 35.4056 0.344283 -0.822429 -0.452858
-44.7379 60.2995 35.7055 0.341217 -0.823787 -0.45271
-43.7429 60.6698 35.8296 0.360944 -0.829937 -0.423447
-42.9077 61.0632 35.7119 0.345903 -0.851864 -0.393292
-42.1983 61.5501 35.3581 0.399431 -0.819634 -0.410675
-41.3999 62.1896 34.8584 0.411522 -0.815901 -0.405922
-40.791 62.7186 34.1025 0.326796 -0.878559 -0.348336
-40.164 63.1476 33.4366 0.338494 -0.892194 -0.294634
-39.2212 63.8924 32.6686 0.422969 -0.830964 -0.36138
-38.5566 64.3234 32.2177 0.303893 -0.838109 -0.453014
-37.7537 64.8181 31.7817 0.246478 -0.845333 -0.473066
-36.8604 65.306 31.2832 0.263403 -0.958382 -0.0878724
-35.8703 65.4546 30.7018 -0.00789344 -0.985591 -0.168662
-34.826 65.5413 30.0735 -0.112871 -0.965355 -0.208849
-33.9439 65.6019 29.4804 -0.093126 -0.964227 -0.248182
-33.1356 65.7309 28.771 -0.0693724 -0.961125 -0.267258
-32.4511 65.8412 28.1324 -0.134139 -0.910573 -0.390328
-31.5717 66.0379 27.4177 -0.132364 -0.901949 -0.411057
-30.7169 66.2472 26.7052 -0.118105 -0.877842 -0.46416
-30.0258 66.5342 25.9948 -0.0873079 -0.881164 -0.46468
-29.5218 66.8552 25.3153 -0.0741399 -0.863842 -0.498277
-28.818 67.4263 24.2349 -0.0868998 -0.84366 -0.529799
-28.3425 67.8279 23.5166 -0.00565584 -0.841752 -0.539408
-27.8227 68.4361 22.5334 -0.0210054 -0.838408 -0.544517
-27.4689 68.9151 21.802 0.00352915 -0.860783 -0.505653
-27.0141 69.4086 20.8021 0.0453024 -0.900846 -0.428516
-26.7363 69.9775 19.9331 0.159735 -0.84022 -0.518185
-26.4787 70.7243 18.7752 0.118632 -0.871319 -0.472171
-26.2985 71.2076 17.8046 0.125666 -0.912793 -0.385466
-26.0392 71.6664 16.6504 0.117079 -0.93794 -0.325646
-25.9091 72.0695 15.8133 0.0445859 -0.874916 -0.481851
-25.8235 72.6419 14.7019 0.0245931 -0.928697 -0.367641
-25.8133 72.9926 13.6475 0.00689844 -0.964346 -0.264555
-25.8693 73.3036 12.5598 -0.0144201 -0.962493 -0.270763
-26.0324 73.5449 11.6398 0.0017291 -0.972165 -0.234291
-26.2218 73.7738 10.6894 0.00684656 -0.975164 -0.22082
-26.5583 74.0102 9.5942 -0.0106646 -0.976145 -0.216757
-26.8244 74.2248 8.66538 -0.00647981 -0.977185 -0.212175
-27.2553 74.4685 7.46921 -0.0205824 -0.985782 -0.165384
-27.6992 74.6131 6.49096 -0.00245518 -0.989661 -0.143404
-28.4176 74.7876 5.17573 0.0478492 -0.988715 -0.141959
-28.8385 74.8813 4.33775 0.0396341 -0.993458 -0.105599
-29.4927 74.9851 3.3138 0.0615925 -0.98844 -0.133011
-30.2786 74.9822 2.38544 0.10386 -0.992477 -0.0648203
-30.928 74.9683 1.69174 0.152199 -0.98576 -0.0715045
-31.8984 74.8762 0.830948 0.155438 -0.985739 -0.0644823
-32.7204 74.793 0.326061 0.136513 -0.987429 -0.0788536
-33.6026 74.6239 -0.118825 0.26318 -0.964721 0.00700573
-34.5088 74.384 -0.541276 0.256228 -0.966559 -0.00408358
-35.3833 74.1348 -0.856031 0.268136 -0.95986 -0.0822952
-36.241 73.9123 -1.19045 0.307913 -0.949485 -0.0605678
-37.1187 73.651 -1.55537 0.308739 -0.94981 -0.0490821
-38.2375 73.2784 -1.89154 0.337141 -0.938961 -0.0684736
-39.47 72.8744 -2.14122 0.296396 -0.953258 -0.0427153
-40.3682 72.6224 -2.30851 0.272456 -0.961959 -0.02006
-41.2669 72.3307 -2.39859 0.357359 -0.933022 -0.0224395
-42.5741 71.8062 -2.48453 0.365987 -0.929368 -0.0482567
-43.6877 71.3769 -2.39639 0.339775 -0.938611 -0.0596936
-44.6261 71.0149 -2.19741 0.364804 -0.928643 -0.0668737
-45.5121 70.6436 -1.99735 0.380483 -0.922249 -0.0684799
-46.484 70.2248 -1.75669 0.375736 -0.923941 -0.0715608
-47.3981 69.8151 -1.44473 0.384814 -0.917846 -0.0973525
-48.2106 69.4387 -1.06385 0.379577 -0.920586 -0.0918662
-49.3842 68.8659 -0.396289 0.398513 -0.910602 -0.109508
-50.3203 68.3839 0.106155 0.411686 -0.905585 -0.102136
-51.1654 67.9488 0.543432 0.40811 -0.905148 -0.118959
-51.9123 67.568 0.904923 0.393949 -0.909122 -0.135285
-52.7183 67.1358 1.40935 0.419018 -0.894538 -0.15506
-53.5799 66.5912 2.17529 0.412669 -0.895797 -0.165016
-54.2325 66.1708 2.85449 0.407833 -0.898469 -0.162544
-54.8239 65.7343 3.73319 0.413925 -0.893737 -0.172894
-55.2279 65.4012 4.51107 0.42921 -0.887264 -0.167689
-55.7013 64.9839 5.40103 0.447127 -0.876722 -0.177269
-56.2132 64.547 6.24845 0.448896 -0.875657 -0.178077
-56.6863 64.1182 7.17941 0.477796 -0.858226 -0.184136
-57.147 63.5843 8.31025 0.506978 -0.840946 -0.189164
-57.4941 63.1677 9.52657 0.489968 -0.854701 -0.170668
-57.6584 62.9311 10.4466 0.527905 -0.84459 -0.0893503
-57.8293 62.6969 11.3909 0.480921 -0.858485 -0.178099
-57.9391 62.4159 12.5427 0.474426 -0.866761 -0.153768
-58.006 62.2239 13.4562 0.408849 -0.890077 -0.1998
-57.9396 62.0296 14.5629 0.426833 -0.885988 -0.181213
-57.7695 61.878 15.4897 0.450028 -0.86533 -0.220397
-57.4249 61.7817 16.6204 0.445792 -0.87482 -0.18729
-57.0823 61.7618 17.5118 0.451323 -0.871738 -0.190733
-56.534 61.7572 18.6966 0.443605 -0.865835 -0.231397
-55.9363 61.6712 19.9459 0.419309 -0.859634 -0.29185
-55.5825 61.5797 20.7096 0.41446 -0.865248 -0.281718
-56.3916 61.164 20.9156 0.300219 -0.92777 -0.221609
-56.8393 61.2691 19.9609 0.296553 -0.921371 -0.251259
-57.32 61.3238 19.0034 0.353401 -0.913677 -0.200754
-57.7236 61.3277 18.1826 0.389763 -0.908239 -0.152273
-58.2339 61.3235 16.9531 0.435051 -0.885744 -0.16183
-58.5357 61.3821 16.0143 0.281061 -0.941847 -0.182065
-58.7359 61.5244 15.0984 0.288066 -0.934712 -0.208161
-58.8563 61.7753 13.78 0.33747 -0.91769 -0.209663
-58.7823 62.0252 12.4874 0.400746 -0.909531 -0.110258
-58.687 62.1768 11.5829 0.437589 -0.888144 -0.132015
-58.471 62.4328 10.356 0.526655 -0.845658 -0.0865292
-58.3208 62.6976 9.45446 0.497952 -0.847486 -0.18388
-58.0269 63.1161 8.19854 0.479321 -0.862076 -0.164549
-57.701 63.4671 7.34816 0.506907 -0.840579 -0.19097
-57.2652 63.9572 6.35736 0.451589 -0.856258 -0.239486
-56.85 64.386 5.53457 0.413106 -0.880954 -0.230789
-56.3163 64.8648 4.6213 0.404747 -0.889316 -0.212752
-55.8241 65.2982 3.66899 0.389152 -0.904525 -0.174342
-55.3244 65.7061 2.69914 0.409083 -0.89664 -0.169217
-54.7303 66.1072 1.97622 0.400221 -0.899742 -0.174034
-53.8925 66.6233 1.14626 0.406571 -0.901612 -0.14656
-53.1552 67.0709 0.508009 0.418418 -0.897902 -0.13674
-52.2314 67.5707 -0.0420151 0.393414 -0.909531 -0.134074
-51.4738 67.9463 -0.37465 0.392873 -0.909945 -0.132859
-50.3978 68.4651 -0.920078 0.376352 -0.916586 -0.134937
-49.4794 68.9505 -1.41992 0.386762 -0.914448 -0.115086
-48.5922 69.3664 -1.94834 0.382322 -0.919935 -0.0868869
-47.671 69.7898 -2.37002 0.383664 -0.919383 -0.0868011
-46.7395 70.1962 -2.67276 0.370994 -0.925631 -0.0746391
-45.8607 70.5672 -2.90497 0.37574 -0.923939 -0.0715685
-44.8071 71.0136 -3.15356 0.373871 -0.924389 -0.0756634
-43.83 71.4015 -3.3994 0.34326 -0.936533 -0.0710931
-42.8244 71.7647 -3.5144 0.325666 -0.942859 -0.070418
-41.9195 72.1115 -3.41975 0.358126 -0.9326 -0.0436557
-41.0134 72.4193 -3.37849 0.324528 -0.944813 -0.030773
-39.9247 72.7822 -3.21993 0.329526 -0.942602 -0.0539833
-38.8303 73.1502 -2.98113 0.328395 -0.942976 -0.0543304
-37.5026 73.5777 -2.70419 0.302485 -0.952263 -0.0412015
-36.2237 73.9691 -2.22629 0.309554 -0.950139 -0.0375875
-35.1403 74.2662 -1.77482 0.252614 -0.966094 -0.0533735
-34.0615 74.5173 -1.38086 0.235458 -0.970342 -0.054742
-32.9642 74.7784 -0.923418 0.241864 -0.970255 0.0103359
-32.0532 74.952 -0.42099 0.154793 -0.983175 -0.0946124
-31.2641 75.0412 0.0970065 0.176086 -0.979487 -0.0979755
-30.4563 75.106 0.795338 0.125549 -0.985403 -0.114212
-29.7999 75.0949 1.50297 0.105387 -0.988668 -0.103781
-29.1034 75.0783 2.2621 0.0315855 -0.997348 -0.065572
-28.4968 75.0399 2.97349 0.0202941 -0.996782 -0.0775549
-27.9978 74.97 3.87043 0.0529193 -0.994198 -0.0936527
-27.5451 74.897 4.70839 0.000252754 -0.985231 -0.163082
-27.124 74.7405 5.53215 -0.00712747 -0.991703 -0.128352
-26.5703 74.5944 6.56594 -0.0404871 -0.992687 -0.113722
-26.1437 74.3985 7.64078 -0.0458838 -0.981215 -0.187382
-25.7743 74.1661 8.737 -0.0515773 -0.979042 -0.197019
-25.4471 73.9463 9.90837 -0.00709794 -0.982454 -0.18425
-25.2189 73.7131 10.9541 0.00337494 -0.971803 -0.235771
-24.9831 73.4655 11.9613 0.0151983 -0.963657 -0.266711
-24.8367 73.138 13.0725 -0.04899 -0.967187 -0.249297
-24.8264 72.7817 14.3404 0.0373139 -0.945431 -0.323678
-24.8945 72.3317 15.4166 -0.00157185 -0.896692 -0.442653
-25.0352 71.7405 16.7515 0.101085 -0.944983 -0.311109
-25.2704 71.3894 17.7092 0.125667 -0.912793 -0.385466
-25.4636 70.9416 18.508 -0.0453152 -0.844443 -0.533725
-25.6139 70.4646 19.3036 -0.0575144 -0.867329 -0.494401
-25.7834 69.9898 20.1562 -0.0412041 -0.876188 -0.479618
-26.0056 69.5164 20.9116 0.161866 -0.842006 -0.514611
-26.3478 69.0761 21.6165 0.0369269 -0.785141 -0.618215
-26.7477 68.4476 22.4532 -0.0376637 -0.826261 -0.562027
-27.1625 67.8854 23.3496 -0.0371169 -0.840847 -0.539996
-27.7427 67.3272 24.2429 -0.0361143 -0.835717 -0.547972
-28.3933 66.7688 25.2571 -0.0989744 -0.865829 -0.490453
-28.9475 66.3485 26.1174 -0.133661 -0.868333 -0.476689
-29.5738 65.9891 26.8986 -0.112807 -0.873244 -0.473854
-30.5095 65.721 27.7217 -0.180449 -0.891786 -0.414037
-31.5099 65.547 28.5179 -0.135915 -0.919198 -0.369597
-32.5438 65.3907 29.4534 -0.202386 -0.918083 -0.340076
-33.4409 65.2749 30.2561 -0.205271 -0.909498 -0.361494
-34.5491 65.2365 30.9793 -0.209114 -0.944357 -0.253893
-35.3909 65.2932 31.4631 -0.11334 -0.922776 -0.342859
-36.2704 65.039 31.9739 -0.0212419 -0.883126 -0.468656
-37.2618 64.5537 32.5383 0.232635 -0.860995 -0.452292
-37.9859 64.1371 32.9452 0.26963 -0.867327 -0.41413
-38.8893 63.6189 33.5831 0.196853 -0.850565 -0.486556
-39.55 63.1411 34.1322 0.183295 -0.842381 -0.506752
-40.3262 62.5358 35.0327 0.156768 -0.9081 -0.388301
-41.1272 61.8349 35.8644 0.423611 -0.812167 -0.401171
-41.8197 61.2905 36.2445 0.384302 -0.831708 -0.40011
-42.5255 60.7668 36.6156 0.344588 -0.788475 -0.509476
-43.3737 60.3177 36.7566 0.334669 -0.795062 -0.505839
-44.721 59.8167 36.5969 0.341192 -0.823779 -0.452742
-45.7599 59.5245 36.3325 0.350502 -0.807228 -0.474884
-46.589 59.3543 36.0033 0.353337 -0.807665 -0.472048
-47.5478 59.1784 35.5781 0.375519 -0.812412 -0.445987
-48.8451 58.9013 34.9791 0.373474 -0.816596 -0.440101
-49.7822 58.7813 34.3583 0.38188 -0.831464 -0.403528
-50.471 58.7538 33.7474 0.39857 -0.829031 -0.392237
-51.126 58.7375 33.1234 0.391145 -0.828243 -0.401213
-52.1289 58.76 32.1214 0.38617 -0.832204 -0.397824
-52.877 58.9049 31.0678 0.389372 -0.834065 -0.3908
-53.3112 59.067 30.2559 0.375009 -0.845849 -0.379351
-53.7906 59.3261 29.2042 0.36778 -0.853193 -0.369592
-54.2282 59.6156 28.0667 0.347183 -0.867997 -0.355029
-54.5101 59.9555 26.9499 0.348971 -0.86905 -0.350673
-54.6921 60.2278 26.0867 0.372555 -0.873968 -0.312063
-54.9918 60.5251 24.8123 0.3375 -0.89769 -0.281987
-55.2144 60.752 23.8559 0.309758 -0.908471 -0.280485
-55.7008 61.0059 22.4667 0.305768 -0.911492 -0.275109
-56.1847 61.1145 21.4046 0.301232 -0.927509 -0.221329
-57.107 60.8012 21.4684 0.307058 -0.92407 -0.227382
-57.4693 60.8912 20.6032 0.297879 -0.9247 -0.236576
-57.9373 60.9247 19.7193 0.353761 -0.912513 -0.205359
-58.5216 60.9505 18.5804 0.28479 -0.942762 -0.173479
-58.9661 60.9916 17.6158 0.286519 -0.942813 -0.170326
-59.3722 61.0721 16.4304 0.274058 -0.948981 -0.155969
-59.6289 61.2232 15.2151 0.309836 -0.931893 -0.186027
-59.7377 61.3911 14.0431 0.334536 -0.923382 -0.186778
-59.73 61.6038 13.0414 0.352108 -0.917638 -0.184284
-59.6124 61.801 11.9735 0.330229 -0.936512 -0.117876
-59.4927 61.9783 10.907 0.331704 -0.935583 -0.121069
-59.3005 62.1866 9.92533 0.308199 -0.93059 -0.197523
-59.112 62.5127 8.81323 0.356346 -0.903879 -0.236544
-58.7985 62.949 7.65969 0.340106 -0.909137 -0.239773
-58.3169 63.4514 6.53312 0.32262 -0.903219 -0.283039
-57.7874 64.0134 5.3397 0.390282 -0.893045 -0.223941
-57.1339 64.5993 4.15839 0.403498 -0.888281 -0.219424
-56.5246 65.1229 3.01288 0.389803 -0.904407 -0.173497
-56.0768 65.5065 2.10461 0.391581 -0.895666 -0.210826
-55.2009 66.065 1.1117 0.382027 -0.90619 -0.180179
-54.4196 66.5376 0.327512 0.382766 -0.908878 -0.165622
-53.7888 66.8963 -0.252421 0.394462 -0.907386 -0.143449
-52.7516 67.4676 -0.863977 0.400839 -0.906008 -0.13551
-51.663 68.0043 -1.32934 0.388349 -0.912684 -0.126935
-50.9135 68.3711 -1.69973 0.377343 -0.915546 -0.139241
-49.8627 68.8811 -2.28569 0.370444 -0.924055 -0.0942226
-48.7638 69.3945 -2.94302 0.377812 -0.920539 -0.0992648
-47.9079 69.7868 -3.3021 0.379336 -0.920253 -0.0961032
-46.5213 70.3949 -3.74663 0.365728 -0.925489 -0.0985256
-45.3944 70.856 -3.99 0.353882 -0.930361 -0.0958989
-44.3024 71.2915 -4.26638 0.347995 -0.934488 -0.0750428
-42.9169 71.8039 -4.48614 0.327985 -0.942364 -0.0661448
-42.0721 72.0985 -4.39215 0.358134 -0.932598 -0.0436456
-41.2217 72.4139 -4.35463 0.332829 -0.941329 -0.0522594
-40.3698 72.6979 -4.29459 0.323985 -0.943726 -0.0664438
-39.4142 73.0143 -4.09144 0.319777 -0.945443 -0.0617196
-38.5191 73.3014 -3.86525 0.31967 -0.946229 -0.0492938
-37.5124 73.6247 -3.6496 0.314314 -0.946925 -0.0649445
-36.6676 73.8991 -3.43478 0.325883 -0.942204 -0.0777937
-35.8269 74.1098 -3.1335 0.276328 -0.958327 -0.0597746
-34.93 74.3617 -2.7159 0.270359 -0.962341 -0.0283794
-33.727 74.6655 -2.25898 0.265103 -0.961399 -0.0737035
-32.4806 74.9641 -1.7341 0.202434 -0.97563 -0.0586371
-31.6786 75.0668 -1.30311 0.157446 -0.987073 -0.0248791
-30.8082 75.2085 -0.753902 0.171789 -0.982586 -0.0557144
-30.0408 75.2584 -0.128718 0.132483 -0.985824 -0.102956
-29.1926 75.2245 0.757517 0.00970886 -0.991322 -0.131096
-28.4106 75.1535 1.56488 0.00233535 -0.995518 -0.0870601
-27.5222 75.0387 2.6758 -0.0341643 -0.998337 -0.0464294
-26.9585 74.9705 3.76212 -0.0342626 -0.998523 -0.0421597
-26.4733 74.8334 4.67264 -0.0786945 -0.984429 -0.157181
-25.8573 74.6548 5.7851 -0.0446063 -0.991246 -0.123783
-25.4963 74.5557 6.69926 -0.0213229 -0.98766 -0.144589
-25.0914 74.3371 7.70435 -0.0420833 -0.980372 -0.192503
-24.6768 74.0829 8.96393 -0.0288503 -0.98413 -0.174607
-24.3727 73.9032 10.1116 0.000344875 -0.982906 -0.181441
-24.1712 73.668 11.1296 0.000266072 -0.972628 -0.232264
-23.9284 73.4653 12.0682 0.0979443 -0.942692 -0.297693
-23.8609 73.1237 12.9359 -0.0367171 -0.952493 -0.297809
-23.8195 72.913 13.8804 -0.0194319 -0.979028 -0.202795
-23.9051 72.5892 14.8764 -0.00438864 -0.902147 -0.431407
-23.9408 72.1028 15.8708 -0.00705759 -0.894244 -0.447524
-24.0235 71.7109 16.7691 -0.0617162 -0.936181 -0.345679
-24.2766 71.3458 17.7756 -0.0730155 -0.931504 -0.356327
-24.6211 70.4945 19.1463 0.026118 -0.85974 -0.506348
-24.778 70.0063 20.071 -0.0248811 -0.885043 -0.464844
-24.9925 69.5282 20.9516 -0.0340339 -0.841245 -0.537343
-25.4231 68.9172 21.8348 -0.022128 -0.778615 -0.62711
-25.8067 68.2819 22.6354 -0.0226749 -0.784593 -0.619509
-26.1847 67.7162 23.433 -0.112653 -0.796625 -0.593884
-26.6607 67.2336 24.2535 -0.104924 -0.826974 -0.551744
-27.2966 66.6978 25.148 -0.0785817 -0.840326 -0.536268
-27.9486 66.1041 26.2226 -0.143642 -0.854645 -0.497629
-28.6986 65.7009 27.2273 -0.133661 -0.868336 -0.476684
-29.5829 65.3682 28.0157 -0.15742 -0.868805 -0.466158
-30.3693 65.2388 28.724 -0.198314 -0.902187 -0.383053
-31.4331 65.0777 29.608 -0.195539 -0.908619 -0.368777
-32.3529 64.947 30.4631 -0.206164 -0.909577 -0.360786
-33.2509 64.7909 31.2004 -0.234319 -0.849212 -0.473216
-34.0282 64.9086 31.7352 -0.396459 -0.867105 -0.301578
-34.9053 64.9248 32.2047 -0.0182525 -0.900139 -0.43522
-35.8865 64.6481 32.7792 0.0396292 -0.881809 -0.468163
-36.6991 64.3004 33.227 0.206777 -0.841493 -0.499133
-37.5608 63.8244 33.7256 0.185562 -0.866907 -0.462644
-38.4585 63.2387 34.3807 0.210115 -0.83362 -0.510813
-39.1533 62.7282 35.0515 0.154207 -0.909053 -0.387095
-39.664 62.3574 35.7173 0.162502 -0.872625 -0.454379
-40.1785 61.8408 36.3819 0.228743 -0.809132 -0.536904
-41.2413 61.0275 37.0009 0.286599 -0.795745 -0.533527
-42.3144 60.2794 37.4886 0.303753 -0.792566 -0.528747
-43.1493 59.856 37.6038 0.322792 -0.795331 -0.513082
-44.2913 59.4551 37.5068 0.322675 -0.795372 -0.513093
-45.1804 59.1585 37.3724 0.349744 -0.805693 -0.47805
-46.4683 58.8614 36.9369 0.350507 -0.807224 -0.474888
-47.5323 58.6904 36.4643 0.354384 -0.812935 -0.461705
-48.3748 58.5033 36.1158 0.36602 -0.817388 -0.444853
-49.3092 58.3355 35.6426 0.370548 -0.81944 -0.437279
-50.1421 58.2356 35.1079 0.380328 -0.817642 -0.432218
-51.0744 58.2092 34.2912 0.391327 -0.83381 -0.38939
-51.808 58.2116 33.5706 0.375965 -0.835317 -0.401118
-52.5893 58.2142 32.8292 0.381994 -0.835726 -0.394449
-53.3185 58.3107 31.8995 0.388229 -0.834751 -0.390472
-53.9631 58.5139 30.8228 0.386349 -0.834774 -0.392273
-54.4162 58.7019 29.971 0.378047 -0.844516 -0.379305
-54.8932 58.9823 28.8544 0.382563 -0.845711 -0.372047
-55.1744 59.2751 27.9045 0.372741 -0.845492 -0.382371
-55.3582 59.5781 27.0296 0.356171 -0.865531 -0.352133
-55.5516 59.8722 26.1046 0.351314 -0.87485 -0.332905
-55.827 60.1455 25.0617 0.340234 -0.88198 -0.326117
-56.0775 60.4058 24.008 0.312633 -0.905487 -0.286973
-56.3467 60.5908 23.1242 0.305773 -0.911491 -0.27511
-56.7602 60.7072 22.2771 0.314223 -0.907578 -0.278502
-56.836 60.7268 22.1288 0.313909 -0.913883 -0.256301
-57.6545 60.3257 22.5147 0.312907 -0.907656 -0.279731
-58.0095 60.459 21.6029 0.310512 -0.921337 -0.233924
-58.4864 60.5849 20.4976 0.302442 -0.928858 -0.212127
-59.0344 60.5813 19.644 0.290789 -0.937052 -0.193326
-59.5044 60.6431 18.6376 0.287795 -0.939906 -0.183401
-60.0569 60.6902 17.4273 0.291283 -0.941632 -0.168772
-60.2801 60.8032 16.3841 0.291792 -0.942457 -0.163196
-60.4755 60.9042 15.4466 0.292976 -0.942329 -0.161802
-60.5895 61.027 14.5207 0.294144 -0.942276 -0.159975
-60.6469 61.2633 13.1428 0.300894 -0.935023 -0.187603
-60.5712 61.4694 12.2151 0.266826 -0.954506 -0.133123
-60.3725 61.697 11.0182 0.258166 -0.956589 -0.134596
-60.2558 61.8831 9.88512 0.281057 -0.949549 -0.139155
-60.0784 62.127 9.00862 0.302582 -0.932297 -0.198156
-59.8942 62.4095 8.05462 0.356346 -0.9019 -0.24412
-59.3068 63.0612 6.55112 0.355896 -0.897676 -0.259832
-58.9405 63.4324 5.77532 0.357214 -0.896977 -0.260442
-58.5763 63.8934 4.56604 0.368284 -0.901984 -0.224878
-57.8665 64.4254 3.51525 0.385416 -0.897111 -0.214995
-57.4205 64.7817 2.76345 0.369197 -0.905394 -0.209655
-57.0057 65.142 1.89863 0.390899 -0.898671 -0.197895
-56.4251 65.5897 0.952519 0.381165 -0.914167 -0.137734
-55.7764 65.978 0.147235 0.390796 -0.907922 -0.150118
-55.0995 66.3783 -0.387313 0.400544 -0.907299 -0.127173
-54.2092 66.859 -1.18773 0.384618 -0.915169 -0.120563
-52.8382 67.5754 -1.84127 0.408971 -0.902058 -0.137936
-51.8555 68.0584 -2.3717 0.385597 -0.914997 -0.118723
-51.0397 68.4488 -2.69377 0.392443 -0.912128 -0.118364
-50.077 68.898 -3.27726 0.374522 -0.922468 -0.0937387
-49.308 69.2553 -3.72238 0.378479 -0.921188 -0.0903673
-48.1875 69.7673 -4.20543 0.378855 -0.920128 -0.0991323
-47.2908 70.1656 -4.49718 0.376696 -0.920935 -0.0998966
-45.9361 70.7237 -4.84975 0.346566 -0.935736 -0.0655057
-45.013 71.0905 -5.20604 0.350997 -0.934059 -0.0656916
-44.0281 71.4684 -5.29083 0.343016 -0.937609 -0.0564505
-42.818 71.9078 -5.3845 0.332982 -0.9406 -0.0653937
-41.8814 72.2373 -5.37764 0.331498 -0.940233 -0.0779156
-40.7113 72.6523 -5.25875 0.327738 -0.94201 -0.0715527
-39.4134 73.0801 -5.13193 0.317853 -0.943881 -0.089766
-38.4043 73.3993 -4.8611 0.322515 -0.944755 -0.0584978
-37.488 73.6727 -4.59558 0.27703 -0.959669 -0.0478565
-36.6204 73.9591 -4.42442 0.339083 -0.940522 0.020988
-35.7528 74.25 -4.14125 0.284745 -0.948983 -0.135466
-34.7674 74.4594 -3.68922 0.268528 -0.956979 -0.0978641
-33.7258 74.7242 -3.25543 0.261484 -0.963816 -0.0518046
-32.3936 74.9867 -2.6938 0.135684 -0.990606 0.0169466
-30.9566 75.1983 -1.97758 0.147088 -0.98899 0.0093098
-29.9 75.3319 -1.33007 0.123312 -0.992365 0.00260278
-29.2402 75.361 -0.729388 -0.00770784 -0.997194 -0.0744584
-28.2547 75.2668 0.295694 -0.0148215 -0.995942 -0.0887637
-27.4205 75.1449 1.17139 -0.0565025 -0.99518 -0.0801573
-26.7847 75.0559 2.0892 -0.0084329 -0.997202 -0.0742733
-26.2502 74.9817 3.0249 -0.0383917 -0.996223 -0.0718494
-25.7877 74.8719 3.8169 -0.123443 -0.990205 -0.0652316
-25.2858 74.7457 4.75736 -0.0668566 -0.991478 -0.111811
-24.8865 74.6251 5.72452 -0.0428651 -0.995385 -0.085591
-24.3973 74.4745 6.92858 -0.0473519 -0.984865 -0.161164
-23.9346 74.2251 8.12597 -0.00401832 -0.984384 -0.174003
-23.6505 74.0899 8.99984 0.0168264 -0.987272 -0.15815
-23.3886 73.9286 9.91706 -0.0158096 -0.978056 -0.207741
-23.1633 73.682 11.339 0.131394 -0.965216 -0.220754
-23.0041 73.3761 12.4918 0.0988037 -0.908126 -0.406872
-22.8591 73.0345 13.3806 0.0330362 -0.979436 -0.199034
-22.9751 72.6726 14.8177 0.0275809 -0.932688 -0.350677
-22.9405 72.2789 15.6295 0.0608455 -0.881239 -0.468738
-22.9283 71.7085 16.6243 0.00790785 -0.837827 -0.545879
-23.1585 71.3563 17.5037 -0.0405033 -0.946771 -0.313136
-23.4958 70.9874 18.4188 0.0765118 -0.876447 -0.475381
-23.5969 70.5582 19.2399 0.0978773 -0.90538 -0.413166
-23.9132 69.9086 20.4713 0.106836 -0.84108 -0.524598
-24.1202 69.2052 21.4284 0.0718744 -0.813633 -0.576919
-24.6174 68.5415 22.2719 0.0622555 -0.784739 -0.610505
-25.0474 67.8299 23.249 0.161411 -0.866699 -0.471995
-25.6559 67.1243 24.2809 0.0571132 -0.859963 -0.496215
-26.2377 66.57 25.2445 0.0119688 -0.838026 -0.545498
-26.7348 66.0854 26.1066 -0.0106324 -0.893247 -0.449441
-27.3846 65.6064 27.0144 -0.0591132 -0.880037 -0.465829
-28.5682 65.1141 28.1907 -0.113863 -0.849661 -0.514774
-29.4084 64.8818 28.9981 -0.244896 -0.88537 -0.395153
-30.14 64.7649 29.6828 -0.245782 -0.872466 -0.422367
-30.8776 64.6709 30.307 -0.274882 -0.879765 -0.385427
-31.5096 64.5364 31.0294 -0.169333 -0.896657 -0.404108
-32.5845 64.3259 31.7531 -0.125135 -0.895842 -0.425102
-33.4448 64.4359 32.3782 -0.384142 -0.886874 -0.256688
-34.428 64.5644 32.9385 -0.0335755 -0.901285 -0.431507
-35.6634 64.1679 33.6397 0.0620846 -0.866628 -0.495078
-36.5588 63.8185 34.1018 0.151094 -0.845573 -0.512032
-37.3875 63.319 34.6632 0.171262 -0.828064 -0.533496
-38.2374 62.7198 35.4302 0.147745 -0.909885 -0.387636
-38.8032 62.3024 36.1931 0.193914 -0.876354 -0.43367
-39.6245 61.5009 37.1772 0.269694 -0.820721 -0.50188
-40.5702 60.8069 37.6963 0.298236 -0.797076 -0.525091
-41.5636 60.1089 38.1778 0.304906 -0.793846 -0.526156
-42.3896 59.6473 38.3927 0.311314 -0.790769 -0.527004
-43.667 59.1168 38.4193 0.313522 -0.795691 -0.518147
-44.6671 58.7931 38.3071 0.318794 -0.802685 -0.50405
-45.5585 58.5435 38.1401 0.333092 -0.805418 -0.489843
-46.813 58.2967 37.6588 0.334858 -0.814687 -0.473439
-47.9614 58.1195 37.1487 0.343108 -0.816267 -0.464587
-49.0493 57.857 36.7448 0.369107 -0.816792 -0.443409
-49.9131 57.7823 36.1902 0.349337 -0.836703 -0.421381
-50.8617 57.6663 35.5932 0.364218 -0.829118 -0.424156
-51.6073 57.6502 34.9367 0.391942 -0.828926 -0.399078
-52.4172 57.687 34.0952 0.373681 -0.837034 -0.39967
-53.4937 57.7041 33.0258 0.385612 -0.835598 -0.39125
-54.2929 57.8721 31.8744 0.385944 -0.837037 -0.387831
-54.9479 58.032 30.8808 0.385345 -0.834124 -0.394647
-55.4327 58.2958 29.8496 0.387027 -0.835253 -0.390567
-55.8837 58.6893 28.5112 0.377209 -0.848108 -0.372056
-56.1944 59.1472 27.1996 0.368103 -0.847945 -0.38143
-56.4145 59.5525 26.019 0.349548 -0.870291 -0.347002
-56.7142 59.8066 25.058 0.337447 -0.882851 -0.326656
-56.9982 60.1343 23.7973 0.320079 -0.896546 -0.305391
-57.4348 60.244 23.0254 0.31422 -0.907578 -0.278504
-57.5167 60.2936 22.773 0.312906 -0.907656 -0.279734
