-43.2608 70.1185 14.7915 0.359051 -0.914176 -0.188056
-43.0895 69.8892 15.8817 0.295852 -0.913884 -0.278006
-42.3397 70.2574 15.4627 0.294269 -0.915503 -0.274335
-42.1937 70.5647 14.5895 0.286062 -0.91796 -0.274798
-42.9969 70.2897 14.4631 0.35905 -0.914176 -0.188057
-43.2955 70.3696 13.5743 0.368185 -0.906513 -0.206574
-44.0948 69.8138 14.5115 0.405541 -0.890507 -0.206236
-44.0514 69.5644 15.6116 0.419656 -0.873543 -0.246599
-43.63 69.4054 16.7469 0.348375 -0.891484 -0.289633
-42.9511 69.4082 17.5609 0.320723 -0.901514 -0.288973
-42.0863 69.9037 16.8726 0.291139 -0.912156 -0.288461
-41.4317 70.518 15.5423 0.261442 -0.91849 -0.296687
-41.2815 70.8489 14.5912 0.286418 -0.917344 -0.276486
-41.4869 71.0323 13.6719 0.323706 -0.915959 -0.236203
-42.3176 70.8278 13.2982 0.369993 -0.908397 -0.194634
-43.0283 70.5076 13.4447 0.368191 -0.906512 -0.206573
-43.526 70.4828 12.6479 0.356447 -0.911869 -0.203196
-42.5051 70.9556 12.3456 0.369992 -0.908397 -0.194636
-41.1815 71.4678 12.5144 0.351658 -0.907726 -0.225577
-40.5499 71.4145 13.4177 0.278635 -0.926591 -0.252571
-40.388 71.0899 14.6626 0.259105 -0.92516 -0.277389
-40.5576 70.6897 15.7919 0.278416 -0.912923 -0.298423
-40.9413 70.262 16.779 0.24939 -0.920504 -0.300382
-41.5374 69.7988 17.6864 0.248268 -0.909571 -0.332355
-42.455 69.2254 18.467 0.265571 -0.897923 -0.351007
-43.3071 68.8816 18.6841 0.273987 -0.890265 -0.363658
-44.0093 68.8863 17.9049 0.360464 -0.887821 -0.286076
-44.4525 69.0139 16.899 0.402694 -0.881558 -0.246358
-44.8029 69.1118 15.978 0.415083 -0.877846 -0.238449
-45.0046 69.2716 14.9896 0.427542 -0.876866 -0.219804
-44.8973 69.5957 13.8755 0.405311 -0.889537 -0.21077
-44.333 70.0228 13.1599 0.394637 -0.89612 -0.203053
-43.7476 70.3782 12.7336 0.362921 -0.907254 -0.211983
-44.096 70.4364 11.8637 0.377386 -0.901594 -0.211444
-44.9282 69.9473 12.4137 0.391977 -0.888341 -0.239175
-45.5953 69.4647 13.171 0.384495 -0.895895 -0.222566
-45.885 69.0415 14.2375 0.412595 -0.881348 -0.230199
-45.8436 68.8304 15.1393 0.393447 -0.89584 -0.206111
-45.6375 68.6938 16.0782 0.383113 -0.898391 -0.21475
-45.148 68.5806 17.3145 0.381559 -0.890294 -0.247536
-44.8026 68.477 18.1757 0.364358 -0.879465 -0.305488
-44.4006 68.3159 19.0631 0.353841 -0.868691 -0.345723
-43.882 68.1562 19.9574 0.317187 -0.887171 -0.334916
-42.863 68.5419 19.8241 0.278954 -0.886647 -0.368838
-42.0101 69.0519 19.2431 0.258477 -0.889612 -0.375902
-41.2957 69.4495 18.7516 0.24987 -0.898404 -0.361157
-40.6716 69.8768 18.1194 0.248262 -0.90957 -0.332363
-39.9538 70.494 16.905 0.262874 -0.913772 -0.309708
-39.5394 71.1234 15.4149 0.271283 -0.912749 -0.305281
-39.4812 71.4217 14.4343 0.289109 -0.915889 -0.27804
-39.5782 71.6865 13.4833 0.300106 -0.911576 -0.281009
-40.091 71.8901 12.2752 0.26611 -0.922539 -0.279476
-40.7819 71.8419 11.623 0.372719 -0.903261 -0.212605
-42.0106 71.389 11.3608 0.388936 -0.89835 -0.203819
-43.1995 70.8658 11.5359 0.342168 -0.919558 -0.193221
-43.7943 70.5923 11.7375 0.36292 -0.907254 -0.211983
-43.9169 70.7376 10.7784 0.366552 -0.916313 -0.161253
-42.9414 71.1823 10.487 0.355556 -0.917424 -0.177424
-42.0785 71.5516 10.3885 0.372053 -0.918268 -0.135503
-41.1165 71.9399 10.4834 0.404084 -0.905437 -0.130001
-40.1925 72.2449 10.8308 0.27281 -0.941699 -0.196922
-39.363 72.2714 11.6616 0.243711 -0.939719 -0.239859
-38.9054 72.1484 12.5889 0.265894 -0.930206 -0.251822
-38.6399 71.9755 13.4845 0.241985 -0.936681 -0.253123
-38.5742 71.7041 14.4472 0.289108 -0.915891 -0.278034
-38.6221 71.3992 15.4156 0.276298 -0.918634 -0.282438
-38.8025 71.0163 16.4086 0.281573 -0.904917 -0.318942
-39.1264 70.5574 17.3844 0.249194 -0.898929 -0.359896
-39.6121 70.0834 18.292 0.233051 -0.907906 -0.348416
-40.3828 69.4955 19.2689 0.243818 -0.900323 -0.360459
-41.2739 68.9721 19.8916 0.249214 -0.88613 -0.390724
-41.9505 68.588 20.3613 0.238 -0.892578 -0.382964
-42.7835 68.1206 20.8989 0.281095 -0.893798 -0.348903
-43.5653 67.7107 21.3405 0.284957 -0.899659 -0.330776
-44.4327 67.3969 21.3366 0.356805 -0.858219 -0.368751
-44.8371 67.6855 20.2983 0.338569 -0.86586 -0.366344
-45.2203 67.899 19.2717 0.357972 -0.87769 -0.318588
-45.7478 68.1202 18.0442 0.377919 -0.875251 -0.301848
-46.2531 68.2442 16.8567 0.383509 -0.897925 -0.215991
-46.6006 68.3178 15.91 0.417643 -0.883834 -0.209713
-46.789 68.4398 14.9729 0.403332 -0.88996 -0.212282
-46.7307 68.7602 13.7597 0.426435 -0.877157 -0.219823
-46.4092 69.186 12.7788 0.425275 -0.873104 -0.238392
-45.879 69.6236 12.0449 0.398083 -0.891268 -0.21719
-45.1013 70.1286 11.3409 0.386673 -0.900497 -0.198958
-44.3592 70.5339 10.9384 0.374348 -0.90938 -0.179899
-44.7342 70.5393 10.059 0.3753 -0.91539 -0.144242
-45.7642 69.9892 10.6274 0.412868 -0.894034 -0.173904
-46.4634 69.5372 11.2525 0.428865 -0.882102 -0.194493
-47.1217 69.0031 12.1479 0.427339 -0.876726 -0.220641
-47.5109 68.5512 13.1203 0.432482 -0.87007 -0.236511
-47.7185 68.2075 14.1288 0.409766 -0.889704 -0.201294
-47.6691 68.0165 15.0298 0.422992 -0.876651 -0.229203
-47.3271 67.8522 16.332 0.432884 -0.874623 -0.218246
-46.8029 67.7626 17.6431 0.453806 -0.846758 -0.276874
-46.3283 67.6185 18.7722 0.411997 -0.860069 -0.298557
-45.8382 67.3777 19.9579 0.385062 -0.849561 -0.360518
-45.4736 67.113 20.9521 0.36586 -0.852264 -0.373621
-45.1571 66.8351 21.937 0.364058 -0.860884 -0.355428
-44.6705 66.667 22.8763 0.371928 -0.862017 -0.344379
-43.8414 67.1161 22.579 0.347438 -0.876203 -0.334
-43.0636 67.5614 22.1537 0.235402 -0.901409 -0.363379
-42.1647 68.0188 21.5995 0.236009 -0.901961 -0.361617
-41.3242 68.4611 21.0652 0.24268 -0.89781 -0.367483
-40.5354 68.8998 20.5174 0.237903 -0.887272 -0.395158
-39.7237 69.38 19.9286 0.231525 -0.891243 -0.38986
-38.924 69.9608 19.0441 0.2259 -0.895485 -0.383504
-38.3571 70.4947 18.0738 0.249203 -0.898927 -0.359895
-37.9629 71.0557 17.0031 0.266283 -0.898482 -0.348134
-37.7595 71.5007 15.9397 0.274741 -0.904165 -0.327115
-37.6786 71.7956 15.078 0.289285 -0.916069 -0.277725
-37.6692 72.0372 14.1757 0.232308 -0.936537 -0.262409
-37.7737 72.2937 13.1352 0.241974 -0.936683 -0.253125
-38.2063 72.5185 11.8514 0.236467 -0.940762 -0.243001
-38.8983 72.6465 10.6644 0.241013 -0.94036 -0.24006
-40.003 72.4603 9.8707 0.274763 -0.951996 -0.134936
-41.1642 72.0614 9.48928 0.3814 -0.917278 -0.109889
-42.0531 71.7129 9.4164 0.360757 -0.920023 -0.153012
-42.9556 71.3393 9.52891 0.365804 -0.918003 -0.15316
-43.8502 70.9431 9.76686 0.367374 -0.916647 -0.157393
-44.6516 70.5787 10.0216 0.364157 -0.917337 -0.16088
-44.6651 70.5725 10.0264 0.364158 -0.917337 -0.160881
-45.0727 70.5152 9.17817 0.383531 -0.916825 -0.111067
-43.7416 71.1317 8.71353 0.386704 -0.91531 -0.112553
-42.5893 71.663 8.49031 0.379911 -0.912204 -0.151891
-41.6906 72.0244 8.44801 0.350344 -0.923319 -0.157292
-40.4913 72.4399 8.69685 0.354705 -0.922071 -0.154824
-39.34 72.7785 9.14307 0.311204 -0.939107 -0.14467
-38.5072 72.9584 9.63748 0.247376 -0.951178 -0.18457
-37.709 72.9252 10.7119 0.228508 -0.947025 -0.225673
-37.3095 72.8039 11.6568 0.251169 -0.941333 -0.224172
-37.0037 72.6661 12.5281 0.253347 -0.933102 -0.254554
-36.7929 72.417 13.5961 0.232315 -0.936534 -0.262413
-36.7547 72.0692 14.8368 0.222917 -0.941929 -0.250312
-36.8169 71.7666 15.8644 0.169077 -0.930546 -0.322536
-37.0518 71.1347 17.2757 0.148127 -0.902287 -0.404869
-37.3719 70.66 18.2271 0.165465 -0.91251 -0.372302
-37.8275 70.1945 19.1372 0.207874 -0.898512 -0.386606
-38.5623 69.5979 20.1037 0.224757 -0.894057 -0.387464
-39.3307 69.1 20.7907 0.234397 -0.887237 -0.397327
-40.1326 68.6415 21.3413 0.236238 -0.887366 -0.395939
-40.9853 68.1797 21.9353 0.219311 -0.898297 -0.380742
-41.7413 67.7937 22.431 0.234789 -0.900861 -0.365135
-42.5785 67.3579 22.9622 0.236524 -0.898803 -0.369066
-43.2941 66.9684 23.3649 0.275533 -0.879946 -0.387009
-44.1585 66.4692 23.8606 0.298111 -0.864743 -0.403467
-45.0312 65.996 24.1762 0.311925 -0.866141 -0.39021
-45.6302 66.0177 23.5128 0.357651 -0.880054 -0.312396
-45.9119 66.351 22.3427 0.363679 -0.862339 -0.352292
-46.232 66.6351 21.3239 0.370233 -0.859518 -0.352255
-46.7354 66.9764 19.9634 0.37675 -0.853848 -0.359169
-47.057 67.1326 19.1059 0.431592 -0.853234 -0.292249
-47.4151 67.2363 18.2239 0.438216 -0.852189 -0.285535
-47.8208 67.3368 17.2393 0.435752 -0.861014 -0.262249
-48.2867 67.4564 16.0368 0.441032 -0.862949 -0.246596
-48.6315 67.5831 14.9203 0.421189 -0.876248 -0.23407
-48.6334 67.8737 13.7269 0.41254 -0.889759 -0.195295
-48.4027 68.1951 12.823 0.42102 -0.878312 -0.22652
-47.9992 68.6437 11.8148 0.441837 -0.873448 -0.204616
-47.5343 69.0509 11.0743 0.441179 -0.87402 -0.203595
-46.7811 69.5961 10.2288 0.418305 -0.893649 -0.159999
-46.1246 69.9741 9.74161 0.412461 -0.89988 -0.141747
-45.3677 70.3752 9.31536 0.384986 -0.915135 -0.119333
-45.8767 70.2485 8.51546 0.397517 -0.912303 -0.0984108
-44.9414 70.7017 8.09207 0.390522 -0.914565 -0.10473
-44.1509 71.0854 7.80759 0.396023 -0.907692 -0.138784
-42.895 71.6741 7.54679 0.397154 -0.907114 -0.139329
-41.9488 72.0776 7.46603 0.352471 -0.92915 -0.110997
-40.9718 72.4258 7.56477 0.343655 -0.931705 -0.117588
-40.0917 72.7017 7.83058 0.318408 -0.938581 -0.132973
-38.8136 73.0627 8.35393 0.315857 -0.940135 -0.127985
-37.8423 73.2595 8.92138 0.228957 -0.959467 -0.164323
-37.1233 73.287 9.76922 0.225933 -0.955807 -0.186581
-36.7011 73.195 10.6091 0.230926 -0.946555 -0.225182
-36.3442 73.0653 11.5624 0.236664 -0.949193 -0.207421
-36.0726 72.91 12.5564 0.244114 -0.938979 -0.239972
-35.848 72.6149 13.6392 0.213431 -0.924306 -0.316394
-35.7696 72.3196 14.6176 0.153621 -0.944893 -0.289097
-35.8514 72.0124 15.5791 0.153613 -0.945024 -0.288673
-35.9909 71.4824 16.8754 0.105513 -0.901372 -0.419994
-36.2509 70.9872 17.9122 0.126596 -0.92363 -0.361756
-36.6711 70.4891 19.0484 0.121717 -0.922983 -0.365036
-37.1987 69.977 19.9702 0.202886 -0.897007 -0.392704
-37.9272 69.4397 20.8328 0.226677 -0.892813 -0.389234
-38.5775 69.0227 21.401 0.232772 -0.88346 -0.406441
-39.2808 68.5972 21.906 0.229103 -0.879838 -0.416409
-40.0656 68.1715 22.4471 0.190561 -0.900023 -0.391976
-40.9944 67.7092 23.063 0.20268 -0.903468 -0.377712
-41.8711 67.2627 23.6203 0.226563 -0.894052 -0.386446
-42.6228 66.8561 24.067 0.275436 -0.873179 -0.402102
-43.4161 66.3923 24.5281 0.275439 -0.871056 -0.406688
-44.0983 65.9766 24.9597 0.286062 -0.873702 -0.393421
-45.048 65.3639 25.5705 0.287343 -0.862313 -0.416954
-45.8524 65.119 25.5163 0.363559 -0.86471 -0.344599
-46.1572 65.3403 24.5791 0.385632 -0.849015 -0.360401
-46.4844 65.6549 23.5569 0.364556 -0.863676 -0.346002
-46.7078 65.9378 22.5883 0.340468 -0.874988 -0.344205
-47.1389 66.2937 21.2141 0.352534 -0.877312 -0.325644
-47.6043 66.531 19.9892 0.420558 -0.854309 -0.305075
-48.0196 66.7238 18.8778 0.431584 -0.853238 -0.292249
-48.3925 66.828 17.9326 0.4432 -0.855207 -0.268693
-48.7838 66.9251 16.9907 0.439317 -0.857659 -0.267158
-49.1283 67.0045 16.1124 0.441921 -0.862558 -0.246372
-49.4391 67.1346 15.082 0.443504 -0.864972 -0.234792
-49.5621 67.3241 14.1079 0.467 -0.859988 -0.205301
-49.375 67.6708 13.0111 0.459404 -0.865921 -0.197791
-49.0855 68.0244 12.1235 0.454311 -0.868991 -0.196103
-48.6978 68.4156 11.28 0.438717 -0.875195 -0.203833
-48.2418 68.8351 10.4687 0.441147 -0.873983 -0.20382
-47.6332 69.275 9.75156 0.413756 -0.900657 -0.132748
-46.8711 69.7201 9.12676 0.418253 -0.900215 -0.120134
-46.1455 70.1097 8.66601 0.418073 -0.902369 -0.104624
-45.9793 70.1985 8.5649 0.407794 -0.907336 -0.101522
-46.4567 70.0662 7.76404 0.430037 -0.89367 -0.124156
-45.5388 70.54 7.30805 0.399351 -0.908902 -0.120068
-44.6658 70.9909 6.92632 0.404694 -0.904769 -0.13254
-43.7721 71.4129 6.71126 0.38793 -0.912776 -0.127517
-42.6001 71.9311 6.51331 0.375934 -0.91998 -0.109614
-41.6687 72.2962 6.49379 0.362977 -0.925041 -0.111742
-40.6877 72.6491 6.62383 0.343315 -0.932158 -0.114957
-39.6266 72.9777 6.99682 0.318778 -0.938419 -0.13323
-38.7863 73.2111 7.32697 0.309206 -0.941531 -0.133829
-37.8713 73.4245 7.74183 0.248326 -0.959784 -0.130952
-36.6053 73.581 8.79704 0.270087 -0.939878 -0.209002
-35.9347 73.5042 10.0222 0.21087 -0.954675 -0.209917
-35.4339 73.3032 11.4685 0.215886 -0.954913 -0.203502
-35.1635 73.1519 12.4366 0.197254 -0.943766 -0.259451
-34.9425 72.853 13.4681 0.175098 -0.933832 -0.311871
-34.8379 72.5229 14.4999 0.178654 -0.931625 -0.316478
-34.8877 72.1712 15.5453 0.135761 -0.942148 -0.306475
-34.9697 71.7198 16.6313 0.11247 -0.897039 -0.4274
-35.2296 71.1466 17.8713 0.129319 -0.922445 -0.363829
-35.53 70.7833 18.6812 0.0618842 -0.918951 -0.389294
-35.8951 70.3474 19.6225 0.078384 -0.915646 -0.39427
-36.4622 69.8293 20.6261 0.139829 -0.889745 -0.434513
-37.112 69.3566 21.4112 0.146171 -0.898635 -0.41335
-38.0633 68.7842 22.214 0.232772 -0.88346 -0.406441
-39.0469 68.2057 22.8998 0.227607 -0.898592 -0.374599
-40.1083 67.6763 23.614 0.197343 -0.905125 -0.376541
-40.9808 67.2436 24.206 0.236153 -0.909158 -0.341655
-41.9581 66.7725 24.7087 0.251937 -0.883778 -0.393182
-42.8031 66.2715 25.2398 0.277924 -0.877623 -0.390511
-43.6733 65.7298 25.8079 0.288413 -0.870921 -0.397889
-44.3493 65.2789 26.2825 0.307167 -0.871651 -0.381932
-45.1521 64.7737 26.8401 0.276885 -0.885042 -0.374213
-46.0519 64.3776 27.0539 0.321874 -0.8654 -0.384032
-46.5061 64.5275 26.3003 0.356361 -0.86193 -0.359816
-46.8735 64.7857 25.2162 0.359661 -0.875963 -0.321454
-47.1388 65.0197 24.3601 0.349994 -0.861644 -0.367248
-47.423 65.406 23.1917 0.366615 -0.858885 -0.357537
-47.6711 65.6632 22.2993 0.376616 -0.864446 -0.332308
-48.0839 65.9028 21.1407 0.392006 -0.862264 -0.320674
-48.5766 66.1189 19.8501 0.406327 -0.863996 -0.297293
-48.8741 66.2727 18.9099 0.441353 -0.854708 -0.273216
-49.2586 66.3788 17.9398 0.435038 -0.859069 -0.269707
-49.672 66.4779 16.9657 0.437225 -0.856758 -0.273497
-49.9961 66.5602 16.1159 0.440512 -0.863485 -0.24565
-50.2751 66.6572 15.1595 0.475361 -0.85037 -0.225615
-50.4397 66.8448 14.0777 0.473741 -0.853927 -0.215355
-50.2331 67.3082 12.6138 0.458547 -0.865796 -0.20033
-49.9108 67.665 11.8041 0.45647 -0.868763 -0.192
-49.4317 68.138 10.787 0.458632 -0.868534 -0.187896
-48.9036 68.6335 9.76618 0.465996 -0.865043 -0.185609
-48.2925 69.0421 9.06353 0.438827 -0.893435 -0.0959369
-47.5372 69.4777 8.44286 0.436571 -0.894917 -0.0923553
-46.7688 69.8996 7.9332 0.429366 -0.898354 -0.0927646
-47.1968 69.8312 7.05768 0.421393 -0.8929 -0.158611
-46.4305 70.2448 6.64112 0.386753 -0.913726 -0.124603
-45.6447 70.6379 6.3128 0.411329 -0.900687 -0.139887
-44.831 71.0618 5.97043 0.400453 -0.905832 -0.137767
-44.0111 71.4429 5.75713 0.38182 -0.918103 -0.106134
-43.1692 71.8087 5.58316 0.377039 -0.91972 -0.10935
-42.2071 72.2129 5.49072 0.370357 -0.92183 -0.114042
-41.2907 72.5628 5.52962 0.34267 -0.932287 -0.115839
-40.3227 72.8911 5.75121 0.342992 -0.932222 -0.115404
-39.2401 73.2273 6.16372 0.324916 -0.937495 -0.124139
-38.3904 73.4611 6.46978 0.306478 -0.942803 -0.131127
-37.4797 73.7015 6.89906 0.303402 -0.939994 -0.154043
-36.6349 73.86 7.42922 0.28221 -0.942598 -0.178494
-35.7719 73.9176 8.38888 0.282937 -0.935472 -0.21175
-35.2563 73.8535 9.28707 0.24725 -0.932681 -0.262627
-34.8158 73.6645 10.3729 0.225121 -0.944478 -0.236591
-34.5162 73.5377 11.2856 0.193923 -0.961095 -0.196698
-34.1896 73.2846 12.5407 0.146871 -0.94133 -0.303821
-34.0059 73.0238 13.4277 0.149279 -0.939848 -0.30725
-33.862 72.5813 14.6181 0.080273 -0.937979 -0.337272
-33.9463 72.2434 15.6876 0.086885 -0.952396 -0.291946
-34.006 71.8518 16.6703 0.164309 -0.900174 -0.403347
-34.1929 71.3 17.7405 0.151662 -0.888279 -0.433432
-34.4399 70.9207 18.5449 0.0687948 -0.922506 -0.379803
-34.8425 70.4349 19.6255 0.0752228 -0.916304 -0.393356
-35.4138 69.882 20.7609 0.0799348 -0.906731 -0.414065
-36.0858 69.3614 21.7346 0.115872 -0.898594 -0.423205
-36.8154 68.9181 22.435 0.144849 -0.884426 -0.443632
-37.5699 68.5089 23.0178 0.139448 -0.892329 -0.429299
-38.5335 67.9999 23.7055 0.227607 -0.898593 -0.374599
-39.3295 67.6149 24.2066 0.211854 -0.909642 -0.357308
-40.127 67.2496 24.7421 0.203752 -0.921877 -0.329476
-40.9835 66.8214 25.2563 0.262835 -0.886615 -0.380568
-42.1132 66.2071 25.8775 0.277799 -0.880084 -0.38507
-43.0871 65.599 26.5351 0.294354 -0.872485 -0.390032
-43.9442 65.045 27.1545 0.319593 -0.870199 -0.374985
-44.7419 64.525 27.7436 0.305744 -0.889062 -0.340719
-45.3944 64.1074 28.2131 0.332047 -0.863521 -0.379523
-46.2835 63.7521 28.2306 0.334436 -0.860104 -0.385077
-46.9776 63.8711 27.366 0.349391 -0.852351 -0.389131
-47.3501 64.0491 26.5477 0.377936 -0.856973 -0.350306
-47.7728 64.3719 25.3376 0.3689 -0.864221 -0.341207
-48.0626 64.6126 24.4134 0.379963 -0.859589 -0.341665
-48.2323 64.9094 23.5082 0.395536 -0.83598 -0.380379
-48.476 65.2032 22.5713 0.396196 -0.86229 -0.3153
-48.941 65.4859 21.2094 0.411584 -0.858889 -0.304485
-49.2855 65.6464 20.2381 0.421681 -0.862446 -0.27974
-49.6654 65.8055 19.1207 0.432887 -0.861203 -0.266336
-50.0869 65.8909 18.1575 0.435038 -0.859069 -0.269707
-50.5476 66.0355 16.9674 0.436957 -0.862334 -0.254823
-50.9117 66.0963 15.9799 0.446552 -0.869375 -0.21161
-51.1252 66.2045 15.0983 0.448575 -0.864591 -0.226053
-51.3183 66.4325 13.8573 0.456551 -0.860977 -0.224232
-51.2034 66.7857 12.6884 0.455558 -0.865453 -0.208465
-50.9132 67.1436 11.7767 0.457071 -0.8723 -0.17372
-50.3676 67.6635 10.6689 0.4686 -0.86359 -0.18608
-49.8834 68.0943 9.75491 0.485475 -0.862874 -0.140567
-49.4853 68.4404 9.00969 0.471078 -0.873575 -0.118772
-48.6758 68.9528 8.13515 0.452879 -0.886171 -0.0979563
-47.8826 69.4269 7.52008 0.419024 -0.894316 -0.156901
-47.5714 69.6103 7.30644 0.420206 -0.893609 -0.157757
-48.0768 69.5112 6.5215 0.420209 -0.893607 -0.157759
-47.3545 69.9309 6.04023 0.422317 -0.894967 -0.143817
-46.3211 70.4496 5.52387 0.400001 -0.906509 -0.134247
-45.1742 71.0289 5.0643 0.400332 -0.91166 -0.0927294
-44.2669 71.4447 4.77961 0.384034 -0.91762 -0.102394
-43.3724 71.8414 4.60731 0.38182 -0.918103 -0.106136
-42.5428 72.1933 4.5091 0.376999 -0.918747 -0.117368
-41.5222 72.6036 4.52202 0.347356 -0.930604 -0.114934
-40.1409 73.0706 4.81718 0.338217 -0.9345 -0.110953
-39.0688 73.4071 5.1965 0.321451 -0.939531 -0.117638
-38.097 73.6837 5.54744 0.313546 -0.941755 -0.121571
-36.9937 73.9712 6.07772 0.30576 -0.943752 -0.125865
-36.011 74.1865 6.67609 0.27396 -0.94489 -0.179116
-35.3698 74.2363 7.36347 0.266594 -0.946174 -0.183511
-34.8284 74.2264 8.12957 0.208685 -0.959912 -0.187136
-34.3999 74.1583 8.9367 0.204191 -0.959259 -0.195264
-34.048 74.0048 9.77633 0.18243 -0.941898 -0.282043
-33.629 73.7849 10.9672 0.201266 -0.957203 -0.207978
-33.2844 73.5026 12.2918 0.144453 -0.942813 -0.300394
-33.093 73.2316 13.1971 0.0903794 -0.928388 -0.35972
-32.8923 72.7347 14.447 0.118065 -0.925102 -0.35943
-32.9198 72.4236 15.3792 0.0769659 -0.950942 -0.299644
-33.0373 71.9693 16.7679 0.108604 -0.919666 -0.369363
-33.2701 71.4327 17.7976 0.150675 -0.893078 -0.4238
-33.5274 70.9492 18.7412 0.0956558 -0.906566 -0.411081
-33.8325 70.5143 19.6299 0.0839642 -0.911108 -0.403276
-34.3492 69.9465 20.8275 0.071784 -0.91111 -0.405864
-34.8411 69.5309 21.6566 0.0835637 -0.911278 -0.403224
-35.6125 69.0059 22.6081 0.116968 -0.894024 -0.43248
-36.5576 68.4556 23.4613 0.141508 -0.891559 -0.43023
-37.4127 68.039 24.0479 0.136944 -0.897309 -0.419507
-38.1422 67.7141 24.5209 0.130639 -0.903761 -0.407614
-39.0923 67.3057 25.1439 0.174167 -0.911984 -0.371419
-40.1577 66.8235 25.8574 0.227274 -0.903306 -0.358435
-41.0971 66.312 26.3647 0.275159 -0.886717 -0.371187
-42.0735 65.7311 27.0052 0.293103 -0.878018 -0.377967
-43.0385 65.1588 27.6577 0.274575 -0.887723 -0.36924
-43.6807 64.7436 28.1364 0.315671 -0.884091 -0.344579
-44.343 64.3034 28.6534 0.318693 -0.869003 -0.378507
-45.1489 63.7211 29.2954 0.326677 -0.864244 -0.382577
-46.1278 63.2822 29.459 0.336889 -0.869014 -0.362371
-47.0766 63.1763 28.8411 0.337246 -0.863243 -0.375601
-47.6321 63.3233 27.9955 0.339347 -0.86489 -0.369876
-48.0886 63.5371 27.0211 0.373787 -0.861118 -0.344614
-48.4352 63.7734 26.0724 0.367714 -0.857441 -0.359957
-48.8003 64.0946 24.9008 0.37748 -0.862136 -0.337979
-49.0345 64.371 23.9271 0.382947 -0.861882 -0.332431
-49.1945 64.678 23.0163 0.405201 -0.840484 -0.358922
-49.5386 64.9019 22.0327 0.409264 -0.851781 -0.326773
-49.8284 65.0777 21.1401 0.409503 -0.862777 -0.296517
-50.239 65.2547 19.9796 0.4234 -0.867811 -0.260069
-50.6198 65.3729 18.9935 0.39945 -0.877387 -0.265765
-51.0249 65.4724 18.0057 0.419481 -0.869517 -0.260282
-51.3849 65.5515 17.137 0.449962 -0.861231 -0.236252
-51.7413 65.6015 16.269 0.440348 -0.871465 -0.215968
-52.069 65.7645 14.9505 0.441026 -0.870607 -0.218034
-52.1806 65.9469 14 0.443768 -0.867424 -0.225045
-52.1281 66.2545 12.8414 0.462699 -0.864079 -0.198048
-51.8125 66.6985 11.6297 0.471255 -0.863019 -0.18198
-51.4269 67.0858 10.7117 0.46502 -0.87106 -0.15723
-50.961 67.4878 9.79286 0.48072 -0.865869 -0.13849
-50.48 67.8893 8.96244 0.483973 -0.863665 -0.140902
-50.0205 68.2774 8.20263 0.463121 -0.874503 -0.141315
-49.2981 68.7522 7.3973 0.43735 -0.889759 -0.130591
-48.6274 69.1744 6.88305 0.452009 -0.880674 -0.141779
-48.1931 69.4429 6.60029 0.435519 -0.887493 -0.149345
-48.6602 69.3261 5.74276 0.452745 -0.883204 -0.122336
-49.5542 68.7752 6.38596 0.45211 -0.883135 -0.12515
-50.441 68.2051 7.2627 0.461803 -0.878981 -0.118295
-51.152 67.6116 8.3662 0.477947 -0.86463 -0.154825
-51.6386 67.219 9.17641 0.473274 -0.870335 -0.136
-52.1118 66.811 10.1152 0.476215 -0.868121 -0.139943
-52.5461 66.4097 11.0769 0.483285 -0.86011 -0.162622
-52.8571 66.0456 12.0044 0.478758 -0.860192 -0.175663
-53.0157 65.7789 12.8505 0.475184 -0.85994 -0.186288
-53.0527 65.5619 13.7576 0.466968 -0.863673 -0.189522
-52.89 65.2883 15.1493 0.459494 -0.859484 -0.223949
-52.6577 65.1854 16.0721 0.458832 -0.863922 -0.207632
-52.2571 65.1114 17.1393 0.434618 -0.867989 -0.24019
-51.7742 65.0137 18.3535 0.435378 -0.86649 -0.244216
-51.373 64.9391 19.2935 0.399429 -0.876432 -0.268911
-50.8502 64.7421 20.6947 0.411404 -0.871642 -0.266067
-50.4256 64.5096 21.9186 0.424926 -0.849176 -0.313589
-50.1235 64.3011 22.815 0.409173 -0.851503 -0.327574
-49.8358 63.9473 24.0883 0.388806 -0.858166 -0.335233
-49.6 63.6456 25.1478 0.382544 -0.860801 -0.335682
-49.2813 63.3429 26.2395 0.366706 -0.859147 -0.356921
-48.8733 63.0728 27.3194 0.378241 -0.854298 -0.356523
-48.5103 62.8842 28.1723 0.382742 -0.857112 -0.344772
-48.0585 62.7209 28.9972 0.343257 -0.856745 -0.38492
-47.2941 62.6821 29.8006 0.355883 -0.860455 -0.364643
-46.4693 62.7717 30.3625 0.334567 -0.870757 -0.360315
-45.5103 63.011 30.6762 0.328117 -0.872212 -0.362639
-44.5849 63.592 30.0938 0.310745 -0.872882 -0.376184
-43.984 64.0332 29.5738 0.317035 -0.869668 -0.378369
-43.1722 64.5929 28.9358 0.292541 -0.878971 -0.376603
-42.5227 64.9969 28.4395 0.256497 -0.899337 -0.354122
-41.6983 65.4739 27.8564 0.28061 -0.878208 -0.386842
-40.923 65.9585 27.3689 0.293107 -0.87802 -0.377959
-40.0316 66.4444 26.8873 0.23839 -0.895453 -0.372475
-39.3158 66.7615 26.4144 0.170955 -0.921322 -0.349199
-38.6057 67.092 25.8969 0.147932 -0.917274 -0.368783
-37.5036 67.5067 25.2076 0.125452 -0.91656 -0.379417
-36.4415 67.9805 24.4938 0.124502 -0.906583 -0.402971
-35.7442 68.3073 23.9879 0.0852914 -0.894974 -0.436213
-34.834 68.7802 23.1534 0.0613147 -0.879109 -0.472534
-34.2923 69.1451 22.5283 0.0507634 -0.881084 -0.470227
-33.5808 69.7236 21.4174 0.0380722 -0.902199 -0.429536
-33.1962 70.1268 20.5862 0.0687035 -0.897462 -0.434444
-32.9065 70.5252 19.8243 0.098624 -0.907344 -0.408656
-32.6348 70.9577 19.0123 0.100399 -0.881746 -0.460916
-32.3451 71.5229 17.9299 0.0667737 -0.897713 -0.435492
-32.1588 71.943 17.0685 0.0650506 -0.933731 -0.34778
-32.0161 72.2511 16.1653 0.0990261 -0.94648 -0.307195
-31.9641 72.5769 15.2774 0.140589 -0.927954 -0.344951
-31.9674 72.8951 14.3965 0.148899 -0.929862 -0.336432
-32.0803 73.2567 13.3867 0.0903689 -0.928389 -0.35972
-32.3184 73.5708 12.4568 0.101229 -0.941277 -0.321272
-32.5729 73.944 11.2119 0.152409 -0.951893 -0.258492
-32.8541 74.0762 10.3459 0.189248 -0.957128 -0.21892
-33.2357 74.2889 9.28604 0.155896 -0.951486 -0.265275
-33.7145 74.4554 8.19394 0.180381 -0.962128 -0.202829
-34.3592 74.5363 7.08763 0.213616 -0.957342 -0.19459
-35.122 74.4943 6.25915 0.24447 -0.956914 -0.156687
-35.9909 74.3592 5.53432 0.289407 -0.94938 -0.122151
-37.2358 74.0459 4.92513 0.306013 -0.943812 -0.124802
-38.37 73.7338 4.46718 0.315503 -0.940879 -0.123308
-39.3785 73.4295 4.10014 0.335425 -0.93532 -0.112548
-40.1938 73.1723 3.81886 0.331812 -0.936333 -0.11481
-41.076 72.8841 3.59931 0.347354 -0.930604 -0.114935
-42.1415 72.4871 3.49842 0.366581 -0.923345 -0.113614
-43.3869 71.9451 3.595 0.393937 -0.913741 -0.0994513
-44.5275 71.4349 3.82435 0.396883 -0.913231 -0.0921471
-45.5626 70.9494 4.16902 0.400334 -0.911658 -0.0927388
-46.7351 70.3704 4.66528 0.41596 -0.905737 -0.0812978
-47.6206 69.9234 5.09309 0.416514 -0.904817 -0.0884485
-48.4905 69.4278 5.63233 0.451094 -0.884263 -0.120804
-49.0431 69.248 4.81844 0.437335 -0.893446 -0.102393
-48.0747 69.79 4.25353 0.432111 -0.897288 -0.0888638
-47.2827 70.1913 3.85889 0.415959 -0.905738 -0.0812879
-46.0831 70.802 3.33121 0.40649 -0.909085 -0.0892829
-45.2807 71.1831 3.02182 0.412507 -0.907885 -0.074716
-44.2457 71.6647 2.74029 0.397348 -0.914479 -0.0764418
-43.3357 72.0687 2.61571 0.392832 -0.91666 -0.0731076
-42.2186 72.5502 2.50779 0.388054 -0.918156 -0.0800162
-41.3443 72.8918 2.51736 0.359659 -0.929129 -0.0856078
-40.4214 73.2102 2.73714 0.336529 -0.937407 -0.089536
-39.5136 73.5094 3.01709 0.325162 -0.941783 -0.0845052
-38.4268 73.839 3.42956 0.321223 -0.940568 -0.110156
-37.5959 74.0797 3.7587 0.298558 -0.946136 -0.123273
-36.4979 74.341 4.1987 0.282275 -0.952339 -0.113551
-35.6709 74.549 4.60448 0.269549 -0.959264 -0.0824342
-34.8782 74.7145 5.16318 0.238578 -0.966808 -0.0889331
-34.2326 74.7911 5.83803 0.232867 -0.962587 -0.134656
-33.4865 74.7961 6.65165 0.147312 -0.976551 -0.156584
-32.9286 74.7016 7.61827 0.157598 -0.967665 -0.196946
-32.5478 74.5737 8.51058 0.153791 -0.966217 -0.206815
-31.9942 74.3458 9.94609 0.135255 -0.968029 -0.211248
-31.5879 74.0681 11.2099 0.115793 -0.943515 -0.310439
-31.4431 73.7777 12.1451 0.114562 -0.940757 -0.319041
-31.1303 73.4294 13.2343 0.125925 -0.934992 -0.331486
-31.0356 73.0883 14.2549 0.120113 -0.93701 -0.327893
-30.9878 72.6958 15.3107 0.0914226 -0.930022 -0.35595
-31.0617 72.3281 16.2525 0.0710562 -0.923217 -0.376482
-31.2214 71.9636 17.0947 0.0310763 -0.92098 -0.388369
-31.4236 71.5456 18.0244 0.0712078 -0.90081 -0.42824
-31.6708 71.0428 19.0594 0.0880111 -0.892827 -0.440953
-31.9774 70.5255 20.0477 0.103335 -0.902936 -0.417034
-32.4985 69.7768 21.393 0.0428242 -0.8755 -0.481266
-33.0171 69.2937 22.3109 -0.0119932 -0.887869 -0.459941
-33.6432 68.8223 23.2194 0.0650138 -0.886974 -0.457221
-34.56 68.2594 24.1803 0.0465051 -0.889185 -0.454782
-35.3276 67.9154 24.809 0.0295198 -0.890225 -0.454563
-36.2086 67.5764 25.4721 0.0756312 -0.906718 -0.4149
-37.1556 67.1834 26.1165 0.113947 -0.920676 -0.373319
-38.124 66.8147 26.7259 0.114049 -0.919883 -0.375243
-38.9208 66.4921 27.2615 0.112929 -0.928534 -0.352604
-39.6795 66.1902 27.7074 0.22096 -0.917362 -0.331095
-40.3878 65.8152 28.1309 0.321428 -0.877829 -0.355105
-41.3708 65.2342 28.7548 0.296513 -0.907301 -0.298056
-42.4965 64.5257 29.5994 0.302002 -0.871085 -0.386796
-43.2617 64.0213 30.1975 0.293634 -0.877402 -0.379104
-44.0229 63.4513 30.8852 0.311814 -0.87094 -0.379741
-45.1427 62.6907 31.7537 0.315839 -0.874366 -0.368355
-46.3762 62.3571 31.4653 0.32812 -0.87221 -0.362641
-47.5031 62.1981 30.717 0.370134 -0.856024 -0.360866
-48.3997 62.1542 29.9597 0.364066 -0.851952 -0.376287
-49.1158 62.2834 28.964 0.372615 -0.847356 -0.378346
-49.5194 62.5081 27.981 0.38618 -0.852689 -0.351827
-49.8782 62.7319 27.0526 0.386241 -0.851388 -0.354904
-50.1742 62.9757 26.1453 0.387144 -0.850453 -0.356154
-50.4321 63.2586 25.1793 0.391288 -0.850352 -0.351845
-50.688 63.6405 23.8861 0.399353 -0.857282 -0.324917
-50.9292 63.8598 22.9928 0.397326 -0.860959 -0.31762
-51.3721 64.1366 21.6583 0.412097 -0.857168 -0.308774
-51.9421 64.3852 20.1524 0.423192 -0.86092 -0.282357
-52.2722 64.4965 19.2994 0.435711 -0.866168 -0.244763
-52.6743 64.5711 18.3194 0.435825 -0.866501 -0.243377
-53.0765 64.6474 17.3079 0.445378 -0.862224 -0.241264
-53.4164 64.6969 16.4098 0.463765 -0.860913 -0.209161
-53.6894 64.7747 15.4902 0.460571 -0.861361 -0.214252
-53.836 64.9304 14.6009 0.455963 -0.860135 -0.228616
-53.9049 65.1933 13.3491 0.459281 -0.870987 -0.174477
-53.8505 65.401 12.4654 0.476355 -0.860482 -0.180618
-53.5476 65.8316 11.1916 0.468703 -0.866439 -0.171771
-53.2136 66.1577 10.359 0.458149 -0.875351 -0.154467
-52.8174 66.5132 9.56194 0.476569 -0.868535 -0.136062
-52.2469 67.0171 8.33749 0.466974 -0.871415 -0.150162
-51.7409 67.461 7.38888 0.477945 -0.864632 -0.154818
-51.2565 67.8544 6.6038 0.476196 -0.870302 -0.125744
-50.7346 68.2486 5.7939 0.461803 -0.878981 -0.118295
-50.0085 68.6906 5.35644 0.458249 -0.879464 -0.128651
-49.3379 69.0853 4.98787 0.442309 -0.889385 -0.114601
-49.6043 69.0621 4.06193 0.434813 -0.894636 -0.102778
-50.6714 68.4474 4.64674 0.462069 -0.877725 -0.126849
-51.563 67.8562 5.42201 0.471915 -0.871646 -0.132397
-52.0713 67.4793 6.1145 0.479046 -0.868735 -0.125711
-52.6222 67.0419 7.06152 0.466506 -0.870233 -0.158324
-53.0989 66.6145 8.03363 0.458404 -0.876482 -0.14695
-53.5272 66.2433 8.93412 0.452046 -0.8797 -0.147591
-54.0042 65.8198 9.93094 0.461761 -0.873024 -0.156779
-54.4364 65.3728 11.0804 0.470594 -0.866362 -0.167095
-54.6342 65.0939 11.9174 0.463918 -0.867476 -0.179625
-54.7488 64.8069 13.0196 0.465921 -0.867868 -0.172406
-54.7536 64.601 13.9947 0.461338 -0.858221 -0.224999
-54.662 64.4 14.9489 0.458651 -0.859178 -0.226805
-54.4175 64.2296 16.1167 0.460656 -0.86142 -0.213806
-54.0974 64.1952 16.9715 0.462787 -0.861776 -0.207774
-53.7109 64.143 17.9437 0.443592 -0.864085 -0.237871
-53.2684 64.0611 19.054 0.442578 -0.863358 -0.242356
-52.8421 63.945 20.1442 0.426755 -0.858205 -0.285243
-52.4633 63.8201 21.0858 0.41966 -0.858492 -0.294534
-51.9647 63.5931 22.4076 0.411834 -0.859981 -0.301366
-51.6666 63.3298 23.4902 0.402426 -0.856876 -0.322206
-51.4891 63.0867 24.3575 0.402398 -0.856718 -0.32266
-51.2205 62.7285 25.5825 0.391754 -0.850158 -0.351796
-50.9252 62.4377 26.6119 0.391147 -0.849811 -0.353307
-50.5805 62.1773 27.6215 0.385494 -0.852248 -0.353649
-50.2616 61.9619 28.4921 0.386866 -0.85313 -0.350005
-49.8239 61.7614 29.4401 0.381998 -0.845263 -0.373458
-48.9823 61.6366 30.5552 0.36997 -0.849405 -0.376341
-48.2768 61.6634 31.1874 0.369239 -0.847311 -0.381729
-47.1522 61.7919 31.9954 0.37447 -0.84306 -0.386035
-46.3531 61.9459 32.4654 0.381098 -0.837203 -0.392244
-45.4764 62.1166 32.8056 0.287899 -0.890357 -0.352673
-44.5069 62.543 32.6157 0.324489 -0.862088 -0.389245
-43.7909 63.0896 31.9602 0.310442 -0.879115 -0.361609
-42.8992 63.7428 31.1231 0.31491 -0.879857 -0.355778
-42.1385 64.265 30.4988 0.325556 -0.880987 -0.343325
-41.4111 64.7724 29.9494 0.325152 -0.864465 -0.383374
-40.7261 65.2025 29.4404 0.24028 -0.88744 -0.393339
-39.9702 65.6183 28.9595 0.223389 -0.891357 -0.394393
-39.1369 66.0449 28.4522 0.186254 -0.901726 -0.388579
-38.393 66.3001 27.9838 0.107638 -0.938739 -0.327389
-37.0447 66.7924 27.1488 0.153323 -0.924305 -0.349503
-36.2758 67.092 26.6639 0.0816307 -0.946587 -0.311946
-35.5584 67.3304 26.128 0.0786208 -0.926653 -0.363423
-34.8305 67.59 25.5825 -0.040872 -0.899919 -0.434138
-34.0367 67.8884 24.9389 0.0225806 -0.87857 -0.476646
-33.1444 68.3992 24.0847 -0.0149278 -0.87602 -0.480202
-32.4499 68.8538 23.1425 -0.0538885 -0.883199 -0.465892
-31.8219 69.3995 22.1357 -0.0209394 -0.842211 -0.538742
-31.4333 69.8456 21.3679 0.0308475 -0.874006 -0.484724
-31.1388 70.3096 20.5358 0.0172396 -0.875508 -0.482895
-30.8273 70.8226 19.6019 0.0302207 -0.889965 -0.455023
-30.5098 71.5118 18.2238 0.0445875 -0.910751 -0.410203
-30.323 71.9114 17.3179 0.0402206 -0.918769 -0.392699
-30.0832 72.3672 16.2872 0.050697 -0.916409 -0.39702
-30.0133 72.7523 15.4176 0.103282 -0.918563 -0.380595
-30.0267 73.1007 14.5124 0.0950125 -0.92817 -0.359823
-30.1292 73.4695 13.4821 0.11139 -0.93747 -0.329758
-30.3214 73.7561 12.5999 0.112506 -0.93805 -0.327718
-30.526 74.0299 11.7191 0.114719 -0.943311 -0.311455
-30.7833 74.3791 10.4246 0.0740517 -0.964014 -0.255329
-31.1724 74.5925 9.32726 0.131701 -0.970837 -0.200325
-31.5384 74.7277 8.45309 0.127718 -0.969426 -0.209527
-31.9413 74.887 7.46104 0.136897 -0.973811 -0.17934
-32.4854 74.9726 6.45088 0.139181 -0.976508 -0.164504
-33.0769 75.0218 5.59341 0.155325 -0.976817 -0.147317
-33.7861 74.9875 4.84935 0.192723 -0.975822 -0.103099
-34.8668 74.8214 3.99477 0.258827 -0.95911 -0.114526
-35.893 74.6096 3.44573 0.259775 -0.958924 -0.113941
-37.0741 74.3478 2.95598 0.270045 -0.95463 -0.12458
-37.9075 74.0971 2.59346 0.337623 -0.938177 -0.0763826
-38.9084 73.7789 2.19725 0.316683 -0.945362 -0.077396
-40.0166 73.4431 1.82034 0.325152 -0.941786 -0.0845121
-41.0986 73.0506 1.58504 0.351779 -0.934302 -0.0577223
-41.9891 72.717 1.54382 0.3554 -0.933153 -0.0537847
-42.9531 72.3083 1.60066 0.397607 -0.915164 -0.066204
-43.9275 71.8868 1.68053 0.387566 -0.919283 -0.068643
-44.8684 71.4606 1.89118 0.409882 -0.909283 -0.0721149
-46.1336 70.8675 2.2937 0.393801 -0.915963 -0.0770265
-47.1052 70.3941 2.73569 0.418803 -0.902355 -0.101775
-47.9627 69.9474 3.15885 0.422215 -0.900456 -0.104471
-48.7536 69.5259 3.59517 0.423294 -0.901384 -0.0901081
-49.5033 69.1179 4.00383 0.434812 -0.894637 -0.102779
-49.9276 69.0128 3.12577 0.434294 -0.894987 -0.101908
-49.1135 69.4549 2.7034 0.433889 -0.895312 -0.100785
-48.3473 69.8676 2.27625 0.427277 -0.898843 -0.0975139
-47.5269 70.2922 1.87814 0.418843 -0.902992 -0.0957906
-46.7443 70.654 1.51744 0.393068 -0.917583 -0.0590915
-45.5539 71.2296 1.0618 0.41848 -0.904382 -0.083475
-44.2137 71.8397 0.729651 0.388044 -0.918847 -0.0716958
-43.1178 72.2994 0.662733 0.377538 -0.923896 -0.0621371
-42.2751 72.6588 0.577885 0.37429 -0.925767 -0.0505805
-41.1258 73.0993 0.617015 0.353729 -0.933749 -0.054232
-40.2116 73.4267 0.81541 0.347452 -0.936168 -0.0535109
-39.1962 73.7656 1.10359 0.315884 -0.946751 -0.0622765
-38.2657 74.056 1.40999 0.320598 -0.945625 -0.0544132
-37.3442 74.3541 1.76122 0.308512 -0.949646 -0.0520688
-36.4693 74.5933 2.15767 0.272264 -0.958105 -0.08666
-35.2806 74.8553 2.71921 0.262106 -0.95964 -0.101939
-34.3529 75.0228 3.23036 0.232639 -0.963174 -0.134814
-33.4727 75.1505 3.86155 0.200046 -0.974166 -0.104311
-32.7395 75.235 4.5075 0.174215 -0.975913 -0.125678
-32.0496 75.2149 5.31902 0.13772 -0.978678 -0.15226
-31.4409 75.14 6.29043 0.139336 -0.97933 -0.145835
-30.8443 75.0103 7.53402 0.111741 -0.972538 -0.203864
-30.5122 74.8563 8.43182 0.10592 -0.974827 -0.195949
-30.1484 74.7298 9.27405 0.0931424 -0.969256 -0.225306
-29.6686 74.4797 10.3678 0.0668454 -0.961656 -0.265678
-29.529 74.2401 11.231 0.0596497 -0.959499 -0.275325
-29.4746 73.9612 12.2135 0.0597539 -0.95574 -0.287824
-29.1873 73.5497 13.5186 0.0804205 -0.942859 -0.323342
-29.0612 73.2317 14.4592 0.0937788 -0.934362 -0.343129
-29.028 72.8279 15.4854 0.0976551 -0.909048 -0.405087
-29.0589 72.4325 16.3654 0.0931383 -0.911384 -0.400825
-29.2765 71.9987 17.2111 0.0419891 -0.884735 -0.464199
-29.5022 71.6244 18.0209 0.00963712 -0.918041 -0.396369
-29.6792 71.1767 18.8949 -0.0347674 -0.873734 -0.485064
-29.9264 70.6045 19.9542 -0.0447866 -0.872389 -0.486756
-30.2392 70.1293 20.8602 -0.0488523 -0.881602 -0.469385
-30.6499 69.5439 21.9035 0.00421057 -0.850762 -0.524697
-31.1498 68.9713 22.779 -0.0351886 -0.862329 -0.503274
-31.6961 68.5276 23.6739 -0.0516734 -0.882822 -0.466849
-32.1938 68.1966 24.3586 -0.0538996 -0.88316 -0.465965
-32.7825 67.8702 25.0319 0.0225882 -0.878572 -0.476644
-33.4183 67.563 25.5972 0.0211229 -0.888259 -0.458858
-34.1517 67.2763 26.1688 -0.042925 -0.913318 -0.403598
-34.9843 67.052 26.832 -0.0514072 -0.928514 -0.367723
-35.8734 66.8272 27.5296 -0.00298375 -0.922973 -0.380939
-36.7445 66.5126 28.0399 0.154732 -0.928106 -0.33864
-37.6227 66.1822 28.5944 0.136116 -0.93644 -0.323347
-38.4799 65.8652 29.1338 0.152459 -0.909493 -0.386754
-39.5951 65.329 29.8183 0.236906 -0.906377 -0.345118
-40.3408 64.9638 30.3106 0.280882 -0.906887 -0.314103
-41.1493 64.4624 30.9331 0.318373 -0.881612 -0.348294
-41.9237 63.9321 31.5531 0.325474 -0.877631 -0.351895
-42.6098 63.4371 32.1569 0.32363 -0.878882 -0.350472
-43.2007 62.9966 32.7178 0.332722 -0.866086 -0.371953
-43.839 62.4303 33.4052 0.330808 -0.857946 -0.393059
-44.7743 61.9164 33.8262 0.263577 -0.871952 -0.412585
-46.0943 61.5654 33.5299 0.378989 -0.840862 -0.386417
-47.2943 61.3352 32.8587 0.374332 -0.844455 -0.383107
-48.362 61.1857 32.159 0.367354 -0.846434 -0.385483
-49.3733 61.1132 31.3432 0.369857 -0.848272 -0.378996
-50.0131 61.1374 30.6667 0.36838 -0.849018 -0.378767
-50.5828 61.2378 29.821 0.390631 -0.844276 -0.366807
-50.987 61.424 28.9626 0.396673 -0.842654 -0.364122
-51.371 61.6597 28.0024 0.392333 -0.846124 -0.360608
-51.7203 61.9065 27.0182 0.389522 -0.851914 -0.350021
-52.0256 62.2369 25.8451 0.405575 -0.847801 -0.341611
-52.2905 62.5973 24.6264 0.41354 -0.848715 -0.329647
-52.4724 62.8694 23.7001 0.410287 -0.850327 -0.329552
-52.7169 63.1406 22.6748 0.407978 -0.858577 -0.310273
-53.1048 63.3056 21.6715 0.41966 -0.858491 -0.294536
-53.4489 63.4256 20.7977 0.434806 -0.853706 -0.286446
-53.9589 63.5694 19.4975 0.44286 -0.859812 -0.254163
-54.3018 63.6438 18.6483 0.439806 -0.860555 -0.256901
-54.6532 63.7052 17.8118 0.430539 -0.869544 -0.241929
-55.1574 63.738 16.5103 0.458332 -0.865516 -0.201871
-55.5183 63.9091 15.0584 0.462317 -0.859646 -0.217423
-55.6332 64.1357 13.9639 0.463929 -0.856624 -0.225755
-55.6188 64.3889 12.7573 0.469149 -0.866674 -0.169632
-55.4907 64.6603 11.7444 0.471269 -0.864609 -0.174219
-55.3047 64.9305 10.903 0.474697 -0.863463 -0.170573
-54.9739 65.2971 9.94998 0.466333 -0.869896 -0.160642
-54.403 65.8309 8.69069 0.483687 -0.863437 -0.141032
-53.9525 66.2283 7.7433 0.448283 -0.880602 -0.153563
-53.3782 66.7258 6.57121 0.457376 -0.875376 -0.156236
-52.8726 67.0938 5.70168 0.469576 -0.875167 -0.115127
-52.3731 67.5009 4.96566 0.458007 -0.877192 -0.144094
-51.5064 68.0896 4.11885 0.446847 -0.884567 -0.133062
-50.8319 68.4902 3.65915 0.466428 -0.877889 -0.108419
-50.4015 68.7528 3.3844 0.450564 -0.886276 -0.105723
-50.7875 68.6748 2.50212 0.429497 -0.895071 -0.119363
-51.7884 68.0914 3.14982 0.427039 -0.894814 -0.129691
-52.5316 67.6279 3.71111 0.433004 -0.88546 -0.168723
-53.0705 67.2448 4.36828 0.416185 -0.893508 -0.168389
-53.6536 66.8103 5.21008 0.40481 -0.900667 -0.156337
-54.2432 66.3402 6.29184 0.444277 -0.881459 -0.160148
-54.7289 65.9134 7.29878 0.446241 -0.880536 -0.159751
-55.089 65.5392 8.10724 0.498631 -0.849817 -0.170815
-55.5159 65.1311 9.02401 0.49209 -0.861911 -0.12181
-55.9131 64.7874 9.91528 0.480792 -0.864532 -0.144178
-56.2777 64.3507 11.2125 0.453264 -0.877501 -0.156665
-56.4464 64.0209 12.3509 0.464714 -0.867207 -0.17871
-56.514 63.7822 13.4037 0.465031 -0.86955 -0.16622
-56.4622 63.5522 14.4731 0.45002 -0.866578 -0.214715
-56.3036 63.3974 15.4243 0.447453 -0.867339 -0.217663
-56.0932 63.2849 16.3249 0.459011 -0.864966 -0.202456
-55.7427 63.2482 17.3246 0.454552 -0.868897 -0.19596
-55.4028 63.2313 18.1622 0.452408 -0.859355 -0.237018
-55.0225 63.1553 19.0565 0.436749 -0.8613 -0.259638
-54.6297 63.0761 19.9977 0.444035 -0.854679 -0.268555
-54.2339 62.9428 21.0162 0.439729 -0.85254 -0.282447
-53.8682 62.8407 21.9051 0.436809 -0.855525 -0.277983
-53.5209 62.688 22.8584 0.417034 -0.854839 -0.307938
-53.2843 62.3917 23.9219 0.410289 -0.850325 -0.329555
-53.0315 62.0225 25.1688 0.417501 -0.845172 -0.333705
-52.7662 61.6791 26.371 0.400403 -0.850114 -0.342003
-52.5286 61.4314 27.2613 0.391567 -0.855444 -0.338956
-52.2598 61.1597 28.1869 0.390877 -0.841736 -0.372356
-51.9001 60.9335 29.0964 0.399327 -0.841877 -0.363016
-51.4064 60.7332 30.1066 0.394255 -0.843721 -0.364274
-50.8546 60.6171 30.9754 0.394207 -0.841488 -0.369407
-50.0224 60.5848 31.886 0.371443 -0.844903 -0.384923
-49.337 60.6171 32.4734 0.369992 -0.844544 -0.387104
-48.1597 60.7559 33.2913 0.368189 -0.845313 -0.387146
-47.2661 60.8972 33.8148 0.377138 -0.837137 -0.396009
-46.4709 61.0498 34.2776 0.38723 -0.832786 -0.395551
-45.5804 61.2451 34.6418 0.344649 -0.836945 -0.425135
-44.335 61.6009 34.7735 0.266242 -0.869872 -0.415234
-43.5868 62.0388 34.4611 0.345845 -0.858672 -0.37825
-42.6251 62.8073 33.6213 0.341238 -0.852441 -0.396108
-41.9234 63.4247 32.8259 0.324211 -0.879729 -0.3478
-41.2377 63.9213 32.1946 0.307746 -0.87501 -0.3734
-40.499 64.4237 31.6022 0.302085 -0.886535 -0.350317
-39.6956 64.924 31.0025 0.287564 -0.898455 -0.331178
-38.6509 65.4135 30.3297 0.236638 -0.925057 -0.297106
-37.8463 65.7477 29.8365 0.153785 -0.945457 -0.287162
-36.7828 66.1206 29.1882 0.155945 -0.943791 -0.291443
-35.992 66.335 28.6714 0.0579744 -0.971912 -0.228093
-34.8298 66.6357 27.8997 -0.0378245 -0.937025 -0.347054
-33.9597 66.8695 27.1917 -0.022879 -0.93581 -0.351693
-33.055 67.1348 26.4703 -0.00396048 -0.929253 -0.369422
-32.2375 67.4668 25.7691 -0.029526 -0.883202 -0.467314
-31.5162 67.8304 24.9767 -0.0528126 -0.886055 -0.460529
-30.7893 68.3293 23.9515 -0.05003 -0.883028 -0.466646
-30.2366 68.7967 23.0506 -0.011617 -0.871164 -0.490856
-29.7142 69.4318 22.0477 -0.0305037 -0.842877 -0.537241
-29.3039 69.9672 21.078 -0.0456986 -0.885373 -0.462629
-28.9263 70.5454 20.0025 0.00843748 -0.8721 -0.489256
-28.759 70.9849 19.2259 0.0176271 -0.878297 -0.477342
-28.4973 71.6449 17.9978 -0.0085958 -0.894673 -0.443188
-28.2568 72.1212 17.0101 -0.0317863 -0.900848 -0.43297
-28.0909 72.6464 15.9389 -0.00763025 -0.892853 -0.450284
-28.0574 73.1178 14.9893 0.0145449 -0.922291 -0.38155
-28.1974 73.6042 13.5956 0.046469 -0.940638 -0.336187
-28.3873 73.8867 12.67 0.0604624 -0.952206 -0.299414
-28.4942 74.1663 11.7106 0.059033 -0.959274 -0.27624
-28.6241 74.4596 10.6291 0.019754 -0.970288 -0.241146
-28.9803 74.7204 9.52422 0.0149753 -0.972113 -0.233952
-29.4022 74.9247 8.60105 0.0264705 -0.984859 -0.171325
-29.8831 75.1187 7.40741 0.0640138 -0.982714 -0.173709
-30.3985 75.2987 6.13462 0.0649858 -0.985331 -0.157797
-31.0086 75.3887 5.10545 0.130205 -0.978213 -0.161695
-31.8195 75.4366 4.05965 0.150489 -0.977828 -0.145622
-32.7299 75.3775 3.17167 0.203588 -0.97487 -0.0904116
-33.921 75.2126 2.35285 0.190872 -0.976872 -0.0963808
-34.8875 75.0539 1.82516 0.258759 -0.961239 -0.0952038
-35.9974 74.7997 1.30143 0.286742 -0.95527 -0.0704325
-36.969 74.523 0.839907 0.297599 -0.952704 -0.0611157
-38.1029 74.173 0.430847 0.316157 -0.946755 -0.0608195
-39.4449 73.7388 0.0487992 0.320726 -0.946184 -0.0432465
-40.2712 73.4568 -0.181433 0.333978 -0.941744 -0.0397132
-41.2813 73.0951 -0.362283 0.357621 -0.931948 -0.0594484
-42.3326 72.6968 -0.390391 0.370057 -0.926499 -0.0662964
-43.3892 72.2533 -0.298021 0.377622 -0.924812 -0.0460991
-44.5372 71.7758 -0.20606 0.388869 -0.918288 -0.0743451
-45.3579 71.4126 -0.0125388 0.388263 -0.918509 -0.0747807
-46.2312 70.9959 0.232161 0.415021 -0.905436 -0.0891284
-47.0959 70.5807 0.630716 0.386313 -0.917063 -0.0987809
-48.0243 70.1418 1.12151 0.402893 -0.911548 -0.0782397
-48.9712 69.6446 1.58921 0.421477 -0.900895 -0.103223
-49.8081 69.2037 1.9704 0.427089 -0.897463 -0.110247
-50.3683 68.9018 2.25808 0.424548 -0.898562 -0.111069
-50.8168 68.7974 1.40601 0.422 -0.899664 -0.111893
-51.5514 68.3899 1.87088 0.427039 -0.894814 -0.129691
-52.4239 67.9048 2.41635 0.423222 -0.895499 -0.137444
-53.1795 67.4545 2.95778 0.431184 -0.888653 -0.155528
-53.7761 67.0382 3.6745 0.420927 -0.892298 -0.163172
-54.2595 66.6718 4.44159 0.420082 -0.893168 -0.160568
-54.7169 66.3063 5.2348 0.421296 -0.888912 -0.179851
-55.1054 65.9667 6.00314 0.434957 -0.881031 -0.185255
-55.4704 65.632 6.76898 0.448248 -0.879433 -0.160224
-55.9062 65.1947 7.74569 0.43636 -0.87224 -0.219247
-56.5319 64.6181 9.09452 0.407433 -0.89736 -0.16954
-56.8425 64.2879 9.89422 0.462198 -0.874039 -0.14976
-57.1097 63.9717 10.8924 0.485876 -0.858555 -0.163564
-57.2968 63.626 12.0043 0.478138 -0.857664 -0.1892
-57.4061 63.351 13.2317 0.449357 -0.875958 -0.175431
-57.3857 63.169 14.1471 0.440229 -0.875391 -0.199722
-57.261 62.9832 15.1653 0.436549 -0.871883 -0.221913
-57.023 62.8705 16.0836 0.435045 -0.873974 -0.216574
-56.6816 62.7885 17.1746 0.456688 -0.869209 -0.189502
-56.3635 62.7422 18.0386 0.4567 -0.862518 -0.217916
-55.8488 62.6738 19.2548 0.439698 -0.859903 -0.259292
-55.3708 62.5872 20.3329 0.417529 -0.864168 -0.280861
-54.8921 62.4652 21.4557 0.428284 -0.861716 -0.271856
-54.5057 62.3128 22.5266 0.417727 -0.861392 -0.288977
-54.2058 62.0719 23.594 0.41779 -0.843754 -0.336944
-53.9817 61.74 24.7025 0.417739 -0.843715 -0.337104
-53.7371 61.4099 25.8783 0.390083 -0.868575 -0.305634
-53.4402 61.1029 27.0488 0.381149 -0.858977 -0.341882
-53.1224 60.7592 28.2024 0.381741 -0.844666 -0.375252
-52.8368 60.517 29.0483 0.372612 -0.855786 -0.358865
-52.4531 60.3552 29.8527 0.395402 -0.84521 -0.359505
-51.8776 60.1163 31.0245 0.393989 -0.841339 -0.370011
-51.1897 60.0632 31.8666 0.392109 -0.84073 -0.373393
-50.4431 60.057 32.6263 0.380913 -0.838322 -0.389981
-49.5317 60.127 33.3596 0.375296 -0.844524 -0.382011
-48.3796 60.2916 34.1166 0.359733 -0.850826 -0.38287
-47.3968 60.4283 34.6887 0.345296 -0.850583 -0.396585
-46.5463 60.5649 35.1533 0.344013 -0.828163 -0.442495
-45.5678 60.7781 35.5271 0.346151 -0.820868 -0.454015
-44.7142 61.0352 35.69 0.339028 -0.825287 -0.451383
-43.8422 61.4112 35.6414 0.343512 -0.855876 -0.386621
-43.1031 61.8605 35.3033 0.365345 -0.851202 -0.375987
-42.4862 62.348 34.8459 0.396402 -0.842195 -0.365477
-41.8385 62.9025 34.1942 0.311463 -0.87996 -0.358695
-41.1864 63.4026 33.4901 0.288152 -0.89781 -0.333026
-40.3116 64.0382 32.6557 0.322062 -0.864482 -0.385385
-39.4388 64.6629 31.9377 0.322432 -0.887028 -0.330368
-38.1605 65.3438 31.129 0.287933 -0.930819 -0.224821
-37.4063 65.6733 30.6687 0.212623 -0.970691 -0.112025
-36.1546 65.9985 29.8994 0.137834 -0.983149 -0.120085
-35.2099 66.2256 29.3318 0.0537378 -0.971792 -0.229635
-34.1678 66.4017 28.5621 -0.0176212 -0.98758 -0.156128
-33.3363 66.5971 27.8869 -0.0247475 -0.938126 -0.345407
-32.27 66.8838 27.0206 -0.121854 -0.897785 -0.423242
-31.3961 67.1494 26.2014 -0.124932 -0.898067 -0.421743
-30.7461 67.4825 25.4862 -0.0453737 -0.859332 -0.509401
-30.1274 67.9184 24.639 -0.0648894 -0.875763 -0.478361
-29.6165 68.3594 23.7847 -0.0429307 -0.872218 -0.487229
-29.0317 68.9807 22.7434 -0.00921608 -0.843709 -0.536721
-28.6533 69.4727 21.9229 -0.0665576 -0.879824 -0.470616
-28.2647 69.9258 21.0152 -0.0411218 -0.868247 -0.492794
-27.9377 70.492 20.0788 -0.00621281 -0.852825 -0.522016
-27.7778 70.98 19.2538 0.00977134 -0.869281 -0.494221
-27.6079 71.4827 18.3303 0.0108514 -0.894938 -0.445502
-27.4303 71.8634 17.5308 -0.00429567 -0.902093 -0.431519
-27.1627 72.5 16.2203 0.000585476 -0.897058 -0.441913
-27.0498 73.0409 15.1166 -0.0146459 -0.902697 -0.430028
-27.1726 73.5303 13.9487 0.0491995 -0.939388 -0.339308
-27.3295 73.8163 13.0939 0.0551147 -0.951905 -0.301395
-27.4974 74.1187 12.0025 -0.00524329 -0.964084 -0.264958
-27.6632 74.4773 10.6193 0.0075379 -0.968374 -0.249391
-28.0421 74.7843 9.3383 0.0204812 -0.972713 -0.231105
-28.4239 74.9924 8.41843 0.0280771 -0.975612 -0.216978
-28.8431 75.1683 7.46089 0.0525227 -0.982541 -0.17848
-29.3591 75.3779 6.12505 0.076888 -0.981988 -0.172504
-29.7965 75.4942 5.2357 0.0825824 -0.98417 -0.156813
-30.3938 75.5928 4.2803 0.0872425 -0.98427 -0.153626
-31.248 75.6302 3.25711 0.130734 -0.985797 -0.105421
-32.2961 75.5581 2.27532 0.21227 -0.969633 -0.121463
-33.3071 75.4476 1.53147 0.184567 -0.971918 -0.145833
-34.2856 75.2951 1.00333 0.255427 -0.962188 -0.0946105
-35.1702 75.0924 0.540142 0.26559 -0.961486 -0.0704026
-36.1896 74.8218 0.111755 0.30566 -0.950188 -0.0605566
-37.0986 74.5484 -0.278335 0.311727 -0.948604 -0.0544842
-38.1452 74.2187 -0.598299 0.315167 -0.947519 -0.0536441
-39.0674 73.913 -0.843946 0.332756 -0.941782 -0.0471554
-40.1245 73.5539 -1.10937 0.324733 -0.945143 -0.0353868
-41.3169 73.1383 -1.31611 0.344157 -0.937619 -0.0492653
-42.3898 72.7415 -1.33531 0.370067 -0.926496 -0.0662884
-43.2322 72.3735 -1.2588 0.39613 -0.91611 -0.0618363
-44.2871 71.9372 -1.20033 0.367576 -0.928801 -0.0470696
-45.4299 71.4646 -1.01873 0.386236 -0.919951 -0.0665906
-46.6519 70.9077 -0.667946 0.386407 -0.917017 -0.0988457
-47.7424 70.3799 -0.0975902 0.398307 -0.913053 -0.0876704
-48.5652 69.9855 0.27378 0.397888 -0.913241 -0.0876177
-49.435 69.5333 0.714163 0.425466 -0.898492 -0.108122
-50.7681 68.8238 1.3775 0.422001 -0.899664 -0.111892
-51.2572 68.7016 0.568317 0.411251 -0.903428 -0.120835
-52.3791 68.0943 1.2664 0.41746 -0.899117 -0.131591
-53.2322 67.6138 1.79044 0.428769 -0.893202 -0.13532
-54.1766 67.0366 2.59676 0.423825 -0.895102 -0.138435
-54.6517 66.6886 3.29725 0.420637 -0.894398 -0.151838
-55.1532 66.2983 4.18579 0.417644 -0.893806 -0.163354
-55.7913 65.7645 5.31541 0.448619 -0.87315 -0.190659
-56.3042 65.2778 6.42073 0.446694 -0.878821 -0.167693
-56.664 64.9332 7.24216 0.451842 -0.874885 -0.174402
-57.1213 64.5029 8.18224 0.473853 -0.860811 -0.185619
-57.5716 64.0126 9.28369 0.46438 -0.866321 -0.183508
-57.9071 63.6088 10.4286 0.485876 -0.858555 -0.163564
-58.0995 63.3073 11.3942 0.491758 -0.853889 -0.170387
-58.2671 63.0288 12.6933 0.42311 -0.896387 -0.132165
-58.2608 62.7763 13.9407 0.412395 -0.893064 -0.179076
-58.1958 62.5803 14.8668 0.454342 -0.864388 -0.215424
-57.9166 62.4287 16.0134 0.451337 -0.865062 -0.218946
-57.5852 62.3406 17.0695 0.451392 -0.867669 -0.208174
-57.1568 62.2742 18.2623 0.441232 -0.872653 -0.209261
-56.8147 62.2243 19.1296 0.443437 -0.863431 -0.24046
-56.362 62.1393 20.2373 0.42431 -0.866178 -0.263325
-55.8657 62.0595 21.2383 0.419681 -0.867699 -0.266394
-55.5173 61.9483 22.1508 0.419624 -0.864216 -0.277304
-55.1831 61.7887 23.0873 0.423879 -0.855062 -0.298656
-54.9719 61.4935 24.0924 0.417075 -0.843914 -0.337427
-54.7676 61.2376 25.0822 0.378375 -0.879878 -0.287484
-54.4778 60.8991 26.4297 0.360222 -0.872663 -0.327796
-54.2086 60.5558 27.5569 0.382458 -0.850819 -0.359911
-53.8244 60.1717 28.8416 0.380561 -0.852829 -0.35757
-53.4345 59.9294 29.8105 0.379071 -0.844517 -0.37828
-53.052 59.7178 30.6756 0.382778 -0.845377 -0.372584
-52.5219 59.5676 31.5822 0.392729 -0.840522 -0.373211
-51.9325 59.531 32.2762 0.387141 -0.83447 -0.392069
-51.0799 59.5196 33.1295 0.390604 -0.829541 -0.399113
-50.3096 59.5578 33.8216 0.397528 -0.829785 -0.3917
-49.2569 59.7243 34.511 0.376774 -0.837764 -0.395213
-48.3492 59.8549 35.0806 0.356846 -0.842195 -0.404041
-47.5674 59.9507 35.5534 0.347216 -0.847032 -0.402465
-46.2167 60.1783 36.1849 0.328533 -0.84752 -0.41682
-45.093 60.449 36.505 0.333313 -0.839129 -0.429575
-44.1523 60.8025 36.6213 0.365622 -0.821846 -0.436909
-43.1111 61.3705 36.4304 0.380232 -0.834852 -0.396591
-42.3214 61.9207 35.9922 0.390802 -0.843638 -0.368128
-41.5253 62.6311 35.2916 0.397198 -0.859463 -0.31358
-40.7285 63.2158 34.391 0.25556 -0.919964 -0.277891
-40.0448 63.6977 33.701 0.303163 -0.89559 -0.325593
-39.3856 64.233 33.0514 0.285312 -0.873795 -0.388586
-38.7315 64.6444 32.5525 0.247846 -0.86274 -0.440741
-37.9314 65.1242 32.0879 0.260748 -0.871698 -0.412512
-36.9009 65.6759 31.434 0.266907 -0.910604 -0.303057
-36.0871 65.8431 30.936 0.0262383 -0.979053 -0.201909
-35.2059 65.9582 30.4138 -0.0422923 -0.983114 -0.178038
-34.2757 66.0967 29.8512 0.0109068 -0.95007 -0.311848
-33.2923 66.1926 29.0315 -0.154689 -0.946739 -0.282413
-32.4355 66.3444 28.3165 -0.108093 -0.916875 -0.383726
-31.5382 66.5343 27.5513 -0.124471 -0.907692 -0.399943
-30.7073 66.7927 26.7824 -0.0847804 -0.90714 -0.412201
-30.0307 67.1209 26.0624 -0.0161445 -0.884347 -0.466552
-29.3487 67.5791 25.1675 -0.0488437 -0.874984 -0.481682
-28.7859 68.0755 24.233 -0.0181761 -0.870068 -0.492596
-28.1333 68.8208 22.9735 -0.0134901 -0.842339 -0.538779
-27.7997 69.2765 22.2616 0.000675924 -0.867428 -0.494528
-27.3941 69.7477 21.3429 0.0267292 -0.885166 -0.464507
-27.1018 70.1791 20.5999 0.0260904 -0.84417 -0.53484
-26.9475 70.6904 19.8328 0.0400596 -0.855931 -0.513987
-26.7179 71.3714 18.6365 0.069131 -0.889534 -0.448708
-26.469 71.8965 17.4947 0.0854945 -0.909544 -0.406558
-26.2591 72.3309 16.5656 0.00156983 -0.897017 -0.441994
-26.1133 72.8158 15.5952 0.0102029 -0.88787 -0.459981
-26.0923 73.3444 14.5496 0.0283158 -0.917384 -0.393731
-26.3247 73.7601 13.2893 -0.0905284 -0.96129 -0.260201
-26.4686 74.0284 12.2478 -0.0167981 -0.967433 -0.25124
-26.5567 74.3068 11.2349 -0.0647257 -0.96054 -0.269064
-26.758 74.5929 10.1566 -0.00612594 -0.970276 -0.241923
-27.0966 74.8397 9.15015 0.00275728 -0.972951 -0.230762
-27.4947 75.0351 8.26072 -0.0236428 -0.981861 -0.188125
-28.0217 75.3049 6.94875 -0.0264883 -0.980194 -0.19626
-28.4101 75.4867 5.8977 0.0759609 -0.980198 -0.182498
-28.8219 75.6099 5.10118 0.0912544 -0.980058 -0.175289
-29.3071 75.7112 4.15579 0.0999936 -0.983117 -0.153162
-29.9684 75.7687 3.22382 0.0808378 -0.989577 -0.119173
-30.7844 75.7921 2.31798 0.124164 -0.984791 -0.120422
-31.4963 75.7818 1.71223 0.174938 -0.978242 -0.111528
-32.1837 75.723 1.1234 0.168402 -0.981847 -0.0867257
-33.2699 75.6029 0.492555 0.181957 -0.981077 -0.0509726
-34.3236 75.3604 -0.0323205 0.261653 -0.962944 -0.065361
-35.4484 75.0895 -0.606206 0.264394 -0.963242 -0.0474682
-36.5092 74.7893 -1.1203 0.309551 -0.949235 -0.0559597
-37.4052 74.5113 -1.41066 0.315556 -0.947337 -0.0545691
-38.3105 74.2219 -1.63804 0.331691 -0.941692 -0.0546642
-39.3807 73.8445 -1.90592 0.341483 -0.938579 -0.04853
-40.4061 73.5037 -2.12201 0.31509 -0.947139 -0.0603843
-41.6415 73.0845 -2.29234 0.349515 -0.934923 -0.0605958
-42.6284 72.7072 -2.2666 0.355384 -0.933183 -0.0535922
-43.8242 72.1989 -2.179 0.373626 -0.922907 -0.0926838
-44.6844 71.8404 -2.15108 0.37101 -0.925382 -0.074757
-45.547 71.4817 -2.01217 0.375853 -0.924139 -0.0685699
-46.645 70.9985 -1.67297 0.39433 -0.916238 -0.0708025
-47.5988 70.5474 -1.23343 0.395414 -0.914755 -0.0828895
-48.3748 70.1765 -0.852558 0.398102 -0.913145 -0.0876427
-49.3943 69.6783 -0.363833 0.420437 -0.902044 -0.0977193
-50.253 69.2285 0.025111 0.416908 -0.902608 -0.106733
-50.7889 68.9568 0.286519 0.413894 -0.903386 -0.111811
-51.1227 68.9252 -0.59949 0.389444 -0.911578 -0.13175
-50.373 69.2987 -0.97329 0.394666 -0.909647 -0.129361
-49.398 69.7831 -1.34676 0.410719 -0.904479 -0.113486
-48.5168 70.2062 -1.79867 0.391499 -0.915998 -0.0876171
-47.6642 70.6206 -2.27978 0.399866 -0.911379 -0.097446
-46.8139 71.0168 -2.66778 0.372806 -0.923338 -0.0919898
-45.6937 71.5053 -3.00033 0.379453 -0.921124 -0.0868662
-44.4394 72.0408 -3.15737 0.384341 -0.919023 -0.0876271
-43.5304 72.4171 -3.19299 0.362591 -0.928497 -0.0787098
-42.3923 72.8509 -3.21398 0.351735 -0.93422 -0.0587838
-41.4359 73.215 -3.21579 0.346016 -0.936991 -0.0468834
-40.1992 73.6334 -3.04986 0.324331 -0.943545 -0.0666013
-39.3434 73.9256 -2.90821 0.332701 -0.940381 -0.0706637
-38.1906 74.315 -2.6087 0.318474 -0.946539 -0.0513564
-37.2978 74.6036 -2.39331 0.317019 -0.946936 -0.0529657
-36.4538 74.8676 -2.15768 0.318259 -0.945301 -0.0694659
-35.6161 75.1 -1.79752 0.274225 -0.958503 -0.0727234
-34.7557 75.3147 -1.33286 0.269691 -0.961375 -0.0541654
-33.8153 75.5553 -0.828109 0.245292 -0.965049 -0.0830483
-32.5107 75.7733 -0.203505 0.209226 -0.974877 -0.0612014
-31.6372 75.8933 0.351744 0.191449 -0.976445 -0.0995112
-30.7418 75.9687 1.06042 0.113254 -0.984278 -0.135506
-30.0144 75.9709 1.66782 0.119236 -0.984483 -0.128566
-29.3376 75.9528 2.48914 0.127282 -0.982955 -0.132394
-28.6979 75.8938 3.34952 0.0987684 -0.984063 -0.147866
-28.0579 75.7727 4.55432 0.0269228 -0.984322 -0.165354
-27.5176 75.5515 5.69744 -0.00409698 -0.981934 -0.189178
-27.1754 75.3621 6.56924 -0.00970899 -0.976298 -0.216211
-26.7474 75.1401 7.61882 -0.0279857 -0.98161 -0.188784
-26.2755 74.9261 8.64642 -0.0323332 -0.981356 -0.189457
-25.774 74.6018 10.0938 -0.050999 -0.976867 -0.207276
-25.6175 74.2967 11.0448 -0.064715 -0.960541 -0.269063
-25.5113 74.0584 11.9606 -0.0646503 -0.96732 -0.24518
-25.4191 73.7664 12.9547 -0.0776399 -0.958023 -0.275435
-25.2485 73.507 13.8695 -0.080883 -0.963785 -0.254117
-25.1147 72.912 15.3711 -0.0630856 -0.888935 -0.453669
-25.2983 72.3455 16.6698 0.024866 -0.93198 -0.356411
-25.4639 71.9984 17.5052 0.0904984 -0.916513 -0.388909
-25.7285 71.4508 18.5716 -0.0276414 -0.851288 -0.523409
-25.9157 70.9315 19.4334 -0.052749 -0.854068 -0.517479
-26.1385 70.2782 20.5941 -0.0608763 -0.874796 -0.480652
-26.4444 69.7332 21.4942 0.107046 -0.881064 -0.460724
-26.7922 69.2908 22.2207 -0.0378396 -0.827018 -0.560828
-27.1287 68.7723 23.0218 -0.0449355 -0.829946 -0.556031
-27.6112 68.1795 23.9531 -0.0968371 -0.835775 -0.54041
-28.1645 67.5601 25.0004 -0.0891999 -0.835948 -0.541512
-28.6436 67.1532 25.7594 -0.0952115 -0.850938 -0.516543
-29.3393 66.7486 26.6345 -0.13065 -0.870623 -0.474285
-30.1647 66.393 27.4804 -0.114656 -0.858174 -0.500391
-30.791 66.1766 28.1062 -0.175413 -0.909256 -0.377471
-31.4532 66.0282 28.7119 -0.142293 -0.911351 -0.386253
-32.4357 65.8925 29.5047 -0.200081 -0.915659 -0.348621
-33.167 65.7898 30.1363 -0.223926 -0.89271 -0.391058
-34.0254 65.7431 30.8007 -0.217449 -0.91619 -0.335513
-34.9265 65.7314 31.3334 -0.170972 -0.903572 -0.38944
-36.1285 65.4418 32.0174 0.00538529 -0.905794 -0.423684
-37.1351 65.0619 32.7061 0.0375057 -0.880765 -0.471087
-37.9974 64.5623 33.1261 0.267102 -0.856431 -0.44133
-38.6949 64.1308 33.6674 0.224173 -0.889179 -0.398882
-39.625 63.4504 34.6266 0.146004 -0.884974 -0.442157
-40.3426 62.9593 35.4288 0.153715 -0.94442 -0.29059
-41.1484 62.3492 36.2779 0.345808 -0.776481 -0.526777
-41.703 61.7894 36.7592 0.318614 -0.812671 -0.487262
-42.5526 61.2018 37.2421 0.336861 -0.824684 -0.452215
-43.3058 60.7336 37.4687 0.344637 -0.78698 -0.51175
-44.5783 60.1867 37.4487 0.348931 -0.837638 -0.420249
-45.6232 59.8818 37.2219 0.335679 -0.826252 -0.451355
-46.5071 59.6649 36.9411 0.353371 -0.807315 -0.472595
-47.6049 59.458 36.4678 0.355467 -0.804605 -0.475661
-48.7083 59.3359 35.8142 0.376108 -0.814502 -0.441734
-49.974 59.159 35.0046 0.391481 -0.830773 -0.395675
-50.9661 59.0013 34.3407 0.400908 -0.82948 -0.388889
-51.8006 58.9851 33.554 0.380785 -0.833781 -0.399766
-52.5797 58.9792 32.8038 0.39394 -0.833151 -0.388164
-53.2908 59.028 31.9688 0.392215 -0.836371 -0.382924
-53.7784 59.1631 31.1773 0.389796 -0.839773 -0.377942
-54.1555 59.3534 30.3722 0.382476 -0.841908 -0.380639
-54.4914 59.575 29.5349 0.385081 -0.847025 -0.366416
-54.8473 59.8625 28.4903 0.378095 -0.851332 -0.363638
-55.1155 60.1802 27.497 0.3666 -0.854379 -0.368251
-55.3035 60.4588 26.6493 0.364786 -0.857953 -0.361715
-55.5087 60.7422 25.6678 0.336295 -0.889719 -0.308716
-55.7308 61.0316 24.5696 0.334147 -0.89816 -0.285586
-55.964 61.3157 23.3623 0.322034 -0.903956 -0.280805
-56.3029 61.5451 22.3536 0.350488 -0.877245 -0.328024
-56.6928 61.6386 21.3062 0.403608 -0.881376 -0.243536
-57.1067 61.6801 20.4838 0.447096 -0.855325 -0.261772
-57.5644 61.7414 19.4746 0.382763 -0.897315 -0.204943
-58.0209 61.8391 18.2548 0.444118 -0.867687 -0.222848
-58.3382 61.8839 17.3657 0.448659 -0.87065 -0.201675
-58.6658 61.9442 16.4344 0.330033 -0.92346 -0.194298
-59.0185 62.0684 15.3473 0.33824 -0.915725 -0.216878
-59.1499 62.3669 14.0171 0.400336 -0.890575 -0.211508
-59.1461 62.5812 12.8866 0.360173 -0.912926 -0.18654
-59.0333 62.7305 11.9977 0.469227 -0.879516 -0.0792328
-58.8672 62.99 10.7513 0.465015 -0.859723 -0.205992
-58.6582 63.3436 9.74392 0.44819 -0.873622 -0.189239
-58.3068 63.7544 8.67129 0.454766 -0.872648 -0.17797
-57.7888 64.2743 7.52776 0.473718 -0.861623 -0.1822
-57.4279 64.6314 6.77719 0.462775 -0.868256 -0.178303
-57.041 65.0191 5.83055 0.438859 -0.879682 -0.183199
-56.6487 65.4243 4.99342 0.453841 -0.861937 -0.226039
-56.1645 65.8448 4.15032 0.397708 -0.903114 -0.161909
-55.6931 66.2038 3.32254 0.416022 -0.895838 -0.156011
-55.1808 66.6066 2.35751 0.377101 -0.909871 -0.172677
-54.5342 67.0363 1.5827 0.403422 -0.899671 -0.166861
-53.6554 67.5437 0.926151 0.418817 -0.896507 -0.144453
-52.7922 68.0255 0.408052 0.419211 -0.89762 -0.13616
-51.7895 68.5739 -0.198009 0.399598 -0.90647 -0.136506
-51.3085 68.8324 -0.506703 0.394518 -0.909025 -0.134133
-51.8278 68.7159 -1.25314 0.407245 -0.903449 -0.133622
-52.9988 68.0719 -0.533891 0.417045 -0.899028 -0.133449
-53.8009 67.638 -0.0812207 0.414237 -0.899253 -0.140378
-54.6637 67.1737 0.443607 0.394098 -0.907707 -0.144065
-55.2975 66.7988 1.0178 0.388261 -0.906467 -0.165202
-55.9934 66.355 1.90903 0.377111 -0.909867 -0.172681
-56.387 66.0286 2.668 0.397122 -0.898773 -0.185745
-56.8157 65.6849 3.4802 0.40055 -0.900498 -0.169301
-57.4685 65.1198 4.55809 0.435529 -0.863541 -0.254188
-57.9906 64.5931 5.74547 0.381748 -0.906687 -0.179409
-58.4411 64.15 6.80193 0.395391 -0.881474 -0.258205
-58.8686 63.7567 7.58016 0.379107 -0.902102 -0.206132
-59.2322 63.3656 8.55118 0.372076 -0.896629 -0.240034
-59.5228 63.0123 9.4311 0.364126 -0.897167 -0.250008
-59.7666 62.6169 10.6543 0.307443 -0.934978 -0.176907
-59.8718 62.4497 11.6287 0.306467 -0.947754 -0.0885476
-60.0354 62.3035 12.557 0.344953 -0.932102 -0.110426
-60.0859 62.1151 13.527 0.321511 -0.924316 -0.205581
-60.0128 61.8316 14.8193 0.320375 -0.919533 -0.22764
-59.8281 61.6577 15.8216 0.330032 -0.923459 -0.194303
-59.3776 61.5725 17.1095 0.318732 -0.931131 -0.177171
-58.9358 61.4927 18.356 0.30727 -0.937217 -0.164953
-58.6331 61.4209 19.2338 0.310138 -0.933921 -0.177524
-58.2477 61.3705 20.124 0.322895 -0.925355 -0.198636
-57.7799 61.3131 21.0742 0.312304 -0.922652 -0.226229
-57.3056 61.2193 22.0787 0.304633 -0.922208 -0.238185
-56.8973 61.043 23.1896 0.318034 -0.908967 -0.269507
-56.6147 60.7869 24.3517 0.324147 -0.893967 -0.307671
-56.4317 60.5205 25.2548 0.36072 -0.877499 -0.316034
-56.1561 60.0552 26.735 0.371948 -0.855707 -0.35975
-55.9349 59.7178 27.7494 0.368754 -0.849758 -0.376707
-55.675 59.4119 28.6859 0.373666 -0.848766 -0.374072
-55.4357 59.1485 29.5381 0.38002 -0.845471 -0.375068
-55.0016 58.8763 30.5695 0.383614 -0.840011 -0.383695
-54.5485 58.6613 31.498 0.388946 -0.838766 -0.381028
-53.716 58.4655 32.7595 0.389704 -0.835407 -0.387591
-52.73 58.465 33.7551 0.391408 -0.833404 -0.390176
-51.9124 58.4357 34.5959 0.378413 -0.835256 -0.398938
-51.2252 58.4673 35.2103 0.396193 -0.828872 -0.394972
-50.1189 58.6695 35.8881 0.373389 -0.827456 -0.418391
-49.1634 58.7658 36.4779 0.365631 -0.819424 -0.441276
-48.2582 58.8431 37.0398 0.340037 -0.811894 -0.474556
-47.0722 59.0477 37.5648 0.357815 -0.805952 -0.471603
-46.1563 59.2485 37.8978 0.335586 -0.80006 -0.497269
-45.2745 59.4746 38.1305 0.329045 -0.799432 -0.502631
-44.0475 59.8651 38.3191 0.337222 -0.793259 -0.506969
-43.1542 60.2526 38.3104 0.341822 -0.789884 -0.509134
-42.2591 60.7429 38.0932 0.287999 -0.794654 -0.534399
-41.2693 61.4366 37.6442 0.303571 -0.804989 -0.508304
-40.5223 62.1228 37.0227 0.341292 -0.78782 -0.51235
-39.9654 62.6745 36.443 0.192149 -0.879471 -0.415723
-39.2962 63.0085 35.6976 0.111069 -0.942233 -0.316007
-38.5317 63.5351 34.8181 0.156693 -0.89371 -0.419557
-37.6858 64.1737 33.9958 0.210639 -0.858018 -0.468441
-36.875 64.586 33.553 0.115628 -0.845932 -0.513806
-36.0611 64.9423 32.9917 0.0453171 -0.869441 -0.491818
-35.2598 65.1899 32.4861 -0.0701657 -0.889558 -0.451402
-34.329 65.3194 31.9701 -0.149985 -0.888319 -0.434043
-33.3976 65.3457 31.446 -0.248726 -0.909936 -0.331774
-32.5476 65.3514 30.7895 -0.220617 -0.901645 -0.369039
-31.5089 65.53 29.9056 -0.170266 -0.901271 -0.398025
-30.3681 65.7143 28.9727 -0.183034 -0.897512 -0.401213
-29.6393 65.9147 28.1708 -0.174205 -0.872709 -0.450855
-28.9287 66.1951 27.5026 -0.136289 -0.858945 -0.493548
-28.0854 66.6035 26.5279 -0.140831 -0.847867 -0.510313
-27.4144 67.1503 25.5111 -0.116248 -0.836584 -0.535247
-26.971 67.6094 24.7123 -0.104466 -0.835606 -0.539304
-26.5494 68.121 23.8806 -0.0606295 -0.797859 -0.599787
-26.0789 68.7626 22.9514 -0.0378445 -0.827014 -0.560833
-25.7756 69.267 22.2002 -0.0309721 -0.825905 -0.562948
-25.3517 69.8744 21.2099 -0.0820011 -0.845767 -0.527213
-25.0987 70.3955 20.2697 -0.0465959 -0.866192 -0.497535
-24.9362 70.964 19.2801 -0.0407867 -0.846322 -0.530751
-24.75 71.4528 18.5166 -0.0276495 -0.851292 -0.523402
-24.4972 71.9541 17.5523 -0.100918 -0.880466 -0.463244
-24.3209 72.3628 16.5232 -0.0646665 -0.928984 -0.362682
-24.1654 72.8682 15.3917 -0.01815 -0.897637 -0.440362
-24.242 73.4182 14.0016 0.00622369 -0.965716 -0.259527
-24.4556 73.7346 12.9078 -0.0370058 -0.962259 -0.269606
-24.5478 74.0039 11.9719 0.0142715 -0.964199 -0.262721
-24.6194 74.2707 11.0428 -0.0163889 -0.961364 -0.274791
-24.8726 74.6097 9.78031 -0.0645748 -0.97557 -0.209986
-25.229 74.8703 8.67112 -0.0669922 -0.976582 -0.204379
-25.7961 75.1569 7.36194 -0.0343628 -0.981617 -0.187742
-26.3184 75.4354 6.01976 -0.0750983 -0.976406 -0.202462
-26.7452 75.6223 5.21913 -0.107325 -0.975081 -0.194161
-27.1351 75.821 4.19395 -0.022591 -0.981616 -0.189526
-27.7384 75.9515 3.06232 0.056155 -0.998075 0.0263143
-28.2762 75.9726 2.33333 -0.0218981 -0.990539 -0.135475
-28.937 76.0954 1.36614 0.000768436 -0.993867 -0.110583
-29.9754 76.1511 0.387877 0.112735 -0.983945 -0.138362
-30.7364 76.1254 -0.191982 0.191055 -0.975056 -0.112251
-31.743 76.0158 -0.873929 0.190675 -0.973664 -0.124985
-32.5887 75.8808 -1.30996 0.221516 -0.968765 -0.111466
-33.437 75.7197 -1.71583 0.277525 -0.959018 -0.0570806
-34.4503 75.4603 -2.31338 0.277792 -0.959084 -0.0546734
-35.5015 75.2382 -2.79926 0.261163 -0.960865 -0.0892388
-36.408 74.9773 -3.15587 0.318786 -0.94258 -0.0995961
-37.8368 74.5175 -3.52101 0.344635 -0.935598 -0.0714841
-38.9647 74.1174 -3.82506 0.333863 -0.941071 -0.0540508
-39.8907 73.8043 -4.03142 0.324104 -0.944196 -0.058052
-41.2136 73.3584 -4.17919 0.34138 -0.937077 -0.0729443
-42.153 73.0097 -4.1998 0.35211 -0.93331 -0.0703701
-43.0655 72.6691 -4.24808 0.358479 -0.931308 -0.0644786
-43.9547 72.3235 -4.20051 0.35854 -0.931288 -0.0644327
-44.9321 71.9193 -4.12605 0.371512 -0.925194 -0.0767257
-45.8073 71.5567 -3.99369 0.374532 -0.92262 -0.0921834
-46.819 71.1186 -3.70933 0.372836 -0.923319 -0.092057
-47.6716 70.7344 -3.35476 0.392419 -0.914145 -0.101706
-48.7636 70.2004 -2.72571 0.383633 -0.918187 -0.09878
-49.5926 69.8087 -2.30699 0.383801 -0.918075 -0.0991728
-50.4096 69.4247 -1.97101 0.394666 -0.909647 -0.129361
-51.5698 68.85 -1.40055 0.38889 -0.911978 -0.130609
-51.682 68.794 -1.34495 0.394519 -0.909025 -0.134126
-51.8508 68.8398 -2.2596 0.398442 -0.909916 -0.115249
-52.5905 68.4624 -1.87653 0.410488 -0.901344 -0.138126
-53.6594 67.8793 -1.22239 0.405962 -0.903204 -0.139302
-54.7312 67.3103 -0.65823 0.401876 -0.905295 -0.137564
-55.4151 66.9327 -0.150938 0.400842 -0.906261 -0.134223
-56.0062 66.5854 0.437396 0.399742 -0.906468 -0.136079
-56.9259 65.9987 1.67226 0.39284 -0.904971 -0.161174
-57.368 65.6315 2.5047 0.392873 -0.901216 -0.182864
-57.82 65.2707 3.33648 0.400105 -0.898389 -0.180885
-58.3358 64.8656 4.1436 0.365243 -0.893158 -0.262424
-58.8083 64.4088 5.15694 0.347879 -0.913413 -0.211323
-59.0246 64.1212 5.99962 0.3781 -0.89854 -0.222808
-59.7499 63.4738 7.25226 0.359847 -0.904568 -0.22834
-60.0991 63.1126 8.19939 0.351132 -0.908622 -0.225012
-60.5164 62.6773 9.2802 0.302242 -0.928239 -0.216838
-60.675 62.4284 10.1644 0.292201 -0.937435 -0.189298
-60.7108 62.2403 11.1514 0.246889 -0.953662 -0.171642
-60.9023 62.0704 12.0243 0.316525 -0.944264 -0.0904271
-60.9808 61.8469 13.3363 0.331185 -0.92445 -0.187088
-60.9687 61.5301 14.7243 0.302379 -0.927536 -0.219642
-60.6608 61.3147 16.265 0.289571 -0.943125 -0.16329
-60.3416 61.2599 17.1475 0.289923 -0.942425 -0.166637
-60.0291 61.1875 18.1001 0.292019 -0.941986 -0.165494
-59.6397 61.1212 19.0841 0.297416 -0.935557 -0.190163
-59.3689 61.0377 19.9423 0.305713 -0.932931 -0.190185
-58.5794 60.9724 21.32 0.322597 -0.917279 -0.233162
-58.1971 60.8572 22.281 0.321704 -0.90578 -0.27579
-57.6968 60.6709 23.4847 0.323731 -0.907107 -0.26899
-57.4084 60.4385 24.4578 0.343899 -0.879755 -0.328254
-57.2262 60.1273 25.4734 0.34937 -0.870649 -0.345744
-57.0818 59.8259 26.3391 0.361349 -0.86113 -0.357606
-56.7512 59.2542 27.9847 0.370404 -0.847191 -0.380874
-56.5688 58.9195 28.9082 0.372299 -0.844998 -0.38389
-56.167 58.5111 30.2054 0.38371 -0.840395 -0.382754
-55.5503 58.2751 31.3371 0.383768 -0.839598 -0.384444
-55.0167 58.0915 32.2776 0.382009 -0.841378 -0.382291
-54.5229 57.9749 33.0231 0.379666 -0.842054 -0.383144
-53.9154 57.9356 33.7154 0.379526 -0.843208 -0.380737
-53.2182 57.9299 34.4219 0.381035 -0.844653 -0.375957
-52.4497 57.9161 35.1913 0.358539 -0.851837 -0.381868
-51.6216 57.9459 35.9347 0.376963 -0.855111 -0.355926
-50.6866 58.111 36.4926 0.357503 -0.838916 -0.410183
-49.7139 58.2173 37.0937 0.346859 -0.842495 -0.412179
-48.8394 58.2896 37.6405 0.335346 -0.837021 -0.432357
-47.9683 58.3969 38.0965 0.31631 -0.835667 -0.449009
-46.9471 58.5942 38.4607 0.326722 -0.843045 -0.427214
-46.0101 58.8201 38.7407 0.319788 -0.836296 -0.444837
-44.6828 59.1553 39.0696 0.33325 -0.820291 -0.46483
-43.8163 59.4431 39.1493 0.327965 -0.807374 -0.490134
-42.4354 60.0649 39.0438 0.295476 -0.808565 -0.508764
-41.4291 60.5892 38.7915 0.310636 -0.796853 -0.517821
-40.7252 61.116 38.4313 0.314792 -0.785188 -0.533278
-39.8711 61.8747 37.7101 0.26158 -0.790276 -0.554111
-39.2966 62.4054 37.078 0.187428 -0.796035 -0.575499
-38.6458 62.82 36.4502 0.0952098 -0.934743 -0.342332
-38.0453 63.1888 35.7746 0.142943 -0.903487 -0.404078
-37.3954 63.6802 35.0212 0.208184 -0.853756 -0.477242
-36.7647 64.089 34.4992 0.164383 -0.87788 -0.449783
-36.0603 64.3753 34.01 0.0493364 -0.8834 -0.465409
-35.1157 64.7185 33.3974 -0.0700104 -0.890637 -0.449292
-34.2987 64.9319 32.9111 -0.0866422 -0.930316 -0.356378
-33.0978 64.8523 32.2245 -0.3949 -0.856306 -0.332856
-31.9635 64.8904 31.527 -0.199546 -0.858763 -0.465798
-31.2655 65.0581 30.8919 -0.15382 -0.905571 -0.395322
-30.3454 65.1862 30.1872 -0.197526 -0.899888 -0.388178
-29.442 65.3745 29.2755 -0.214259 -0.891801 -0.398477
-28.7854 65.4911 28.6609 -0.174207 -0.872705 -0.450863
-28.0622 65.856 27.8808 -0.112907 -0.867343 -0.483575
-27.2768 66.2342 26.9305 -0.0965662 -0.883815 -0.456523
-26.793 66.5981 26.2506 -0.105193 -0.837118 -0.536813
-26.2288 67.1762 25.2408 -0.104039 -0.835935 -0.538878
-25.7801 67.7455 24.3541 0.0186093 -0.818752 -0.573562
-25.2016 68.576 23.1551 -0.0478861 -0.824009 -0.564448
-24.7745 69.1986 22.234 -0.0460453 -0.834255 -0.548498
-24.4835 69.6606 21.4523 0.00540039 -0.835682 -0.545795
-24.1329 70.4743 20.1759 0.0634214 -0.873136 -0.483333
-23.9297 71.1775 19.0006 0.0605894 -0.843121 -0.5343
-23.5997 71.6428 18.0583 -0.022243 -0.902532 -0.430049
-23.4205 72.0572 17.0883 -0.0602212 -0.920991 -0.3849
-23.2842 72.5619 16.021 -0.00565996 -0.876254 -0.481816
-23.1869 73.066 15.0053 0.0377465 -0.905263 -0.42317
-23.2491 73.4371 14.0368 0.0118378 -0.953149 -0.298082
-23.3989 73.7004 13.1032 0.0581639 -0.958348 -0.279616
-23.3961 73.9896 12.2336 0.0451296 -0.957054 -0.284225
-23.605 74.2364 11.2438 0.0312169 -0.970151 -0.239828
-23.7877 74.4423 10.3531 0.0180223 -0.973535 -0.227825
-24.1175 74.7104 9.09999 -0.0248611 -0.981652 -0.188899
-24.3723 74.9103 8.18405 -0.0683792 -0.975326 -0.2099
-24.7318 75.1178 7.34046 -0.0570323 -0.979723 -0.190643
-25.0811 75.2918 6.39872 -0.038688 -0.985416 -0.165704
-25.4143 75.4259 5.55231 -0.0858033 -0.988065 -0.12793
-26.0454 75.666 4.54416 -0.121837 -0.984018 -0.129091
-26.3569 75.8081 3.65325 -0.121823 -0.985763 -0.115892
-26.873 75.8938 2.70009 -0.0348 -0.993408 -0.0361883
-27.4319 76.0103 1.94093 -0.0183996 -0.990317 -0.137599
-27.8832 76.1311 1.15562 -0.0308687 -0.98775 -0.152959
-28.3919 76.2486 0.413101 0.0257837 -0.986918 -0.158895
-29.3156 76.3263 -0.361935 0.111452 -0.986798 -0.116073
-30.1238 76.295 -0.987629 0.114255 -0.988598 -0.0980827
-31.0731 76.206 -1.60869 0.141792 -0.986592 -0.0808168
-32.0446 76.119 -2.11136 0.224952 -0.962479 -0.151758
-33.3381 75.8419 -2.81735 0.32943 -0.940036 -0.0883652
-34.5614 75.5572 -3.42415 0.245513 -0.951481 -0.185493
-35.8988 75.2232 -3.99775 0.323468 -0.942552 -0.0824189
-36.9511 74.8799 -4.31547 0.35467 -0.934566 -0.0250712
-38.1164 74.4628 -4.59717 0.349796 -0.936492 -0.00481757
-38.986 74.1635 -4.84578 0.314857 -0.946339 -0.0654239
-39.881 73.8984 -5.00633 0.320314 -0.941591 -0.103946
-40.8077 73.5895 -5.06554 0.345375 -0.933204 -0.0955428
-41.841 73.214 -5.34857 0.348602 -0.934646 -0.0699985
-43.2797 72.6478 -5.26056 0.363511 -0.92986 -0.0557099
-44.1245 72.3223 -5.20509 0.348814 -0.935748 -0.0512967
-44.9718 71.9972 -5.15886 0.360458 -0.93031 -0.0677795
-45.998 71.5723 -4.96973 0.374395 -0.923222 -0.0865327
-47.0377 71.1286 -4.65201 0.366973 -0.925633 -0.0922455
-48.0149 70.6933 -4.32101 0.392228 -0.914368 -0.10044
-48.7687 70.3177 -3.81178 0.389012 -0.91432 -0.112208
-49.5299 69.9513 -3.41048 0.384058 -0.918444 -0.0946167
-50.3916 69.5485 -3.00377 0.384781 -0.917846 -0.0974766
-51.1841 69.1733 -2.61482 0.390646 -0.914342 -0.10617
-51.1846 69.1731 -2.61458 0.394877 -0.911519 -0.114917
-51.8216 68.8543 -2.27466 0.394873 -0.91152 -0.114917
