-43.5626 70.6061 15.6217 0.358663 -0.906812 -0.221076
-42.8542 70.6817 16.1359 0.30051 -0.909978 -0.285717
-42.5877 71.1306 14.9863 0.323364 -0.910828 -0.25351
-43.4615 70.7902 15.0217 0.346207 -0.911683 -0.221301
-44.341 70.4849 14.7601 0.403993 -0.893704 -0.195149
-44.2662 70.1886 15.9861 0.38054 -0.880801 -0.281743
-43.78 70.0095 17.1295 0.347605 -0.889887 -0.2953
-42.773 70.2644 17.4798 0.281232 -0.904146 -0.321601
-42.2083 70.7015 16.7487 0.293428 -0.90497 -0.307517
-41.7843 71.1925 15.604 0.287842 -0.914692 -0.283701
-41.7375 71.508 14.5821 0.292706 -0.924294 -0.243466
-42.6207 71.4736 13.5005 0.324642 -0.91992 -0.218905
-43.5463 71.055 13.7807 0.365638 -0.907901 -0.204348
-44.1811 70.6395 14.3831 0.403988 -0.893707 -0.195146
-44.9661 70.4185 13.8152 0.380398 -0.897263 -0.224088
-44.173 70.9476 13.0692 0.392156 -0.896875 -0.203997
-43.2987 71.4098 12.6476 0.369922 -0.905606 -0.207227
-41.8759 71.9843 12.5161 0.344483 -0.914467 -0.212323
-41.2019 72.0332 13.282 0.307562 -0.917359 -0.251919
-40.9167 71.8869 14.1356 0.277435 -0.921591 -0.270754
-40.7913 71.608 15.1954 0.259377 -0.928034 -0.26735
-40.954 71.2715 16.1378 0.253948 -0.918183 -0.303861
-41.2552 70.9011 16.9813 0.265314 -0.911495 -0.314206
-41.8745 70.372 17.9634 0.274484 -0.9061 -0.321837
-42.5344 69.9606 18.5288 0.273012 -0.899008 -0.342418
-43.7582 69.3898 19.0219 0.28745 -0.890886 -0.351703
-44.2179 69.4883 18.2491 0.33403 -0.899437 -0.281845
-44.5798 69.6129 17.4225 0.346422 -0.897428 -0.272714
-44.9364 69.7207 16.572 0.368909 -0.88569 -0.281885
-45.2661 69.9389 15.2496 0.423752 -0.883867 -0.198026
-45.1501 70.208 14.3059 0.406491 -0.886074 -0.221066
-45.0371 70.3604 13.928 0.384189 -0.893313 -0.232951
-45.885 70.0939 13.5449 0.410389 -0.879134 -0.24112
-45.4293 70.4694 12.8251 0.380393 -0.897263 -0.224094
-44.6185 70.9501 12.2192 0.376352 -0.904461 -0.200772
-43.8588 71.3486 11.8949 0.379829 -0.905758 -0.186946
-42.674 71.8933 11.5669 0.369206 -0.914368 -0.166122
-41.8403 72.2539 11.4847 0.381725 -0.910646 -0.158147
-40.9639 72.501 11.8526 0.332972 -0.912449 -0.237836
-40.354 72.4016 12.9373 0.306195 -0.909271 -0.281906
-39.9841 72.1467 14.1676 0.26617 -0.920221 -0.28696
-39.8734 71.8803 15.1209 0.262961 -0.919461 -0.291591
-40.0835 71.3819 16.507 0.249053 -0.921556 -0.297789
-40.3857 71.039 17.3039 0.240295 -0.908582 -0.341656
-41.0042 70.4328 18.4494 0.250104 -0.904907 -0.344372
-41.8092 69.9212 19.178 0.261298 -0.898589 -0.352507
-42.7127 69.4165 19.762 0.261746 -0.888118 -0.377799
-43.5162 68.9456 20.2921 0.283492 -0.88509 -0.369116
-44.313 68.7157 20.2215 0.318779 -0.877241 -0.358925
-44.7038 68.9174 19.3445 0.337857 -0.885038 -0.320249
-45.1458 69.1144 18.3338 0.363374 -0.877501 -0.311721
-45.5716 69.28 17.2034 0.358946 -0.895514 -0.263081
-45.9315 69.3789 16.3361 0.413066 -0.885606 -0.207527
-46.1348 69.5076 15.2513 0.450143 -0.870379 -0.199529
-46.073 69.8155 14.2147 0.432024 -0.869318 -0.240085
-46.0196 69.906 13.9831 0.432025 -0.869319 -0.24008
-46.8632 69.5764 13.6586 0.434455 -0.870062 -0.232769
-46.4241 70.0847 12.546 0.424601 -0.878746 -0.217346
-45.8177 70.5291 11.8389 0.398171 -0.895444 -0.198455
-45.0778 70.947 11.3614 0.383175 -0.903869 -0.190207
-44.0546 71.4375 10.9833 0.374122 -0.911807 -0.169238
-43.1215 71.8703 10.6912 0.366125 -0.91616 -0.163105
-42.2735 72.2451 10.4895 0.373926 -0.913404 -0.160619
-41.0112 72.7478 10.676 0.387941 -0.906923 -0.164292
-40.2137 72.9023 11.3013 0.307336 -0.928982 -0.205604
-39.616 72.7995 12.405 0.26742 -0.920774 -0.284011
-39.2327 72.5716 13.4838 0.25859 -0.920342 -0.29343
-38.9725 72.2744 14.6582 0.260359 -0.926043 -0.272761
-38.9738 71.9485 15.7786 0.28016 -0.911771 -0.300176
-39.2011 71.5016 16.8919 0.265736 -0.915465 -0.301808
-39.6236 71.024 17.88 0.240287 -0.908587 -0.341648
-40.0296 70.6123 18.6809 0.234451 -0.905251 -0.354101
-40.6099 70.1323 19.4864 0.234329 -0.899144 -0.369635
-41.6251 69.5505 20.2047 0.244471 -0.887291 -0.390446
-42.6322 68.9761 20.8553 0.258398 -0.895253 -0.362622
-43.4655 68.5164 21.402 0.289351 -0.891869 -0.347627
-44.6202 67.9977 21.6626 0.35239 -0.864718 -0.357887
-45.1405 68.2411 20.6185 0.335583 -0.862245 -0.379364
-45.4427 68.4754 19.7868 0.363376 -0.877498 -0.311727
-45.9245 68.6697 18.6111 0.388895 -0.869963 -0.303191
-46.3858 68.8438 17.4368 0.423637 -0.863584 -0.273395
-46.8391 68.9636 16.1467 0.458728 -0.871647 -0.172628
-46.9982 69.0721 15.2582 0.402715 -0.88383 -0.238028
-46.9692 69.3651 14.2311 0.418068 -0.875815 -0.240638
-46.9027 69.5096 13.8295 0.432319 -0.869074 -0.240436
-47.7513 69.1686 13.5223 0.432311 -0.877445 -0.207838
-47.3528 69.6861 12.3013 0.434644 -0.874617 -0.214373
-46.5827 70.3009 11.2563 0.42795 -0.882401 -0.195518
-45.6866 70.8444 10.6124 0.38185 -0.905256 -0.186285
-44.7934 71.2861 10.2399 0.363199 -0.917505 -0.160739
-43.8814 71.6887 9.9774 0.378901 -0.913363 -0.148811
-42.5217 72.3208 9.52335 0.365582 -0.915644 -0.167171
-41.6773 72.6541 9.48948 0.355831 -0.920244 -0.162895
-40.8428 72.9753 9.67428 0.361678 -0.924152 -0.119916
-39.9777 73.2204 10.1488 0.303194 -0.938387 -0.162606
-39.2772 73.2693 10.9596 0.271602 -0.937231 -0.217004
-38.8628 73.1456 11.9012 0.239359 -0.942818 -0.231675
-38.3572 72.9156 13.1718 0.253618 -0.921885 -0.292928
-38.1208 72.6724 14.142 0.245372 -0.922135 -0.298924
-38.0245 72.4359 15.0601 0.251461 -0.935596 -0.246832
-38.1371 71.9629 16.4595 0.280353 -0.904762 -0.320637
-38.4002 71.5495 17.3964 0.231978 -0.899489 -0.367508
-38.7177 71.1028 18.2404 0.198521 -0.904736 -0.376082
-39.167 70.5939 19.2637 0.227681 -0.902293 -0.366095
-39.9841 69.9559 20.2534 0.236421 -0.88281 -0.405892
-41.181 69.2923 21.0227 0.225749 -0.888188 -0.400192
-42.0321 68.8391 21.5673 0.215751 -0.895485 -0.389286
-42.8425 68.4105 22.1129 0.210401 -0.898231 -0.38587
-43.8719 67.881 22.6585 0.276257 -0.878888 -0.388724
-44.6274 67.4001 23.094 0.341842 -0.862253 -0.373717
-45.301 67.3116 22.6698 0.355291 -0.865924 -0.351984
-45.6769 67.5942 21.5837 0.361892 -0.863999 -0.350057
-45.9937 67.853 20.6724 0.402612 -0.843485 -0.355578
-46.5183 68.1389 19.3226 0.410947 -0.852788 -0.322298
-46.9611 68.3182 18.2091 0.442415 -0.850192 -0.285382
-47.379 68.4272 17.1327 0.461545 -0.852725 -0.244614
-47.6722 68.5127 16.2093 0.430315 -0.878253 -0.204106
-47.905 68.7731 14.8341 0.402715 -0.88383 -0.238028
-47.8687 68.9629 14.1466 0.432307 -0.877448 -0.207836
-48.7297 68.6068 13.8737 0.426488 -0.880584 -0.206591
-48.7654 68.2936 15.0509 0.432882 -0.870158 -0.235452
-48.6045 68.1184 15.9833 0.439568 -0.862819 -0.249646
-48.1554 67.9543 17.3704 0.452878 -0.853582 -0.256699
-47.8045 67.8642 18.234 0.458095 -0.845503 -0.274362
-47.3849 67.7072 19.3172 0.431991 -0.845659 -0.313441
-47.0608 67.5419 20.2101 0.412133 -0.85097 -0.323302
-46.7331 67.3479 21.0637 0.37939 -0.860067 -0.341098
-46.4277 67.131 21.9087 0.371346 -0.853448 -0.365689
-46.0557 66.7974 23.0789 0.369201 -0.858189 -0.355844
-45.717 66.4124 24.3608 0.345319 -0.857713 -0.380399
-44.6103 66.8972 24.2267 0.324919 -0.859832 -0.393848
-43.664 67.5065 23.6308 0.282344 -0.873423 -0.396754
-42.7843 67.9853 23.1448 0.21523 -0.902212 -0.373579
-41.8874 68.4223 22.6062 0.213568 -0.905984 -0.365392
-40.8508 68.9971 21.87 0.222632 -0.891872 -0.393655
-39.8955 69.4844 21.33 0.233954 -0.885121 -0.4022
-38.9353 70.0838 20.5916 0.22976 -0.888399 -0.397233
-38.3244 70.5861 19.7745 0.207289 -0.895764 -0.393238
-37.9399 70.9756 19.0053 0.20649 -0.915783 -0.344533
-37.5881 71.4619 17.9995 0.184792 -0.901374 -0.391235
-37.3141 71.8785 17.1357 0.170215 -0.908386 -0.381913
-37.1464 72.2548 16.3106 0.15867 -0.915103 -0.370329
-37.0772 72.6045 15.2756 0.165216 -0.949485 -0.266799
-37.2034 72.9838 13.9133 0.237129 -0.922385 -0.304919
-37.4426 73.2206 13.0039 0.24104 -0.933937 -0.261473
-37.8211 73.3762 11.988 0.228474 -0.945986 -0.230022
-38.2152 73.5082 11.053 0.228858 -0.945732 -0.230684
-38.6997 73.6076 10.1127 0.263444 -0.946043 -0.188678
-39.325 73.5394 9.43303 0.313806 -0.940307 -0.131717
-40.2265 73.3021 8.89579 0.340597 -0.927409 -0.154617
-41.4897 72.8964 8.54056 0.348907 -0.923302 -0.160222
-42.6114 72.4625 8.53847 0.374469 -0.914122 -0.153684
-43.4524 72.0732 8.74598 0.385749 -0.910346 -0.149895
-44.2311 71.6955 9.05443 0.372047 -0.916383 -0.147725
-45.3764 71.1688 9.42245 0.391363 -0.910887 -0.130843
-46.2376 70.7401 9.79884 0.408213 -0.89972 -0.154372
-46.969 70.3193 10.2841 0.422411 -0.890152 -0.169811
-47.6648 69.8164 11.0479 0.439217 -0.877558 -0.192193
-48.1283 69.4055 11.8321 0.448069 -0.871186 -0.200478
-48.488 68.9988 12.7292 0.457589 -0.863164 -0.213448
-48.6599 68.7251 13.5137 0.43092 -0.879665 -0.201118
-49.5614 68.2982 13.4246 0.449771 -0.871141 -0.196349
-49.3344 68.6295 12.4629 0.438083 -0.87547 -0.20405
-48.8662 69.1372 11.3107 0.495466 -0.851224 -0.173007
-48.1996 69.7215 10.209 0.458794 -0.873967 -0.16028
-47.5955 70.1399 9.55428 0.431753 -0.895968 -0.103645
-46.9301 70.5082 9.07381 0.423184 -0.900094 -0.103663
-45.8473 71.0643 8.56111 0.406787 -0.90673 -0.110878
-45.0207 71.4738 8.26938 0.396334 -0.911037 -0.113713
-44.2277 71.8589 7.99844 0.398187 -0.90814 -0.128932
-43.3152 72.2911 7.68053 0.387753 -0.911328 -0.138164
-42.2558 72.7651 7.54807 0.378151 -0.919097 -0.109518
-41.1929 73.1481 7.61105 0.337616 -0.933924 -0.117477
-40.0831 73.5015 7.90609 0.313007 -0.940844 -0.129745
-39.2776 73.7173 8.27318 0.313069 -0.940549 -0.131739
-38.3491 73.9281 8.98302 0.307478 -0.94284 -0.128268
-37.6807 73.892 9.96915 0.212152 -0.957495 -0.19333
-37.2233 73.7504 11.0118 0.206288 -0.952565 -0.223711
-36.8945 73.6216 11.8419 0.203615 -0.951607 -0.230185
-36.5495 73.4656 12.7657 0.187662 -0.949446 -0.251665
-36.2507 73.1748 13.9747 0.196734 -0.933541 -0.299598
-36.1422 72.8268 15.1456 0.201839 -0.936802 -0.285768
-36.1896 72.4052 16.3337 0.186088 -0.915285 -0.357245
-36.457 71.8088 17.6464 0.12624 -0.901666 -0.413596
-36.7713 71.3329 18.6222 0.125701 -0.928127 -0.348191
-37.1332 70.8972 19.697 0.207335 -0.905485 -0.369308
-37.5907 70.452 20.4667 0.207285 -0.895762 -0.393244
-38.1275 70.0341 21.1303 0.205126 -0.893234 -0.400071
-38.904 69.5262 21.8092 0.224747 -0.884778 -0.408195
-39.9686 68.9512 22.4648 0.227516 -0.884535 -0.407228
-40.7328 68.5597 22.9577 0.212771 -0.898102 -0.384739
-41.6279 68.0915 23.5716 0.205405 -0.907569 -0.366233
-42.5591 67.636 24.0875 0.245396 -0.883016 -0.400079
-43.3842 67.1578 24.5718 0.270606 -0.873793 -0.404052
-44.3261 66.5444 25.2064 0.303541 -0.860007 -0.410184
-45.2581 65.9178 25.8841 0.289282 -0.875846 -0.386276
-46.2548 65.4848 26.0142 0.341058 -0.868016 -0.360811
-46.502 65.781 25.0816 0.352813 -0.864828 -0.356981
-46.6695 66.101 24.1565 0.363027 -0.856566 -0.366752
-46.9619 66.461 22.9936 0.359208 -0.868714 -0.341036
-47.2657 66.7074 22.0566 0.357438 -0.86676 -0.347799
-47.6902 66.9788 20.8452 0.444885 -0.841869 -0.305505
-48.1634 67.2199 19.5354 0.42766 -0.843155 -0.325878
-48.5269 67.3634 18.6027 0.445696 -0.854159 -0.267894
-48.9866 67.478 17.4759 0.443809 -0.853704 -0.272407
-49.4463 67.6517 16.1204 0.436702 -0.864462 -0.248991
-49.6208 67.8404 15.0983 0.461775 -0.854253 -0.238779
-49.6379 68.0928 14.145 0.46914 -0.857713 -0.209799
-49.5749 68.2754 13.4929 0.464199 -0.863536 -0.197043
-50.4191 67.9128 13.0933 0.463403 -0.863534 -0.198905
-50.5131 67.6327 14.0417 0.47407 -0.851896 -0.222556
-50.4731 67.3677 15.1414 0.46792 -0.853075 -0.230672
-50.1587 67.1467 16.6243 0.449179 -0.861309 -0.23679
-49.8152 67.0072 17.6224 0.435979 -0.858326 -0.270551
-49.4465 66.9078 18.5356 0.436442 -0.858501 -0.269249
-48.9698 66.7532 19.7575 0.398738 -0.87458 -0.275895
-48.6355 66.5799 20.7517 0.390177 -0.870604 -0.299677
-48.2948 66.4058 21.6967 0.387221 -0.865145 -0.318216
-48.0375 66.1714 22.5928 0.383575 -0.860166 -0.336128
-47.71 65.8555 23.6912 0.368927 -0.857622 -0.358297
-47.5047 65.5595 24.5919 0.36546 -0.856887 -0.363567
-47.289 65.1598 25.7786 0.374847 -0.853212 -0.362644
-47.0674 64.8582 26.7245 0.375435 -0.85572 -0.356043
-46.4913 64.6789 27.6647 0.335602 -0.855278 -0.394806
-45.6339 65.0411 27.5389 0.297883 -0.876884 -0.377281
-44.8145 65.6754 26.7602 0.288819 -0.873475 -0.391949
-44.0768 66.1835 26.1829 0.297449 -0.868701 -0.396027
-43.3587 66.6538 25.6805 0.274095 -0.876629 -0.395425
-42.629 67.0993 25.2075 0.274199 -0.874295 -0.400529
-41.8476 67.5381 24.7588 0.257056 -0.883017 -0.392684
-41.1043 67.9112 24.3415 0.212405 -0.912485 -0.349651
-40.1013 68.4022 23.6684 0.211751 -0.911406 -0.352846
-39.2984 68.8132 23.1391 0.227914 -0.884468 -0.407151
-38.333 69.3384 22.5393 0.226041 -0.885883 -0.4051
-37.6593 69.7333 22.0418 0.167378 -0.89559 -0.410327
-37.0771 70.1236 21.388 0.129632 -0.897949 -0.420574
-36.5763 70.4966 20.7056 0.108357 -0.906246 -0.408629
-36.0362 71.0813 19.5613 0.054191 -0.912478 -0.40552
-35.6715 71.5497 18.5043 0.139135 -0.913578 -0.382121
-35.3868 72.0615 17.4305 0.13121 -0.898882 -0.418086
-35.2412 72.4682 16.6028 0.131049 -0.898557 -0.418834
-35.1699 72.8453 15.6405 0.164653 -0.939296 -0.301019
-35.2326 73.2327 14.4435 0.182127 -0.933331 -0.309105
-35.4457 73.5538 13.2998 0.182518 -0.939295 -0.290354
-35.6935 73.7358 12.4358 0.211677 -0.942898 -0.25717
-36.0304 73.8874 11.4993 0.211078 -0.95106 -0.225478
-36.3451 74.0195 10.6655 0.202767 -0.952777 -0.226057
-36.8398 74.1609 9.49446 0.214483 -0.96264 -0.165293
-37.4814 74.2092 8.44073 0.198463 -0.964748 -0.172842
-38.2031 74.1294 7.81334 0.301111 -0.945341 -0.125153
-39.0143 73.9401 7.31861 0.316446 -0.938778 -0.13621
-40.098 73.6323 6.90358 0.316142 -0.939508 -0.131731
-40.9752 73.3452 6.68214 0.339678 -0.933356 -0.116043
-41.8787 73.0181 6.59809 0.367537 -0.923346 -0.110703
-42.7915 72.6566 6.60826 0.378151 -0.919097 -0.109518
-43.7695 72.2189 6.80268 0.382943 -0.915862 -0.120631
-44.7306 71.7556 7.13557 0.407565 -0.903967 -0.129357
-45.8052 71.2195 7.52334 0.410577 -0.9042 -0.117673
-46.6672 70.7855 7.84242 0.415992 -0.901411 -0.119897
-47.6026 70.2776 8.35907 0.428078 -0.895566 -0.120963
-48.2758 69.8843 8.86287 0.440243 -0.891892 -0.103509
-48.8895 69.4751 9.57774 0.477132 -0.862649 -0.166372
-49.5008 68.9095 10.6134 0.495467 -0.851279 -0.172734
-50.0268 68.4243 11.7296 0.457383 -0.876128 -0.152316
-50.4042 67.9424 13.0002 0.462606 -0.863533 -0.200763
-51.2478 67.5698 12.6443 0.469487 -0.860304 -0.198642
-51.3801 67.2777 13.6021 0.456676 -0.863071 -0.215719
-51.4164 66.9734 14.7241 0.45428 -0.863398 -0.219486
-51.2922 66.7642 15.7264 0.466972 -0.854726 -0.22667
-51.0591 66.6511 16.6227 0.469667 -0.851752 -0.23223
-50.7181 66.554 17.5864 0.451785 -0.852396 -0.263269
-50.251 66.4315 18.7567 0.434003 -0.861032 -0.265077
-49.9225 66.3317 19.6081 0.429789 -0.859385 -0.277019
-49.6215 66.213 20.4499 0.42671 -0.859707 -0.280605
-49.2391 66.0275 21.5619 0.408367 -0.863512 -0.295334
-48.8071 65.7479 22.7959 0.384081 -0.859552 -0.337125
-48.5286 65.4466 23.8271 0.372395 -0.856956 -0.356275
-48.2948 65.113 24.8536 0.366545 -0.859632 -0.355855
-48.0706 64.5934 26.3031 0.374849 -0.853211 -0.362644
-47.7356 64.2416 27.5176 0.374204 -0.857847 -0.352237
-47.249 64.0884 28.3083 0.343503 -0.853401 -0.391944
-46.3998 64.125 28.9668 0.339015 -0.858631 -0.384477
-45.2454 64.7249 28.5729 0.296647 -0.875482 -0.381487
-44.5423 65.288 27.8274 0.299296 -0.877469 -0.374399
-43.9399 65.7388 27.2724 0.293761 -0.872718 -0.389959
-43.0547 66.3282 26.6161 0.29266 -0.870854 -0.39487
-42.39 66.7422 26.1614 0.273994 -0.878964 -0.390319
-41.6366 67.1809 25.6963 0.259708 -0.882499 -0.392093
-40.7144 67.6829 25.1808 0.235261 -0.900225 -0.364037
-40.0014 68.0104 24.7404 0.209987 -0.912229 -0.351764
-39.2373 68.3626 24.2127 0.134879 -0.915647 -0.37868
-38.1835 68.8439 23.6216 0.207194 -0.871083 -0.445292
-37.4923 69.2226 23.1183 0.132969 -0.885508 -0.445185
-36.7859 69.6389 22.4877 0.126622 -0.88857 -0.44092
-35.9929 70.1783 21.5675 0.110638 -0.906351 -0.407784
-35.4178 70.6844 20.5702 0.0868435 -0.913089 -0.3984
-35.0913 71.0645 19.774 0.08638 -0.912393 -0.400096
-34.8065 71.4366 18.9538 0.0723645 -0.918682 -0.388301
-34.5167 71.8867 17.9876 0.0944877 -0.905894 -0.412829
-34.3205 72.47 16.878 0.118702 -0.89919 -0.418495
-34.2267 72.9639 15.7059 0.0822866 -0.938092 -0.329197
-34.2164 73.2595 14.8436 0.0773469 -0.943656 -0.321763
-34.3482 73.5859 13.8766 0.129774 -0.9381 -0.315987
-34.5518 73.8095 12.9962 0.176542 -0.944955 -0.275487
-34.8271 74.0336 12.0508 0.176642 -0.944918 -0.275548
-35.1745 74.1653 11.101 0.199493 -0.958775 -0.202366
-35.5275 74.3461 10.0764 0.218384 -0.93878 -0.264439
-36.105 74.5085 8.91247 0.277377 -0.937419 -0.210495
-36.7972 74.54 7.78916 0.279241 -0.942396 -0.184156
-37.7934 74.4001 6.87327 0.296688 -0.943181 -0.149616
-38.723 74.1773 6.35541 0.314323 -0.939472 -0.13636
-39.6179 73.9108 6.06002 0.333822 -0.935641 -0.114623
-40.7562 73.5379 5.76985 0.337865 -0.934186 -0.114648
-41.7158 73.1941 5.66563 0.357799 -0.927343 -0.109614
-42.7766 72.7824 5.64061 0.373412 -0.920094 -0.118207
-43.6925 72.3916 5.75802 0.379362 -0.917362 -0.120453
-44.6322 71.957 6.06677 0.383359 -0.915278 -0.1237
-45.4012 71.5747 6.34232 0.405694 -0.903491 -0.138247
-46.281 71.1218 6.68241 0.41464 -0.898699 -0.142873
-47.1934 70.648 7.05047 0.415988 -0.901412 -0.119905
-48.0583 70.1679 7.51053 0.435977 -0.892079 -0.118825
-48.7805 69.747 8.03258 0.440857 -0.890139 -0.115082
-49.3737 69.3685 8.65651 0.469171 -0.872762 -0.130969
-50.0613 68.7708 9.74885 0.47235 -0.86315 -0.177964
-50.4461 68.4124 10.5281 0.4594 -0.875421 -0.150299
-50.8649 68.0328 11.4592 0.469203 -0.869769 -0.152374
-51.1199 67.7515 12.1598 0.469484 -0.860305 -0.198646
-51.9221 67.4145 11.6701 0.469446 -0.867754 -0.163117
-51.3689 67.9432 10.418 0.46879 -0.869682 -0.154404
-50.8179 68.4451 9.26916 0.481555 -0.86359 -0.14939
-50.2391 68.9436 8.27277 0.480676 -0.863632 -0.151951
-49.5632 69.4336 7.43178 0.442348 -0.887631 -0.128219
-48.5669 70.0468 6.67402 0.436867 -0.888825 -0.137942
-47.7491 70.4995 6.27792 0.425907 -0.894322 -0.137081
-46.7977 71.0128 5.86817 0.418963 -0.897158 -0.13981
-45.9098 71.4743 5.49611 0.407334 -0.902834 -0.137733
-44.7291 72.0413 5.07314 0.385034 -0.917825 -0.0964702
-43.9085 72.4129 4.79733 0.38077 -0.919037 -0.101903
-42.6581 72.958 4.65689 0.389474 -0.913355 -0.118716
-41.7374 73.3121 4.70499 0.350869 -0.928304 -0.122756
-40.7606 73.6567 4.80531 0.33763 -0.933826 -0.118221
-39.7477 74.0014 5.01452 0.338964 -0.931873 -0.129292
-38.5235 74.3876 5.37792 0.32044 -0.937852 -0.132988
-37.5681 74.6269 5.89352 0.300151 -0.942651 -0.14585
-36.5084 74.8304 6.7013 0.275154 -0.949566 -0.148675
-35.8595 74.8698 7.46394 0.261577 -0.947508 -0.183865
-35.3825 74.8442 8.27964 0.262877 -0.947957 -0.179647
-34.7823 74.6984 9.48934 0.178776 -0.93848 -0.295455
-34.4074 74.4992 10.41 0.195559 -0.945395 -0.260738
-34.0566 74.3201 11.4223 0.180881 -0.960364 -0.212093
-33.7039 74.1123 12.5016 0.176737 -0.944882 -0.275613
-33.4507 73.7796 13.5658 0.0759097 -0.935313 -0.345582
-33.2718 73.4542 14.4741 0.0630061 -0.928977 -0.363754
-33.2441 73.0408 15.5681 0.0370065 -0.94656 -0.318133
-33.279 72.7487 16.556 0.0822872 -0.938096 -0.329187
-33.5221 72.06 17.8466 0.108381 -0.895276 -0.43062
-33.7523 71.5852 18.8479 0.118852 -0.902046 -0.414802
-34.1352 71.0469 19.9811 0.0593305 -0.917119 -0.394173
-34.6337 70.4939 21.1511 0.0260034 -0.909451 -0.414998
-35.0624 70.1267 21.9289 0.0227662 -0.89665 -0.441182
-35.6091 69.7083 22.6088 0.101709 -0.880321 -0.463346
-36.1783 69.3366 23.2174 0.0879714 -0.887021 -0.453272
-36.9894 68.8743 23.9488 0.126208 -0.881444 -0.455114
-37.7395 68.503 24.4814 0.119635 -0.898361 -0.422593
-38.5963 68.1685 24.9103 0.155601 -0.908817 -0.386399
-39.3192 67.8607 25.4039 0.134754 -0.918101 -0.372737
-40.2596 67.4767 25.9839 0.20837 -0.903779 -0.368253
-40.985 67.0875 26.4039 0.280214 -0.883961 -0.373779
-41.7534 66.6251 26.8733 0.281784 -0.876955 -0.389214
-42.4985 66.1705 27.3616 0.278792 -0.874338 -0.39725
-43.1515 65.7525 27.8534 0.289576 -0.884654 -0.365416
-43.7724 65.3159 28.4127 0.29803 -0.882965 -0.362616
-44.6256 64.6452 29.2905 0.320045 -0.870944 -0.372838
-45.2499 64.1516 29.9046 0.317854 -0.869894 -0.377165
-46.2912 63.6963 30.0469 0.337665 -0.868381 -0.363177
-47.2864 63.5633 29.462 0.337483 -0.863178 -0.375538
-48.1091 63.5998 28.6279 0.341604 -0.865973 -0.365235
-48.6518 63.8205 27.5688 0.374361 -0.857532 -0.352836
-48.9424 64.1815 26.3982 0.365154 -0.857194 -0.363155
-49.1383 64.536 25.3653 0.376284 -0.857481 -0.350487
-49.3278 64.9094 24.2338 0.389262 -0.847303 -0.361321
-49.5016 65.1909 23.3953 0.403635 -0.843641 -0.353503
-49.7545 65.4073 22.5407 0.413238 -0.848322 -0.331035
-50.0708 65.5981 21.6133 0.424784 -0.857948 -0.288937
-50.465 65.7797 20.4976 0.423425 -0.861378 -0.280426
-50.8381 65.8917 19.5556 0.423464 -0.864743 -0.26998
-51.1681 65.9952 18.6984 0.428717 -0.864848 -0.261092
-51.5356 66.0793 17.7743 0.43421 -0.867565 -0.242473
-51.8441 66.1553 16.931 0.441996 -0.86404 -0.240985
-52.1239 66.2786 15.8989 0.453839 -0.866541 -0.207696
-52.2942 66.4531 14.8886 0.438435 -0.86555 -0.242069
-52.2861 66.7659 13.7228 0.459074 -0.862741 -0.211966
-52.1541 67.0994 12.5968 0.462615 -0.866269 -0.188487
-52.0378 67.2787 12.051 0.469656 -0.865305 -0.174842
-52.8663 66.9045 11.6439 0.461877 -0.870104 -0.17153
-53.076 66.5547 12.8136 0.467959 -0.864077 -0.185433
-53.1943 66.23 13.9502 0.457603 -0.862253 -0.216997
-53.0837 65.9711 15.182 0.448671 -0.862922 -0.232053
-52.8038 65.7541 16.5912 0.465959 -0.855783 -0.22476
-52.4755 65.642 17.6231 0.444958 -0.863066 -0.239017
-52.1391 65.5708 18.4745 0.440104 -0.861055 -0.254741
-51.7912 65.4994 19.318 0.426915 -0.866256 -0.259017
-51.3117 65.3362 20.5798 0.424869 -0.863506 -0.27174
-50.9607 65.1983 21.4854 0.439071 -0.846095 -0.302225
-50.6639 65.0045 22.4186 0.428965 -0.840118 -0.331769
-50.3776 64.7336 23.4449 0.419488 -0.840707 -0.342407
-50.1796 64.4559 24.3694 0.406168 -0.850287 -0.334221
-49.9605 64.0359 25.6695 0.394983 -0.852233 -0.343056
-49.8069 63.7456 26.5129 0.381469 -0.852825 -0.356491
-49.6038 63.4615 27.4299 0.376349 -0.857345 -0.351164
-49.2793 63.2098 28.3759 0.375298 -0.85464 -0.358806
-48.8236 63.0732 29.1487 0.363983 -0.851906 -0.376527
-47.9229 63.0475 30.0455 0.34753 -0.859925 -0.37362
-46.7997 63.1865 30.7956 0.348238 -0.864484 -0.362489
-45.7634 63.3875 31.262 0.31848 -0.873128 -0.369004
-44.887 63.8227 30.9688 0.312189 -0.874343 -0.371549
-44.2178 64.3611 30.2911 0.317851 -0.869895 -0.377165
-43.6601 64.8272 29.6531 0.287159 -0.880002 -0.378333
-42.864 65.4136 28.8992 0.28992 -0.881412 -0.372842
-42.2062 65.8562 28.348 0.292737 -0.885041 -0.361909
-41.425 66.3588 27.7581 0.285767 -0.8912 -0.35194
-40.4599 66.9077 27.1814 0.279076 -0.86891 -0.408793
-39.7265 67.2647 26.7036 0.149247 -0.918559 -0.366024
-38.9784 67.5701 26.2431 0.129957 -0.918022 -0.374593
-38.2236 67.855 25.7993 0.116647 -0.920107 -0.373782
-37.2444 68.1994 25.267 0.119639 -0.898356 -0.422604
-36.4045 68.564 24.7119 0.119918 -0.890995 -0.437382
-35.5741 69.0234 23.9409 0.04939 -0.881671 -0.469274
-34.7796 69.5141 23.0803 0.029534 -0.882728 -0.468902
-34.2306 69.9109 22.3717 0.0195287 -0.883847 -0.467369
-33.8078 70.2899 21.6498 0.0387798 -0.905909 -0.421435
-33.4662 70.6656 20.8987 0.0514234 -0.902355 -0.427914
-32.9191 71.3685 19.5366 0.0981307 -0.895382 -0.434351
-32.5937 71.9695 18.3178 0.113275 -0.910283 -0.398187
-32.4415 72.4262 17.3921 0.103498 -0.880264 -0.463059
-32.264 72.9122 16.3268 0.0476975 -0.920828 -0.387041
-32.2708 73.3173 15.0524 0.140526 -0.93171 -0.334916
-32.369 73.6833 14.0866 0.0856637 -0.936817 -0.33917
-32.5264 73.9927 13.1922 0.0807828 -0.936068 -0.34237
-32.8203 74.3651 12.0706 0.105739 -0.943564 -0.311964
-33.1012 74.5429 11.2275 0.180699 -0.960432 -0.211938
-33.4503 74.7294 10.2681 0.183408 -0.946044 -0.267137
-33.8987 74.948 9.15054 0.154444 -0.96065 -0.230867
-34.312 75.0805 8.2379 0.16853 -0.966308 -0.19454
-34.9345 75.1596 7.15662 0.229797 -0.960686 -0.155807
-35.5401 75.1409 6.35011 0.249874 -0.956204 -0.15225
-36.345 75.0431 5.59019 0.264188 -0.949976 -0.16502
-37.2281 74.8716 4.97157 0.288336 -0.950791 -0.113397
-38.4624 74.5488 4.34911 0.326448 -0.93641 -0.128712
-39.315 74.2861 4.07548 0.33537 -0.935799 -0.108573
-40.1892 73.9863 3.91238 0.344415 -0.930615 -0.123829
-41.2002 73.6331 3.73872 0.347524 -0.929525 -0.123328
-42.4349 73.183 3.65828 0.374935 -0.91949 -0.113383
-43.9152 72.5206 3.80314 0.39585 -0.912585 -0.102426
-44.7286 72.1433 4.04922 0.3906 -0.915441 -0.096754
-45.729 71.6732 4.36746 0.412739 -0.906185 -0.0920655
-46.521 71.2785 4.69063 0.416487 -0.904561 -0.0911459
-47.3621 70.8514 5.07496 0.418444 -0.903487 -0.0928191
-48.245 70.3757 5.44374 0.449565 -0.888186 -0.0949553
-49.1502 69.8644 5.91148 0.452367 -0.883212 -0.123696
-50.0738 69.2931 6.59459 0.458834 -0.879486 -0.126364
-50.6874 68.8717 7.29192 0.470086 -0.871083 -0.14074
-51.1396 68.49 8.01338 0.476591 -0.864777 -0.158183
-51.5781 68.1062 8.78823 0.47172 -0.867772 -0.156249
-52.1108 67.6316 9.88778 0.470931 -0.86971 -0.147743
-52.5274 67.264 10.728 0.458647 -0.876154 -0.148242
-52.8471 66.9345 11.5451 0.451518 -0.874351 -0.177884
-53.6705 66.5993 11.1027 0.460057 -0.86906 -0.18157
-53.2928 66.9552 10.1917 0.455944 -0.878082 -0.145211
-52.8464 67.3347 9.34633 0.464803 -0.874202 -0.139962
-52.46 67.6609 8.58497 0.481679 -0.863151 -0.151514
-52.0274 68.0402 7.79956 0.474234 -0.867003 -0.152764
-51.5783 68.4132 7.04984 0.476657 -0.867017 -0.145186
-51.0977 68.7981 6.32035 0.464891 -0.876739 -0.123088
-50.4593 69.2259 5.64282 0.458371 -0.880095 -0.123806
-49.2482 69.9349 4.889 0.436003 -0.893329 -0.10893
-48.4878 70.35 4.53426 0.44659 -0.889662 -0.0951219
-47.6154 70.8287 4.15129 0.439199 -0.892765 -0.100099
-46.8603 71.2163 3.78475 0.416213 -0.904006 -0.0976719
-45.8702 71.7109 3.39414 0.407666 -0.908612 -0.0904347
-44.7008 72.262 3.01539 0.401034 -0.912228 -0.0837356
-43.4571 72.8577 2.70857 0.423912 -0.900869 -0.0934504
-42.5005 73.267 2.67317 0.354561 -0.927959 -0.11385
-41.5936 73.6107 2.76595 0.36282 -0.923418 -0.125143
-40.7157 73.9276 2.88239 0.341511 -0.932842 -0.114235
-39.7308 74.2582 3.04311 0.331293 -0.93731 -0.108142
-38.8272 74.5615 3.23345 0.339453 -0.934286 -0.109006
-37.417 74.959 3.78244 0.28668 -0.950813 -0.117342
-36.6218 75.144 4.22969 0.289861 -0.950354 -0.113165
-35.472 75.3938 5.09508 0.283008 -0.94682 -0.148615
-34.7469 75.4415 5.85696 0.252626 -0.949905 -0.184012
-34.0992 75.4269 6.74065 0.238359 -0.954473 -0.177693
-33.5847 75.3617 7.53859 0.164276 -0.964287 -0.207758
-33.1577 75.2313 8.46431 0.151629 -0.962603 -0.224393
-32.6827 75.0637 9.51769 0.165188 -0.963762 -0.209464
-32.2642 74.8287 10.6997 0.140172 -0.952954 -0.267163
-31.947 74.5828 11.6413 0.107738 -0.952397 -0.28504
-31.7153 74.327 12.5302 0.111473 -0.932545 -0.343414
-31.4513 73.8939 13.7872 0.113542 -0.930887 -0.347213
-31.3208 73.4937 14.9395 0.122937 -0.935211 -0.332066
-31.2687 73.0895 16.0188 0.0414514 -0.914018 -0.403082
-31.3567 72.7268 16.8739 0.0323691 -0.921284 -0.387542
-31.5688 72.3693 17.6953 0.108387 -0.895274 -0.430621
-31.7304 71.8029 18.8694 0.0783409 -0.901576 -0.425468
-32.0413 71.2598 19.9589 0.0947055 -0.889514 -0.446762
-32.4684 70.6694 21.0102 0.0712765 -0.892997 -0.44356
-33.0253 69.9918 22.2281 0.018019 -0.865577 -0.500451
-33.6039 69.5113 23.15 0.00315674 -0.889731 -0.456398
-34.1695 69.1392 23.8394 0.0335981 -0.884279 -0.465732
-34.9238 68.6972 24.6179 0.0414647 -0.881821 -0.46963
-35.8859 68.2656 25.5114 0.0914215 -0.911321 -0.39999
-36.6246 67.9559 25.9961 0.118063 -0.912137 -0.392513
-37.8092 67.5693 26.6302 0.100277 -0.921202 -0.375829
-38.7101 67.2165 27.1837 0.125752 -0.915463 -0.382249
-39.5884 66.8659 27.7345 0.126179 -0.914406 -0.384621
-40.3741 66.4971 28.1979 0.211247 -0.887246 -0.410084
-41.4672 65.8625 28.9356 0.294108 -0.881878 -0.368499
-42.25 65.3188 29.6032 0.300916 -0.877584 -0.373224
-42.8787 64.8426 30.216 0.286358 -0.871463 -0.397151
-43.5777 64.2814 30.9992 0.288803 -0.882465 -0.37128
-44.1541 63.7885 31.683 0.30586 -0.882586 -0.35706
-44.7445 63.3553 32.2021 0.317795 -0.859169 -0.401041
-45.9163 62.9195 32.1978 0.328752 -0.856141 -0.398635
-46.947 62.7435 31.6905 0.351075 -0.852172 -0.388007
-47.7325 62.65 31.1787 0.359789 -0.857077 -0.368456
-48.5189 62.5425 30.6454 0.370496 -0.849768 -0.375003
-49.2567 62.5088 29.9846 0.37344 -0.845355 -0.381991
-49.9933 62.6697 28.8966 0.381537 -0.847113 -0.369813
-50.4648 63.0048 27.5977 0.391471 -0.849195 -0.354422
-50.7509 63.4681 26.1649 0.396049 -0.848879 -0.350026
-50.8941 63.7812 25.2364 0.389498 -0.853634 -0.345832
-51.1018 64.1194 24.1456 0.392848 -0.859868 -0.326033
-51.3259 64.4091 23.1 0.405061 -0.858966 -0.313142
-51.6629 64.704 21.8489 0.438434 -0.842061 -0.313934
-52.1234 64.8903 20.7019 0.423834 -0.850665 -0.31102
-52.5888 65.03 19.5482 0.437431 -0.864625 -0.247141
-52.92 65.1046 18.701 0.438767 -0.862839 -0.250943
-53.2956 65.1612 17.8167 0.452547 -0.858295 -0.241932
-53.5916 65.2329 16.9473 0.456666 -0.8639 -0.212443
-53.811 65.3406 16.0792 0.467656 -0.85502 -0.224125
-53.9808 65.4887 15.1565 0.468611 -0.853911 -0.226363
-54.0909 65.6699 14.241 0.468217 -0.854471 -0.225061
-54.0052 65.9815 13.1382 0.467022 -0.864777 -0.184523
-53.8735 66.2543 12.1979 0.468593 -0.863796 -0.185138
-53.7754 66.4484 11.5414 0.468598 -0.863768 -0.18526
-54.617 66.0485 11.253 0.476851 -0.859801 -0.182633
-54.326 66.4002 10.2491 0.462516 -0.874349 -0.146847
-53.7981 66.8549 9.20534 0.45382 -0.87983 -0.140962
-53.2853 67.2663 8.22162 0.446153 -0.882447 -0.148608
-52.8759 67.6367 7.4586 0.476343 -0.86351 -0.165676
-52.3591 68.0623 6.61739 0.464712 -0.873298 -0.146266
-51.8184 68.4832 5.79209 0.458097 -0.878173 -0.136262
-51.1278 68.9723 4.96101 0.458096 -0.878173 -0.136259
-50.4496 69.3873 4.45783 0.454772 -0.883756 -0.110259
-49.7091 69.8089 4.07756 0.435776 -0.89356 -0.107932
-48.8863 70.2569 3.68427 0.435434 -0.893795 -0.107366
-48.0636 70.7001 3.31308 0.432864 -0.895324 -0.104992
-47.1242 71.1931 2.85968 0.416299 -0.904315 -0.0943972
-46.0487 71.7198 2.44356 0.403609 -0.910971 -0.0850412
-44.8632 72.2853 2.02735 0.404136 -0.910247 -0.0901398
-43.9142 72.7389 1.78082 0.417151 -0.905353 -0.0774549
-42.9776 73.1684 1.6774 0.410379 -0.909841 -0.0614659
-41.9307 73.5882 1.7519 0.366508 -0.928264 -0.0628585
-41.0506 73.9255 1.84162 0.348726 -0.933228 -0.0818416
-40.0514 74.2636 2.0006 0.332286 -0.937183 -0.10618
-38.9432 74.6084 2.24717 0.310766 -0.946501 -0.0869507
-38.0263 74.897 2.52236 0.326052 -0.942493 -0.0734598
-37.0143 75.1935 2.91644 0.275963 -0.953706 -0.118708
-36.1218 75.3805 3.40716 0.265474 -0.95742 -0.113445
-35.2127 75.5667 4.02626 0.241482 -0.965451 -0.0923654
-34.4556 75.6597 4.727 0.208799 -0.9726 -0.102155
-33.6353 75.6997 5.73415 0.154654 -0.976355 -0.148286
-32.9401 75.6271 6.76317 0.157057 -0.973191 -0.168023
-32.385 75.4986 7.81693 0.1516 -0.964252 -0.217337
-32.0574 75.3525 8.68195 0.15843 -0.962359 -0.220448
-31.6309 75.2148 9.63154 0.100155 -0.96818 -0.227899
-31.3266 74.985 10.552 0.114554 -0.952788 -0.281197
-31.0049 74.7249 11.5496 0.0943898 -0.948844 -0.300428
-30.727 74.4407 12.4708 0.0725588 -0.941112 -0.330218
-30.5163 74.124 13.4659 0.104157 -0.943562 -0.313953
-30.394 73.7637 14.5304 0.115041 -0.935426 -0.334092
-30.2761 73.2852 15.7148 0.0505339 -0.906751 -0.418627
-30.2592 72.879 16.6038 0.0373912 -0.923139 -0.382574
-30.4803 72.4162 17.7125 0.0424159 -0.924989 -0.377619
-30.7396 71.891 18.8539 0.0110274 -0.891687 -0.44922
-30.9414 71.4574 19.6756 -0.00724178 -0.883753 -0.467899
-31.4362 70.7243 21.0111 0.0196477 -0.873065 -0.487208
-31.8067 70.2316 21.8611 0.022034 -0.865733 -0.50002
-32.1546 69.7904 22.6097 0.0165138 -0.855654 -0.516882
-32.5636 69.4199 23.3251 -0.0256106 -0.889403 -0.455786
-33.1746 69.0244 24.1021 0.0115307 -0.896622 -0.442647
-33.9976 68.5358 24.995 0.0422843 -0.87666 -0.479249
-34.8392 68.1234 25.7674 -0.0416329 -0.909796 -0.412497
-35.5586 67.8699 26.3866 0.0284408 -0.899409 -0.436181
-36.2644 67.6233 26.888 0.0839801 -0.939531 -0.329062
-37.3102 67.2847 27.4795 0.0920138 -0.927277 -0.362892
-38.2411 66.9342 28.0141 0.124161 -0.921302 -0.368178
-38.9995 66.6505 28.4356 0.126634 -0.913339 -0.387008
-40.0213 66.1948 29.0433 0.208575 -0.892723 -0.399428
-40.9373 65.6759 29.6779 0.240243 -0.888963 -0.389332
-41.6425 65.2169 30.2906 0.323425 -0.858376 -0.398229
-42.2185 64.718 30.8983 0.297603 -0.861863 -0.409652
-42.9485 64.185 31.7128 0.273675 -0.901789 -0.334396
-43.4706 63.7342 32.405 0.312331 -0.873545 -0.372781
-44.3267 63.0526 33.1955 0.328832 -0.859059 -0.392284
-45.7929 62.4842 33.2263 0.322502 -0.863846 -0.386991
-46.7166 62.3343 32.7947 0.328751 -0.85614 -0.398636
-47.9974 62.1289 32.0503 0.366859 -0.842411 -0.394662
-48.8709 62.0442 31.4192 0.365392 -0.844479 -0.391574
-49.7695 61.9745 30.6854 0.372294 -0.851068 -0.370243
-50.5936 62.0759 29.609 0.393747 -0.835134 -0.384075
-51.1611 62.4044 28.258 0.4018 -0.842616 -0.358545
-51.3971 62.6473 27.4227 0.402002 -0.842613 -0.358328
-51.561 62.963 26.4637 0.40072 -0.84792 -0.347066
-51.7624 63.3928 25.1916 0.408432 -0.84305 -0.349825
-52.0175 63.765 23.9528 0.409342 -0.853285 -0.32294
-52.2059 63.9934 23.1019 0.405056 -0.85897 -0.313138
-52.4836 64.2593 21.9891 0.405551 -0.860947 -0.307081
-52.8555 64.3938 21.0672 0.416011 -0.858224 -0.300358
-53.2956 64.5385 19.9916 0.450876 -0.845522 -0.286013
-53.6607 64.6103 19.1068 0.442051 -0.862373 -0.246786
-54.1165 64.6904 17.9732 0.44241 -0.866844 -0.229903
-54.4593 64.7718 16.9526 0.459453 -0.86265 -0.211516
-54.7027 64.8825 15.9729 0.459436 -0.862633 -0.211618
-54.8777 65.0212 15.0645 0.467193 -0.85452 -0.226995
-55.0113 65.2089 14.0878 0.467172 -0.853987 -0.229034
-54.9023 65.5509 12.8945 0.472879 -0.863093 -0.177044
-54.715 65.8748 11.8148 0.477647 -0.859081 -0.183931
-54.6492 65.9989 11.4022 0.476848 -0.859805 -0.182627
-55.4968 65.578 11.1707 0.477647 -0.859081 -0.183931
-55.2752 65.881 10.2862 0.481974 -0.859552 -0.169916
-54.7777 66.3653 9.05394 0.460222 -0.875806 -0.145463
-54.3374 66.719 8.3174 0.453821 -0.879829 -0.14096
-53.8462 67.154 7.28515 0.44489 -0.881037 -0.160769
-53.3653 67.5481 6.5054 0.455496 -0.878611 -0.143412
-52.9201 67.8979 5.79988 0.46653 -0.872756 -0.143692
-52.2984 68.4029 4.82323 0.472678 -0.867887 -0.152798
-51.7474 68.7694 4.20248 0.441158 -0.888415 -0.126882
-50.8809 69.2896 3.6006 0.447065 -0.884934 -0.130481
-50.049 69.7559 3.15884 0.429879 -0.896216 -0.109553
-49.025 70.3066 2.6978 0.4338 -0.894894 -0.104793
-48.1848 70.7594 2.30699 0.425686 -0.899368 -0.0991311
-47.2062 71.2612 1.8458 0.410472 -0.907653 -0.0865622
-46.0814 71.7938 1.42113 0.403148 -0.91197 -0.0760444
-45.2574 72.2001 1.11043 0.409523 -0.908085 -0.0874079
-44.1231 72.7143 0.798024 0.384778 -0.920334 -0.0702161
-43.2646 73.1015 0.704808 0.412933 -0.909088 -0.0551863
-42.3114 73.5049 0.707715 0.363587 -0.929952 -0.0546003
-41.1668 73.9443 0.811901 0.359089 -0.931779 -0.0529599
-39.9981 74.3668 0.992905 0.32612 -0.943906 -0.0518465
-39.048 74.6701 1.20144 0.312516 -0.945772 -0.0885571
-37.9694 75.0139 1.51491 0.342045 -0.935052 -0.0931863
-36.9025 75.3259 1.90891 0.274038 -0.95809 -0.0834647
-36.0016 75.5321 2.34606 0.26363 -0.959586 -0.0983952
-34.9745 75.7441 2.98924 0.261635 -0.958916 -0.109672
-33.953 75.8725 3.88593 0.227905 -0.964388 -0.13422
-33.0982 75.9086 4.82999 0.192016 -0.968758 -0.156962
-32.5744 75.8905 5.57911 0.154581 -0.97361 -0.167872
-31.9563 75.825 6.52044 0.152098 -0.97403 -0.167725
-31.5029 75.7135 7.41208 0.132081 -0.970319 -0.20243
-31.0774 75.5172 8.53382 0.117113 -0.969495 -0.215323
-30.6293 75.2828 9.70561 0.0838111 -0.965271 -0.247442
-30.3151 75.0681 10.5987 0.0738837 -0.95843 -0.275596
-29.9453 74.7698 11.6582 0.0680155 -0.949852 -0.305213
-29.6193 74.3978 12.9054 0.103225 -0.948881 -0.298277
-29.4652 73.9686 14.2387 0.10064 -0.938019 -0.33165
-29.3075 73.4272 15.6262 0.0915836 -0.908634 -0.407428
-29.323 72.8851 16.8145 0.104226 -0.905981 -0.410286
-29.4601 72.4663 17.7044 0.0733238 -0.915486 -0.39395
-29.7303 71.8311 18.9136 -0.022983 -0.872839 -0.487467
-29.9672 71.3573 19.8189 -0.049777 -0.874935 -0.481613
-30.3396 70.84 20.815 -0.0546628 -0.877552 -0.476355
-30.6629 70.4203 21.57 -0.00832764 -0.866218 -0.499597
-31.0083 69.9732 22.3436 0.0165138 -0.855654 -0.516882
-31.4335 69.403 23.2382 -0.0188548 -0.865914 -0.497188
-31.8916 69.0229 23.9912 -0.0595446 -0.875382 -0.479751
-32.6043 68.6161 24.8257 -0.0576846 -0.876187 -0.478506
-33.4783 68.1383 25.7197 0.0101419 -0.86471 -0.502169
-34.1121 67.8592 26.3071 -0.0404013 -0.918937 -0.392331
-34.9267 67.5887 27.0496 -0.0479241 -0.928015 -0.369432
-35.7104 67.4142 27.5934 0.0120102 -0.915284 -0.398336
-36.7172 67.0692 28.1857 0.0930011 -0.917851 -0.383886
-37.5363 66.7885 28.6389 0.122243 -0.927128 -0.354246
-38.6423 66.3646 29.2892 0.151115 -0.914073 -0.376345
-39.6566 65.9091 29.9064 0.212371 -0.911675 -0.34953
-40.3594 65.5626 30.4129 0.295422 -0.89657 -0.329981
-41.2268 64.9722 31.1907 0.303998 -0.878782 -0.36786
-42.0079 64.3505 32.0367 0.29151 -0.889086 -0.352291
-42.5524 63.9024 32.7776 0.273144 -0.887572 -0.369249
-43.2923 63.2249 33.6734 0.305908 -0.866642 -0.394077
-43.9062 62.7727 34.1486 0.333007 -0.85589 -0.395675
-44.9867 62.2705 34.3572 0.313326 -0.863964 -0.394199
-46.0496 62.0098 34.0713 0.334067 -0.856874 -0.39237
-46.8942 61.8591 33.655 0.360104 -0.845013 -0.39532
-48.0658 61.6656 32.9851 0.367139 -0.846763 -0.38497
-48.9509 61.5569 32.3905 0.362635 -0.844618 -0.393847
-49.7651 61.4793 31.7986 0.368145 -0.844343 -0.3893
-50.5653 61.4416 31.0827 0.393571 -0.84477 -0.362576
-51.1295 61.5087 30.3162 0.393047 -0.842571 -0.368198
-51.5939 61.6325 29.5478 0.392667 -0.838334 -0.378102
-51.9867 61.9304 28.4466 0.402919 -0.839922 -0.363531
-52.2518 62.2189 27.4708 0.400588 -0.843196 -0.358533
-52.4182 62.5546 26.4667 0.403991 -0.846771 -0.346078
-52.5607 62.8782 25.504 0.404863 -0.848603 -0.340526
-52.8 63.2351 24.33 0.410434 -0.844547 -0.343841
-53.0131 63.5089 23.3699 0.401916 -0.853518 -0.331618
-53.3107 63.8081 22.1638 0.4107 -0.861938 -0.297071
-53.6692 63.9482 21.2109 0.42569 -0.858048 -0.2873
-54.0254 64.0545 20.3359 0.440733 -0.856973 -0.266686
-54.4105 64.1205 19.4457 0.454224 -0.853704 -0.254698
-54.8781 64.2092 18.298 0.46113 -0.855566 -0.234851
-55.2553 64.2803 17.2191 0.461312 -0.860877 -0.214667
-55.5631 64.3982 16.0732 0.462326 -0.861613 -0.209471
-55.7697 64.5468 15.0285 0.460615 -0.860668 -0.216989
-55.8997 64.7624 13.9426 0.46523 -0.854537 -0.230928
-55.7941 65.0685 12.8297 0.45839 -0.874993 -0.155773
-55.6156 65.37 11.8279 0.478449 -0.858355 -0.185238
-55.5778 65.4439 11.5832 0.478447 -0.858357 -0.185235
-56.4809 64.966 11.5194 0.465001 -0.864315 -0.191657
-56.6259 64.7111 12.3995 0.454236 -0.876183 -0.161104
-56.7662 64.4573 13.3441 0.461735 -0.860942 -0.212776
-56.763 64.2305 14.2288 0.444674 -0.870683 -0.210182
-56.6414 64.0596 15.1462 0.441742 -0.868306 -0.225629
-56.3691 63.8811 16.4153 0.463367 -0.860601 -0.211322
-56.1145 63.7901 17.3387 0.461272 -0.860899 -0.214665
-55.7101 63.7333 18.4119 0.454371 -0.858912 -0.235783
-55.262 63.6421 19.5349 0.446052 -0.858727 -0.252191
-54.7922 63.5689 20.601 0.448191 -0.856447 -0.256169
-54.3135 63.4343 21.821 0.433712 -0.857317 -0.276822
-53.9884 63.2555 22.8304 0.410699 -0.861939 -0.297068
-53.7302 62.9277 23.9797 0.408162 -0.848092 -0.337852
-53.5122 62.6291 24.9882 0.406613 -0.848185 -0.339481
-53.3466 62.3504 25.8843 0.404872 -0.848334 -0.341176
-53.1974 61.9048 27.1581 0.399934 -0.846253 -0.351926
-52.983 61.582 28.1801 0.387357 -0.847291 -0.362994
-52.59 61.2052 29.4396 0.401679 -0.838865 -0.367367
-52.1377 61.0295 30.3291 0.397242 -0.842078 -0.36474
-51.6321 60.93 31.1209 0.393467 -0.84557 -0.360826
-50.994 60.8958 31.8722 0.386669 -0.840616 -0.379278
-50.2333 60.9677 32.4667 0.367729 -0.844604 -0.389126
-49.2619 61.0536 33.1912 0.364514 -0.846539 -0.387927
-48.3642 61.1737 33.7866 0.356471 -0.851283 -0.384719
-47.3616 61.3125 34.3932 0.361602 -0.842255 -0.399812
-46.5578 61.468 34.7714 0.345039 -0.843918 -0.410793
-45.6252 61.6389 35.1799 0.331011 -0.844552 -0.420908
-44.6498 61.9168 35.3656 0.330709 -0.854799 -0.399938
-43.4262 62.5362 35.0589 0.333535 -0.852984 -0.401462
-42.7699 63.0135 34.5593 0.307188 -0.869704 -0.386321
-42.1833 63.5253 33.865 0.298569 -0.877638 -0.374934
-41.4068 64.2273 32.8236 0.282142 -0.878073 -0.385767
-40.6404 64.8683 31.9278 0.306555 -0.877992 -0.367633
-39.9969 65.3534 31.3059 0.30098 -0.887283 -0.348811
-39.2482 65.7257 30.7562 0.242622 -0.925434 -0.291044
-38.4494 66.0295 30.2619 0.176317 -0.93232 -0.314403
-37.2711 66.5242 29.5465 0.178787 -0.922743 -0.341439
-36.0154 66.8529 28.8804 0.0172767 -0.955615 -0.294113
-35.1498 67.0964 28.2921 -0.0443939 -0.922312 -0.383888
-34.0897 67.3473 27.5611 -0.0269022 -0.933068 -0.358693
-33.4094 67.5767 26.8949 -0.0406643 -0.913122 -0.40225
-32.4903 67.9912 26.0062 -0.068141 -0.892804 -0.443778
-31.6829 68.3643 25.1723 -0.0748911 -0.866494 -0.493209
-31.0083 68.7556 24.3755 -0.0457785 -0.873755 -0.484022
-30.4507 69.3098 23.3485 -0.0244583 -0.856647 -0.514022
-30.0729 69.841 22.5086 -0.0281613 -0.840683 -0.540796
-29.5264 70.5551 21.2464 -0.0546993 -0.877494 -0.476458
-29.1946 71.0195 20.3528 -0.0497816 -0.874937 -0.48161
-28.8191 71.663 19.1846 0.0147144 -0.883401 -0.467862
-28.5647 72.2142 18.1728 -0.0228413 -0.872825 -0.487498
-28.3425 72.8365 16.8905 -0.0491765 -0.893905 -0.445551
-28.343 73.4158 15.696 -0.0437465 -0.905594 -0.421884
-28.4451 73.8347 14.8182 -0.0223542 -0.921039 -0.385643
-28.517 74.2227 13.6193 0.0343409 -0.953324 -0.299991
-28.6617 74.5934 12.5029 0.0695912 -0.951568 -0.299426
-29.0101 74.923 11.3918 0.0701389 -0.949948 -0.304434
-29.3709 75.1792 10.4444 0.0488747 -0.967416 -0.248431
-29.691 75.3939 9.57089 0.046381 -0.964124 -0.261368
-30.1801 75.6946 8.20216 0.0908007 -0.971134 -0.219519
-30.5053 75.8424 7.33622 0.109024 -0.974032 -0.198431
-30.9266 75.9972 6.35572 0.102855 -0.973712 -0.20324
-31.4788 76.0888 5.44437 0.154574 -0.972221 -0.175768
-32.1005 76.1533 4.54052 0.173302 -0.970497 -0.166317
-32.7467 76.1452 3.74255 0.194216 -0.970574 -0.142358
-33.493 76.0978 3.04748 0.21106 -0.967482 -0.138287
-34.5833 75.9516 2.10861 0.243755 -0.96111 -0.129792
-35.329 75.8 1.62031 0.289353 -0.94697 -0.139725
-36.4585 75.5393 1.03613 0.280444 -0.952241 -0.120786
-37.4971 75.2616 0.676443 0.319019 -0.944743 -0.0752252
-38.5718 74.9093 0.353846 0.328162 -0.940046 -0.0916687
-39.6194 74.5553 0.0836506 0.345499 -0.935886 -0.0689039
-40.6513 74.1876 -0.100298 0.356284 -0.933222 -0.0464125
-41.5101 73.8641 -0.207037 0.357028 -0.93302 -0.0447627
-42.6343 73.4315 -0.25908 0.362874 -0.930604 -0.0477556
-43.4684 73.0772 -0.259099 0.393708 -0.915877 -0.0785051
-44.7048 72.5388 -0.0871675 0.384729 -0.920334 -0.0704935
-45.6916 72.0863 0.225244 0.414239 -0.905852 -0.0885327
-46.5903 71.6399 0.587251 0.411425 -0.906965 -0.09018
-47.462 71.2246 0.930704 0.402911 -0.912067 -0.0761304
-48.245 70.8404 1.28769 0.424909 -0.900072 -0.0962521
-49.1666 70.3504 1.72265 0.433149 -0.895837 -0.0992052
-50.3723 69.7156 2.23559 0.424668 -0.899268 -0.104762
-51.1084 69.3127 2.63462 0.426248 -0.897468 -0.113362
-52.2329 68.6569 3.30217 0.441932 -0.887686 -0.129241
-52.8266 68.2658 3.9227 0.45265 -0.882411 -0.128293
-53.423 67.7877 4.90891 0.427387 -0.891328 -0.151246
-54.0302 67.3307 5.84755 0.423871 -0.891101 -0.162087
-54.663 66.815 6.89179 0.443122 -0.881781 -0.161569
-55.0783 66.4534 7.72501 0.443522 -0.881543 -0.161772
-55.5891 66.027 8.64784 0.464449 -0.870127 -0.163159
-55.9371 65.6662 9.4844 0.483906 -0.858641 -0.169028
-56.2174 65.3456 10.3292 0.4641 -0.872077 -0.155217
-56.3888 65.1279 11.0129 0.464998 -0.864318 -0.191655
-57.2985 64.7016 10.7244 0.462896 -0.868153 -0.177858
-57.0317 65.0064 9.8573 0.446736 -0.878121 -0.171261
-56.7535 65.3208 9.0555 0.451932 -0.870227 -0.196118
-56.2655 65.8032 8.00173 0.454979 -0.871702 -0.182018
-55.8175 66.1838 7.16466 0.444589 -0.88142 -0.159488
-55.4459 66.5131 6.38842 0.44618 -0.877472 -0.175294
-54.8759 66.9962 5.44946 0.438042 -0.882204 -0.172293
-54.3876 67.3571 4.72119 0.427303 -0.891393 -0.151097
-53.9447 67.7073 3.90927 0.427471 -0.891262 -0.151395
-53.3925 68.1083 3.06398 0.434198 -0.889758 -0.139976
-52.5312 68.6552 2.34418 0.44493 -0.885057 -0.136792
-51.7218 69.1219 1.85936 0.422992 -0.898992 -0.113536
-50.7195 69.6621 1.32431 0.422984 -0.898726 -0.115656
-49.6461 70.2151 0.904743 0.418672 -0.901906 -0.106189
-48.4497 70.8462 0.329479 0.41565 -0.904623 -0.0926246
-47.5793 71.2649 -0.0518593 0.400861 -0.912032 -0.0866438
-46.7438 71.6691 -0.384799 0.408613 -0.908078 -0.0918195
-45.9116 72.0782 -0.721417 0.400796 -0.912601 -0.078741
-45.1047 72.4377 -0.995453 0.387251 -0.91966 -0.0652829
-44.1892 72.8482 -1.18767 0.393931 -0.915597 -0.0806201
-42.9607 73.3745 -1.23151 0.387426 -0.918992 -0.0731742
-41.9644 73.7525 -1.20716 0.348417 -0.934524 -0.0724101
-40.9857 74.1185 -1.15866 0.362613 -0.930057 -0.0592149
-40.0092 74.487 -0.969209 0.35828 -0.931619 -0.060843
-38.7075 74.9518 -0.660677 0.335069 -0.939009 -0.076491
-37.7632 75.2517 -0.35287 0.32408 -0.94306 -0.0748988
-36.9232 75.5162 -0.11833 0.317272 -0.944955 -0.0799939
-35.9236 75.805 0.261599 0.294761 -0.948965 -0.112166
-35.0727 76.017 0.680391 0.267362 -0.953951 -0.133896
-33.8866 76.2192 1.43575 0.243761 -0.961107 -0.129802
-33.176 76.2998 2.036 0.208404 -0.969622 -0.128069
-32.0924 76.3505 3.07056 0.191672 -0.969766 -0.150245
-31.3689 76.3674 3.85443 0.151684 -0.981296 -0.118533
-30.7113 76.3096 4.8376 0.113149 -0.980596 -0.158368
-30.1685 76.1879 5.79989 0.0730899 -0.980196 -0.183525
-29.6512 76.009 6.89324 0.0604315 -0.980157 -0.188784
-29.2733 75.8022 7.95116 0.0553821 -0.966048 -0.252355
-28.9123 75.5778 8.9563 0.0119709 -0.973992 -0.226267
-28.6058 75.3711 9.84769 0.0476255 -0.965771 -0.254897
-28.2174 75.1369 10.7209 0.0134497 -0.963513 -0.267324
-27.7912 74.8144 11.9749 0.0121877 -0.959347 -0.279842
-27.5753 74.4447 13.0972 0.0321149 -0.94052 -0.338218
-27.5309 74.0688 14.136 -0.0134095 -0.940093 -0.340655
-27.445 73.7237 14.978 -0.0244568 -0.903257 -0.428339
-27.3474 73.2517 15.976 -0.0168577 -0.89955 -0.436341
-27.3736 72.7937 16.8943 -0.00560176 -0.898202 -0.439347
-27.5056 72.3164 17.8844 0.00544452 -0.900472 -0.434879
-27.7865 71.7818 18.9651 0.00223382 -0.893301 -0.449427
-28.0914 71.2133 20.0029 -0.016605 -0.852762 -0.522036
-28.4426 70.6186 21.0209 -0.0160543 -0.86798 -0.49634
-28.7893 70.1455 21.9004 -0.0621574 -0.858407 -0.50919
-29.2484 69.5217 22.9534 -0.0344568 -0.840137 -0.541278
-29.6016 69.0703 23.6981 -0.0395649 -0.859199 -0.509651
-30.1478 68.4897 24.7737 -0.0517798 -0.869098 -0.491904
-30.8248 68.0482 25.6112 -0.0603274 -0.862224 -0.502921
-31.581 67.7137 26.3562 -0.103971 -0.893049 -0.437782
-32.2303 67.4749 26.9976 -0.102263 -0.89472 -0.434745
-32.9028 67.2295 27.7207 -0.0727236 -0.921931 -0.380466
-33.5964 66.9981 28.4049 -0.0246588 -0.925106 -0.378908
-34.3833 66.7967 28.9611 -0.0308414 -0.926918 -0.373995
-35.3266 66.6545 29.6205 0.00450455 -0.961367 -0.275234
-36.2848 66.4841 30.0859 0.0372491 -0.960928 -0.27428
-37.1099 66.3025 30.5328 0.252706 -0.964037 -0.0823006
-38.3624 65.8256 31.3006 0.340469 -0.931165 -0.130436
-39.2081 65.3276 31.8954 0.239452 -0.889494 -0.388935
-40.1733 64.6276 32.8265 0.285424 -0.880933 -0.377344
-40.9266 63.9894 33.7791 0.291907 -0.882388 -0.368937
-41.4037 63.5521 34.4479 0.364674 -0.877543 -0.311337
-41.9385 63.097 35.1371 0.344748 -0.894055 -0.285688
-42.5143 62.6759 35.6876 0.407508 -0.84227 -0.352871
-43.3345 62.0631 36.141 0.365505 -0.831954 -0.414882
-44.6632 61.4667 36.3201 0.330736 -0.855709 -0.397965
-45.6964 61.1696 36.0666 0.331267 -0.844903 -0.420001
-46.6451 60.9945 35.6709 0.338027 -0.844234 -0.415852
-47.8998 60.7772 35.0498 0.342673 -0.854091 -0.391266
-48.9694 60.641 34.4047 0.356472 -0.851282 -0.384718
-49.8554 60.5364 33.7627 0.379111 -0.844493 -0.378293
-50.7456 60.4409 33.1132 0.373621 -0.839274 -0.395002
-51.5314 60.3619 32.5021 0.390699 -0.838379 -0.380092
-52.2604 60.3884 31.6895 0.395643 -0.835616 -0.381049
-52.8409 60.4947 30.8063 0.403173 -0.842535 -0.357191
-53.37 60.6701 29.828 0.391127 -0.845895 -0.362604
-53.714 60.8962 28.9545 0.387337 -0.840817 -0.378151
-53.9231 61.1871 28.0934 0.387639 -0.840607 -0.378306
-54.0972 61.5303 27.0353 0.400192 -0.852415 -0.336505
-54.2166 61.9854 25.7438 0.413819 -0.847235 -0.333019
-54.3931 62.2659 24.8233 0.417066 -0.84382 -0.337672
-54.6477 62.5543 23.7877 0.42133 -0.843172 -0.33393
-54.9454 62.84 22.6129 0.438178 -0.851255 -0.288729
-55.2629 63.015 21.5763 0.446445 -0.852401 -0.272211
-55.6726 63.1148 20.5876 0.43675 -0.860849 -0.260738
-56.294 63.2073 19.1902 0.446055 -0.858725 -0.25219
-56.663 63.2402 18.3275 0.454036 -0.862547 -0.223038
-57.0302 63.3391 17.2042 0.437766 -0.872945 -0.215135
-57.3028 63.4616 16.1665 0.441107 -0.869754 -0.221236
-57.5645 63.6859 14.7793 0.436619 -0.871252 -0.224211
-57.675 63.8544 13.8661 0.439137 -0.873023 -0.212107
-57.6187 64.1235 12.7899 0.451892 -0.872552 -0.185509
-57.4004 64.4392 11.7193 0.454741 -0.873358 -0.174248
-57.3221 64.6645 10.844 0.46484 -0.867899 -0.174729
-57.3097 64.6859 10.7679 0.475993 -0.861733 -0.175331
-58.1138 64.3252 10.3578 0.475993 -0.861734 -0.17533
-57.8392 64.6886 9.38026 0.462896 -0.868153 -0.177858
-57.4617 65.0928 8.40052 0.459006 -0.869364 -0.183086
-57.0621 65.473 7.58558 0.456925 -0.86997 -0.185342
-56.66 65.8245 6.81176 0.43966 -0.883753 -0.160246
-56.1615 66.2775 5.79128 0.431699 -0.879665 -0.199563
-55.7254 66.6547 5.01423 0.437774 -0.884679 -0.160304
-55.1843 67.05 4.26205 0.430835 -0.889778 -0.150587
-54.7688 67.3843 3.48917 0.42515 -0.892264 -0.152029
-54.1824 67.8276 2.4816 0.421266 -0.896167 -0.139356
-53.5104 68.2416 1.84301 0.432089 -0.891118 -0.137957
-52.7926 68.6759 1.3675 0.436144 -0.891066 -0.124454
-51.8252 69.2029 0.816084 0.424808 -0.898194 -0.113044
-50.961 69.6758 0.342832 0.416459 -0.901333 -0.118238
-49.8164 70.2506 -0.0637452 0.410784 -0.905474 -0.106466
-48.987 70.6799 -0.475482 0.42148 -0.901824 -0.0952235
-47.8834 71.2123 -0.975453 0.403477 -0.911679 -0.0777649
-47.0553 71.6217 -1.29556 0.412747 -0.906299 -0.0907601
-46.2782 71.9918 -1.61209 0.382382 -0.921479 -0.0682644
-45.4795 72.3447 -1.90163 0.382191 -0.920484 -0.0805474
-44.5621 72.7671 -2.12063 0.402026 -0.911793 -0.0837194
-43.619 73.1755 -2.20341 0.387249 -0.918885 -0.0754154
-42.7399 73.5412 -2.19017 0.356758 -0.931097 -0.0741497
-41.5988 73.9571 -2.16189 0.349691 -0.934359 -0.0683558
-40.6311 74.3241 -2.12852 0.359154 -0.929698 -0.0816641
-39.6724 74.6785 -1.91588 0.349068 -0.93352 -0.0807011
-38.6924 75.0315 -1.65894 0.334447 -0.940086 -0.0633961
-37.4086 75.4361 -1.26493 0.318823 -0.945661 -0.0638592
-36.5519 75.7035 -1.00048 0.317608 -0.946315 -0.0601128
-35.599 75.9994 -0.623867 0.308608 -0.949285 -0.0594044
-34.3049 76.2911 0.0423933 0.250926 -0.961822 -0.108116
-33.3036 76.4453 0.720646 0.222627 -0.968039 -0.115491
-32.3531 76.5565 1.45751 0.210053 -0.967006 -0.143467
-31.6297 76.6104 2.04985 0.143926 -0.972796 -0.181531
-30.7758 76.5781 3.01281 0.161416 -0.974561 -0.155487
-30.0084 76.4997 4.08766 0.0931385 -0.981813 -0.165436
-29.2673 76.3194 5.42772 0.0926488 -0.974775 -0.203051
-28.869 76.1783 6.26936 0.0639368 -0.977345 -0.201045
-28.4685 75.9963 7.38481 0.0614464 -0.973323 -0.218199
-28.1525 75.7525 8.28864 0.00695872 -0.962375 -0.271637
-27.5916 75.4226 9.67713 0.00792836 -0.97421 -0.225505
-27.2645 75.1971 10.5295 -0.0137935 -0.962855 -0.268895
-26.8289 74.8243 11.8379 -0.0371843 -0.966441 -0.254182
-26.5986 74.4173 12.9619 -0.0686928 -0.939519 -0.332048
-26.5427 74.0618 14.0517 -0.0182148 -0.949834 -0.310621
-26.4654 73.7168 15.0539 0.0522353 -0.89008 -0.452801
-26.3785 73.1863 16.084 0.00863783 -0.891318 -0.452612
-26.4175 72.6855 17.131 0.00293323 -0.901971 -0.431783
-26.5476 72.2477 18.0257 -0.00335716 -0.89513 -0.445793
-26.7505 71.8564 18.8104 -0.0235643 -0.880146 -0.472893
-27.0026 71.3813 19.6627 -0.0443974 -0.866952 -0.496411
-27.3786 70.7028 20.8147 -0.032542 -0.859799 -0.509505
-27.8154 70.0475 21.9769 -0.0352983 -0.864135 -0.501995
-28.1597 69.5931 22.7747 -0.0314815 -0.85774 -0.513031
-28.5447 69.0774 23.6343 -0.0273039 -0.851021 -0.524422
-29.1386 68.3898 24.8486 -0.0500059 -0.871062 -0.488621
-29.6973 67.927 25.7189 -0.0374901 -0.868425 -0.494371
-30.5207 67.4813 26.5611 -0.0874969 -0.877658 -0.466886
-31.1439 67.2616 27.1876 -0.100554 -0.896391 -0.431709
-31.8984 67.0278 27.9475 -0.138998 -0.915896 -0.376581
-32.7616 66.761 28.8503 -0.0776495 -0.926291 -0.368721
-33.7843 66.5576 29.7469 -0.0714874 -0.972333 -0.222393
-34.7356 66.4344 30.3991 0.00450456 -0.961367 -0.275234
-35.5332 66.2998 30.8347 -0.00301071 -0.955773 -0.290797
-36.5596 66.152 31.3306 -0.0128176 -0.967518 -0.252477
-37.7616 65.721 32.0269 0.198186 -0.838129 -0.508195
-38.7266 65.0778 32.7366 0.225999 -0.890085 -0.395816
-39.3653 64.6522 33.3269 0.217182 -0.893288 -0.393409
-40.0934 64.067 34.2156 0.260475 -0.904294 -0.334622
-40.6306 63.6755 35.0056 0.303367 -0.901146 -0.302506
-41.1741 63.2152 35.7265 0.352573 -0.888496 -0.293712
-41.8818 62.6368 36.4485 0.418183 -0.815416 -0.399752
-42.7443 61.9227 36.954 0.419144 -0.807905 -0.413511
-43.9395 61.3098 37.2453 0.343667 -0.830832 -0.436783
-44.8352 60.9618 37.2038 0.348739 -0.83695 -0.421777
-45.706 60.7188 36.966 0.334291 -0.844087 -0.418927
-46.7758 60.5164 36.551 0.321372 -0.852622 -0.412015
-47.6229 60.3797 36.1332 0.339072 -0.848053 -0.407229
-48.4905 60.2667 35.6473 0.338147 -0.852224 -0.398963
-49.3374 60.1495 35.1559 0.362215 -0.851017 -0.379625
-50.2361 60.0199 34.5342 0.379113 -0.844491 -0.378293
-51.1317 59.9094 33.8673 0.393693 -0.829986 -0.394938
-52.3098 59.8155 32.8851 0.398487 -0.832375 -0.385175
-53.1061 59.8498 31.9784 0.401329 -0.832939 -0.380984
-53.5796 59.9895 31.164 0.396465 -0.842622 -0.364292
-54.0887 60.1358 30.2971 0.386351 -0.841807 -0.376869
-54.6097 60.4208 29.0941 0.387131 -0.843304 -0.372738
-54.8299 60.7758 28.0807 0.386546 -0.840918 -0.378733
-54.9862 61.2213 26.763 0.372672 -0.862082 -0.3426
-55.0926 61.6165 25.6537 0.376992 -0.860417 -0.34287
-55.394 61.961 24.3714 0.415123 -0.848894 -0.326925
-55.5759 62.1985 23.5049 0.422311 -0.845121 -0.327758
-55.9092 62.4316 22.3357 0.444309 -0.849086 -0.285731
-56.3821 62.6136 21.0331 0.431986 -0.859094 -0.274257
-56.7931 62.6862 20.1258 0.436755 -0.860844 -0.260747
-57.2642 62.7323 19.0826 0.449631 -0.861284 -0.236689
-57.7191 62.7809 18.0418 0.427129 -0.871715 -0.240152
-57.9972 62.9075 17.011 0.433254 -0.87614 -0.211353
-58.2441 63.0756 15.8284 0.449513 -0.859804 -0.242231
-58.4655 63.2667 14.6499 0.438875 -0.873263 -0.211662
-58.5272 63.5528 13.2475 0.455885 -0.871319 -0.181581
-58.4202 63.8132 12.2321 0.45505 -0.874897 -0.165785
-58.2119 64.1678 10.8984 0.476941 -0.86265 -0.168331
-58.1908 64.2062 10.7584 0.47293 -0.865282 -0.166206
-59.0449 63.8108 10.4551 0.410253 -0.882115 -0.231443
-59.2102 63.476 11.6721 0.412067 -0.899674 -0.124772
-59.4018 63.1575 13.1856 0.351724 -0.91634 -0.191341
-59.3861 62.9159 14.3726 0.382253 -0.89808 -0.216695
-59.2268 62.7192 15.4318 0.362288 -0.8933 -0.266014
-58.9875 62.5544 16.3252 0.359466 -0.91055 -0.200815
-58.7284 62.4013 17.666 0.388792 -0.896928 -0.208329
-58.4253 62.297 18.5901 0.415363 -0.87914 -0.23357
-57.9277 62.2554 19.6057 0.425978 -0.873537 -0.235159
-57.393 62.1784 20.7992 0.435774 -0.861373 -0.260993
-56.9937 62.0883 21.684 0.375275 -0.888762 -0.252907
-56.529 61.8929 22.993 0.325349 -0.904934 -0.274304
-56.2984 61.6197 24.1533 0.326489 -0.901835 -0.283017
-56.0802 61.4069 25.0442 0.329782 -0.893176 -0.305745
-55.957 61.0589 26.139 0.358536 -0.874324 -0.327124
-55.8921 60.7593 26.9917 0.352444 -0.866321 -0.353937
-55.7418 60.4158 27.963 0.370474 -0.850282 -0.373857
-55.5581 60.0804 28.9098 0.375472 -0.849286 -0.371123
-55.2459 59.8136 29.8391 0.378682 -0.849376 -0.367617
-54.7113 59.6034 30.852 0.380163 -0.842407 -0.381873
-54.0878 59.3728 32.0139 0.390923 -0.839678 -0.376988
-53.5381 59.2735 32.7998 0.388904 -0.834053 -0.391292
-52.6777 59.2831 33.6547 0.398577 -0.832304 -0.385236
-51.9373 59.3507 34.2609 0.378114 -0.836813 -0.395946
-51.2002 59.4219 34.837 0.403837 -0.828384 -0.388197
-50.3722 59.5194 35.4846 0.401152 -0.828085 -0.391603
-49.5051 59.6887 36.0031 0.368843 -0.827258 -0.423312
-48.3409 59.8269 36.6746 0.338317 -0.846434 -0.411175
-47.4845 59.9412 37.1366 0.347196 -0.811393 -0.470209
-46.3266 60.1584 37.6131 0.344642 -0.812183 -0.470723
-45.3418 60.3745 37.9503 0.33429 -0.844086 -0.418929
-44.3528 60.6484 38.1498 0.318035 -0.831841 -0.454856
-43.4646 61.0103 38.1664 0.362519 -0.815076 -0.451918
-42.5206 61.5871 37.8966 0.434541 -0.811223 -0.391269
-41.2576 62.5608 37.2124 0.305493 -0.800637 -0.515417
-40.6321 63.1507 36.5725 0.221908 -0.914277 -0.311149
-39.8901 63.5498 35.6366 0.0912413 -0.94006 -0.328577
-39.1709 64.1345 34.5397 0.159808 -0.894086 -0.418012
-38.4651 64.6704 33.7419 0.183897 -0.88149 -0.434811
-37.7844 65.0958 33.1544 0.188993 -0.884097 -0.427364
-36.765 65.6676 32.5038 0.0946577 -0.876985 -0.454818
-35.5396 65.9262 31.8293 -0.0557854 -0.904822 -0.42212
-34.6418 66.0874 31.3657 -0.0493434 -0.927601 -0.365092
-33.7627 66.2093 30.8226 -0.185209 -0.921714 -0.340795
-33.0004 66.2604 30.2699 -0.18329 -0.928535 -0.322232
-32.2699 66.3679 29.6101 -0.139421 -0.934077 -0.328728
-31.3758 66.6326 28.6645 -0.149848 -0.903988 -0.400438
-30.7164 66.7912 28.0095 -0.179579 -0.874976 -0.447459
-29.9602 67.0364 27.2923 -0.0874971 -0.877658 -0.466886
-29.0603 67.471 26.4326 -0.129962 -0.84077 -0.525561
-28.5067 67.8843 25.6197 -0.087567 -0.86715 -0.490218
-28.0524 68.386 24.7183 -0.0478167 -0.859135 -0.509509
-27.6092 68.9255 23.8232 -0.0380499 -0.840671 -0.540208
-27.2057 69.4704 22.9173 -0.0345901 -0.85197 -0.522436
-26.8735 69.9204 22.1222 -0.04551 -0.86473 -0.500172
-26.5316 70.4193 21.2601 0.000232342 -0.851943 -0.523342
-26.2613 70.9094 20.4438 0.0114657 -0.858966 -0.511904
-26.0199 71.4196 19.6336 0.0504854 -0.859551 -0.507562
-25.7548 71.9059 18.7773 0.0508066 -0.878191 -0.475605
-25.5132 72.4125 17.7748 0.0282962 -0.912262 -0.408629
-25.3997 72.8473 16.8136 0.0277075 -0.911563 -0.410225
-25.4422 73.3677 15.7532 -0.081756 -0.893977 -0.440592
-25.4904 73.7756 14.8995 -0.0936164 -0.936533 -0.33272
-25.5714 74.1543 13.6084 -0.0694332 -0.959135 -0.274296
-25.6742 74.4506 12.681 -0.088091 -0.953639 -0.287468
-25.8922 74.7876 11.6495 -0.114249 -0.948734 -0.294705
-26.2816 75.1831 10.4566 -0.054817 -0.960328 -0.273431
-26.5974 75.4416 9.61224 -0.0600634 -0.96287 -0.262924
-27.1038 75.7113 8.46169 0.00832077 -0.967882 -0.250294
-27.4835 76.0299 7.2388 -0.0179761 -0.969252 -0.245414
-27.8313 76.245 6.30404 0.0299789 -0.978165 -0.201229
-28.2295 76.4208 5.35286 0.0586577 -0.97442 -0.216946
-28.8312 76.5923 4.21882 0.0977055 -0.981601 -0.164053
-29.4393 76.7022 3.20593 0.0929212 -0.981742 -0.165975
-30.2271 76.8019 2.17945 0.127071 -0.978115 -0.161002
-31.1422 76.8338 1.23882 0.137042 -0.975701 -0.170432
-32.1297 76.7327 0.456961 0.203545 -0.973493 -0.104308
-32.868 76.643 -0.0994003 0.201113 -0.973001 -0.113237
-33.7341 76.5069 -0.674019 0.235335 -0.967015 -0.0974619
-34.6926 76.3193 -1.1865 0.280681 -0.955769 -0.0824072
-35.6091 76.0586 -1.63509 0.305863 -0.947927 -0.0845894
-36.4293 75.8136 -1.96798 0.327501 -0.938122 -0.112559
-37.2848 75.5442 -2.21803 0.3365 -0.936609 -0.0975296
-38.53 75.1527 -2.59952 0.334444 -0.940086 -0.0634065
-39.3514 74.8735 -2.84055 0.336486 -0.938197 -0.0810151
-40.2613 74.5475 -3.03933 0.359749 -0.929451 -0.0818566
-41.2641 74.1651 -3.09935 0.353442 -0.931609 -0.0845353
-42.487 73.7109 -3.12235 0.344811 -0.934996 -0.0827661
-43.3774 73.3561 -3.1629 0.38534 -0.919582 -0.0766621
-44.5563 72.8597 -3.10192 0.392735 -0.916033 -0.0808058
-45.5715 72.4116 -2.91274 0.386605 -0.917202 -0.0963203
-46.5233 71.9772 -2.55692 0.381994 -0.919491 -0.0928259
-47.413 71.5484 -2.19951 0.41555 -0.904602 -0.0949342
-48.2806 71.1225 -1.89728 0.395746 -0.913318 -0.0959304
-49.1742 70.6961 -1.45907 0.390636 -0.915812 -0.0932263
-50.0452 70.2569 -1.02005 0.40614 -0.907967 -0.103182
-50.8794 69.8376 -0.672795 0.406055 -0.906972 -0.111901
-51.8951 69.3131 -0.220306 0.414409 -0.899444 -0.138797
-52.9491 68.7355 0.343599 0.419139 -0.896838 -0.141432
-54.1153 68.0817 1.04848 0.412461 -0.898924 -0.147686
-54.8853 67.612 1.76457 0.411352 -0.900108 -0.14339
-55.3759 67.2481 2.60132 0.425165 -0.891175 -0.158244
-55.8311 66.8676 3.53348 0.401326 -0.900848 -0.16556
-56.345 66.4755 4.37401 0.415784 -0.89291 -0.17242
-56.9018 66.0204 5.30711 0.435297 -0.880558 -0.18744
-57.3433 65.6174 6.16938 0.427594 -0.88393 -0.18929
-57.8919 65.1226 7.21399 0.389793 -0.892965 -0.225112
-58.3329 64.7039 8.15211 0.420821 -0.888366 -0.183617
-58.7554 64.3059 9.17582 0.409811 -0.896961 -0.165881
-58.9761 63.9455 10.0638 0.410406 -0.876916 -0.249468
-59.8948 63.5745 9.86273 0.392644 -0.875614 -0.280406
-59.6137 63.9829 8.85198 0.380383 -0.906865 -0.181301
-59.1335 64.4523 7.69472 0.409613 -0.883612 -0.22682
-58.7442 64.8475 6.82942 0.392966 -0.899025 -0.189844
-58.1424 65.3309 5.70252 0.427023 -0.88309 -0.194366
-57.5256 65.9077 4.44509 0.419184 -0.885635 -0.199787
-57.0068 66.3205 3.62993 0.409659 -0.893774 -0.182548
-56.5869 66.6498 2.9037 0.397509 -0.900608 -0.175761
-56.2066 66.9722 2.08945 0.392414 -0.90718 -0.151157
-55.7569 67.2974 1.27965 0.405405 -0.901857 -0.149336
-55.2043 67.6512 0.646017 0.410564 -0.900077 -0.14591
-54.4393 68.0851 0.122957 0.409699 -0.900863 -0.143401
-53.4919 68.6059 -0.443177 0.419348 -0.89667 -0.141878
-52.5589 69.1193 -0.945906 0.411583 -0.902062 -0.129549
-51.7199 69.5493 -1.32899 0.404844 -0.906626 -0.118781
-50.5933 70.1069 -1.79675 0.402888 -0.907699 -0.117298
-49.8363 70.4886 -2.18888 0.390052 -0.916048 -0.093352
-48.9954 70.8949 -2.66228 0.390636 -0.915812 -0.0932263
-48.2345 71.2606 -2.98412 0.400271 -0.911059 -0.0987613
-47.2462 71.7307 -3.31564 0.400112 -0.911224 -0.0968331
-46.4588 72.121 -3.66776 0.385958 -0.916453 -0.104027
-45.5441 72.5148 -3.91993 0.378706 -0.921224 -0.0882197
-44.6213 72.9109 -4.04502 0.380452 -0.921651 -0.0762683
-43.5098 73.3773 -4.11731 0.374395 -0.924543 -0.0701793
-42.4948 73.7722 -4.06902 0.367596 -0.927798 -0.0635695
-41.6348 74.1035 -4.05762 0.362377 -0.928455 -0.0815668
-40.5768 74.5309 -4.02889 0.377359 -0.920917 -0.0954248
-39.1109 75.0199 -3.78206 0.294284 -0.95105 -0.0943497
-37.9014 75.4465 -3.38667 0.366037 -0.929068 -0.0533834
-36.7208 75.8355 -3.04277 0.340542 -0.935164 -0.0974667
-35.6704 76.1582 -2.67441 0.313563 -0.943322 -0.108724
-34.6425 76.4412 -2.17226 0.289909 -0.950633 -0.10817
-33.5612 76.6689 -1.6206 0.24382 -0.961866 -0.123822
-32.7371 76.8095 -1.11716 0.238698 -0.963441 -0.121675
-31.9085 76.9124 -0.541114 0.216394 -0.964327 -0.152467
-31.0478 76.9703 0.0836919 0.144187 -0.981313 -0.124031
-30.1509 77.0268 0.814557 0.138991 -0.984901 -0.103204
-29.1902 76.9801 1.87162 0.120223 -0.978527 -0.167427
-28.515 76.8378 2.88528 0.0558837 -0.968721 -0.241779
-27.9473 76.7198 3.8103 0.0347001 -0.986207 -0.158713
-27.3226 76.5019 5.02107 -0.00419515 -0.981783 -0.18988
-26.7757 76.2414 6.26073 -0.0156876 -0.977415 -0.210746
-26.3832 75.9453 7.40783 -0.0720367 -0.963535 -0.257704
-25.9808 75.662 8.49227 -0.0407396 -0.978001 -0.204586
-25.6706 75.4512 9.33557 -0.0652928 -0.965415 -0.252412
-25.3425 75.2079 10.1812 -0.0600549 -0.962872 -0.262921
-24.9296 74.7155 11.5565 -0.0247228 -0.949603 -0.311807
-24.7043 74.4141 12.533 -0.0182355 -0.956841 -0.290038
-24.5827 74.0311 13.7884 -0.0203654 -0.956925 -0.289619
-24.5292 73.769 14.6495 -0.0434658 -0.926052 -0.370152
-24.4564 73.3947 15.5155 -0.0946426 -0.905103 -0.413275
-24.4076 72.9331 16.5035 -0.0601059 -0.91689 -0.394588
-24.5096 72.4479 17.544 -0.0850276 -0.887488 -0.452918
-24.7802 71.8543 18.7249 -0.104339 -0.868573 -0.484452
-25.1174 71.2085 19.8882 -0.0860199 -0.856526 -0.508886
-25.4355 70.511 21.0464 -0.0828997 -0.841863 -0.533247
-25.8525 69.8871 22.0869 -0.0282519 -0.854825 -0.517475
-26.2223 69.3721 22.9926 -0.0509901 -0.857672 -0.511663
-26.6311 68.8319 23.8994 -0.0711348 -0.815599 -0.571867
-27.0455 68.3014 24.6804 -0.112578 -0.822502 -0.55751
-27.5667 67.6652 25.7381 -0.137462 -0.83089 -0.538948
-28.3345 67.044 26.9364 -0.135191 -0.839721 -0.525885
-29.081 66.6936 27.7163 -0.116977 -0.861867 -0.493459
-29.8875 66.4168 28.433 -0.138363 -0.8683 -0.476255
-30.6186 66.2447 29.1295 -0.195645 -0.904186 -0.379697
-31.4302 66.0399 30.0321 -0.189357 -0.903946 -0.3834
-32.2883 65.8494 30.8006 -0.15113 -0.87959 -0.451088
-33.0626 65.776 31.3659 -0.244547 -0.854237 -0.458776
-34.2407 65.6721 32.1363 -0.21892 -0.850952 -0.477446
-35.4515 65.4819 32.7703 -0.0565616 -0.89016 -0.450954
-36.3118 65.28 33.2411 0.0081747 -0.858795 -0.507072
-36.9981 64.9144 33.7229 0.0667686 -0.869994 -0.485209
-37.8713 64.4342 34.4351 0.155504 -0.8726 -0.463021
-38.5367 63.902 35.3027 0.147928 -0.901532 -0.406642
-39.2117 63.3698 36.3106 0.116944 -0.929955 -0.346059
-39.7869 63.0646 36.9959 0.0968012 -0.894062 -0.428348
-40.4318 62.5396 37.7346 0.211735 -0.827899 -0.510087
-41.0082 61.9949 38.2167 0.309899 -0.78349 -0.538614
-42.1423 61.1925 38.731 0.304486 -0.793647 -0.526428
-42.948 60.7336 38.9803 0.298799 -0.803921 -0.514227
-44.1402 60.2037 39.0734 0.317488 -0.814896 -0.484798
-45.5934 59.8125 38.7308 0.335605 -0.80894 -0.482685
-46.7596 59.5703 38.3066 0.322939 -0.824375 -0.463997
-47.6499 59.4073 37.9529 0.336807 -0.821709 -0.459734
-48.5791 59.2969 37.4703 0.335365 -0.822137 -0.460023
-49.6906 59.1685 36.858 0.368848 -0.827255 -0.423315
-50.773 58.9549 36.2582 0.401422 -0.822561 -0.402807
-51.5163 58.8738 35.6778 0.402492 -0.828235 -0.389901
-52.3413 58.8314 34.9725 0.377625 -0.836722 -0.396604
-53.5191 58.7354 33.9675 0.398794 -0.832603 -0.384362
-54.343 58.7617 33.0957 0.385531 -0.835839 -0.390819
-54.8783 58.856 32.3388 0.387502 -0.840044 -0.379634
-55.4219 59.1062 31.2372 0.382892 -0.841708 -0.380678
-55.8685 59.252 30.4691 0.3837 -0.840438 -0.382673
-56.3851 59.6132 29.1459 0.372834 -0.849677 -0.372871
-56.5652 59.9161 28.2833 0.370795 -0.849639 -0.374999
-56.724 60.2381 27.3928 0.371783 -0.850077 -0.37302
-56.8547 60.576 26.4622 0.362487 -0.86679 -0.341833
-56.8657 60.975 25.4046 0.346068 -0.8783 -0.329854
-57.0853 61.2096 24.5364 0.337994 -0.886551 -0.315562
-57.296 61.4363 23.5821 0.327534 -0.902044 -0.281136
-57.5282 61.6392 22.6448 0.325202 -0.904928 -0.274496
-58.0078 61.7597 21.591 0.318336 -0.921818 -0.221164
-58.3896 61.8334 20.7371 0.317808 -0.921888 -0.22163
-58.9618 61.8809 19.565 0.316436 -0.93124 -0.180651
-59.3663 61.9253 18.6266 0.317491 -0.934413 -0.161466
-59.6707 61.9869 17.6717 0.353594 -0.911981 -0.199939
-59.8869 62.157 16.6234 0.331041 -0.916793 -0.223388
-60.1719 62.3576 15.359 0.347151 -0.905287 -0.24298
-60.3119 62.6879 13.8601 0.329149 -0.914614 -0.234822
-60.2847 62.8923 12.8328 0.336547 -0.923401 -0.183651
-60.1475 63.1244 11.6763 0.350181 -0.930107 -0.110791
-59.9744 63.3982 10.4326 0.376203 -0.901352 -0.214561
-59.9109 63.5432 9.93984 0.410406 -0.876916 -0.249468
-60.7939 63.2777 9.69452 0.369042 -0.893702 -0.255156
-60.4259 63.743 8.39009 0.355955 -0.914488 -0.192371
-59.9885 64.143 7.3607 0.383323 -0.89493 -0.226855
-59.6663 64.5161 6.49505 0.393636 -0.897505 -0.194862
-58.9603 65.0459 5.3289 0.368062 -0.902021 -0.225217
-58.5645 65.4259 4.50223 0.38197 -0.899468 -0.211279
-58.1596 65.8232 3.51062 0.412067 -0.89029 -0.19337
-57.5378 66.2775 2.66801 0.400713 -0.898271 -0.18026
-57.1837 66.5883 1.83384 0.392874 -0.909204 -0.137835
-56.6104 66.9928 0.794547 0.398804 -0.906424 -0.138951
-56.0334 67.3685 0.047162 0.404589 -0.903408 -0.141989
-55.3765 67.7555 -0.497915 0.412666 -0.899392 -0.144229
-54.1787 68.3936 -1.10547 0.41247 -0.899049 -0.146829
-53.1011 68.9776 -1.71171 0.407826 -0.904738 -0.12299
-52.3408 69.3692 -2.07185 0.407481 -0.904939 -0.122656
-51.1258 69.9819 -2.61788 0.396962 -0.909303 -0.12486
-50.3559 70.3496 -2.99857 0.386056 -0.917551 -0.0950699
-49.4469 70.7905 -3.52743 0.390173 -0.916033 -0.0929979
-48.6709 71.1757 -3.91117 0.400143 -0.910352 -0.10554
-47.8383 71.5743 -4.16653 0.400178 -0.909563 -0.112041
-46.9974 71.9887 -4.52724 0.397421 -0.91161 -0.104675
-46.1625 72.3496 -4.80197 0.370668 -0.925694 -0.075475
-44.844 72.8919 -4.9575 0.376831 -0.923275 -0.0744279
-43.978 73.256 -5.03895 0.371476 -0.926054 -0.0654125
-43.1056 73.5962 -5.0446 0.36397 -0.929652 -0.0572127
-42.0832 74.0006 -5.01793 0.373439 -0.925536 -0.062515
-41.2452 74.3369 -5.05027 0.383217 -0.920278 -0.0763797
-40.4024 74.6911 -4.9643 0.392133 -0.915244 -0.0925244
-39.3709 75.0402 -4.80577 0.293848 -0.951417 -0.0919767
-38.1874 75.4174 -4.50661 0.37805 -0.919111 -0.110824
-37.3206 75.7417 -4.20304 0.362661 -0.925588 -0.106711
-36.4257 76.0411 -3.92968 0.344823 -0.93252 -0.107253
-35.521 76.3301 -3.62023 0.321069 -0.938535 -0.126758
-34.3043 76.6599 -3.00055 0.301798 -0.942966 -0.139137
-33.095 76.9411 -2.37551 0.292491 -0.938657 -0.179929
-32.2232 77.0864 -1.86078 0.227565 -0.949719 -0.208349
-31.1687 77.1446 -1.17411 0.187202 -0.965211 -0.182545
-30.4257 77.1725 -0.617076 0.150325 -0.97565 -0.159715
-29.6422 77.1827 0.0341567 0.142576 -0.980317 -0.133965
-28.7768 77.1707 0.882444 0.070295 -0.985635 -0.151596
-28.0969 77.1173 1.66486 0.0286625 -0.986903 -0.15165
-27.507 76.9372 2.60529 -0.00987737 -0.98208 -0.188205
-26.935 76.7783 3.52557 0.0128785 -0.984667 -0.173971
-26.5045 76.5717 4.50406 -0.0657668 -0.986402 -0.15062
-26.1285 76.4132 5.37764 -0.0800437 -0.980543 -0.176778
-25.6334 76.1526 6.34643 -0.0749823 -0.971241 -0.225983
-25.3271 75.8759 7.36026 -0.0816294 -0.965408 -0.247619
-24.938 75.6209 8.43517 -0.0615478 -0.977192 -0.203244
-24.5329 75.2701 9.65637 -0.0922857 -0.964188 -0.248647
-24.2392 75.0626 10.4845 -0.0502603 -0.958564 -0.274357
-23.9672 74.7613 11.3619 -0.014173 -0.955319 -0.295236
-23.7863 74.4936 12.2873 0.0423488 -0.954426 -0.294445
-23.6011 74.1214 13.422 0.0106131 -0.951948 -0.304261
-23.5477 73.7636 14.525 -0.0451362 -0.948013 -0.315013
-23.4846 73.3581 15.4203 -0.0360446 -0.906148 -0.421359
-23.4546 72.9441 16.3432 -0.0430111 -0.91683 -0.396955
-23.4735 72.4916 17.2376 -0.115078 -0.88014 -0.460554
-23.7611 71.9659 18.387 -0.060142 -0.896814 -0.435002
-24.0846 71.2721 19.6998 0.00843001 -0.870191 -0.491149
-24.3019 70.7971 20.485 0.0422941 -0.860169 -0.508243
-24.5409 70.199 21.4718 0.0256319 -0.834404 -0.548321
-24.9127 69.6668 22.3069 -0.0868847 -0.844489 -0.528478
-25.2627 69.1476 23.2202 -0.0862585 -0.850408 -0.519005
-25.8027 68.4724 24.2228 -0.10941 -0.789247 -0.60425
-26.239 67.9314 25.0435 -0.118868 -0.811961 -0.571242
-26.6579 67.4475 25.8385 -0.140584 -0.829195 -0.540105
-27.1744 66.9456 26.8021 -0.130876 -0.8449 -0.518667
-27.8602 66.5097 27.7225 -0.13968 -0.858308 -0.493759
-28.5375 66.2405 28.4173 -0.147014 -0.88934 -0.431026
-29.3432 65.963 29.2191 -0.108889 -0.900494 -0.421015
-30.1259 65.8057 29.9334 -0.178041 -0.898145 -0.401042
-30.7926 65.6482 30.63 -0.200635 -0.89764 -0.392353
-31.6198 65.488 31.3074 -0.139555 -0.893471 -0.426888
-32.3742 65.3189 31.8751 -0.228157 -0.866024 -0.444912
-33.2692 65.2646 32.5048 -0.225951 -0.899192 -0.371747
-34.0683 65.2212 32.9938 -0.163216 -0.898103 -0.40666
-34.9465 65.1137 33.4652 0.0145979 -0.909558 -0.415321
-35.7603 64.8785 33.9517 0.0382187 -0.885394 -0.459879
-36.972 64.3645 34.8586 0.0368892 -0.889186 -0.454998
-37.6761 63.8275 35.7811 0.150343 -0.900491 -0.408049
-38.1294 63.472 36.4903 0.117894 -0.915967 -0.383543
-38.7352 63.1078 37.174 0.120909 -0.871762 -0.465539
-39.6285 62.3668 38.1535 0.0769906 -0.839677 -0.537602
-40.1959 61.9354 38.7827 0.195007 -0.819293 -0.523872
-40.97 61.2912 39.2712 0.312537 -0.798567 -0.513889
-41.9453 60.7104 39.6251 0.31481 -0.815511 -0.48563
-42.7393 60.2529 39.8787 0.311346 -0.818541 -0.482726
-43.9524 59.7686 39.9266 0.309779 -0.821578 -0.478588
-44.9651 59.4465 39.8124 0.333616 -0.824919 -0.456299
-45.8418 59.2488 39.5288 0.318396 -0.833631 -0.450941
-46.7925 59.0813 39.1963 0.302942 -0.839844 -0.45043
-47.8446 58.8989 38.7819 0.339078 -0.836631 -0.430203
-48.7691 58.8067 38.2712 0.316497 -0.850507 -0.420052
-49.6118 58.7066 37.8285 0.326021 -0.848208 -0.41738
-50.49 58.5539 37.3503 0.385753 -0.840599 -0.380248
-51.6187 58.3351 36.7616 0.345078 -0.858138 -0.380158
-52.6423 58.3195 35.827 0.360777 -0.85645 -0.369233
-53.5874 58.2579 35.029 0.366797 -0.858179 -0.359151
-54.3804 58.236 34.2505 0.375729 -0.855408 -0.356519
-55.3114 58.2823 33.1912 0.374913 -0.850846 -0.368088
-55.9635 58.4551 32.1392 0.377673 -0.846222 -0.375804
-56.5116 58.7095 31.0189 0.380501 -0.842315 -0.381704
-57.0754 59.0304 29.763 0.376183 -0.843173 -0.384116
-57.3097 59.3287 28.8769 0.37014 -0.84956 -0.375825
-57.5545 59.7624 27.648 0.371907 -0.850411 -0.372139
-57.696 60.1407 26.6418 0.350237 -0.864168 -0.361074
-57.7995 60.5127 25.6333 0.339904 -0.870488 -0.355973
-57.8963 60.8317 24.7031 0.341786 -0.881275 -0.3264
-58.1633 61.0479 23.8247 0.345199 -0.881712 -0.321592
-58.3378 61.2587 22.9495 0.320737 -0.907055 -0.272726
-58.9648 61.413 21.6614 0.324757 -0.913866 -0.242538
-59.4055 61.4985 20.6739 0.30849 -0.923118 -0.229224
-59.8732 61.5232 19.8031 0.32574 -0.925888 -0.191375
-60.304 61.5922 18.7585 0.296318 -0.939382 -0.172376
-60.6889 61.6452 17.7867 0.290137 -0.9408 -0.175065
-60.7992 61.8121 16.7607 0.281711 -0.941316 -0.185907
-61.0961 62.0337 15.3673 0.315192 -0.922447 -0.223037
-61.1981 62.3073 14.1307 0.313696 -0.921132 -0.230457
-61.2013 62.5151 13.0788 0.347605 -0.922791 -0.166214
-61.0496 62.8177 11.6652 0.317151 -0.938595 -0.128494
-60.9395 62.9555 10.687 0.271746 -0.947166 -0.159726
-60.8932 63.0313 10.4137 0.313829 -0.917466 -0.236208
-60.825 63.2083 9.89263 0.369042 -0.893702 -0.255157
