-42.9883 71.28 16.6328 0.296087 -0.911181 -0.28624
-43.6474 71.1518 16.2572 0.347725 -0.896619 -0.274154
-43.5458 71.5615 15.0396 0.364117 -0.898239 -0.243831
-42.8239 71.6939 15.4094 0.295777 -0.916764 -0.268438
-42.892 71.4103 16.3029 0.292597 -0.916456 -0.272883
-42.0738 71.6058 16.5109 0.289419 -0.916149 -0.277323
-42.6949 71.0565 17.62 0.288695 -0.902748 -0.317774
-43.3543 70.6642 18.1279 0.283944 -0.898738 -0.333902
-44.1936 70.5037 17.6663 0.33345 -0.903244 -0.270115
-44.6122 70.72 16.4423 0.348184 -0.89607 -0.275365
-44.5707 71.0846 15.2186 0.380958 -0.899313 -0.214726
-44.1294 71.4791 14.3593 0.381707 -0.897866 -0.2194
-43.0795 72.0534 13.6812 0.350378 -0.909218 -0.224783
-42.2705 72.2782 13.9204 0.306772 -0.91706 -0.254737
-41.9632 71.9763 15.3775 0.297492 -0.921672 -0.248748
-42.0379 71.6511 16.3986 0.289419 -0.916149 -0.277323
-41.1215 71.9229 16.4244 0.275602 -0.920562 -0.27673
-41.0807 72.2871 15.2368 0.271709 -0.922674 -0.273583
-41.2018 72.5183 14.2901 0.282136 -0.923733 -0.25907
-41.5701 72.7164 13.1668 0.322413 -0.914897 -0.242791
-42.6192 72.4886 12.5926 0.322338 -0.917087 -0.234369
-43.5914 72.0652 12.8356 0.350387 -0.909213 -0.22479
-44.428 71.596 13.3472 0.379346 -0.900396 -0.213036
-44.9795 71.2001 14.0157 0.390612 -0.894534 -0.217202
-45.3622 70.8383 14.7637 0.408685 -0.884822 -0.223619
-45.5807 70.433 16.0533 0.407907 -0.890341 -0.202247
-45.2217 70.2141 17.2988 0.356534 -0.8942 -0.270721
-44.9103 70.0834 18.1401 0.356344 -0.894202 -0.270964
-44.411 69.897 19.1856 0.30313 -0.883078 -0.35817
-43.5735 70.1167 19.364 0.309307 -0.880579 -0.35904
-42.7221 70.5857 18.8607 0.272504 -0.90312 -0.331836
-42.0668 70.9804 18.3278 0.267826 -0.901204 -0.340661
-41.5159 71.4176 17.5915 0.259081 -0.905486 -0.336065
-41.261 71.7027 17.008 0.268316 -0.91315 -0.305537
-40.3394 71.8774 17.2184 0.237841 -0.91271 -0.332253
-40.2029 72.2194 16.3264 0.248375 -0.922587 -0.294009
-40.1861 72.514 15.3515 0.266374 -0.923911 -0.27465
-40.3201 72.8184 14.1986 0.230841 -0.928433 -0.291076
-40.5784 73.0455 13.2092 0.32265 -0.912848 -0.249998
-41.1879 73.1395 12.0863 0.327279 -0.916423 -0.22863
-42.3421 72.8035 11.5953 0.348429 -0.919261 -0.183167
-43.3181 72.4168 11.6918 0.350903 -0.917271 -0.188247
-44.26 71.9532 12.0767 0.375402 -0.907678 -0.187598
-45.0657 71.4967 12.6126 0.389253 -0.900554 -0.193449
-45.6325 71.0967 13.2461 0.397422 -0.891521 -0.21736
-46.1794 70.6028 14.2302 0.405494 -0.884504 -0.230712
-46.4428 70.2507 15.0827 0.432686 -0.87562 -0.214279
-46.4514 70.0158 16.0776 0.430936 -0.878981 -0.204173
-46.1549 69.8663 17.1473 0.421804 -0.865334 -0.270699
-45.8346 69.7424 18.0425 0.421054 -0.866193 -0.269109
-45.3499 69.498 19.3748 0.332045 -0.883839 -0.326725
-44.8822 69.2658 20.3356 0.300298 -0.87914 -0.369929
-44.129 69.3127 20.8175 0.295325 -0.877213 -0.378522
-43.058 69.9486 20.1772 0.294534 -0.87715 -0.379286
-42.2445 70.4183 19.6471 0.259724 -0.883757 -0.389253
-41.5613 70.8178 19.1397 0.26291 -0.90112 -0.344763
-40.9892 71.2239 18.5074 0.260881 -0.903051 -0.341233
-40.4375 71.7372 17.5331 0.237841 -0.91271 -0.332252
-39.5995 71.7756 18.0203 0.23579 -0.911776 -0.336254
-39.31 72.2845 16.818 0.255908 -0.913126 -0.317352
-39.2729 72.6119 15.8829 0.256386 -0.92826 -0.26788
-39.2894 72.8375 14.9879 0.247755 -0.936006 -0.249368
-39.4182 73.1016 14.0345 0.246081 -0.919884 -0.305381
-39.6596 73.3504 13.0906 0.246057 -0.919836 -0.305545
-40.1176 73.5532 11.9104 0.324121 -0.924222 -0.201889
-40.6276 73.5476 11.1579 0.314783 -0.923568 -0.218939
-41.5051 73.3371 10.708 0.380616 -0.904601 -0.190641
-42.8193 72.8172 10.6355 0.339096 -0.923342 -0.180147
-43.9892 72.3087 10.8928 0.372636 -0.909774 -0.1829
-44.8342 71.8777 11.2912 0.378193 -0.906821 -0.186113
-45.5752 71.4471 11.7901 0.396296 -0.897966 -0.191329
-46.2858 70.9658 12.5385 0.403517 -0.891787 -0.204669
-46.7441 70.5878 13.239 0.43315 -0.874999 -0.215831
-47.252 70.0075 14.4715 0.434419 -0.871098 -0.229038
-47.384 69.7327 15.3225 0.432156 -0.878844 -0.202175
-47.2364 69.525 16.4125 0.45186 -0.860894 -0.233845
-46.9148 69.4283 17.3635 0.421054 -0.866193 -0.269109
-46.5332 69.261 18.5052 0.410178 -0.866609 -0.283521
-46.0789 69.0362 19.7279 0.40632 -0.857836 -0.314677
-45.6693 68.793 20.7673 0.358518 -0.865123 -0.350753
-45.3417 68.5353 21.6805 0.305695 -0.883624 -0.354625
-44.4652 68.6758 22.1084 0.323889 -0.882882 -0.340022
-43.418 69.2603 21.5376 0.30143 -0.893506 -0.332847
-42.647 69.6978 21.0459 0.243562 -0.883364 -0.399862
-41.6611 70.2789 20.3529 0.257226 -0.885993 -0.385782
-40.9819 70.6638 19.8413 0.195684 -0.898056 -0.393957
-40.1883 71.2194 19.0471 0.22657 -0.882112 -0.41297
-39.6697 71.7002 18.1757 0.23579 -0.911776 -0.336254
-38.768 71.7748 18.5135 0.173514 -0.905996 -0.386088
-38.4739 72.2455 17.473 0.214981 -0.906548 -0.363255
-38.3552 72.657 16.5163 0.235446 -0.909837 -0.340301
-38.3723 72.9437 15.5865 0.237425 -0.934571 -0.262223
-38.4138 73.2247 14.4773 0.271527 -0.930477 -0.24594
-38.7197 73.6106 13.0647 0.24618 -0.919717 -0.305785
-39.1043 73.8532 12.0138 0.229871 -0.934543 -0.26841
-39.5731 73.9332 11.0222 0.306899 -0.927404 -0.213859
-40.5009 73.8324 9.99707 0.310507 -0.936603 -0.158824
-41.3376 73.5761 9.73346 0.356905 -0.923607 -0.136078
-42.4992 73.1143 9.67588 0.346544 -0.923359 -0.165232
-43.9252 72.5264 9.85082 0.378415 -0.912976 -0.152493
-44.7012 72.1604 10.1409 0.38621 -0.910665 -0.146288
-45.4489 71.779 10.5115 0.380852 -0.905821 -0.185581
-46.3401 71.2544 11.1642 0.39266 -0.89597 -0.207501
-47.1817 70.6278 12.1497 0.439797 -0.879017 -0.18414
-47.7251 70.1254 13.1142 0.445745 -0.86608 -0.226173
-48.045 69.7444 13.9286 0.448068 -0.867092 -0.217425
-48.2332 69.4366 14.7861 0.435801 -0.870407 -0.22904
-48.1478 69.1174 16.1424 0.447801 -0.865056 -0.225722
-47.7742 68.9696 17.3653 0.461443 -0.85144 -0.24924
-47.377 68.8277 18.5515 0.437914 -0.85181 -0.286695
-46.8724 68.5784 19.9142 0.423876 -0.847134 -0.320459
-46.4212 68.294 21.1587 0.385802 -0.848216 -0.362886
-46.1415 68.0347 22.0407 0.373597 -0.847409 -0.377051
-45.8809 67.7547 22.915 0.359801 -0.85493 -0.373595
-45.3908 67.6007 23.7333 0.326371 -0.858243 -0.39558
-44.704 68.0508 23.3323 0.333638 -0.858336 -0.389801
-43.8553 68.5712 22.888 0.27979 -0.876532 -0.389315
-43.0652 68.9931 22.4141 0.230018 -0.89378 -0.385031
-42.1171 69.4708 21.8413 0.214597 -0.897757 -0.384683
-41.4289 69.8595 21.3838 0.214307 -0.882606 -0.418013
-40.4354 70.4323 20.6175 0.188372 -0.892671 -0.409456
-39.6559 70.9657 19.863 0.217598 -0.885909 -0.409416
-39.0991 71.4233 19.1864 0.212175 -0.881612 -0.421595
-39.0857 71.4349 19.1684 0.173511 -0.905998 -0.386085
-38.3857 71.2809 19.8725 0.213018 -0.897354 -0.38605
-39.2581 70.6259 20.8479 0.228635 -0.885612 -0.404125
-40.0077 70.1125 21.5212 0.235923 -0.882287 -0.407299
-40.7118 69.7157 22.0425 0.208034 -0.89497 -0.394653
-41.6432 69.2313 22.6547 0.208456 -0.895994 -0.392097
-42.3831 68.8766 23.072 0.206008 -0.898879 -0.386696
-43.2756 68.4156 23.6032 0.248849 -0.890363 -0.381218
-44.1491 67.8785 24.1315 0.302096 -0.853634 -0.423395
-45.0067 67.2782 24.714 0.307966 -0.861442 -0.403826
-45.7032 66.7966 25.2207 0.315587 -0.86547 -0.389025
-46.3359 66.7769 24.7137 0.341346 -0.857328 -0.385322
-46.5334 67.079 23.8612 0.364781 -0.856134 -0.365869
-46.8106 67.4124 22.7922 0.37443 -0.853173 -0.363177
-47.0501 67.6808 21.9183 0.37383 -0.85278 -0.364716
-47.4646 67.9935 20.6647 0.42343 -0.845776 -0.324609
-47.7957 68.171 19.7599 0.438354 -0.843165 -0.311277
-48.2145 68.3639 18.6062 0.459309 -0.845094 -0.272738
-48.5131 68.4536 17.7534 0.45696 -0.85101 -0.258533
-48.8573 68.5899 16.7632 0.434137 -0.859988 -0.267816
-49.0641 68.7517 15.7824 0.438499 -0.868058 -0.232796
-49.1101 69.0532 14.5772 0.433334 -0.872959 -0.223562
-48.8548 69.435 13.5109 0.432543 -0.877222 -0.208272
-48.3427 70.0068 12.2919 0.461334 -0.860833 -0.214798
-47.9273 70.3793 11.555 0.445996 -0.875723 -0.18479
-47.3923 70.8116 10.8278 0.4478 -0.870861 -0.202676
-46.6119 71.3326 10.1112 0.419662 -0.898875 -0.12601
-45.6159 71.8568 9.53151 0.392984 -0.908946 -0.139074
-44.6268 72.3564 9.0593 0.396488 -0.91079 -0.115147
-43.2895 72.9733 8.78289 0.396916 -0.910393 -0.116783
-42.4489 73.3047 8.7088 0.350336 -0.927203 -0.132508
-41.5996 73.6215 8.73798 0.352885 -0.926053 -0.133749
-40.2271 74.0737 9.04622 0.338151 -0.92885 -0.151299
-39.3116 74.2888 9.71336 0.326768 -0.931545 -0.159519
-38.7342 74.2644 10.6253 0.227619 -0.948717 -0.219375
-38.2704 74.1199 11.6859 0.211686 -0.948988 -0.233689
-37.9319 73.9819 12.5491 0.193104 -0.949986 -0.244955
-37.6412 73.742 13.4975 0.205475 -0.930066 -0.30456
-37.5036 73.4415 14.5428 0.212553 -0.935053 -0.283503
-37.4185 73.1178 15.6959 0.202579 -0.936532 -0.286021
-37.4222 72.7899 16.5987 0.161931 -0.920139 -0.356543
-37.5338 72.3855 17.5802 0.167641 -0.917722 -0.360114
-37.7817 71.9144 18.6696 0.183713 -0.911557 -0.367327
-38.1023 71.5295 19.424 0.199637 -0.90482 -0.376093
-37.2071 71.5612 19.81 0.177775 -0.907846 -0.379753
-36.8588 71.9333 19.0027 0.124235 -0.918853 -0.373283
-36.6168 72.4047 17.9581 0.16783 -0.918122 -0.359004
-36.4916 72.8253 16.9581 0.172656 -0.914956 -0.364755
-36.4768 73.2365 15.895 0.171348 -0.92468 -0.339691
-36.5821 73.6044 14.7253 0.221866 -0.931365 -0.288678
-36.6681 73.9128 13.6649 0.204215 -0.936558 -0.284238
-36.9228 74.1844 12.5213 0.183392 -0.94891 -0.256784
-37.446 74.4042 11.2489 0.203338 -0.950612 -0.234497
-37.8129 74.5297 10.3966 0.218263 -0.952493 -0.212409
-38.2046 74.6212 9.58181 0.240687 -0.952343 -0.184424
-38.9967 74.5551 8.66358 0.278998 -0.950134 -0.136622
-39.8219 74.3564 8.16608 0.298304 -0.945483 -0.130259
-40.6485 74.1018 7.90407 0.341257 -0.928895 -0.143867
-41.773 73.6975 7.76083 0.355422 -0.924906 -0.134999
-42.8761 73.2735 7.72733 0.379107 -0.918565 -0.111881
-43.7237 72.9053 7.84837 0.397469 -0.909936 -0.118468
-44.8335 72.3868 8.10727 0.396908 -0.910397 -0.116786
-45.7366 71.935 8.52262 0.407047 -0.907519 -0.103544
-46.5314 71.5233 8.90274 0.421946 -0.900837 -0.102246
-47.2708 71.1209 9.39062 0.426624 -0.897415 -0.111944
-48.015 70.6531 10.097 0.458883 -0.872497 -0.16541
-48.6542 70.129 10.9885 0.445691 -0.875894 -0.184631
-49.0593 69.7644 11.7052 0.448829 -0.872031 -0.195165
-49.4198 69.3964 12.5012 0.445581 -0.871337 -0.205193
-49.8209 68.9524 13.5285 0.434291 -0.877004 -0.205563
-50.0076 68.5084 14.9065 0.461178 -0.855156 -0.236692
-49.9353 68.3011 15.8118 0.451161 -0.861983 -0.230879
-49.7184 68.1536 16.7281 0.443311 -0.852869 -0.275842
-49.4069 68.0019 17.6989 0.446478 -0.853261 -0.269405
-49.0011 67.8791 18.782 0.456954 -0.851011 -0.258539
-48.6358 67.7296 19.7988 0.40994 -0.861843 -0.297714
-48.1689 67.4712 21.1103 0.390685 -0.8665 -0.310714
-47.8814 67.2545 21.9953 0.364595 -0.869825 -0.332378
-47.6448 66.9828 22.9466 0.367262 -0.857777 -0.359632
-47.4317 66.6852 23.8769 0.368543 -0.856272 -0.361888
-47.224 66.3056 24.9756 0.354903 -0.856152 -0.375179
-47.0364 66.0049 25.8273 0.360779 -0.850393 -0.382975
-46.6982 65.6812 26.8928 0.338839 -0.865617 -0.367843
-45.873 66.0643 26.7085 0.32238 -0.866811 -0.380408
-45.1565 66.5982 26.1056 0.315586 -0.865467 -0.389033
-44.2211 67.2838 25.3104 0.299464 -0.868892 -0.394143
-43.0487 68.0331 24.5523 0.303293 -0.870834 -0.386862
-41.9786 68.6197 23.8996 0.217223 -0.907735 -0.358931
-40.7944 69.1741 23.2331 0.206046 -0.896461 -0.392305
-39.9845 69.602 22.6838 0.21856 -0.89245 -0.394521
-39.3078 69.9889 22.2037 0.233344 -0.886736 -0.398998
-38.4657 70.5432 21.4547 0.21087 -0.886348 -0.412113
-37.9182 70.9608 20.857 0.221177 -0.885936 -0.407482
-37.3671 71.4053 20.1077 0.177782 -0.907845 -0.379751
-36.503 71.3778 20.512 0.0928847 -0.904108 -0.414021
-36.0812 71.7625 19.6744 0.0457829 -0.92084 -0.387243
-35.8084 72.1477 18.7908 0.0595901 -0.917533 -0.392874
-35.5945 72.6119 17.8157 0.116735 -0.907763 -0.402913
-35.5207 73.1711 16.5407 0.122516 -0.91068 -0.394511
-35.5804 73.6303 15.2281 0.164719 -0.929958 -0.328703
-35.6789 73.9182 14.2861 0.160696 -0.941747 -0.295447
-35.7704 74.252 13.1 0.183063 -0.94604 -0.267387
-36.1409 74.4958 11.9521 0.193256 -0.947295 -0.25551
-36.5686 74.679 10.908 0.212387 -0.948119 -0.236563
-37.1381 74.8645 9.57634 0.215563 -0.954343 -0.206788
-37.6507 74.9023 8.75415 0.254973 -0.954827 -0.152623
-38.3827 74.8441 7.92598 0.286205 -0.941829 -0.174028
-39.6577 74.5523 7.19555 0.312017 -0.940358 -0.13444
-40.9414 74.143 6.82531 0.351264 -0.928945 -0.116876
-41.8367 73.8061 6.78115 0.351335 -0.928306 -0.12159
-42.8625 73.4107 6.73784 0.380676 -0.914918 -0.134209
-43.7376 73.0332 6.82901 0.38483 -0.913547 -0.131575
-44.9186 72.4851 7.15399 0.387898 -0.912593 -0.129267
-45.6998 72.0846 7.4515 0.416886 -0.89877 -0.135717
-46.6685 71.5795 7.88379 0.42634 -0.89807 -0.108188
-47.6927 71.0264 8.47759 0.423488 -0.90008 -0.102538
-48.6815 70.4198 9.37514 0.458224 -0.878374 -0.135978
-49.3308 69.9024 10.3533 0.494464 -0.855077 -0.156042
-49.8031 69.4773 11.2177 0.479968 -0.860389 -0.169715
-50.2014 69.0755 12.0486 0.465267 -0.865155 -0.187021
-50.6242 68.6523 12.9955 0.458081 -0.868182 -0.190671
-50.8229 68.2838 14.0752 0.470506 -0.857195 -0.209382
-50.9026 68.0082 14.9701 0.465537 -0.854555 -0.230106
-50.795 67.8284 15.8616 0.459663 -0.859538 -0.223394
-50.5819 67.6998 16.755 0.455829 -0.85234 -0.255115
-50.3197 67.5608 17.617 0.436678 -0.857786 -0.271138
-49.9972 67.4366 18.5812 0.435415 -0.860197 -0.265364
-49.5427 67.3258 19.6478 0.429706 -0.857633 -0.282504
-49.1509 67.1194 20.856 0.409945 -0.861842 -0.297713
-48.8136 66.9391 21.7816 0.390617 -0.866239 -0.311525
-48.5204 66.6003 22.9682 0.365913 -0.857974 -0.36054
-48.3199 66.3089 23.8631 0.366819 -0.856136 -0.363963
-48.0272 65.786 25.38 0.364965 -0.852469 -0.374161
-47.8208 65.4777 26.2698 0.357632 -0.854213 -0.377385
-47.5703 65.1942 27.1792 0.360084 -0.860761 -0.359764
-47.041 64.9729 28.1873 0.340986 -0.850817 -0.399798
-46.0776 65.3228 28.2359 0.327217 -0.855298 -0.401738
-45.402 65.8322 27.6365 0.31933 -0.869288 -0.377281
-44.6632 66.3899 26.9438 0.284435 -0.87626 -0.388928
-43.9618 66.8674 26.4256 0.299079 -0.868704 -0.394847
-43.2665 67.3869 25.8094 0.301236 -0.867497 -0.395854
-42.4821 67.8633 25.3111 0.253954 -0.877347 -0.407086
-41.6959 68.316 24.8388 0.23767 -0.892099 -0.382682
-40.819 68.7353 24.3046 0.214484 -0.908284 -0.359189
-39.9326 69.1451 23.7872 0.188599 -0.907467 -0.375411
-39.0829 69.5821 23.2438 0.225609 -0.88815 -0.400364
-38.1133 70.1555 22.4818 0.195159 -0.87956 -0.43392
-37.4475 70.614 21.8317 0.17768 -0.890303 -0.41742
-36.9218 70.9889 21.1987 0.139164 -0.898407 -0.416532
-36.5856 71.2894 20.672 0.142072 -0.895644 -0.42147
-35.7346 71.1306 21.1494 0.0436971 -0.912573 -0.406572
-36.2046 70.7328 21.9079 0.0882146 -0.878712 -0.46913
-36.8847 70.2424 22.6555 0.0749346 -0.863232 -0.498611
-37.7721 69.7636 23.4128 0.0648685 -0.889255 -0.451428
-38.5707 69.3276 24.0479 0.139304 -0.886129 -0.439606
-39.4999 68.8931 24.6026 0.190505 -0.903101 -0.38486
-40.333 68.5282 25.0771 0.157367 -0.911487 -0.380035
-41.3031 68.0396 25.6672 0.243218 -0.876466 -0.415515
-42.1109 67.5706 26.1785 0.246882 -0.875706 -0.414955
-42.9037 67.0735 26.7464 0.272989 -0.867538 -0.415281
-43.7467 66.4557 27.4662 0.279405 -0.870736 -0.404662
-44.5157 65.8902 28.1839 0.286086 -0.877485 -0.384936
-45.1963 65.4147 28.7511 0.296193 -0.873621 -0.385879
-45.7689 64.9227 29.3551 0.325803 -0.864296 -0.383001
-46.6088 64.4863 29.6488 0.321849 -0.870305 -0.372804
-47.4609 64.3825 29.123 0.334837 -0.863581 -0.376978
-48.0458 64.485 28.3687 0.337911 -0.857199 -0.388389
-48.4121 64.7116 27.4875 0.370409 -0.857582 -0.356862
-48.7508 65.1505 26.1121 0.364864 -0.853053 -0.37303
-48.9359 65.4582 25.2284 0.369499 -0.853595 -0.367214
-49.1175 65.821 24.1755 0.400436 -0.843093 -0.358704
-49.3783 66.1752 23.0734 0.391784 -0.845744 -0.362246
-49.661 66.5111 21.8411 0.426429 -0.849459 -0.310767
-50.1212 66.7635 20.4628 0.430409 -0.856058 -0.286202
-50.4591 66.8908 19.5484 0.441941 -0.855014 -0.271354
-50.8395 66.969 18.6842 0.447705 -0.853787 -0.265722
-51.181 67.0919 17.7138 0.454609 -0.85074 -0.263649
-51.4695 67.2193 16.6939 0.474981 -0.846892 -0.239097
-51.6856 67.3644 15.7389 0.468995 -0.849876 -0.240168
-51.7703 67.6571 14.515 0.456877 -0.861543 -0.221378
-51.6031 68.0179 13.3462 0.463409 -0.864866 -0.193027
-51.2281 68.4942 12.1358 0.482163 -0.858205 -0.176078
-50.6121 69.0815 10.8514 0.472455 -0.868515 -0.149893
-50.1577 69.4914 9.98527 0.494376 -0.855007 -0.1567
-49.5753 70.0074 8.96547 0.490629 -0.858854 -0.14715
-49.0085 70.4077 8.28897 0.448654 -0.887127 -0.108238
-48.1305 70.9216 7.58957 0.428419 -0.896118 -0.115035
-47.3861 71.3439 7.16518 0.424684 -0.896474 -0.126024
-46.3741 71.8846 6.6983 0.420262 -0.897394 -0.134376
-45.5147 72.3353 6.35707 0.41545 -0.900377 -0.129169
-44.7317 72.7158 6.08268 0.387485 -0.912819 -0.12891
-43.7317 73.1792 5.81413 0.388984 -0.912174 -0.128954
-42.6269 73.637 5.7717 0.36172 -0.924236 -0.122257
-41.6073 74.0273 5.77865 0.347877 -0.929119 -0.125376
-40.5744 74.4015 5.87258 0.343683 -0.928972 -0.137449
-39.6495 74.7033 6.15273 0.328821 -0.934846 -0.133899
-38.6548 74.9696 6.59528 0.300813 -0.940634 -0.157222
-37.7221 75.1584 7.24393 0.300456 -0.940119 -0.160944
-36.9932 75.225 8.04314 0.250811 -0.947567 -0.19802
-36.4141 75.2143 8.91674 0.276242 -0.941778 -0.190588
-35.8579 75.0522 10.1005 0.219206 -0.936014 -0.275366
-35.5128 74.8767 11.0037 0.179796 -0.944161 -0.276102
-35.1704 74.6961 11.9003 0.176399 -0.953271 -0.245273
-34.8532 74.474 12.956 0.171014 -0.943453 -0.283043
-34.7485 74.1571 14.0163 0.15291 -0.94429 -0.291437
-34.6034 73.8337 15.1405 0.156801 -0.943017 -0.293446
-34.5464 73.4338 16.2181 0.130443 -0.926839 -0.352071
-34.554 72.943 17.3705 0.0986537 -0.904847 -0.412916
-34.6769 72.5127 18.2364 0.0827385 -0.894743 -0.438849
-34.8953 72.0559 19.1696 0.0733974 -0.914225 -0.398504
-35.2606 71.5599 20.23 0.0592753 -0.912491 -0.404365
-35.5026 71.3475 20.6875 0.042405 -0.913488 -0.404643
-34.6216 71.2091 21.0892 0.0401956 -0.913547 -0.404742
-35.0869 70.7825 21.9769 0.0358103 -0.878798 -0.474621
-35.7158 70.2564 22.8317 0.0647462 -0.847246 -0.52724
-36.5713 69.7403 23.6628 0.0700015 -0.904666 -0.420332
-37.2313 69.4229 24.1957 0.123349 -0.873989 -0.47003
-37.9209 69.0206 24.7669 0.0946407 -0.891205 -0.442266
-38.6905 68.735 25.2204 0.126601 -0.893524 -0.430799
-39.6662 68.3685 25.717 0.121685 -0.917249 -0.379246
-40.5104 67.9903 26.2947 0.199206 -0.904084 -0.373763
-41.5472 67.3837 26.9492 0.298969 -0.869176 -0.393892
-42.2282 66.9453 27.4223 0.266578 -0.879308 -0.39356
-42.8835 66.5093 27.9719 0.2888 -0.880985 -0.374775
-43.6999 65.9161 28.7323 0.290607 -0.879865 -0.37601
-44.3798 65.4304 29.3422 0.296191 -0.873617 -0.385891
-45.0465 64.881 30.0655 0.310524 -0.872582 -0.376966
-45.9391 64.2558 30.7509 0.318572 -0.86715 -0.382812
-46.7899 64.0042 30.5899 0.344354 -0.857852 -0.381457
-47.5929 63.8769 30.1535 0.346005 -0.856882 -0.382135
-48.3095 63.8521 29.5561 0.348092 -0.855843 -0.382576
-48.8539 63.9618 28.7951 0.370886 -0.850339 -0.37332
-49.218 64.1961 27.8817 0.375731 -0.852118 -0.36431
-49.5094 64.5366 26.7891 0.374232 -0.851439 -0.367201
-49.7105 64.8583 25.8283 0.392903 -0.847043 -0.357848
-49.9124 65.3038 24.5037 0.400442 -0.843088 -0.358709
-50.2044 65.6059 23.4956 0.426718 -0.83513 -0.346612
-50.3904 65.9592 22.3441 0.426812 -0.846108 -0.319168
-50.7268 66.1947 21.2356 0.434582 -0.849222 -0.299763
-51.0879 66.3788 20.1448 0.437842 -0.855252 -0.277058
-51.489 66.4431 19.2809 0.44583 -0.856344 -0.260444
-51.8251 66.5504 18.3324 0.461522 -0.847689 -0.261572
-52.2085 66.693 17.118 0.460722 -0.855214 -0.237214
-52.5166 66.8507 15.9485 0.461409 -0.855182 -0.235821
-52.6619 67.121 14.743 0.473675 -0.848148 -0.236853
-52.5519 67.4781 13.4869 0.464966 -0.863247 -0.196454
-52.2176 67.9197 12.2678 0.471997 -0.863218 -0.179092
-51.7492 68.3991 11.1733 0.476674 -0.861166 -0.176457
-51.3668 68.7515 10.3745 0.476198 -0.867496 -0.143829
-50.8846 69.1836 9.42058 0.480605 -0.862103 -0.160616
-50.4678 69.5532 8.66788 0.482258 -0.862142 -0.155352
-49.9748 69.9648 7.92182 0.469899 -0.871595 -0.13745
-49.2139 70.4485 7.16629 0.440857 -0.889812 -0.117815
-48.407 70.9259 6.62263 0.432986 -0.892252 -0.128096
-47.4532 71.4591 6.13057 0.428753 -0.894178 -0.128825
-46.4966 71.9748 5.70288 0.41502 -0.901485 -0.122037
-45.7181 72.3735 5.39979 0.413136 -0.902217 -0.123787
-44.83 72.8131 5.09846 0.383493 -0.915056 -0.124767
-43.7548 73.3016 4.76622 0.384709 -0.915493 -0.117612
-42.903 73.6685 4.75482 0.360286 -0.924117 -0.127285
-42.0016 74.012 4.81791 0.358743 -0.924534 -0.128568
-40.9784 74.3949 4.88204 0.348731 -0.928739 -0.125803
-39.744 74.8224 5.08034 0.341955 -0.930238 -0.133128
-38.6731 75.1431 5.51923 0.321074 -0.935565 -0.145752
-37.6429 75.381 6.0918 0.302162 -0.939789 -0.159659
-36.8089 75.4929 6.82308 0.247945 -0.956654 -0.152761
-36.0968 75.5506 7.62053 0.249586 -0.952084 -0.175214
-35.5946 75.532 8.39625 0.188665 -0.965032 -0.181988
-35.1695 75.4241 9.32027 0.188557 -0.945038 -0.267112
-34.6717 75.1648 10.5706 0.181423 -0.94456 -0.273647
-34.3006 74.9758 11.4883 0.192663 -0.946392 -0.259276
-33.9122 74.7947 12.4129 0.127923 -0.932838 -0.336822
-33.8219 74.4916 13.3974 0.116743 -0.955367 -0.271378
-33.6761 74.1285 14.5473 0.0692176 -0.933282 -0.352411
-33.5606 73.6979 15.7708 0.0705406 -0.944026 -0.32224
-33.5737 73.2205 16.9507 0.0626631 -0.902047 -0.427065
-33.6783 72.7087 18.0006 0.0755903 -0.897835 -0.43377
-33.8414 72.2495 18.9271 0.0797712 -0.906348 -0.414517
-34.1253 71.7652 19.986 0.0764795 -0.912791 -0.401165
-34.4498 71.3852 20.7359 0.0440723 -0.893241 -0.447412
-34.5446 71.2811 20.9343 0.042134 -0.903394 -0.426077
-33.7402 71.0611 21.4475 0.0145395 -0.888146 -0.458894
-34.1492 70.6478 22.2332 0.0128892 -0.875023 -0.483721
-34.6624 70.2054 23.0431 0.0399048 -0.864352 -0.499632
-35.2255 69.8206 23.6715 0.0682419 -0.889044 -0.452707
-35.9443 69.4481 24.3475 0.0391145 -0.902191 -0.42956
-36.7507 69.0819 25.0346 0.0964317 -0.899061 -0.423782
-37.4283 68.7382 25.5499 0.122796 -0.909097 -0.398074
-38.3434 68.3888 26.0847 0.11263 -0.918544 -0.378877
-39.1032 68.1169 26.5033 0.124632 -0.915634 -0.382205
-39.9922 67.7482 27.069 0.133821 -0.907714 -0.397678
-40.8753 67.2908 27.6462 0.295944 -0.862035 -0.411476
-41.7795 66.7274 28.281 0.259085 -0.892849 -0.368369
-42.4077 66.3003 28.829 0.287321 -0.881609 -0.37445
-43.1157 65.8037 29.4454 0.290938 -0.879369 -0.376916
-44.0323 65.1057 30.3529 0.280649 -0.877988 -0.387779
-44.6172 64.6184 31.0271 0.310529 -0.872582 -0.376961
-45.2946 64.0761 31.6974 0.317986 -0.868052 -0.381276
-46.343 63.6673 31.7349 0.322028 -0.865165 -0.384425
-47.268 63.4767 31.3456 0.34537 -0.857654 -0.380985
-48.1732 63.3551 30.7912 0.350287 -0.854291 -0.384038
-49.1673 63.3181 29.9399 0.376334 -0.845383 -0.379078
-49.7653 63.4958 28.9511 0.373526 -0.847826 -0.376359
-50.1755 63.847 27.7017 0.3809 -0.850634 -0.362404
-50.458 64.1809 26.611 0.392902 -0.847043 -0.357848
-50.627 64.5515 25.5249 0.400284 -0.84816 -0.346954
-50.799 64.8888 24.5041 0.39362 -0.853926 -0.340265
-51.0345 65.1312 23.6173 0.426721 -0.835129 -0.346611
-51.2274 65.4875 22.4636 0.43155 -0.842293 -0.322812
-51.469 65.6881 21.589 0.433481 -0.845593 -0.311533
-51.8418 65.8616 20.5498 0.427394 -0.854703 -0.294647
-52.2726 65.9709 19.4867 0.441916 -0.856942 -0.265206
-52.7265 66.1037 18.2479 0.442447 -0.86037 -0.25299
-53.0542 66.2114 17.249 0.449305 -0.861746 -0.235624
-53.3879 66.3619 16.0437 0.457905 -0.86007 -0.22495
-53.534 66.5682 14.9499 0.482423 -0.846007 -0.227024
-53.5033 66.8628 13.8472 0.479302 -0.853814 -0.203145
-53.201 67.3456 12.4496 0.470045 -0.864198 -0.179496
-52.942 67.6505 11.6304 0.461536 -0.872575 -0.159993
-52.4606 68.1126 10.5921 0.481661 -0.862692 -0.154159
-52.0099 68.5217 9.63167 0.477052 -0.867003 -0.143963
-51.6113 68.8841 8.842 0.48133 -0.862406 -0.156774
-51.1406 69.3026 7.97903 0.480555 -0.863087 -0.155396
-50.6001 69.7375 7.21561 0.465961 -0.875731 -0.12565
-49.9696 70.1547 6.54245 0.456289 -0.881246 -0.123273
-49.2162 70.6163 5.96884 0.445348 -0.8865 -0.125628
-47.8871 71.3704 5.28018 0.432701 -0.892452 -0.127671
-47.0753 71.8194 4.88249 0.41503 -0.901481 -0.122033
-45.8573 72.4318 4.4196 0.415493 -0.903868 -0.101045
-45.0575 72.8177 4.16053 0.40374 -0.910665 -0.0876563
-44.0512 73.2835 3.85734 0.395322 -0.911734 -0.110595
-43.0319 73.7499 3.79319 0.385729 -0.914443 -0.120212
-41.9805 74.1567 3.83628 0.358745 -0.924533 -0.12857
-40.8938 74.5507 3.96676 0.348735 -0.928737 -0.125802
-39.9012 74.9065 4.07308 0.345605 -0.930283 -0.122955
-38.953 75.2133 4.3559 0.338353 -0.930906 -0.137589
-38.0276 75.4712 4.78894 0.295934 -0.943329 -0.149887
-37.0818 75.6708 5.36216 0.28807 -0.94644 -0.145835
-36.1827 75.7728 6.10382 0.262662 -0.94781 -0.180431
-35.3773 75.8592 6.93199 0.268525 -0.950127 -0.158596
-34.8792 75.8282 7.68474 0.214609 -0.95599 -0.200065
-34.4613 75.7353 8.58432 0.186266 -0.959326 -0.209897
-34.0519 75.5603 9.57186 0.158004 -0.953514 -0.256606
-33.6664 75.3357 10.6437 0.157706 -0.953529 -0.256731
-33.1776 75.1371 11.68 0.157688 -0.953418 -0.257156
-32.8784 74.8688 12.6005 0.119376 -0.937082 -0.327802
-32.8254 74.5774 13.5241 0.0959135 -0.94607 -0.306583
-32.6841 74.1836 14.6067 0.0768101 -0.930861 -0.357208
-32.5803 73.8111 15.6278 0.0807097 -0.936395 -0.34059
-32.5572 73.5034 16.5023 0.0598331 -0.921681 -0.379872
-32.6798 72.9616 17.6712 0.0862674 -0.909993 -0.405549
-32.82 72.4367 18.7257 0.0853575 -0.896919 -0.433831
-33.0101 72.0219 19.5744 0.031737 -0.896786 -0.441325
-33.2816 71.6128 20.384 0.0330606 -0.894795 -0.445252
-33.5586 71.2658 21.06 0.0315877 -0.891641 -0.451624
-32.5912 71.1985 21.2569 0.0624593 -0.888249 -0.453831
-32.2848 71.6617 20.4263 0.0925006 -0.887498 -0.451432
-31.9898 72.1811 19.4487 0.0967441 -0.900523 -0.423613
-31.8314 72.5862 18.598 0.0707545 -0.890861 -0.448733
-31.7127 73.0014 17.7655 0.0415991 -0.914476 -0.40246
-31.6107 73.3691 16.9313 0.0446341 -0.916158 -0.398325
-31.5603 73.7638 16.0533 0.049617 -0.911152 -0.409072
-31.6338 74.1018 15.1215 0.101203 -0.937068 -0.334157
-31.7897 74.4138 14.1993 0.0890123 -0.933964 -0.345684
-31.9062 74.7841 13.1515 0.0660155 -0.938454 -0.339036
-32.2203 75.2583 11.6925 0.122043 -0.939135 -0.321141
-32.5528 75.4758 10.8063 0.15742 -0.953555 -0.25681
-32.9654 75.6878 9.76624 0.157396 -0.953551 -0.256841
-33.4643 75.9173 8.50763 0.161126 -0.961286 -0.223536
-33.9348 76.0955 7.411 0.184998 -0.958816 -0.213658
-34.5074 76.1668 6.46567 0.211789 -0.956745 -0.199439
-35.3427 76.1192 5.55711 0.266495 -0.945303 -0.188102
-36.145 76.0187 4.8968 0.272958 -0.949217 -0.153373
-36.9952 75.8529 4.2904 0.283561 -0.950294 -0.12859
-37.9708 75.6343 3.73339 0.288048 -0.949747 -0.122509
-39.0103 75.3343 3.33812 0.335048 -0.936726 -0.0977289
-40.0544 74.978 3.07605 0.346504 -0.930725 -0.116933
-41.2089 74.5731 2.93338 0.331779 -0.935852 -0.118763
-42.5279 74.0726 2.83576 0.36789 -0.921724 -0.122806
-43.6078 73.6174 2.85223 0.416332 -0.902176 -0.112077
-44.4449 73.2077 2.98317 0.404107 -0.909665 -0.0959531
-45.4078 72.75 3.2623 0.407017 -0.908564 -0.0940614
-46.4919 72.2261 3.62502 0.407495 -0.908356 -0.0940088
-47.5121 71.7006 4.04145 0.438503 -0.893924 -0.0928185
-48.4946 71.1564 4.50746 0.450939 -0.886729 -0.101813
-49.4328 70.6291 4.98973 0.443472 -0.891149 -0.0958457
-50.284 70.1356 5.53573 0.458708 -0.880092 -0.122518
-51.0126 69.6549 6.26166 0.465958 -0.875734 -0.125642
-51.6141 69.2159 6.9859 0.470842 -0.871923 -0.13418
-52.0877 68.8115 7.7663 0.483111 -0.861638 -0.155513
-52.5208 68.4185 8.60959 0.475279 -0.866563 -0.152245
-52.9821 67.9903 9.61787 0.474633 -0.86737 -0.149642
-53.5627 67.4686 10.8203 0.450462 -0.877484 -0.164637
-53.9194 67.0925 11.8156 0.470155 -0.863002 -0.184843
-54.2379 66.697 12.8356 0.474178 -0.858019 -0.19715
-54.3951 66.3691 13.8398 0.472079 -0.856916 -0.206964
-54.3873 66.1325 14.7937 0.472309 -0.852923 -0.222363
-54.2654 65.9221 15.863 0.473115 -0.852942 -0.220568
-54.0386 65.7914 16.858 0.472615 -0.853424 -0.219776
-53.6525 65.6575 18.1212 0.459885 -0.858788 -0.225564
-53.2012 65.5388 19.3567 0.438221 -0.863936 -0.248149
-52.7167 65.4072 20.5948 0.437176 -0.858312 -0.268554
-52.3147 65.2243 21.6765 0.434103 -0.847376 -0.305792
-52.0156 64.9821 22.7287 0.421166 -0.85341 -0.306742
-51.8368 64.7519 23.586 0.411069 -0.855172 -0.315758
-51.6797 64.506 24.4434 0.39926 -0.846113 -0.353015
-51.5167 64.1727 25.4149 0.404891 -0.843681 -0.352482
-51.3809 63.8163 26.4325 0.402144 -0.846239 -0.349506
-51.0989 63.4724 27.5852 0.398545 -0.846251 -0.353582
-50.8233 63.1665 28.614 0.382478 -0.849032 -0.364493
-50.393 62.8804 29.7004 0.37571 -0.845464 -0.379516
-49.6177 62.782 30.6902 0.375221 -0.847074 -0.376396
-48.8522 62.8337 31.3243 0.369383 -0.843477 -0.390004
-48.1006 62.9228 31.8361 0.348404 -0.857259 -0.379091
-47.1784 63.0705 32.3232 0.344874 -0.849983 -0.398234
-46.2062 63.2345 32.7936 0.333995 -0.851634 -0.403939
-45.3213 63.4989 32.9507 0.326999 -0.857624 -0.39693
-44.5094 64.0813 32.3484 0.32187 -0.864505 -0.386046
-43.7113 64.7611 31.41 0.272322 -0.885723 -0.375947
-43.1038 65.2415 30.6937 0.250114 -0.88124 -0.399777
-42.2011 65.895 29.8965 0.275977 -0.87544 -0.39679
-41.3807 66.4485 29.1758 0.21996 -0.886255 -0.407532
-40.6526 66.8948 28.6181 0.205544 -0.888018 -0.410897
-39.7676 67.352 28.0488 0.158513 -0.892964 -0.419732
-38.8408 67.7471 27.4715 0.141421 -0.906869 -0.396974
-37.8698 68.0958 26.9224 0.106276 -0.918521 -0.380819
-37.0894 68.3837 26.4726 0.122307 -0.9116 -0.392462
-36.3508 68.6927 25.9143 0.074803 -0.917998 -0.389467
-35.6841 68.9718 25.3595 -0.0140506 -0.908811 -0.415892
-34.557 69.5117 24.3406 0.049752 -0.886052 -0.460908
-33.83 69.9851 23.478 -0.000576906 -0.89369 -0.448685
-33.3154 70.4047 22.6831 -0.00216163 -0.878604 -0.477546
-32.9094 70.8372 21.9484 0.0263839 -0.87814 -0.476925
-32.7493 71.0027 21.636 0.0315877 -0.891641 -0.451624
-31.7903 70.9298 21.8323 0.0205631 -0.8652 -0.500957
-31.4887 71.3699 21.0726 0.0070639 -0.873977 -0.485605
-31.173 71.8733 20.116 -0.00406973 -0.887775 -0.460259
-30.9876 72.3041 19.3316 0.0282484 -0.888159 -0.457484
-30.8892 72.6964 18.5216 0.0433223 -0.901186 -0.431262
-30.7551 73.0697 17.7092 0.0613046 -0.914411 -0.400119
-30.5766 73.6464 16.4399 0.0600644 -0.909959 -0.410326
-30.6538 74.2177 15.1041 0.076543 -0.930593 -0.356105
-30.7977 74.5242 14.2087 0.107599 -0.93986 -0.323857
-30.9377 74.89 13.0468 0.0869426 -0.941537 -0.324509
-31.1188 75.2026 12.1377 0.0586243 -0.94057 -0.334503
-31.3753 75.5093 11.2601 0.0880996 -0.93866 -0.331544
-31.7804 75.7478 10.2275 0.135926 -0.955199 -0.262904
-32.1776 75.95 9.24788 0.150538 -0.959168 -0.2392
-32.6066 76.163 8.06896 0.155896 -0.96154 -0.226061
-32.965 76.3076 7.20306 0.161013 -0.960135 -0.228508
-33.4204 76.4265 6.35754 0.208688 -0.958104 -0.196159
-33.9939 76.4702 5.52315 0.220247 -0.958029 -0.182799
-35.0277 76.3704 4.58124 0.240085 -0.963828 -0.115121
-35.9553 76.2029 3.88927 0.272669 -0.954109 -0.123793
-36.7187 76.053 3.35828 0.270255 -0.955755 -0.11617
-37.5836 75.8492 2.87067 0.296336 -0.948882 -0.108662
-38.9538 75.4367 2.34467 0.322305 -0.943205 -0.0805206
-39.9338 75.1417 2.08339 0.327792 -0.938769 -0.104233
-41.0525 74.7421 1.9534 0.334033 -0.938188 -0.09069
-42.148 74.3452 1.9044 0.359234 -0.927418 -0.102704
-42.9951 74.0063 1.88019 0.413269 -0.906306 -0.0884213
-44.2492 73.4149 1.96239 0.425327 -0.899341 -0.101407
-45.0705 73.017 2.14141 0.406708 -0.90848 -0.0961881
-46.0862 72.5316 2.43333 0.410573 -0.907445 -0.0890913
-46.8815 72.1408 2.73522 0.417031 -0.905076 -0.083116
-47.7054 71.7081 3.09799 0.4338 -0.895656 -0.0980692
-48.6529 71.197 3.53522 0.43942 -0.89274 -0.0996276
-49.4792 70.7352 3.9496 0.432957 -0.893421 -0.119783
-50.2829 70.2915 4.35364 0.432437 -0.894504 -0.113208
-51.162 69.7496 5.00606 0.45754 -0.880981 -0.120539
-51.8161 69.305 5.70532 0.467838 -0.875391 -0.12173
-52.467 68.8117 6.61212 0.476826 -0.866374 -0.148435
-53.0409 68.3163 7.60947 0.471022 -0.866728 -0.164006
-53.4343 67.9352 8.52496 0.460026 -0.873104 -0.161155
-53.8234 67.5981 9.31303 0.451506 -0.880007 -0.147392
-54.2733 67.2131 10.2374 0.451748 -0.878485 -0.155232
-54.6313 66.8255 11.2262 0.472997 -0.862991 -0.177541
-54.9957 66.4147 12.201 0.477159 -0.858455 -0.188083
-55.222 66.076 13.1444 0.487245 -0.84953 -0.202214
-55.2711 65.8 14.1889 0.482375 -0.854209 -0.193731
-55.1913 65.5946 15.1515 0.471499 -0.853481 -0.221941
-55.0648 65.4309 16.0811 0.4658 -0.857832 -0.217072
-54.7706 65.2774 17.2929 0.460243 -0.860551 -0.218234
-54.4466 65.174 18.3821 0.451218 -0.86163 -0.231938
-53.9888 65.0593 19.5992 0.460699 -0.848663 -0.259837
-53.6468 64.957 20.5005 0.441344 -0.854631 -0.273536
-53.2931 64.8227 21.4052 0.431457 -0.848402 -0.306692
-52.9428 64.6462 22.4092 0.41343 -0.860999 -0.296235
-52.7268 64.4495 23.2828 0.406712 -0.860749 -0.305859
-52.5669 64.1821 24.169 0.416051 -0.840404 -0.347308
-52.3952 63.8325 25.2206 0.410481 -0.841129 -0.352069
-52.3134 63.4849 26.1597 0.404078 -0.846099 -0.347617
-52.1003 63.2204 27.0517 0.404734 -0.845573 -0.34813
-51.8928 62.9686 27.8989 0.397756 -0.847132 -0.352361
-51.6582 62.6721 28.8595 0.404456 -0.835513 -0.371931
-51.3537 62.4435 29.6935 0.399074 -0.833578 -0.381951
-50.8729 62.2752 30.5525 0.382997 -0.842066 -0.379745
-50.1364 62.2572 31.3508 0.381067 -0.842788 -0.380044
-49.4153 62.3098 31.9234 0.370207 -0.842858 -0.390559
-48.0768 62.4898 32.7669 0.3565 -0.842376 -0.404116
-47.154 62.6394 33.2645 0.339434 -0.85081 -0.401084
-45.8059 62.8747 33.8907 0.33494 -0.853414 -0.399375
-44.8555 63.2057 33.9678 0.32842 -0.856226 -0.39876
-43.8319 64.0084 33.073 0.292116 -0.865534 -0.406392
-43.1123 64.6292 32.1523 0.273762 -0.883292 -0.380591
-42.301 65.2195 31.2445 0.250112 -0.88124 -0.399778
-41.6995 65.6741 30.6965 0.272755 -0.865361 -0.420424
-40.9396 66.1805 30.0225 0.227721 -0.896003 -0.38121
-40.2905 66.5643 29.5134 0.205548 -0.888016 -0.4109
-39.3847 67.0311 28.8666 0.154185 -0.891913 -0.425111
-38.2249 67.5471 28.1472 0.146562 -0.898283 -0.414114
-37.3907 67.8151 27.713 0.0758977 -0.907543 -0.413045
-36.3841 68.1758 27.1037 0.0698401 -0.899292 -0.431737
-35.3089 68.5935 26.2357 -0.0299369 -0.918135 -0.394952
-34.563 68.8745 25.554 0.0258316 -0.894296 -0.445724
-33.8559 69.2123 24.9702 0.0312445 -0.881031 -0.472026
-33.1285 69.6214 24.171 -0.0217117 -0.884 -0.466983
-32.6104 70.0584 23.3196 -0.0335411 -0.88504 -0.464145
-32.0878 70.5692 22.4377 0.0120132 -0.865727 -0.500372
-32.0027 70.663 22.2775 0.0162086 -0.86373 -0.503661
-31.1785 70.3989 22.7594 -0.00569299 -0.857117 -0.514354
-30.7583 70.9303 21.8657 -0.0367494 -0.855147 -0.517029
-30.3471 71.6472 20.5449 -0.00533205 -0.883534 -0.468248
-30.0662 72.1256 19.6658 -0.0474623 -0.874231 -0.483184
-29.9271 72.7308 18.5464 0.00702798 -0.892854 -0.448421
-29.702 73.2374 17.4875 0.0627314 -0.91269 -0.403786
-29.6031 73.6466 16.5882 0.0393772 -0.913969 -0.403074
-29.6643 74.2084 15.2989 0.138574 -0.911917 -0.38627
-29.8029 74.555 14.4309 0.107743 -0.928716 -0.351317
-29.9289 74.8596 13.4453 0.0876607 -0.950516 -0.298053
-30.1151 75.2157 12.2952 0.0792547 -0.943591 -0.321489
-30.3734 75.5565 11.2607 0.0315988 -0.948291 -0.315825
-30.6913 75.8041 10.4256 0.0681767 -0.964316 -0.255824
-31.06 75.9985 9.59461 0.070717 -0.963331 -0.258799
-31.4408 76.2234 8.56723 0.131607 -0.96538 -0.224878
-31.7471 76.3801 7.69635 0.143901 -0.964052 -0.223372
-32.2549 76.5788 6.50157 0.145184 -0.968684 -0.200283
-32.78 76.6736 5.575 0.140131 -0.973082 -0.182959
-33.3562 76.7395 4.7724 0.179136 -0.971774 -0.144532
-34.5088 76.591 3.80112 0.221887 -0.966953 -0.124874
-35.4531 76.4342 3.07801 0.250186 -0.961412 -0.114432
-36.3093 76.2682 2.51703 0.265998 -0.957392 -0.112452
-37.2792 76.039 1.97536 0.331288 -0.935495 -0.122867
-38.0967 75.7911 1.65834 0.330942 -0.935535 -0.123498
-39.0955 75.5006 1.28412 0.310788 -0.944838 -0.103399
-40.1591 75.1727 1.08385 0.310243 -0.945245 -0.101275
-41.478 74.6898 0.92673 0.344558 -0.933495 -0.098365
-42.5953 74.2528 0.91761 0.387225 -0.92044 -0.0471204
-43.8607 73.6825 0.920101 0.397156 -0.916026 -0.0531208
-44.8763 73.2186 1.07202 0.421043 -0.902877 -0.0850871
-45.8823 72.7317 1.32893 0.412666 -0.906868 -0.0853174
-46.6786 72.3418 1.58392 0.419301 -0.90357 -0.0878826
-47.4453 71.9524 1.92362 0.420176 -0.903505 -0.0844414
-48.3722 71.4685 2.35437 0.43697 -0.893736 -0.101455
-49.2911 70.969 2.78772 0.437852 -0.893135 -0.10293
-50.1842 70.4843 3.25471 0.433473 -0.89444 -0.109608
-50.9208 70.0604 3.63774 0.457168 -0.881507 -0.118079
-51.5835 69.6554 4.09552 0.45328 -0.881214 -0.134099
-52.2048 69.2542 4.64258 0.454322 -0.881267 -0.130232
-52.8108 68.8245 5.43667 0.463157 -0.875423 -0.137667
-53.4398 68.3042 6.48328 0.470808 -0.868499 -0.155078
-53.9065 67.9139 7.32397 0.452442 -0.878154 -0.155225
-54.4711 67.4081 8.4956 0.450681 -0.878001 -0.161247
-54.889 67.0391 9.39873 0.458866 -0.875365 -0.151867
-55.2798 66.6345 10.4373 0.470496 -0.864035 -0.1791
-55.6433 66.2334 11.3935 0.474763 -0.8591 -0.191174
-55.9082 65.9071 12.2043 0.481982 -0.854037 -0.195481
-56.1393 65.48 13.4474 0.430967 -0.877199 -0.211592
-56.1274 65.283 14.3788 0.472442 -0.856983 -0.204918
-56.0034 65.0547 15.5498 0.460687 -0.861772 -0.212402
-55.7968 64.8444 16.8179 0.466543 -0.856699 -0.21991
-55.5255 64.7459 17.7968 0.460243 -0.860551 -0.218234
-55.2062 64.6675 18.6829 0.472236 -0.844917 -0.251212
-54.6453 64.5356 20.1445 0.449459 -0.855504 -0.257097
-54.2123 64.3973 21.335 0.431824 -0.857546 -0.278876
-53.7332 64.1645 22.7075 0.412979 -0.861179 -0.296342
-53.4248 63.7562 24.1861 0.413838 -0.843148 -0.343242
-53.3088 63.4487 25.0733 0.409871 -0.844593 -0.344478
-53.1825 63.0749 26.1469 0.40573 -0.846257 -0.345273
-52.8933 62.6813 27.436 0.405199 -0.844834 -0.349385
-52.5944 62.2896 28.7008 0.4079 -0.836354 -0.366172
-52.3446 62.0076 29.6058 0.404523 -0.835198 -0.372566
-51.7861 61.7597 30.7545 0.39327 -0.839821 -0.374219
-51.0459 61.7094 31.6537 0.381066 -0.842789 -0.380044
-50.3336 61.745 32.2716 0.373988 -0.842004 -0.388774
-49.3544 61.8672 32.9368 0.370309 -0.843036 -0.390078
-48.5587 61.9778 33.445 0.364632 -0.844371 -0.392532
-47.615 62.1256 33.9736 0.344656 -0.8527 -0.392576
-46.3924 62.3282 34.58 0.329879 -0.858558 -0.392502
-45.1657 62.6115 34.9751 0.328728 -0.853909 -0.403457
-44.3484 62.9538 34.9037 0.308297 -0.861089 -0.404325
-43.6884 63.3953 34.4666 0.308906 -0.859669 -0.406864
-43.0457 64.0023 33.6215 0.27472 -0.872819 -0.403381
-42.3581 64.6242 32.7069 0.273946 -0.883201 -0.380671
-41.7237 65.1049 32.0056 0.285284 -0.89695 -0.337088
-40.8365 65.7374 31.1593 0.283928 -0.889061 -0.358442
-39.9258 66.2727 30.4153 0.230214 -0.904969 -0.357793
-38.8519 66.8 29.5918 0.184614 -0.92513 -0.331649
-37.8103 67.2299 29.0025 0.113993 -0.910972 -0.393692
-36.715 67.5576 28.4116 0.103373 -0.932363 -0.343054
-35.7494 67.8962 27.7889 0.0638849 -0.905282 -0.419723
-34.9324 68.182 27.1407 -0.0409712 -0.917975 -0.394515
-34.0773 68.5123 26.3613 0.0204154 -0.907563 -0.419419
-33.402 68.8061 25.7585 0.0258304 -0.894296 -0.445724
-32.2671 69.338 24.6684 -0.0399619 -0.881188 -0.470596
-31.8427 69.7061 23.9209 -0.04537 -0.88608 -0.461307
-31.2899 70.2653 22.9826 0.0096621 -0.85796 -0.513396
-31.2799 70.276 22.9644 0.0162085 -0.86373 -0.503663
-30.4741 69.9316 23.4535 -0.0358289 -0.842602 -0.537343
-30.1076 70.3685 22.7439 -0.0338103 -0.847551 -0.529551
-29.7151 70.8584 21.901 -0.0417071 -0.857786 -0.512313
-29.4177 71.3657 20.9869 -0.0521007 -0.88129 -0.469696
-29.2031 71.8049 20.1592 -0.04935 -0.873028 -0.485167
-29.0682 72.3039 19.2627 -0.034294 -0.866309 -0.49833
-28.8513 72.8721 18.2104 -0.0473681 -0.889914 -0.453097
-28.605 73.5453 16.7806 -0.0646525 -0.901129 -0.428704
-28.666 74.1584 15.495 -0.022449 -0.903697 -0.427585
-28.7869 74.5418 14.6278 -0.0297183 -0.933644 -0.356966
-28.9398 74.8725 13.6723 0.0724405 -0.951905 -0.297584
-29.1125 75.2093 12.544 0.0641275 -0.951428 -0.301039
-29.3634 75.584 11.337 0.0595074 -0.948305 -0.311697
-29.7087 75.8966 10.3363 0.0613743 -0.954651 -0.290035
-30.2334 76.2062 9.06227 0.0718643 -0.960461 -0.268877
-30.6442 76.4641 7.95781 0.114598 -0.970033 -0.213843
-31.1606 76.6814 6.65112 0.106095 -0.968179 -0.225862
-31.6171 76.834 5.66411 0.157742 -0.970466 -0.18252
-32.1656 76.9136 4.77717 0.153187 -0.970604 -0.185641
-32.7594 76.9588 4.00428 0.157353 -0.9784 -0.133951
-33.621 76.8769 3.24454 0.219275 -0.964502 -0.146784
-34.3571 76.8037 2.68651 0.246508 -0.957251 -0.147441
-35.5267 76.5793 1.89945 0.280882 -0.948706 -0.145065
-36.6476 76.3429 1.23683 0.274332 -0.952047 -0.134732
-37.7041 76.0479 0.768797 0.330605 -0.93557 -0.12413
-38.5348 75.7909 0.439829 0.338604 -0.9331 -0.121128
-39.8879 75.3365 0.128417 0.350375 -0.93488 -0.0568899
-40.8942 74.9664 0.0083887 0.355936 -0.932936 -0.0539006
-42.0914 74.5057 -0.0411255 0.362648 -0.930472 -0.051964
-42.9456 74.1445 -0.0626531 0.385899 -0.918972 -0.081065
-43.7963 73.7847 -0.0644851 0.395519 -0.914929 -0.0804349
-44.7904 73.3429 0.0423544 0.401266 -0.912636 -0.0779776
-45.7602 72.8904 0.240588 0.408888 -0.908462 -0.0866487
-46.7659 72.3992 0.56167 0.423638 -0.901662 -0.0868117
-47.995 71.7693 1.11893 0.425145 -0.901502 -0.0809011
-48.8232 71.3389 1.51349 0.437154 -0.89452 -0.0934376
-49.7408 70.8484 1.93848 0.430658 -0.89688 -0.100666
-50.514 70.4278 2.36146 0.43112 -0.896377 -0.103168
-51.2577 70.0313 2.70873 0.437434 -0.891185 -0.11877
-52.0891 69.5293 3.23587 0.44955 -0.883128 -0.134124
-52.8791 69.0179 3.91984 0.452237 -0.881162 -0.137966
-53.3984 68.6455 4.59788 0.46316 -0.875421 -0.13767
-53.8563 68.2757 5.39415 0.433777 -0.886522 -0.160986
-54.3403 67.884 6.24999 0.432398 -0.886793 -0.163162
-54.7581 67.5343 7.03133 0.435099 -0.884727 -0.167123
-55.1922 67.1508 7.91085 0.438532 -0.882738 -0.16871
-55.5749 66.7927 8.73691 0.458612 -0.874179 -0.159644
-55.9552 66.4008 9.80572 0.458728 -0.871177 -0.173767
-56.4006 65.9483 10.7944 0.465628 -0.867302 -0.175818
-56.7225 65.5695 11.8098 0.449987 -0.872882 -0.188594
-57.0092 65.13 13.1251 0.446947 -0.873526 -0.192791
-57.0206 64.8422 14.3097 0.43333 -0.87664 -0.209111
-56.9113 64.6539 15.2739 0.431263 -0.874492 -0.22198
-56.7817 64.4885 16.1747 0.430965 -0.873491 -0.22637
-56.4622 64.2952 17.5458 0.466544 -0.856699 -0.219909
-56.1031 64.2053 18.6092 0.468932 -0.850831 -0.237043
-55.6702 64.1105 19.7501 0.455389 -0.853432 -0.253523
-55.278 64.0022 20.8134 0.448962 -0.853593 -0.26412
-54.8218 63.8389 22.0754 0.452439 -0.84541 -0.283676
-54.4103 63.6122 23.3331 0.418427 -0.848995 -0.322097
-54.2885 63.3121 24.2278 0.409473 -0.847532 -0.337671
-54.1747 63.0205 25.099 0.407582 -0.847845 -0.339155
-53.9668 62.611 26.3624 0.405727 -0.846258 -0.345275
-53.7438 62.2266 27.5592 0.397298 -0.846172 -0.355024
-53.403 61.7966 28.9228 0.40298 -0.840316 -0.362478
-53.0746 61.4259 30.1155 0.406267 -0.835236 -0.370565
-52.6358 61.2476 31.0096 0.398748 -0.840234 -0.367354
-51.7757 61.1754 32.0867 0.398656 -0.83724 -0.374302
-50.6487 61.2492 33.0458 0.381514 -0.841375 -0.382798
-49.8038 61.3564 33.6227 0.369263 -0.846267 -0.384028
-48.8696 61.498 34.2087 0.365635 -0.847994 -0.383667
-47.9864 61.6202 34.7251 0.348876 -0.847512 -0.399983
-47.1488 61.776 35.1353 0.353295 -0.845763 -0.399834
-46.2349 61.9223 35.5737 0.32597 -0.851691 -0.410324
-45.2285 62.1658 35.8668 0.323675 -0.851846 -0.411699
-44.1959 62.5328 35.9034 0.314217 -0.851011 -0.42077
-43.2191 63.1246 35.407 0.303965 -0.863766 -0.401827
-42.4754 63.7909 34.4666 0.28026 -0.880644 -0.381995
-41.9079 64.334 33.6335 0.242121 -0.885911 -0.395651
-41.3669 64.7802 32.9808 0.252765 -0.873578 -0.415685
-40.7764 65.239 32.3999 0.265322 -0.869365 -0.416904
-40.1191 65.6809 31.7908 0.233732 -0.903678 -0.358796
-39.2951 66.1565 31.1257 0.210994 -0.915627 -0.341108
-38.2598 66.6531 30.3311 0.184609 -0.925132 -0.331647
-37.165 67.0637 29.7099 0.150205 -0.93117 -0.332206
-36.3824 67.2888 29.3053 0.0226039 -0.951355 -0.307268
-35.5275 67.5168 28.7699 0.0749908 -0.930414 -0.358755
-34.8016 67.7217 28.2352 -0.0232271 -0.92596 -0.376907
-33.8732 68.0194 27.403 -0.0351424 -0.912615 -0.405015
-32.9992 68.3608 26.6101 -0.101747 -0.89968 -0.424528
-32.2976 68.6074 26.0059 -0.0579647 -0.88665 -0.458793
-31.4256 69.0655 25.0594 -0.0621628 -0.874328 -0.481334
-30.7985 69.6062 24.0094 -0.0479349 -0.860561 -0.506689
-30.4992 69.9034 23.4993 -0.0422242 -0.846482 -0.530645
-29.6896 69.6028 23.9148 -0.036701 -0.853189 -0.519836
-30.0938 69.1792 24.7015 -0.0443541 -0.871419 -0.488529
-30.5341 68.8051 25.4129 -0.0733543 -0.863082 -0.499197
-31.17 68.388 26.2022 -0.102268 -0.860199 -0.498817
-32.1265 68.0984 26.968 -0.0900399 -0.877454 -0.469822
-33.1834 67.7084 28.0407 -0.0734597 -0.913433 -0.400304
-34.1289 67.425 28.8872 -0.121675 -0.928008 -0.345694
-34.8338 67.2786 29.4289 0.0107994 -0.954672 -0.297463
-35.7649 67.0428 30.0083 -0.00572764 -0.926484 -0.376292
-37.0273 66.6905 30.6697 0.0816984 -0.903132 -0.421519
-37.9821 66.3658 31.2621 0.197641 -0.917781 -0.343551
-38.6611 66.0175 31.8444 0.197328 -0.907211 -0.369885
-39.4609 65.5573 32.4772 0.197284 -0.898829 -0.39139
-40.1742 65.1016 33.1215 0.291675 -0.877502 -0.380679
-40.9098 64.5448 33.8969 0.28293 -0.894426 -0.346077
-41.4729 64.0518 34.7211 0.284831 -0.902907 -0.321918
-42.1144 63.4688 35.619 0.356763 -0.883791 -0.302238
-42.6189 63.0213 36.2496 0.383927 -0.867 -0.317664
-43.7418 62.2262 36.8976 0.325997 -0.856636 -0.399873
-44.8685 61.7956 36.9049 0.317784 -0.857775 -0.403932
-46.0424 61.4957 36.6172 0.329556 -0.852952 -0.404803
-46.9056 61.3471 36.2288 0.332601 -0.848671 -0.411258
-47.7208 61.2238 35.7983 0.353339 -0.845831 -0.399652
-48.6412 61.0754 35.333 0.343656 -0.852501 -0.39386
-50.0617 60.8833 34.4321 0.366354 -0.851071 -0.376116
-50.8632 60.7697 33.8961 0.376777 -0.845791 -0.377724
-51.6111 60.6928 33.3196 0.387432 -0.83973 -0.38027
-52.6131 60.6278 32.4211 0.398064 -0.83562 -0.3785
-53.2658 60.6636 31.6473 0.397493 -0.837716 -0.374475
-53.8009 60.8329 30.6861 0.394834 -0.84273 -0.365861
-54.2336 61.1527 29.5097 0.391452 -0.841556 -0.372215
-54.4382 61.5943 28.2744 0.390357 -0.847061 -0.360706
-54.6244 61.8787 27.3942 0.405902 -0.847346 -0.342348
-54.7997 62.1801 26.43 0.411151 -0.844447 -0.343286
-54.9873 62.4767 25.4819 0.407582 -0.847845 -0.339156
-55.1312 62.8236 24.4326 0.407913 -0.848647 -0.336754
-55.3056 63.1434 23.3588 0.435901 -0.841073 -0.320291
-55.6111 63.3384 22.2928 0.445758 -0.848445 -0.285087
-55.9977 63.496 21.195 0.454908 -0.848184 -0.271371
-56.5287 63.6372 19.8227 0.449442 -0.857576 -0.25013
-57.0521 63.733 18.4896 0.449341 -0.863283 -0.229859
-57.3995 63.8481 17.4316 0.445507 -0.857931 -0.255887
-57.6053 64.0073 16.4542 0.434793 -0.872846 -0.221573
-57.8 64.2283 15.213 0.434907 -0.871856 -0.22522
-57.8939 64.5345 13.7581 0.429809 -0.88009 -0.201102
-57.8153 64.7833 12.8488 0.443557 -0.874397 -0.196646
-57.6199 65.1188 11.7246 0.462446 -0.869081 -0.175619
-57.3739 65.4299 10.8068 0.460878 -0.871104 -0.169618
-56.9446 65.8877 9.69937 0.468042 -0.862999 -0.190184
-56.5488 66.2775 8.79959 0.449408 -0.879358 -0.157359
-56.1259 66.7045 7.74075 0.441938 -0.877682 -0.18538
-55.5934 67.1933 6.64386 0.438377 -0.882877 -0.168388
-55.1883 67.5374 5.87312 0.435447 -0.885885 -0.159977
-54.6967 67.9298 5.03447 0.433423 -0.886753 -0.160668
-54.1129 68.3818 4.00409 0.438694 -0.888608 -0.133879
-53.4932 68.8296 3.13908 0.449034 -0.883257 -0.134864
-52.6359 69.3768 2.40892 0.45142 -0.882184 -0.134041
-51.9519 69.7895 1.98209 0.427175 -0.897225 -0.111841
-51.0614 70.2633 1.55795 0.42133 -0.899947 -0.112144
-50.1539 70.7439 1.11479 0.426981 -0.897929 -0.106819
-49.3708 71.1613 0.736236 0.425151 -0.899161 -0.103642
-48.3989 71.671 0.257642 0.42188 -0.901 -0.10108
-47.5083 72.1269 -0.171577 0.414024 -0.905663 -0.0914232
-46.2983 72.7301 -0.632273 0.412365 -0.907174 -0.0835504
-45.0884 73.2963 -0.914582 0.402183 -0.911933 -0.0813992
-43.9961 73.782 -1.01412 0.394875 -0.915154 -0.0810342
-42.9241 74.2366 -1.03249 0.381202 -0.92165 -0.0724321
-42.0671 74.5807 -1.03759 0.342597 -0.936541 -0.0742873
-41.215 74.8985 -1.0156 0.364416 -0.92968 -0.0536166
-40.3177 75.249 -0.922776 0.359848 -0.930902 -0.0617793
-38.861 75.7833 -0.658516 0.357248 -0.931268 -0.0715094
-37.9641 76.0843 -0.373001 0.342054 -0.935917 -0.0839371
-36.7908 76.4412 0.0507533 0.309146 -0.945537 -0.101923
-35.7315 76.7048 0.660988 0.284642 -0.947945 -0.142758
-34.9813 76.8567 1.13572 0.265611 -0.954077 -0.13766
-34.0839 77.0151 1.72872 0.242224 -0.960887 -0.133609
-33.1808 77.1215 2.36892 0.220893 -0.961066 -0.166007
-32.3763 77.1659 3.07184 0.19692 -0.963983 -0.178771
-31.7237 77.1599 3.76332 0.18179 -0.966334 -0.182074
-30.9413 77.083 4.92168 0.134318 -0.975201 -0.174111
-30.3659 76.9003 6.12797 0.0967174 -0.965224 -0.242875
-30.0442 76.7336 6.96028 0.101969 -0.97279 -0.207849
-29.6743 76.5913 7.83649 0.078809 -0.968058 -0.234561
-29.2387 76.2958 8.96235 0.0444534 -0.963698 -0.262901
-28.7822 76.0099 10.1529 0.0551707 -0.964822 -0.256733
-28.4812 75.7234 11.0296 0.0244413 -0.945671 -0.324204
-28.2789 75.4639 11.8729 0.0178499 -0.955934 -0.293039
-28.098 75.1351 12.8924 0.005546 -0.944413 -0.327698
-27.9566 74.8322 13.8081 -0.0204642 -0.941241 -0.336083
-27.7588 74.4228 14.8535 -0.0282234 -0.933079 -0.358556
-27.664 74.0395 15.6809 -0.0319849 -0.899102 -0.43657
-27.6153 73.4039 16.9742 -0.0288668 -0.895709 -0.443704
-27.7089 73.0096 17.8 -0.0136382 -0.905133 -0.424909
-28.0004 72.5706 18.7272 -0.0321427 -0.888329 -0.457913
-28.0694 72.1063 19.5677 -0.0175762 -0.871598 -0.489906
-28.2017 71.643 20.3869 -0.016793 -0.868191 -0.495946
-28.4844 71.1196 21.3066 -0.0351863 -0.867674 -0.495887
-28.7692 70.6488 22.1553 -0.0561035 -0.853845 -0.517473
-29.1869 70.1642 22.9947 -0.0511188 -0.846835 -0.529254
-29.464 69.8545 23.5022 -0.0437392 -0.842034 -0.537649
-28.7193 69.4969 24.0398 -0.0296549 -0.864342 -0.502029
-28.0534 70.2017 22.8131 -0.0464046 -0.852212 -0.521134
-27.6982 70.6822 21.993 -0.0497216 -0.856479 -0.513782
-27.4015 71.2074 21.0761 -0.0310583 -0.862171 -0.505526
-27.1292 71.6706 20.269 -0.0723093 -0.852171 -0.517919
-27.0979 72.1666 19.4256 -0.0248874 -0.877126 -0.479412
-26.8318 72.7001 18.3843 -0.0320896 -0.894006 -0.446904
-26.6359 73.0979 17.5753 -0.0261067 -0.897619 -0.439886
-26.6349 73.557 16.6211 -0.0172035 -0.898285 -0.439076
-26.6859 74.0346 15.6449 -0.00568003 -0.892338 -0.450975
-26.8971 74.6464 14.2904 0.0253034 -0.93398 -0.356429
-27.0548 74.968 13.3577 -0.067744 -0.927688 -0.367159
-27.2497 75.3774 12.2334 -0.00466531 -0.960072 -0.278102
-27.4165 75.6402 11.3005 -0.032164 -0.961009 -0.27449
-27.7401 75.9728 10.2046 -0.0254078 -0.960291 -0.277813
-28.143 76.2914 9.12374 -0.0180792 -0.960253 -0.278409
-28.5149 76.5381 8.22362 0.000467785 -0.966136 -0.258034
-28.8609 76.7605 7.37764 0.00366384 -0.976508 -0.214667
-29.2839 76.9449 6.38169 0.101125 -0.967968 -0.229353
-29.5999 77.1091 5.48726 0.0781104 -0.976313 -0.201771
-30.2707 77.2986 4.21274 0.129221 -0.967865 -0.215731
-31.159 77.416 2.97313 0.153099 -0.974347 -0.164952
-32.1496 77.408 1.99574 0.206019 -0.961875 -0.179868
-33.094 77.3193 1.26043 0.22666 -0.964492 -0.13548
-33.9477 77.1912 0.683699 0.253275 -0.958381 -0.131708
-35.0943 76.9923 -0.0696297 0.255571 -0.957722 -0.132108
-36.1195 76.7512 -0.671395 0.320819 -0.944611 -0.06918
-37.1504 76.435 -1.10126 0.312149 -0.948072 -0.0610129
-38.0613 76.1438 -1.41344 0.344882 -0.934749 -0.0854462
-39.0567 75.7951 -1.69135 0.358224 -0.929271 -0.0901715
-40.3082 75.3336 -1.90636 0.360555 -0.928197 -0.0918677
-41.1542 75.0126 -2.00812 0.360989 -0.92781 -0.0940715
-42.2169 74.6063 -2.05195 0.350758 -0.932547 -0.084487
-43.402 74.1161 -2.02495 0.381927 -0.921439 -0.0712881
-44.4078 73.6868 -1.98184 0.389435 -0.918217 -0.0722209
-45.2815 73.2988 -1.89777 0.402767 -0.911315 -0.0853389
-46.1055 72.919 -1.73139 0.412364 -0.907175 -0.0835429
-47.3068 72.334 -1.29483 0.416047 -0.904364 -0.0943613
-48.2184 71.8724 -0.903539 0.41749 -0.904936 -0.0824157
-49.2805 71.3311 -0.379978 0.42014 -0.901056 -0.107607
-50.283 70.8024 0.134512 0.420212 -0.900899 -0.108633
-51.222 70.3093 0.582531 0.420485 -0.90055 -0.110457
-51.9822 69.9047 0.943046 0.426717 -0.897357 -0.112533
-53.1787 69.2265 1.56888 0.449027 -0.881742 -0.144588
-53.8207 68.819 2.06657 0.45208 -0.882271 -0.1312
-54.4798 68.3834 2.84423 0.422317 -0.895595 -0.139848
-55.2008 67.8527 4.02935 0.425151 -0.893926 -0.141927
-55.8454 67.3363 5.19134 0.436948 -0.885433 -0.158384
-56.501 66.7829 6.41974 0.430526 -0.883696 -0.183655
-56.9303 66.409 7.22252 0.439998 -0.878965 -0.183887
-57.2939 66.0505 8.07933 0.437705 -0.880888 -0.180126
-57.5802 65.7238 8.95501 0.446696 -0.871098 -0.203514
-57.9984 65.286 9.87774 0.458889 -0.869358 -0.183153
-58.4131 64.8257 11.134 0.433932 -0.880565 -0.189788
-58.692 64.3939 12.5105 0.458218 -0.871388 -0.175268
-58.8073 64.1524 13.5435 0.430573 -0.886083 -0.169478
-58.7659 63.9411 14.5424 0.418865 -0.880765 -0.220446
-58.6399 63.7615 15.4387 0.424633 -0.872435 -0.241686
-58.4548 63.5758 16.4734 0.439397 -0.869898 -0.22407
-58.2594 63.3776 17.5455 0.429264 -0.864273 -0.26223
-57.9977 63.2551 18.4496 0.439783 -0.869313 -0.225578
-57.6486 63.21 19.2908 0.439371 -0.865674 -0.239908
-57.1254 63.0979 20.5904 0.438183 -0.859082 -0.264526
-56.7962 63.0083 21.4253 0.437744 -0.859186 -0.264914
-56.3997 62.8528 22.5496 0.432231 -0.857746 -0.278296
-56.0905 62.562 23.8544 0.419616 -0.855519 -0.303331
-55.9353 62.1645 25.1227 0.396045 -0.861887 -0.315531
-55.7971 61.8734 26.038 0.360376 -0.849103 -0.386203
-55.6265 61.58 26.9701 0.371516 -0.875898 -0.307862
-55.4364 61.2761 27.9635 0.376527 -0.849205 -0.370242
-55.2519 60.9344 28.931 0.388192 -0.844522 -0.368904
-54.9709 60.5149 30.1747 0.38938 -0.84138 -0.374784
-54.4238 60.2427 31.3586 0.395727 -0.837478 -0.376857
-53.9301 60.1153 32.1674 0.398125 -0.836261 -0.37704
-53.2539 60.0842 32.9406 0.394407 -0.835698 -0.382167
-52.1831 60.151 33.9046 0.397134 -0.834164 -0.382693
-51.2107 60.2684 34.6525 0.39019 -0.83474 -0.388518
-49.857 60.4889 35.523 0.381299 -0.840886 -0.383978
-49.0869 60.5808 36.0152 0.343729 -0.858439 -0.380701
-48.1491 60.7231 36.5016 0.338289 -0.846676 -0.410731
-47.2024 60.8621 36.9964 0.333401 -0.850702 -0.406386
-46.2285 61.0124 37.4807 0.333301 -0.85072 -0.406429
-44.9222 61.3553 37.8101 0.324157 -0.858145 -0.398133
-44.0685 61.6483 37.8752 0.372114 -0.83956 -0.392072
-42.9061 62.2099 37.6977 0.365199 -0.864838 -0.344506
-42.0452 62.9076 37.1709 0.403522 -0.822856 -0.396011
-41.5093 63.3929 36.5357 0.366028 -0.876008 -0.314059
-40.7929 63.9436 35.524 0.199592 -0.923728 -0.319862
-40.3717 64.3506 34.8064 0.194483 -0.910659 -0.362596
-39.8633 64.7467 34.1558 0.193289 -0.897924 -0.395333
-38.9124 65.3406 33.2514 0.195448 -0.900251 -0.38902
-38.0382 65.8469 32.5577 0.184841 -0.886153 -0.424815
-37.1232 66.3699 31.8115 0.151205 -0.940463 -0.291184
-35.8781 66.619 31.139 0.0177987 -0.956029 -0.292616
-34.9426 66.8539 30.6096 0.050275 -0.929313 -0.365854
-33.7839 67.0724 29.837 -0.159281 -0.942979 -0.292266
-33.0182 67.2071 29.1518 -0.0784861 -0.913081 -0.400114
-32.3414 67.4439 28.4898 -0.0734514 -0.913434 -0.400302
-31.476 67.7075 27.6078 -0.149343 -0.90911 -0.388866
-30.5073 67.9732 26.7863 -0.141323 -0.890268 -0.432063
-29.6414 68.585 25.7067 -0.0422922 -0.861167 -0.506382
-29.1047 69.0696 24.8071 -0.04633 -0.869227 -0.492215
-28.7801 69.4291 24.16 -0.0296603 -0.86434 -0.502032
-27.9562 69.0819 24.592 -0.0942922 -0.848048 -0.521463
-27.3947 69.7073 23.5093 -0.0739241 -0.837252 -0.541798
-26.9535 70.2213 22.632 -0.108614 -0.845981 -0.522034
-26.5942 70.8062 21.6081 -0.101496 -0.843989 -0.52659
-26.3622 71.2613 20.8475 -0.0871667 -0.850871 -0.517744
-26.219 71.7363 20.0517 -0.0708766 -0.845489 -0.529268
-26.0974 72.2166 19.2175 -0.0816175 -0.868444 -0.489022
-25.7896 72.7284 18.2385 -0.0532298 -0.890655 -0.451554
-25.6603 73.1468 17.398 -0.0663018 -0.89395 -0.442946
-25.6645 73.5859 16.4747 -0.0757584 -0.902054 -0.424923
-25.7048 73.9896 15.6412 -0.0763706 -0.894219 -0.44095
-25.8817 74.454 14.5398 -0.160975 -0.941542 -0.29595
-26.0734 74.8971 13.2926 -0.122915 -0.937112 -0.326669
-26.2902 75.3867 11.9414 -0.124263 -0.940997 -0.314776
-26.4823 75.6801 11.0583 -0.0272249 -0.957019 -0.288641
-26.7675 75.9683 10.143 -0.021896 -0.955536 -0.294062
-27.2038 76.3443 8.88636 -0.0160591 -0.962659 -0.270239
-27.545 76.5881 8.03823 -0.00779576 -0.964398 -0.264136
-28.033 76.8562 6.93577 -0.00894168 -0.973687 -0.227715
-28.5662 77.1729 5.56236 0.0138295 -0.969828 -0.243397
-28.9872 77.3781 4.47038 0.0940631 -0.97626 -0.195112
-29.7837 77.5404 3.25609 0.10475 -0.977422 -0.183208
-30.5454 77.6406 2.21618 0.130536 -0.976632 -0.169167
-31.4271 77.6762 1.38939 0.175888 -0.965595 -0.188908
-32.2032 77.5935 0.762641 0.22385 -0.965636 -0.132052
-33.3417 77.4285 0.0081525 0.226635 -0.966257 -0.122409
-34.3077 77.2841 -0.666382 0.280056 -0.948517 -0.144916
-35.1877 77.1111 -1.24023 0.324564 -0.943357 -0.0688106
-36.1305 76.821 -1.71518 0.32754 -0.942846 -0.0613124
-36.9637 76.5571 -2.04418 0.307853 -0.94915 -0.0655798
-38.0896 76.2243 -2.40835 0.324224 -0.942488 -0.0777885
-39.1781 75.8467 -2.70477 0.352818 -0.931577 -0.0874149
-40.0553 75.5236 -2.85901 0.358047 -0.929328 -0.0902913
-40.9051 75.2049 -2.94809 0.360551 -0.928198 -0.0918729
-42.2802 74.6404 -3.05104 0.383914 -0.921917 -0.0517591
-43.4242 74.1812 -2.98513 0.375574 -0.924671 -0.0614874
-44.4481 73.7457 -2.93607 0.388376 -0.918599 -0.0730799
-45.37 73.3501 -2.86283 0.395569 -0.914958 -0.0792123
-46.3897 72.8831 -2.65843 0.399319 -0.912655 -0.0872063
-47.6222 72.2778 -2.20852 0.426026 -0.900057 -0.0916491
-48.6528 71.7603 -1.7744 0.394794 -0.914611 -0.0873224
-49.5186 71.3302 -1.36545 0.415429 -0.904668 -0.0948381
-50.6444 70.7392 -0.745657 0.419774 -0.901228 -0.107595
-51.866 70.0979 -0.176102 0.42509 -0.89858 -0.10887
-52.8263 69.5832 0.305919 0.433049 -0.893999 -0.114797
-53.7727 69.0568 0.758788 0.444205 -0.88619 -0.130828
-54.5008 68.6096 1.36384 0.421185 -0.895197 -0.145692
-55.0866 68.2244 2.04368 0.420641 -0.895699 -0.144171
-55.6182 67.8399 2.89629 0.409431 -0.899687 -0.151428
-56.0403 67.5112 3.65408 0.416317 -0.89367 -0.167432
-56.6626 67.0186 4.78163 0.417632 -0.895573 -0.153402
-57.1009 66.6632 5.58929 0.432145 -0.882939 -0.18348
-57.5413 66.2664 6.45662 0.430834 -0.884215 -0.180347
-57.9974 65.8571 7.3502 0.428581 -0.882477 -0.193785
-58.2988 65.5088 8.24808 0.428036 -0.880095 -0.203923
-58.6181 65.1634 9.06177 0.421875 -0.881741 -0.209002
-59.0258 64.7665 10.0085 0.396803 -0.892443 -0.214693
-59.293 64.4405 10.9095 0.433934 -0.880564 -0.189787
-59.4492 64.1643 11.7534 0.420181 -0.883267 -0.207314
-59.5991 63.8839 12.8334 0.430242 -0.891353 -0.142763
-59.6508 63.6483 13.9537 0.430906 -0.880811 -0.196195
-59.5692 63.4616 14.8711 0.385457 -0.879258 -0.274538
-59.3621 63.2011 16.1821 0.431692 -0.872338 -0.229497
-59.1906 63.0189 17.2132 0.385667 -0.900285 -0.20164
-58.9167 62.7993 18.4491 0.380683 -0.890736 -0.243979
-58.5691 62.737 19.3056 0.440925 -0.865445 -0.237888
-58.1924 62.6849 20.1618 0.388005 -0.88889 -0.234504
-57.8231 62.5909 21.1914 0.336848 -0.912746 -0.229723
-57.364 62.4637 22.2511 0.387085 -0.882828 -0.260004
-57.0945 62.3151 23.2905 0.40092 -0.886607 -0.230632
-56.914 61.995 24.3907 0.359967 -0.880525 -0.307784
-56.801 61.7303 25.2797 0.38534 -0.874672 -0.294045
-56.6418 61.4332 26.2439 0.348156 -0.873062 -0.341396
-56.4938 61.095 27.3036 0.374019 -0.862553 -0.339049
-56.2569 60.7436 28.3357 0.380364 -0.844616 -0.376759
-56.1084 60.4383 29.1752 0.371122 -0.849547 -0.374879
-55.8353 60.0288 30.3824 0.378096 -0.847779 -0.371907
-55.4329 59.8223 31.2496 0.383748 -0.842825 -0.377338
-54.9564 59.6631 32.0905 0.384257 -0.843899 -0.374402
-54.2702 59.5496 33.0564 0.392015 -0.839445 -0.376288
-53.5977 59.5426 33.7798 0.393612 -0.841 -0.371198
-52.7493 59.6075 34.5184 0.385476 -0.842022 -0.377368
-51.9167 59.704 35.1548 0.386259 -0.841883 -0.376878
-51.0884 59.8454 35.7103 0.406367 -0.840923 -0.356611
-50.2255 60.0153 36.2736 0.365258 -0.857304 -0.361319
-49.4006 60.1092 36.7909 0.335667 -0.844803 -0.416618
-48.2727 60.2532 37.3685 0.328252 -0.85063 -0.410564
-47.4357 60.3891 37.7845 0.341078 -0.838403 -0.424766
-46.5358 60.5096 38.2182 0.321898 -0.827109 -0.46073
-45.3338 60.7876 38.5932 0.341272 -0.825279 -0.449943
-44.2188 61.125 38.7916 0.334416 -0.841173 -0.424965
-42.9899 61.6902 38.7277 0.379033 -0.81428 -0.439638
-42.153 62.208 38.4518 0.32088 -0.806892 -0.495213
-41.4862 62.7437 37.9696 0.335666 -0.829144 -0.445823
-40.8793 63.3184 37.3024 0.214852 -0.878202 -0.408399
-40.2705 63.778 36.4289 0.0835814 -0.909754 -0.406646
-39.7413 64.1596 35.6041 0.161907 -0.92304 -0.348974
-39.2863 64.5423 34.8967 0.185055 -0.900865 -0.392678
-38.3238 65.1304 33.9935 0.173377 -0.901772 -0.395913
-37.6543 65.504 33.4401 0.184842 -0.886154 -0.424812
-36.8556 65.9443 32.7875 0.0799757 -0.872657 -0.48174
-36.0726 66.2119 32.3174 -0.000610928 -0.897459 -0.441097
-34.986 66.4604 31.7129 -0.0866209 -0.884164 -0.459077
-33.8207 66.6415 30.9921 -0.159675 -0.911349 -0.379403
-32.9258 66.7394 30.3222 -0.14984 -0.929 -0.336992
-31.8805 67.0054 29.3511 -0.157664 -0.895309 -0.412204
-31.1654 67.2341 28.5436 -0.179518 -0.880275 -0.439191
-30.3272 67.4253 27.8284 -0.16816 -0.884205 -0.435779
-29.7006 67.6528 27.2262 -0.0685338 -0.864331 -0.498232
-29.0562 68.0621 26.4446 -0.0928423 -0.840662 -0.533097
-28.5117 68.4937 25.6315 -0.11179 -0.845094 -0.5228
-27.9779 69.0584 24.6336 -0.095179 -0.84233 -0.530491
-27.9629 69.0743 24.6057 -0.0947354 -0.845189 -0.525977
-26.9722 68.9526 24.6058 -0.133863 -0.809473 -0.571639
-27.3908 68.4168 25.4696 -0.141747 -0.808977 -0.570494
-27.8868 67.9813 26.2727 -0.14479 -0.83348 -0.53322
-28.5568 67.5021 27.2364 -0.146312 -0.848338 -0.508837
-29.3158 67.1133 28.0759 -0.124894 -0.868822 -0.479114
-29.9904 66.9004 28.6774 -0.191676 -0.87027 -0.45304
-30.7382 66.7408 29.3577 -0.19431 -0.877958 -0.437271
-31.6678 66.4841 30.3651 -0.216552 -0.882709 -0.41705
-32.4034 66.3352 31.0228 -0.189621 -0.87443 -0.446561
-33.4608 66.1701 31.7898 -0.177065 -0.870854 -0.458309
-34.6797 65.9918 32.5577 -0.127956 -0.875257 -0.464473
-35.4555 65.8248 33.0196 -0.0839347 -0.883096 -0.461624
-36.233 65.6417 33.4389 0.0812327 -0.879238 -0.46919
-37.094 65.1929 34.1539 0.0883349 -0.883327 -0.460301
-37.928 64.7766 34.841 0.111799 -0.904655 -0.411218
-38.5488 64.3773 35.5207 0.128961 -0.908343 -0.397847
-39.0812 63.9538 36.3251 0.116057 -0.903129 -0.413388
-39.6687 63.4587 37.2669 0.0878498 -0.905763 -0.414463
-40.2831 62.9731 38.0873 0.0785295 -0.874545 -0.478544
-40.8556 62.5185 38.6883 0.141948 -0.854647 -0.498474
-41.5021 62.0061 39.1676 0.323514 -0.792119 -0.517578
-42.3162 61.468 39.4916 0.309342 -0.809026 -0.499366
-43.1084 61.0784 39.6519 0.305812 -0.820557 -0.482872
-44.3882 60.5659 39.6957 0.334822 -0.822792 -0.459236
-45.3011 60.3003 39.5001 0.338886 -0.8215 -0.458575
-46.4104 60.0437 39.176 0.305246 -0.848735 -0.431509
-47.5855 59.8712 38.6445 0.328815 -0.838079 -0.435054
-48.5854 59.7618 38.1218 0.321994 -0.845818 -0.425287
-49.5731 59.6415 37.5929 0.329465 -0.844757 -0.421709
-50.3748 59.5404 37.1219 0.395547 -0.81932 -0.415039
-51.2961 59.3759 36.525 0.403553 -0.835152 -0.373254
-52.313 59.2004 35.8736 0.386365 -0.841928 -0.376668
-53.0852 59.0946 35.3199 0.385543 -0.84208 -0.377171
-54.1297 58.9872 34.4988 0.372204 -0.851702 -0.368875
-55.0004 59.0151 33.5236 0.386364 -0.850746 -0.356306
-55.5839 59.109 32.697 0.382618 -0.844178 -0.375455
-56.0838 59.2724 31.8188 0.38301 -0.844394 -0.374569
-56.5905 59.5052 30.7904 0.377239 -0.84392 -0.381431
-56.9877 59.8117 29.7206 0.374107 -0.846159 -0.379521
-57.1618 60.2936 28.457 0.371138 -0.850334 -0.37308
-57.3662 60.7619 27.1946 0.365126 -0.855087 -0.367978
-57.5101 61.1108 26.175 0.354175 -0.870668 -0.341317
-57.6333 61.4091 25.265 0.351234 -0.877324 -0.326818
-57.7764 61.6858 24.3038 0.348657 -0.889552 -0.295187
-57.9381 61.9123 23.4325 0.326341 -0.905224 -0.272073
-58.2145 62.0834 22.5169 0.326518 -0.909625 -0.256595
-58.8057 62.2415 21.138 0.333384 -0.908926 -0.250353
-59.1691 62.3449 20.1437 0.320237 -0.923103 -0.212906
-59.6311 62.3703 19.245 0.325885 -0.927795 -0.181649
-59.9811 62.4872 18.1326 0.360799 -0.906415 -0.217132
-60.1038 62.6393 17.1772 0.383139 -0.903294 -0.193041
-60.2741 62.8012 16.1417 0.350797 -0.903619 -0.240902
-60.4423 63.0164 15.2322 0.312789 -0.909098 -0.275143
-60.5557 63.2865 14.0082 0.332952 -0.924028 -0.187921
-60.4774 63.5598 12.7076 0.330697 -0.929962 -0.160653
-60.313 63.842 11.5294 0.358707 -0.918817 -0.164634
-60.1397 64.1253 10.5947 0.403106 -0.889029 -0.217102
-59.9408 64.4278 9.72547 0.399954 -0.890735 -0.215903
-59.4598 64.8965 8.6271 0.390042 -0.896159 -0.211579
-59.0986 65.2792 7.68431 0.399713 -0.890629 -0.216554
-58.6776 65.6896 6.62536 0.399458 -0.898903 -0.179877
-58.1601 66.1116 5.73744 0.430834 -0.884215 -0.180347
-57.5875 66.6203 4.606 0.436533 -0.882641 -0.174308
-57.1804 66.9493 3.84041 0.411869 -0.896016 -0.165887
-56.776 67.2737 3.09223 0.41409 -0.894844 -0.166663
-56.2851 67.6486 2.18282 0.411268 -0.901318 -0.135956
-55.6438 68.0965 1.22413 0.417768 -0.897238 -0.142945
-55.1054 68.4473 0.592939 0.417477 -0.897447 -0.142488
-54.4865 68.8251 0.0566913 0.424881 -0.893759 -0.143771
-53.5671 69.3374 -0.445136 0.416529 -0.897751 -0.143343
-52.7128 69.787 -0.814401 0.418833 -0.898296 -0.132758
-51.8733 70.2488 -1.29456 0.416655 -0.900669 -0.123265
-50.9219 70.7381 -1.67333 0.406828 -0.906443 -0.112656
-50.1736 71.1187 -2.12658 0.401217 -0.910292 -0.101954
-49.3508 71.5305 -2.50821 0.408318 -0.907573 -0.0979158
-48.5114 71.9436 -2.86596 0.407093 -0.907024 -0.106998
-47.4097 72.4967 -3.3249 0.41256 -0.906486 -0.0898791
-46.3528 72.9897 -3.66764 0.400257 -0.912794 -0.081239
-45.1859 73.5118 -3.84859 0.394822 -0.915624 -0.075818
-44.2924 73.8965 -3.91601 0.384186 -0.919989 -0.0773835
-42.9429 74.4441 -4.04639 0.355236 -0.931692 -0.0758795
-41.7559 74.9246 -4.02347 0.396991 -0.914822 -0.0741547
-40.4705 75.4724 -3.89351 0.397576 -0.914556 -0.0743014
-39.4831 75.85 -3.73805 0.368871 -0.922518 -0.113551
-38.4611 76.2189 -3.49078 0.330527 -0.936378 -0.115607
-37.524 76.4954 -3.22848 0.309862 -0.944689 -0.107456
-36.2252 76.9153 -2.76152 0.369575 -0.921482 -0.11952
-35.0205 77.2855 -2.21927 0.353443 -0.924591 -0.142075
-33.914 77.5642 -1.56597 0.304729 -0.938814 -0.160523
-33.038 77.7046 -0.889176 0.246832 -0.946995 -0.205549
-32.2607 77.7894 -0.360169 0.23058 -0.949664 -0.2116
-31.0744 77.9063 0.479485 0.185057 -0.966909 -0.167479
-30.2037 77.8811 1.23548 0.127164 -0.972529 -0.194714
-29.4782 77.8068 2.04915 0.126045 -0.97292 -0.193704
-28.6517 77.678 3.16577 0.105867 -0.972806 -0.205931
-28.0933 77.5651 4.0089 0.0565186 -0.9723 -0.220542
-27.59 77.2038 5.48249 0.00774482 -0.970659 -0.240335
-27.1793 76.9484 6.55818 0.0086597 -0.975857 -0.217622
-26.7339 76.7388 7.47451 0.000411197 -0.965751 -0.257465
-26.2949 76.386 8.64022 -0.0236452 -0.961352 -0.274028
-25.8549 75.9974 9.88336 -0.0573587 -0.955503 -0.289351
-25.5298 75.6887 10.8192 -0.101398 -0.937223 -0.333664
-25.2583 75.1941 12.1346 -0.103266 -0.938697 -0.328914
-25.0811 74.8054 13.2754 -0.0621071 -0.953889 -0.293665
-24.9161 74.3659 14.5453 -0.0860609 -0.93313 -0.348334
-24.7156 73.7087 16.0393 -0.105312 -0.901327 -0.420141
-24.7212 73.2878 16.9349 -0.115826 -0.890465 -0.438481
-24.6814 72.6964 18.102 -0.149072 -0.887269 -0.436429
-24.972 72.3072 18.8878 -0.0698243 -0.865231 -0.49648
-25.288 71.784 19.8507 -0.0762403 -0.856967 -0.509145
-25.3806 71.2841 20.6484 -0.083289 -0.836994 -0.540837
-25.622 70.7179 21.578 -0.0916014 -0.841939 -0.53174
-25.9102 70.1724 22.5227 -0.0880024 -0.852622 -0.515065
-26.3704 69.577 23.538 -0.0982086 -0.831053 -0.547454
-26.8973 69.0499 24.4524 -0.114572 -0.820697 -0.559225
-26.9247 69.0167 24.5046 -0.124766 -0.808519 -0.575084
-25.9137 68.7595 24.6478 -0.12355 -0.807072 -0.577382
-26.3213 68.26 25.442 -0.121455 -0.816186 -0.564771
-27.0008 67.6913 26.4745 -0.15473 -0.831371 -0.533742
-27.756 67.1557 27.587 -0.14284 -0.849907 -0.507203
-28.4415 66.8032 28.42 -0.116817 -0.873397 -0.472791
-29.4938 66.4476 29.3854 -0.153855 -0.895748 -0.415397
-30.2937 66.2741 30.1635 -0.192067 -0.900922 -0.388879
-31.0745 66.072 30.974 -0.182044 -0.895978 -0.405005
-31.7673 65.9017 31.5764 -0.165456 -0.870388 -0.461819
-32.4844 65.7465 32.1773 -0.205734 -0.859626 -0.467671
-33.3766 65.713 32.7351 -0.129723 -0.916472 -0.378485
-34.1688 65.5512 33.3511 -0.0626545 -0.889387 -0.452841
-35.0318 65.3841 33.7986 -0.0716649 -0.887729 -0.454659
-35.8386 65.1896 34.2242 -0.00312236 -0.857918 -0.512941
-36.6091 64.7906 35.049 -0.00313173 -0.91268 -0.408663
-37.3801 64.4956 35.6105 0.0851469 -0.912161 -0.399546
-37.9175 64.1367 36.251 0.114862 -0.909091 -0.400305
-38.5891 63.5872 37.2929 0.135438 -0.9051 -0.403051
-39.3004 62.9387 38.3381 0.102498 -0.878597 -0.466436
-39.9507 62.4363 39.0975 0.0954377 -0.864131 -0.494135
-40.4861 62.0292 39.7059 0.122953 -0.866326 -0.483198
-41.202 61.5665 40.0259 0.307306 -0.815412 -0.49054
-42.2704 60.907 40.469 0.302965 -0.819588 -0.4863
-43.3229 60.4717 40.557 0.300587 -0.82408 -0.480146
-44.6822 59.9723 40.5728 0.316469 -0.830079 -0.458179
-45.5578 59.7343 40.3501 0.31187 -0.844953 -0.433549
-46.4835 59.5363 40.1083 0.290872 -0.849753 -0.439674
-47.772 59.3854 39.4816 0.310885 -0.851675 -0.421891
-48.6152 59.3067 39.0134 0.31517 -0.851083 -0.419903
-49.9558 59.1646 38.2691 0.324093 -0.852101 -0.410959
-50.8012 59.0486 37.7949 0.368608 -0.858267 -0.357079
-51.7904 58.874 37.2104 0.361586 -0.862735 -0.35333
-53.2023 58.6577 36.2644 0.363271 -0.867559 -0.339599
-53.9892 58.5024 35.8133 0.367904 -0.860513 -0.352345
-55.1565 58.456 34.6892 0.37192 -0.85571 -0.359632
-56.1475 58.6121 33.2709 0.372513 -0.856822 -0.35643
-56.8186 58.7895 32.1762 0.36767 -0.852619 -0.371243
-57.2831 58.9516 31.352 0.370603 -0.850375 -0.373517
-57.7171 59.2705 30.1955 0.37392 -0.847148 -0.377474
-58.0187 59.6304 29.1094 0.37027 -0.846083 -0.383464
-58.1775 60.0834 27.941 0.368823 -0.849339 -0.377614
-58.3 60.4968 26.8787 0.359091 -0.861039 -0.360091
-58.4101 60.897 25.7894 0.341557 -0.87743 -0.336831
-58.646 61.3713 24.287 0.336899 -0.887474 -0.313875
-58.8816 61.5864 23.3698 0.330109 -0.902359 -0.277086
-59.2438 61.7318 22.4453 0.336135 -0.903508 -0.265869
-59.6552 61.8995 21.3404 0.315391 -0.920311 -0.230696
-60.0319 61.9721 20.4615 0.319777 -0.923142 -0.213429
-60.5375 61.9819 19.6418 0.324234 -0.922258 -0.210504
-60.9159 62.1719 18.044 0.3046 -0.934634 -0.183429
-61.0694 62.3146 17.0352 0.279173 -0.937553 -0.204522
-61.2885 62.4644 16.0998 0.313391 -0.909966 -0.271567
-61.4034 62.6878 15.2255 0.312789 -0.909098 -0.275145
-61.433 63.0162 13.7769 0.334805 -0.923321 -0.188108
-61.3544 63.2312 12.7454 0.349104 -0.923862 -0.156864
-61.2002 63.4996 11.5249 0.350845 -0.922002 -0.163716
-61.0058 63.8369 10.2379 0.371383 -0.902191 -0.218552
-60.8271 64.1676 9.22046 0.383996 -0.898962 -0.210747
-60.3488 64.5908 8.28899 0.377071 -0.903085 -0.205285
-59.9327 64.9995 7.30745 0.39837 -0.893763 -0.206131
-59.5688 65.3325 6.44994 0.39735 -0.900805 -0.1751
-59.1163 65.697 5.63488 0.40323 -0.896139 -0.185314
-58.6704 66.0662 4.82758 0.403488 -0.8956 -0.187343
-58.2695 66.4338 3.93606 0.404487 -0.895895 -0.183702
-57.6265 66.9606 2.72908 0.399148 -0.899594 -0.177233
-57.1116 67.3518 1.75032 0.395889 -0.906309 -0.147906
-56.5131 67.7692 0.771012 0.406666 -0.901832 -0.146018
-55.9472 68.1368 0.08264 0.417371 -0.897468 -0.142662
-54.9259 68.7414 -0.759099 0.42279 -0.895985 -0.135642
-53.8805 69.3411 -1.45472 0.42276 -0.897139 -0.12812
-52.9975 69.8018 -1.79619 0.413584 -0.901406 -0.128121
-52.1457 70.2589 -2.28747 0.410618 -0.903098 -0.125722
-51.2939 70.6918 -2.62296 0.391438 -0.912316 -0.12023
-50.4882 71.0946 -3.05639 0.38831 -0.915363 -0.105274
-49.2469 71.6869 -3.56719 0.410064 -0.907587 -0.0901905
-48.3537 72.1327 -3.98426 0.412217 -0.906601 -0.0902812
-47.4813 72.5626 -4.33546 0.396351 -0.912487 -0.101313
-46.4335 73.0509 -4.61557 0.398454 -0.911804 -0.0992332
-45.0249 73.6698 -4.83811 0.391988 -0.915829 -0.0871892
-43.9473 74.1203 -4.94013 0.380683 -0.921849 -0.0726306
-43.0501 74.4931 -5.04871 0.37834 -0.924031 -0.0549979
-42.0531 74.8985 -5.04287 0.37594 -0.923128 -0.0783219
-40.9648 75.3419 -4.93062 0.397642 -0.914502 -0.0746132
-39.7843 75.8495 -4.74908 0.389683 -0.915537 -0.0965026
-38.4565 76.3462 -4.4508 0.343461 -0.930289 -0.12432
-37.4385 76.6466 -4.17347 0.33751 -0.927387 -0.158509
-36.2382 77.0594 -3.76426 0.38063 -0.909998 -0.164391
-35.2972 77.3637 -3.37178 0.351923 -0.924132 -0.148762
-34.2894 77.663 -2.84002 0.337443 -0.927666 -0.158549
-33.5026 77.8605 -2.44629 0.318409 -0.931932 -0.173547
-32.6436 78.0007 -1.7443 0.249123 -0.943814 -0.217132
-31.5614 78.0737 -1.00822 0.174405 -0.964638 -0.195714
-30.8329 78.1202 -0.4787 0.15999 -0.971467 -0.173074
-29.9688 78.1076 0.231673 0.132072 -0.974163 -0.183203
-29.2903 78.0919 0.826171 0.139959 -0.970557 -0.195407
-28.5779 78.0337 1.55369 0.138945 -0.96463 -0.224018
-28.036 77.9291 2.32312 0.107579 -0.971326 -0.21202
-27.4477 77.7618 3.22644 0.00124962 -0.972746 -0.231789
-26.987 77.5373 4.14509 0.00613711 -0.971659 -0.236237
-26.6196 77.2699 5.17723 -0.0168961 -0.968658 -0.247822
-26.1861 77.0223 6.20319 -0.000143548 -0.978935 -0.204171
-25.7153 76.7059 7.42654 -0.0825911 -0.960137 -0.266848
-25.3958 76.4068 8.3763 -0.0774206 -0.958127 -0.275679
-24.9114 75.9768 9.68528 -0.0992332 -0.959304 -0.264365
-24.6173 75.7183 10.5352 -0.0332759 -0.933748 -0.356381
-24.3908 75.3823 11.3945 -0.0486511 -0.931104 -0.361128
-24.2291 75.085 12.2382 -0.0449413 -0.956053 -0.289728
-24.0722 74.7667 13.2345 -0.0451675 -0.951718 -0.303632
-23.9694 74.2695 14.6087 -0.0214116 -0.927269 -0.373783
-23.7517 73.7947 15.6589 -0.0730155 -0.907552 -0.413543
-23.7186 73.42 16.4765 -0.0842081 -0.89024 -0.445956
-23.629 72.8879 17.4199 -0.0870788 -0.873997 -0.477956
-23.7067 72.4787 18.2401 -0.104772 -0.89612 -0.431268
-24.0317 72.0843 19.149 -0.106504 -0.878109 -0.463431
-24.3877 71.6524 19.9682 -0.0504464 -0.864058 -0.500331
-24.4845 70.9036 21.1494 0.0203459 -0.831798 -0.554705
-24.7412 70.3911 21.96 -0.0976683 -0.848791 -0.51963
-25.0313 69.8682 22.8732 -0.0825881 -0.845486 -0.52722
-25.4405 69.309 23.7939 -0.0931816 -0.816919 -0.567683
-25.7162 68.9985 24.2715 -0.133501 -0.808632 -0.572861
-25.8198 68.8931 24.4409 -0.12355 -0.807072 -0.577382
