-43.2479 72.4132 15.2044 0.32711 -0.914984 -0.23616
-43.9272 72.1005 15.4729 0.344849 -0.902986 -0.25497
-44.068 71.7532 16.4921 0.364169 -0.899543 -0.241254
-43.272 71.8822 16.9675 0.304976 -0.907129 -0.28976
-43.1104 72.3558 15.5985 0.288438 -0.917315 -0.274476
-43.1115 72.3745 15.5348 0.306913 -0.915767 -0.257994
-42.2627 72.6836 15.3842 0.281896 -0.919758 -0.273092
-42.4473 72.8835 14.4326 0.301234 -0.925341 -0.229181
-43.0592 72.8072 13.8628 0.31874 -0.921 -0.223971
-44.0755 72.3153 14.3319 0.376216 -0.899992 -0.220093
-44.6374 71.9292 14.9637 0.380792 -0.898145 -0.21975
-44.9066 71.6123 15.7656 0.373985 -0.893683 -0.246779
-44.8219 71.309 17.0001 0.37254 -0.894301 -0.24785
-44.5024 71.0925 18.0598 0.307948 -0.903856 -0.297005
-43.8691 71.1016 18.6535 0.295919 -0.889093 -0.348741
-42.9978 71.5677 18.1523 0.282219 -0.898935 -0.335025
-42.4522 72.0467 17.257 0.2678 -0.912258 -0.30995
-42.2241 72.5466 15.8855 0.281895 -0.919759 -0.273093
-41.3593 72.8142 15.8877 0.286028 -0.91936 -0.270117
-41.4249 72.5107 16.8494 0.289998 -0.911042 -0.292158
-41.8662 71.9081 18.1713 0.280328 -0.907698 -0.31196
-42.3302 71.5073 18.8652 0.258195 -0.900553 -0.349771
-43.0661 71.0474 19.4608 0.304404 -0.880663 -0.363003
-44.1479 70.4833 19.9217 0.305142 -0.878637 -0.367246
-44.98 70.4941 19.1792 0.323642 -0.872186 -0.366806
-45.3309 70.724 18.3222 0.308915 -0.891888 -0.328581
-45.5893 70.8879 17.3598 0.372751 -0.893392 -0.250814
-45.755 71.0661 16.4693 0.378353 -0.894437 -0.238223
-45.7505 71.3285 15.4641 0.382782 -0.895151 -0.228402
-45.3612 71.7533 14.4093 0.395885 -0.893458 -0.212096
-44.4924 72.369 13.4265 0.368632 -0.903203 -0.219653
-43.5236 72.8743 12.9259 0.340752 -0.914049 -0.21873
-42.6867 73.2123 12.7483 0.325059 -0.916706 -0.232349
-41.7221 73.294 13.7561 0.315835 -0.917058 -0.243304
-41.4397 73.0714 14.9256 0.300479 -0.917523 -0.259854
-41.393 73.0066 15.1963 0.284845 -0.919897 -0.26954
-40.4651 73.2217 15.4428 0.284844 -0.919898 -0.26954
-40.4922 72.8233 16.6992 0.241159 -0.922955 -0.299995
-40.6777 72.4 17.7395 0.238619 -0.910591 -0.337415
-41.1153 71.8973 18.7706 0.249619 -0.907105 -0.338843
-41.5835 71.4991 19.4491 0.269029 -0.898035 -0.348076
-42.3444 71.0136 20.1015 0.266872 -0.891746 -0.365471
-43.3143 70.4449 20.7012 0.306178 -0.876845 -0.370673
-44.1823 69.9636 21.1353 0.297892 -0.87869 -0.37297
-44.9768 69.629 21.2784 0.316963 -0.867768 -0.382322
-45.5169 69.8778 20.2137 0.337684 -0.871572 -0.354823
-45.8744 70.1398 19.2325 0.371942 -0.864126 -0.33386
-46.2633 70.3868 17.9868 0.416769 -0.863239 -0.284219
-46.574 70.631 16.6983 0.41928 -0.86864 -0.263948
-46.6573 70.8644 15.6116 0.42067 -0.879463 -0.22241
-46.4567 71.1999 14.6752 0.421844 -0.881286 -0.212784
-46.1068 71.5471 13.8913 0.403642 -0.89082 -0.208263
-45.6555 71.9119 13.2043 0.39969 -0.891546 -0.213057
-44.8561 72.4392 12.4513 0.380945 -0.903083 -0.197963
-43.6641 73.0392 11.9411 0.359901 -0.911564 -0.198263
-42.8375 73.388 11.7706 0.337396 -0.919062 -0.203297
-41.7067 73.749 11.9804 0.336705 -0.915381 -0.220699
-41.1174 73.7441 12.8364 0.326868 -0.913261 -0.243129
-40.7925 73.6264 13.7153 0.279004 -0.918099 -0.275481
-40.5818 73.4087 14.6801 0.284769 -0.920028 -0.269175
-40.5665 73.3864 14.7725 0.284772 -0.920028 -0.269172
-39.6572 73.6165 14.7208 0.226303 -0.944105 -0.239536
-39.8681 73.8793 13.651 0.231133 -0.922935 -0.307845
-40.1607 74.1209 12.7069 0.279003 -0.918096 -0.27549
-40.6893 74.1799 11.6877 0.323204 -0.9221 -0.21277
-41.659 74.0236 10.8007 0.333109 -0.923996 -0.187804
-42.6622 73.6569 10.7586 0.350836 -0.918804 -0.180866
-43.7069 73.2344 10.9473 0.342971 -0.920455 -0.187206
-44.5106 72.8629 11.1654 0.38276 -0.904457 -0.188287
-45.5691 72.2904 11.7266 0.387194 -0.898551 -0.206607
-46.3764 71.7407 12.547 0.413464 -0.885636 -0.211416
-46.8672 71.3233 13.3375 0.412994 -0.885957 -0.210988
-47.2829 70.8993 14.2356 0.440069 -0.871199 -0.217602
-47.5462 70.5335 15.152 0.443706 -0.868005 -0.222917
-47.4366 70.2179 16.6267 0.466062 -0.846827 -0.255074
-47.2279 70.0345 17.5315 0.449252 -0.853461 -0.26375
-46.7595 69.7468 19.1617 0.404613 -0.861834 -0.30566
-46.4705 69.5719 20.0138 0.380198 -0.859493 -0.339603
-46.1665 69.3329 20.8828 0.351878 -0.864824 -0.358135
-45.7749 69.0149 21.9971 0.330842 -0.871519 -0.361936
-45.2746 68.8687 22.8064 0.319169 -0.873397 -0.367611
-44.3443 69.3911 22.3477 0.307499 -0.875274 -0.373281
-43.3328 69.9716 21.7373 0.243405 -0.892052 -0.380782
-42.4409 70.4372 21.2815 0.237234 -0.875388 -0.420857
-41.6149 70.9048 20.7314 0.209375 -0.886484 -0.412499
-40.7857 71.4335 19.9827 0.198137 -0.88868 -0.413485
-40.3143 71.8459 19.3193 0.191493 -0.890426 -0.412883
-39.916 72.3408 18.4288 0.225906 -0.911148 -0.344492
-39.6546 72.7546 17.4842 0.231075 -0.913059 -0.336046
-39.5487 73.1362 16.5015 0.237293 -0.920544 -0.310045
-39.5508 73.4338 15.5608 0.233551 -0.943584 -0.234739
-39.6258 73.575 14.9186 0.233551 -0.943584 -0.23474
-38.7381 73.8496 14.6714 0.221616 -0.947216 -0.231663
-38.8965 74.0898 13.753 0.232978 -0.922419 -0.307999
-39.1314 74.3195 12.8886 0.222164 -0.932492 -0.283313
-39.479 74.4801 12.0175 0.211676 -0.942578 -0.258341
-39.9782 74.5762 11.0232 0.328469 -0.924051 -0.195523
-40.7908 74.4708 10.0943 0.342323 -0.924319 -0.16839
-41.7973 74.1755 9.74507 0.328108 -0.930146 -0.164844
-42.9477 73.7311 9.82425 0.352809 -0.923225 -0.151712
-43.9508 73.3068 9.98674 0.36526 -0.91907 -0.14797
-44.7716 72.9443 10.244 0.3714 -0.912758 -0.168342
-45.5372 72.5572 10.557 0.380037 -0.905523 -0.188679
-46.2667 72.1495 11.032 0.400533 -0.89235 -0.207527
-47.207 71.459 12.082 0.448802 -0.87397 -0.186188
-47.7618 70.9343 13.0826 0.444512 -0.870702 -0.210417
-48.1715 70.5028 14.0098 0.465691 -0.860488 -0.206615
-48.4171 70.1353 14.9338 0.462514 -0.85819 -0.222682
-48.4084 69.8989 15.8311 0.456446 -0.857268 -0.23822
-48.172 69.6927 17.0258 0.453812 -0.859483 -0.235207
-47.8768 69.472 18.2936 0.456269 -0.852505 -0.255057
-47.6292 69.3287 19.1491 0.44706 -0.840352 -0.305122
-47.3304 69.1513 20.0084 0.424303 -0.846235 -0.322263
-47.049 68.9358 20.9057 0.386171 -0.847598 -0.363935
-46.6909 68.662 21.9146 0.385291 -0.845925 -0.368731
-46.3993 68.4233 22.7694 0.36584 -0.85103 -0.376178
-46.1454 68.1029 23.7099 0.348353 -0.854566 -0.385184
-45.4652 68.189 24.1264 0.333145 -0.852784 -0.402077
-44.637 68.75 23.6109 0.321579 -0.865846 -0.382768
-43.6346 69.3335 23.0372 0.251729 -0.884894 -0.391718
-42.6596 69.8543 22.4425 0.243415 -0.89205 -0.380781
-41.8685 70.2375 22.0164 0.220855 -0.889214 -0.400364
-40.893 70.7778 21.3395 0.184129 -0.895178 -0.405899
-40.1209 71.2474 20.6819 0.194548 -0.88505 -0.422803
-39.3796 71.9505 19.605 0.205346 -0.873868 -0.440667
-38.925 72.5433 18.5144 0.177134 -0.915667 -0.360802
-38.7039 72.9755 17.5271 0.177305 -0.915391 -0.361416
-38.6247 73.3082 16.6671 0.20325 -0.927053 -0.313929
-38.6222 73.6466 15.6123 0.195306 -0.945859 -0.256683
-38.6752 73.7492 15.1421 0.221616 -0.947216 -0.231662
-37.7624 73.9754 15.0259 0.182828 -0.943109 -0.277319
-37.9193 74.285 13.9053 0.224571 -0.925951 -0.303617
-38.2619 74.6109 12.664 0.223984 -0.925098 -0.306636
-38.6161 74.813 11.7389 0.267693 -0.927844 -0.254291
-39.005 74.9023 10.8727 0.246763 -0.945907 -0.210628
-39.4724 74.9674 10.0422 0.287678 -0.934444 -0.205196
-40.1084 74.8743 9.30926 0.351414 -0.921045 -0.167881
-41.2829 74.5251 8.82545 0.343598 -0.926588 -0.15154
-42.2796 74.1551 8.74756 0.356621 -0.924089 -0.137341
-43.2127 73.78 8.82271 0.360734 -0.922036 -0.14043
-44.215 73.345 9.02083 0.391686 -0.912892 -0.114933
-45.1061 72.9286 9.29634 0.391417 -0.913086 -0.114313
-46.1697 72.3949 9.79251 0.403688 -0.905793 -0.128176
-46.8453 71.9976 10.2883 0.429964 -0.891949 -0.139848
-47.6895 71.4104 11.1248 0.457101 -0.869698 -0.186239
-48.2537 70.9146 12.0485 0.463189 -0.865761 -0.18942
-48.7406 70.4193 13.0748 0.465685 -0.860489 -0.206624
-49.151 69.9485 14.1295 0.439983 -0.873272 -0.209245
-49.332 69.5897 15.164 0.43056 -0.871112 -0.236181
-49.1834 69.3433 16.3573 0.451161 -0.861705 -0.232203
-48.9478 69.155 17.4495 0.452678 -0.853969 -0.256552
-48.6692 68.9875 18.4799 0.449423 -0.849642 -0.275514
-48.2081 68.7443 19.9099 0.442267 -0.847974 -0.292048
-47.9005 68.4969 20.9574 0.410521 -0.851245 -0.326885
-47.5784 68.2535 21.9294 0.391556 -0.844974 -0.364176
-47.2011 67.9131 23.11 0.383328 -0.847493 -0.367172
-46.9506 67.5716 24.1609 0.356314 -0.853195 -0.380568
-46.7088 67.2411 25.1027 0.340755 -0.857677 -0.385048
-46.0873 67.1649 25.8121 0.324189 -0.857689 -0.39897
-45.3664 67.677 25.291 0.320177 -0.858105 -0.401425
-44.4633 68.33 24.6405 0.311426 -0.853036 -0.418227
-43.7436 68.7904 24.1684 0.260939 -0.87694 -0.403593
-43.0391 69.1863 23.7454 0.225954 -0.889679 -0.396371
-42.0609 69.6752 23.1805 0.210755 -0.889661 -0.405076
-41.2366 70.0918 22.6899 0.199875 -0.890586 -0.408409
-40.4808 70.4832 22.1802 0.189043 -0.896245 -0.401257
-39.5106 71.0477 21.4104 0.223467 -0.886613 -0.404934
-38.7598 71.6685 20.4795 0.230144 -0.885242 -0.404185
-38.2636 72.259 19.5164 0.187341 -0.892143 -0.40896
-37.8964 72.7533 18.4865 0.172404 -0.913222 -0.36906
-37.7419 73.0942 17.6692 0.148211 -0.926917 -0.344759
-37.6637 73.4979 16.5904 0.160466 -0.929884 -0.330738
-37.6906 73.8349 15.5625 0.196677 -0.94172 -0.272912
-37.7102 73.8994 15.3257 0.196675 -0.941719 -0.272917
-36.7637 74.1488 15.1531 0.200497 -0.939948 -0.276223
-36.7013 73.7853 16.296 0.178593 -0.925362 -0.33438
-36.7386 73.3635 17.3792 0.172807 -0.910998 -0.374461
-36.8523 73.009 18.2602 0.134207 -0.919168 -0.370296
-37.1356 72.5451 19.2944 0.145908 -0.913339 -0.380161
-37.5661 72.0276 20.3199 0.154165 -0.895981 -0.416475
-38.2843 71.3288 21.4844 0.229469 -0.882346 -0.410864
-39.1818 70.6979 22.3615 0.218507 -0.887807 -0.405034
-40.48 69.9875 23.2794 0.206416 -0.899324 -0.385499
-41.295 69.5754 23.8045 0.201939 -0.903477 -0.377962
-42.4921 69.0116 24.4914 0.22489 -0.903371 -0.365165
-43.1932 68.594 24.951 0.25947 -0.877278 -0.403802
-43.9372 68.1127 25.4414 0.292239 -0.857768 -0.422883
-44.563 67.6785 25.9189 0.298992 -0.86249 -0.407786
-45.255 67.1869 26.4189 0.316655 -0.859017 -0.402268
-45.9667 66.6336 27.0446 0.316627 -0.863713 -0.391969
-46.6454 66.1888 27.482 0.344055 -0.865272 -0.364598
-47.2618 66.2338 26.8224 0.33779 -0.851774 -0.400474
-47.463 66.5665 25.945 0.350494 -0.848943 -0.395289
-47.6784 66.9032 24.9738 0.363733 -0.854456 -0.370929
-47.9497 67.2924 23.8052 0.370901 -0.853142 -0.366792
-48.2326 67.6738 22.609 0.372325 -0.859653 -0.349614
-48.5684 67.9114 21.6322 0.386653 -0.852952 -0.350082
-48.8213 68.1276 20.7222 0.435367 -0.843614 -0.314279
-49.1134 68.3171 19.7692 0.44485 -0.844741 -0.297525
-49.4767 68.5102 18.6163 0.434043 -0.860976 -0.265193
-49.8054 68.6965 17.4581 0.443714 -0.856525 -0.263595
-50.0558 68.8682 16.4393 0.448623 -0.861526 -0.237674
-50.2374 69.1146 15.2239 0.445061 -0.860546 -0.247755
-50.0169 69.6019 13.7716 0.436087 -0.875798 -0.206898
-49.6159 70.0234 12.8462 0.444366 -0.871511 -0.207335
-49.0386 70.5996 11.6368 0.445174 -0.872064 -0.203283
-48.5652 71.0643 10.7422 0.437477 -0.872468 -0.217645
-47.6787 71.6733 9.74063 0.429208 -0.893824 -0.129841
-46.7526 72.216 9.02611 0.425779 -0.898567 -0.106256
-46.0233 72.5982 8.63176 0.416552 -0.903346 -0.102227
-45.023 73.096 8.24707 0.389828 -0.913117 -0.119297
-43.8903 73.6186 7.96132 0.387078 -0.914682 -0.116185
-42.9268 74.0389 7.81255 0.369541 -0.921511 -0.118671
-41.8299 74.4589 7.83844 0.355799 -0.925753 -0.127855
-40.8582 74.8167 7.96461 0.359725 -0.92225 -0.141607
-39.5752 75.1925 8.50689 0.310039 -0.940903 -0.134157
-38.9192 75.3021 9.1512 0.262602 -0.949444 -0.166545
-38.2717 75.2322 10.2431 0.232246 -0.951442 -0.201959
-37.7089 75.0688 11.4878 0.194225 -0.957098 -0.215037
-37.1774 74.7498 13.037 0.198289 -0.938002 -0.281757
-36.9353 74.4509 14.0085 0.154627 -0.931507 -0.329218
-36.8259 74.2783 14.6671 0.200497 -0.939948 -0.276223
-35.8855 74.5009 14.59 0.172359 -0.938665 -0.297081
-36.0381 74.7711 13.5543 0.192517 -0.942291 -0.273907
-36.2847 75.0018 12.6824 0.153813 -0.947075 -0.280507
-36.7049 75.2447 11.5126 0.173048 -0.948031 -0.266722
-37.096 75.4289 10.5096 0.18624 -0.954095 -0.234556
-37.7143 75.5712 9.27073 0.226744 -0.952746 -0.202142
-38.3031 75.6024 8.38934 0.275194 -0.948364 -0.155519
-38.9995 75.4915 7.71281 0.300415 -0.941141 -0.154933
-39.9848 75.2501 7.19359 0.322026 -0.935175 -0.147291
-41.0445 74.8903 6.93875 0.367446 -0.921056 -0.128912
-42.1243 74.4812 6.82681 0.362343 -0.923324 -0.127199
-43.3098 74.0016 6.88596 0.367923 -0.919827 -0.136201
-44.1608 73.6312 7.02647 0.393389 -0.90929 -0.13578
-44.9896 73.2491 7.21545 0.396815 -0.910007 -0.119661
-45.867 72.819 7.50567 0.410691 -0.903899 -0.119415
-46.6295 72.4153 7.86941 0.423495 -0.898712 -0.113882
-47.3717 72.0109 8.27799 0.427072 -0.897379 -0.110873
-48.0482 71.6285 8.80199 0.445129 -0.886609 -0.122472
-48.9062 71.0586 9.63019 0.491477 -0.864746 -0.101754
-49.6045 70.4687 10.809 0.498207 -0.852792 -0.156436
-50.0883 70.0171 11.7597 0.483276 -0.857675 -0.174505
-50.4653 69.6361 12.5314 0.470287 -0.863596 -0.181745
-50.9038 69.1787 13.57 0.46504 -0.864568 -0.19016
-51.1209 68.8157 14.58 0.470541 -0.857295 -0.208896
-51.0799 68.5241 15.7432 0.467027 -0.851101 -0.239706
-50.7792 68.319 17.0454 0.446974 -0.858081 -0.252539
-50.5495 68.1723 17.9344 0.439247 -0.861494 -0.254735
-50.2197 68.0195 18.9866 0.436085 -0.857988 -0.271453
-49.8806 67.8355 20.0533 0.419761 -0.85702 -0.298858
-49.6011 67.6634 20.9549 0.413331 -0.860961 -0.296434
-49.3107 67.4386 21.968 0.41074 -0.85651 -0.312544
-48.9746 67.1078 23.1884 0.371129 -0.855609 -0.360828
-48.6597 66.6773 24.5202 0.369886 -0.853761 -0.366437
-48.4011 66.2732 25.6982 0.366617 -0.847814 -0.383149
-48.2372 65.9151 26.637 0.363204 -0.84611 -0.390102
-48.0658 65.6067 27.5047 0.364808 -0.858126 -0.361297
-47.5135 65.3933 28.5218 0.34311 -0.859151 -0.379652
-46.6351 65.6553 28.6963 0.321314 -0.865085 -0.385208
-45.8209 66.1897 28.173 0.319314 -0.866927 -0.382719
-44.9072 66.8601 27.3818 0.279341 -0.872719 -0.400412
-44.186 67.3608 26.8375 0.282885 -0.861989 -0.420602
-43.5114 67.8486 26.2757 0.278499 -0.866811 -0.41359
-42.7779 68.3101 25.7958 0.252787 -0.866283 -0.430836
-41.8704 68.8749 25.1761 0.242395 -0.869667 -0.429973
-40.917 69.2988 24.6812 0.194799 -0.906847 -0.37374
-39.9159 69.7935 24.0151 0.190468 -0.895653 -0.401781
-39.1407 70.1935 23.4824 0.205538 -0.892942 -0.400229
-38.1946 70.7413 22.7453 0.170925 -0.889809 -0.423112
-37.5912 71.1624 22.1334 0.181841 -0.882663 -0.433405
-36.8701 71.7875 21.1063 0.106118 -0.895315 -0.428867
-36.4033 72.3003 20.0815 0.0442449 -0.915589 -0.399674
-36.0391 72.754 19.0708 0.0399824 -0.918133 -0.39425
-35.8284 73.2474 17.9873 0.0801054 -0.904611 -0.418514
-35.77 73.7655 16.848 0.081118 -0.90897 -0.408893
-35.7861 74.1806 15.5688 0.137888 -0.939542 -0.313376
-35.8768 74.4798 14.6557 0.15255 -0.934034 -0.322954
-34.9214 74.6735 14.5441 0.152163 -0.935142 -0.319932
-34.8472 74.317 15.5645 0.133865 -0.92577 -0.353597
-34.7708 73.9714 16.5877 0.0968324 -0.926108 -0.360698
-34.8062 73.4329 17.7786 0.0811181 -0.90897 -0.408892
-35.0582 72.7665 19.1412 0.0594032 -0.909255 -0.411081
-35.3987 72.3462 20.0875 0.0422086 -0.917029 -0.39656
-35.7936 71.8363 21.138 0.0431151 -0.897444 -0.438696
-36.312 71.3483 22.0616 0.0575424 -0.896776 -0.438727
-36.8611 70.9406 22.7527 0.0843118 -0.881337 -0.464906
-37.5383 70.5017 23.4414 0.0757071 -0.870649 -0.483224
-38.2492 70.0829 24.0092 0.125055 -0.877373 -0.463225
-39.0202 69.72 24.5538 0.0874757 -0.894704 -0.43801
-39.8437 69.3107 25.1488 0.154125 -0.916974 -0.367973
-40.7073 68.9194 25.6657 0.200718 -0.889918 -0.409583
-41.6445 68.4434 26.1679 0.2359 -0.87029 -0.432373
-42.5057 67.9239 26.7326 0.257084 -0.866657 -0.427567
-43.2621 67.4298 27.2892 0.251209 -0.870079 -0.424096
-44.0765 66.8749 27.9304 0.280068 -0.872389 -0.400624
-44.7478 66.4083 28.4785 0.280519 -0.875386 -0.393644
-45.6832 65.7022 29.3632 0.296535 -0.867657 -0.399048
-46.3683 65.202 29.9233 0.326256 -0.859071 -0.394285
-47.2115 64.9354 29.7904 0.342616 -0.851747 -0.396277
-48.1124 64.8167 29.2402 0.353033 -0.849956 -0.391071
-48.6569 64.9162 28.5321 0.350193 -0.851325 -0.390653
-48.9728 65.1504 27.6728 0.364902 -0.857941 -0.361639
-49.1284 65.473 26.7835 0.371253 -0.850319 -0.372999
-49.2802 65.8596 25.7393 0.378089 -0.847645 -0.372139
-49.4836 66.1985 24.7721 0.382825 -0.844259 -0.375062
-49.6814 66.5124 23.8472 0.412311 -0.839932 -0.35276
-49.8874 66.7723 22.9653 0.414514 -0.841989 -0.3453
-50.161 67.0223 21.9744 0.430294 -0.84864 -0.307254
-50.4173 67.2122 21.0595 0.443848 -0.843949 -0.30124
-50.6846 67.3802 20.2001 0.45697 -0.839199 -0.294397
-51.079 67.5714 18.9571 0.464086 -0.843653 -0.269952
-51.4794 67.7386 17.6938 0.471342 -0.845218 -0.251812
-51.8141 67.9097 16.4535 0.473201 -0.846846 -0.24274
-51.9782 68.0922 15.5068 0.47161 -0.847355 -0.244076
-52.0054 68.305 14.6283 0.491456 -0.849491 -0.191928
-51.8717 68.5896 13.7063 0.49321 -0.848969 -0.189723
-51.5272 69.0014 12.7303 0.487057 -0.854823 -0.179031
-51.1585 69.3834 11.905 0.48371 -0.858411 -0.170534
-50.7348 69.7689 11.1183 0.480222 -0.862549 -0.159279
-50.2696 70.1978 10.1875 0.494618 -0.855509 -0.153159
-49.8199 70.6048 9.32927 0.4919 -0.858203 -0.146706
-49.0413 71.1682 8.39956 0.452681 -0.880247 -0.142287
-48.0419 71.7862 7.53904 0.428233 -0.896219 -0.115789
-47.2105 72.2384 7.10503 0.425001 -0.89646 -0.124915
-46.3477 72.7185 6.65349 0.426511 -0.894207 -0.135948
-45.046 73.3612 6.2395 0.401111 -0.906583 -0.131213
-43.9652 73.8661 6.01803 0.396269 -0.909281 -0.127131
-43.0678 74.2582 5.87835 0.364853 -0.919331 -0.146914
-42.0112 74.6682 5.85851 0.357266 -0.923189 -0.141716
-40.9098 75.0809 5.98844 0.37152 -0.918818 -0.133216
-39.747 75.4758 6.24285 0.315966 -0.938193 -0.14128
-38.9225 75.6933 6.63884 0.308068 -0.939431 -0.149897
-38.1015 75.858 7.18884 0.272191 -0.948745 -0.159636
-37.3542 75.904 8.06232 0.255033 -0.952825 -0.164269
-36.8637 75.8758 8.83805 0.251967 -0.946096 -0.203507
-36.3276 75.7521 9.88394 0.210951 -0.941689 -0.262146
-35.8923 75.5553 10.9167 0.188117 -0.948071 -0.255892
-35.5917 75.367 11.8203 0.180024 -0.944139 -0.276029
-35.2436 75.1017 12.9746 0.184215 -0.945098 -0.269747
-35.0289 74.8791 13.8918 0.172354 -0.938668 -0.297075
-34.9588 74.7634 14.2634 0.152159 -0.935141 -0.319937
-34.0009 74.8989 14.293 0.107962 -0.934862 -0.33624
-34.2525 75.2382 13.1015 0.13649 -0.948738 -0.285073
-34.4919 75.4652 12.1866 0.17743 -0.943657 -0.279327
-34.8762 75.74 11.0084 0.180739 -0.944555 -0.274133
-35.3764 76.0165 9.67158 0.200501 -0.943056 -0.265413
-35.8033 76.1631 8.79023 0.213402 -0.959333 -0.184468
-36.3998 76.2119 7.74062 0.240045 -0.953979 -0.179726
-37.3722 76.1682 6.57433 0.251793 -0.950904 -0.179669
-38.3346 76.0026 5.87501 0.284312 -0.94478 -0.162967
-39.4678 75.7113 5.31484 0.320799 -0.935071 -0.150686
-40.5046 75.375 5.09022 0.352749 -0.926208 -0.131516
-41.8639 74.873 4.89368 0.357588 -0.923187 -0.140899
-42.881 74.4858 4.86727 0.355346 -0.923958 -0.14153
-43.7588 74.1009 4.96265 0.399172 -0.90843 -0.124167
-44.6482 73.6886 5.13981 0.395268 -0.910242 -0.123381
-45.675 73.2061 5.38391 0.400679 -0.907448 -0.126421
-46.751 72.6637 5.76354 0.422385 -0.896344 -0.134668
-47.4724 72.2645 6.12496 0.431956 -0.89128 -0.137963
-48.2612 71.8216 6.54606 0.424546 -0.895955 -0.130482
-48.9689 71.4101 7.02379 0.452601 -0.883278 -0.122358
-49.8199 70.8516 7.83764 0.457992 -0.878738 -0.134399
-50.5533 70.2913 8.7941 0.477904 -0.863299 -0.162218
-51.1516 69.7475 9.93283 0.478025 -0.864003 -0.158085
-51.5718 69.3652 10.7658 0.481142 -0.862956 -0.154303
-52.1121 68.8504 11.8657 0.473666 -0.861782 -0.181581
-52.5438 68.3975 12.891 0.473189 -0.862174 -0.180962
-52.82 67.9843 14.031 0.481684 -0.851055 -0.20901
-52.8383 67.678 15.2114 0.484348 -0.846649 -0.220435
-52.7406 67.4671 16.2085 0.467199 -0.849411 -0.24541
-52.4261 67.2984 17.4067 0.460898 -0.853874 -0.24181
-52.1324 67.1679 18.402 0.456807 -0.850928 -0.259306
-51.721 67.0195 19.5757 0.452704 -0.846578 -0.279926
-51.3702 66.842 20.6723 0.451677 -0.84579 -0.283931
-51.0205 66.6018 21.8904 0.441898 -0.845733 -0.299104
-50.7694 66.4014 22.7801 0.445356 -0.832771 -0.328863
-50.5455 66.096 23.8286 0.41231 -0.839933 -0.352759
-50.3227 65.7477 24.8832 0.416156 -0.83566 -0.358343
-50.158 65.4308 25.8316 0.412747 -0.839709 -0.352888
-49.9989 65.0378 26.909 0.373801 -0.847596 -0.376599
-49.7898 64.6859 27.9258 0.381159 -0.850244 -0.362965
-49.4268 64.3627 29.032 0.380977 -0.841615 -0.382807
-48.6262 64.2821 29.9572 0.356328 -0.853316 -0.380633
-47.7353 64.398 30.4948 0.341815 -0.854029 -0.392097
-46.8361 64.5388 30.9448 0.331521 -0.852631 -0.403874
-45.6955 65.0552 30.7673 0.316107 -0.856544 -0.407933
-45.0986 65.5101 30.2204 0.299166 -0.870504 -0.390798
-44.4403 66.0105 29.6049 0.277779 -0.87897 -0.38759
-43.8803 66.4332 29.0403 0.285596 -0.8714 -0.398443
-43.1655 66.9356 28.4735 0.278703 -0.880398 -0.383367
-42.3768 67.4524 27.8081 0.269267 -0.88267 -0.384882
-41.5082 67.9969 27.2559 0.264756 -0.875939 -0.40211
-40.4787 68.5311 26.5959 0.152372 -0.904755 -0.39753
-39.5498 68.8993 26.1098 0.137496 -0.890594 -0.433496
-38.6799 69.3165 25.4778 0.0907861 -0.90882 -0.40719
-37.9198 69.6402 24.9366 0.106271 -0.886039 -0.450616
-37.1199 70.062 24.3444 0.0791824 -0.894656 -0.436823
-36.4175 70.4311 23.6255 0.0398474 -0.860895 -0.506096
-35.6799 70.9804 22.8339 0.0410938 -0.858079 -0.510884
-35.0168 71.5586 21.7795 0.0403948 -0.897942 -0.438219
-34.5145 72.1599 20.5652 0.0424331 -0.901142 -0.431387
-34.1769 72.5774 19.742 0.0559161 -0.909383 -0.411116
-33.9255 73.2001 18.4414 0.0803162 -0.900713 -0.426925
-33.7966 73.6324 17.5404 0.0842233 -0.909497 -0.407089
-33.8423 74.1325 16.4136 0.0759564 -0.911781 -0.403484
-33.8835 74.5367 15.2892 0.0780305 -0.938581 -0.336121
-33.9856 74.872 14.3666 0.0780652 -0.931029 -0.356498
-33.0527 75.046 14.1138 0.0756587 -0.931912 -0.354706
-32.8797 74.6728 15.1423 0.072986 -0.937618 -0.33986
-32.8484 74.335 16.0692 0.067932 -0.93666 -0.343589
-32.7688 73.8558 17.2277 0.0676894 -0.914062 -0.399885
-32.9147 73.2907 18.4268 0.060891 -0.901831 -0.427778
-33.1295 72.7784 19.4458 0.0451975 -0.893456 -0.446871
-33.4144 72.2785 20.4329 0.042852 -0.898767 -0.436326
-33.8477 71.6986 21.5467 -0.00226657 -0.890593 -0.454796
-34.2416 71.2214 22.4488 0.00463824 -0.869605 -0.493726
-34.9229 70.674 23.4041 0.00981734 -0.875646 -0.48265
-35.5418 70.2336 24.1012 0.0805092 -0.870707 -0.485168
-36.4251 69.8109 24.9754 0.0189234 -0.906762 -0.421088
-37.2704 69.3991 25.6273 0.121968 -0.899422 -0.419718
-38.2211 69.0011 26.2841 0.0937577 -0.908931 -0.406255
-39.2436 68.5711 26.9538 0.126762 -0.911708 -0.390793
-40.1862 68.163 27.5278 0.160968 -0.899628 -0.405904
-41.022 67.7662 28.0511 0.199898 -0.873787 -0.443273
-42.0118 67.173 28.7041 0.269265 -0.882666 -0.384891
-42.9072 66.5468 29.5101 0.273208 -0.867826 -0.414199
-43.6053 66.0516 30.1018 0.273288 -0.88278 -0.382116
-44.2341 65.5856 30.7075 0.294158 -0.871252 -0.392926
-44.8642 65.0692 31.3845 0.306993 -0.870977 -0.383521
-45.6447 64.4497 32.1273 0.321215 -0.865199 -0.385034
-46.6753 64.1081 32.0033 0.334365 -0.856655 -0.392865
-47.5828 63.9678 31.5373 0.332879 -0.854646 -0.398418
-48.4731 63.8425 31.0513 0.340452 -0.851318 -0.399187
-49.3484 63.7382 30.4749 0.369985 -0.846 -0.383885
-49.9834 63.7535 29.8255 0.378367 -0.844508 -0.379005
-50.4807 63.9698 28.8471 0.379665 -0.843064 -0.380908
-50.7615 64.4842 27.3497 0.39719 -0.842872 -0.363053
-50.9539 64.8721 26.2301 0.412815 -0.839652 -0.352942
-51.1484 65.2672 25.0601 0.413543 -0.840021 -0.351207
-51.3192 65.5902 24.0995 0.430274 -0.833273 -0.346441
-51.5885 65.9754 22.7721 0.419735 -0.847045 -0.325819
-51.9095 66.1706 21.8023 0.426518 -0.849609 -0.310237
-52.1891 66.3747 20.7782 0.436644 -0.854543 -0.281245
-52.5026 66.5233 19.8226 0.435903 -0.858824 -0.26909
-52.8998 66.6614 18.708 0.453701 -0.85386 -0.255022
-53.333 66.8294 17.3159 0.46698 -0.852077 -0.236421
-53.574 66.9541 16.3713 0.478877 -0.850069 -0.21911
-53.6964 67.164 15.3004 0.484426 -0.846503 -0.220828
-53.7127 67.433 14.2186 0.483516 -0.848972 -0.213151
-53.5504 67.775 13.1829 0.485748 -0.850599 -0.20132
-53.2954 68.0982 12.3495 0.47427 -0.861596 -0.180887
-52.8403 68.5526 11.3241 0.484445 -0.860569 -0.157269
-52.4064 68.9573 10.4374 0.481714 -0.862049 -0.157556
-52.042 69.3021 9.66589 0.481836 -0.861935 -0.157805
-51.6419 69.6788 8.82573 0.479174 -0.863002 -0.160041
-51.1663 70.0944 8.00356 0.484243 -0.86138 -0.153407
-50.6798 70.4727 7.31332 0.471295 -0.872028 -0.132076
-49.7764 71.0705 6.48162 0.456482 -0.881742 -0.118973
-48.939 71.5845 5.85697 0.450888 -0.884943 -0.116509
-48.0937 72.0696 5.3628 0.441877 -0.890782 -0.106079
-47.2238 72.5503 4.93297 0.439008 -0.892504 -0.103484
-46.2041 73.0772 4.54597 0.412707 -0.904941 -0.1037
-45.2917 73.5202 4.31109 0.406227 -0.906632 -0.113395
-44.3967 73.9336 4.0985 0.408833 -0.906614 -0.103488
-43.489 74.3551 3.94734 0.398316 -0.909488 -0.11906
-42.1609 74.9117 3.89592 0.355584 -0.923845 -0.141674
-41.1469 75.2877 4.00342 0.347516 -0.928359 -0.130824
-39.6336 75.808 4.25374 0.345343 -0.930878 -0.119181
-38.7008 76.1003 4.558 0.308415 -0.939346 -0.149348
-37.4864 76.3553 5.30892 0.283879 -0.946575 -0.153
-36.3752 76.5005 6.25081 0.254819 -0.948352 -0.188934
-35.6284 76.507 7.17471 0.224268 -0.955605 -0.190773
-35.1228 76.4539 8.04719 0.203971 -0.960538 -0.189108
-34.5135 76.3016 9.27618 0.176944 -0.947989 -0.264072
-34.1466 76.097 10.2206 0.161836 -0.951846 -0.26038
-33.8443 75.8836 11.1885 0.15988 -0.951934 -0.261257
-33.5078 75.6194 12.253 0.160803 -0.944376 -0.286872
-33.2933 75.3832 13.1349 0.160683 -0.942556 -0.292865
-33.123 75.1571 13.8068 0.0764842 -0.935172 -0.345703
-32.2023 75.3007 13.6179 0.0788611 -0.938004 -0.337528
-32.4872 75.7158 12.4 0.0815569 -0.939714 -0.332024
-32.7854 76.004 11.3892 0.158995 -0.948343 -0.274236
-33.0528 76.1964 10.5293 0.157951 -0.952016 -0.262137
-33.4227 76.4407 9.43084 0.155914 -0.951169 -0.266398
-34.0095 76.6764 8.13152 0.181602 -0.96124 -0.205291
-34.4966 76.7489 7.23792 0.204905 -0.952651 -0.222352
-35.0684 76.8253 6.3481 0.26099 -0.942495 -0.208775
-35.7261 76.8087 5.56316 0.251045 -0.950592 -0.182625
-36.7282 76.6844 4.68283 0.285814 -0.945831 -0.153991
-37.5251 76.5359 4.11931 0.290211 -0.945412 -0.14801
-38.7077 76.2533 3.54788 0.324267 -0.935248 -0.138636
-40.182 75.7451 3.15649 0.34703 -0.930271 -0.118828
-41.1144 75.4281 3.00401 0.336068 -0.934288 -0.119012
-42.0144 75.1023 2.9405 0.349273 -0.929752 -0.11649
-42.9973 74.7047 2.93538 0.39984 -0.908549 -0.121108
-43.9089 74.2919 3.02564 0.409091 -0.905197 -0.11449
-44.8595 73.8265 3.20829 0.408835 -0.906614 -0.103486
-45.83 73.3688 3.42676 0.41156 -0.9064 -0.0951247
-46.8682 72.8565 3.7572 0.416666 -0.904144 -0.0944135
-48.0277 72.2384 4.21238 0.438739 -0.89285 -0.101601
-48.7805 71.8152 4.63354 0.442876 -0.890306 -0.10591
-49.5822 71.35 5.13598 0.451495 -0.884864 -0.114752
-50.3417 70.8824 5.70971 0.45638 -0.881583 -0.120537
-51.3136 70.2398 6.58083 0.472977 -0.871088 -0.132282
-52.0867 69.6238 7.72237 0.491225 -0.857544 -0.152698
-52.6655 69.0966 8.861 0.487447 -0.860879 -0.145886
-53.1917 68.6093 9.96896 0.468386 -0.869751 -0.155396
-53.7139 68.1302 11.0581 0.469348 -0.868471 -0.159592
-54.0625 67.7852 11.8491 0.470845 -0.861966 -0.187933
-54.4159 67.3405 12.9538 0.472799 -0.857654 -0.202216
-54.5819 66.9768 14.095 0.473752 -0.854576 -0.21265
-54.544 66.7211 15.1759 0.471968 -0.85414 -0.218383
-54.4357 66.4532 16.4631 0.473175 -0.852215 -0.223147
-54.2131 66.3434 17.3294 0.47002 -0.851372 -0.232861
-53.8634 66.2405 18.3973 0.466718 -0.852978 -0.233672
-53.552 66.1373 19.3181 0.44873 -0.855414 -0.258666
-53.2466 66.0266 20.2028 0.435324 -0.856705 -0.276565
-52.9525 65.8731 21.1169 0.437314 -0.851578 -0.288968
-52.6548 65.6499 22.1825 0.441997 -0.842563 -0.307722
-52.3864 65.4708 23.0414 0.434358 -0.844038 -0.314473
-52.1522 65.1993 24.0373 0.413719 -0.844316 -0.34054
-51.9738 64.7843 25.2618 0.404871 -0.844044 -0.351666
-51.7142 64.2891 26.7412 0.403249 -0.843647 -0.354472
-51.5954 63.9584 27.6735 0.396273 -0.847277 -0.353537
-51.5009 63.6444 28.5158 0.389137 -0.846155 -0.364103
-51.191 63.3138 29.6011 0.383815 -0.844391 -0.373667
-50.5859 63.1887 30.4786 0.379101 -0.842244 -0.383285
-49.8707 63.2079 31.1407 0.377792 -0.842301 -0.384452
-49.1216 63.3105 31.6359 0.351976 -0.846445 -0.399293
-48.2451 63.4311 32.1332 0.339703 -0.853805 -0.394483
-47.2159 63.5781 32.6971 0.338636 -0.854285 -0.394361
-45.8736 63.7977 33.3653 0.334596 -0.857245 -0.391378
-44.9668 64.2855 33.0304 0.296474 -0.866815 -0.40086
-44.3345 64.8793 32.2336 0.305333 -0.865249 -0.397479
-43.7959 65.3278 31.6093 0.247189 -0.883961 -0.396876
-42.9725 65.9427 30.7655 0.251504 -0.880402 -0.402041
-42.2321 66.4736 30.075 0.256097 -0.879532 -0.401045
-41.5145 66.9443 29.4597 0.202839 -0.882433 -0.424463
-40.5711 67.4735 28.8259 0.1933 -0.875323 -0.443222
-39.7699 67.8755 28.331 0.153936 -0.899493 -0.408843
-38.5463 68.3962 27.5843 0.124753 -0.908774 -0.398153
-37.4859 68.8106 26.9282 0.101547 -0.918106 -0.383106
-36.7731 69.0894 26.418 0.0611503 -0.91611 -0.396209
-35.8058 69.5053 25.6399 0.0279873 -0.8973 -0.440228
-35.0644 69.8502 24.9441 0.00917654 -0.901133 -0.433375
-34.4126 70.2245 24.2507 0.0275684 -0.875377 -0.482655
-33.8618 70.5892 23.5952 0.0143098 -0.882016 -0.471002
-33.2903 71.0673 22.7282 0.00347542 -0.869718 -0.493536
-32.8664 71.6286 21.7215 0.0430465 -0.875858 -0.480646
-32.5513 72.1094 20.8428 0.0344615 -0.89311 -0.448516
-32.2194 72.6496 19.8075 0.05375 -0.886991 -0.458593
-32.0599 73.1301 18.8917 0.0614298 -0.895384 -0.440725
-31.8577 73.5378 18.0484 0.0523588 -0.907007 -0.417838
-31.7878 74.0166 17.0099 0.0536746 -0.91565 -0.397955
-31.8479 74.3944 16.0865 0.0698428 -0.915088 -0.396507
-31.9442 74.8623 14.8258 0.0739231 -0.934843 -0.347281
-32.1545 75.2307 13.82 0.072714 -0.931629 -0.356046
-32.1699 75.2544 13.7546 0.0764752 -0.935173 -0.345702
-31.1909 75.3726 13.584 0.0514189 -0.936487 -0.346858
-31.466 75.7769 12.4735 0.0652765 -0.936004 -0.345476
-31.8106 76.1229 11.3748 0.073178 -0.946387 -0.314638
-32.1039 76.3837 10.4211 0.128133 -0.953567 -0.270785
-32.411 76.6023 9.44862 0.157072 -0.951141 -0.265818
-32.9894 76.8657 8.03269 0.171173 -0.958865 -0.226447
-33.4291 76.9806 7.21387 0.170564 -0.959733 -0.223178
-34.187 77.145 6.00693 0.231471 -0.944245 -0.231183
-34.7498 77.1333 5.24926 0.263747 -0.948002 -0.178129
-35.5213 77.0717 4.44235 0.259669 -0.950972 -0.168
-36.2501 76.9635 3.85632 0.287035 -0.947331 -0.141474
-37.0581 76.7884 3.33869 0.28827 -0.948826 -0.128954
-38.1638 76.5132 2.76377 0.295586 -0.949892 -0.100302
-39.2111 76.2074 2.39901 0.330089 -0.938001 -0.102195
-40.1345 75.8937 2.15993 0.341596 -0.93181 -0.122649
-41.0305 75.5834 2.02204 0.338832 -0.933049 -0.120827
-41.9082 75.2614 1.94689 0.3645 -0.92697 -0.088693
-42.7976 74.9035 1.95489 0.393678 -0.915058 -0.0876718
-43.8635 74.4197 2.0432 0.420885 -0.901988 -0.0962987
-44.8184 73.9564 2.20619 0.420029 -0.902319 -0.0969176
-45.9184 73.4256 2.45549 0.413094 -0.906265 -0.0895998
-46.8988 72.9457 2.75349 0.414151 -0.905605 -0.0913928
-47.7341 72.512 3.04208 0.440153 -0.892599 -0.0976358
-48.5797 72.0533 3.42614 0.439295 -0.89302 -0.0976468
-49.6649 71.4489 4.02447 0.446839 -0.887897 -0.109269
-50.5621 70.9134 4.65082 0.454685 -0.882402 -0.120462
-51.3558 70.4123 5.27292 0.461115 -0.879492 -0.117756
-52.1454 69.8713 6.07905 0.474165 -0.8695 -0.138167
-52.6768 69.4333 6.9193 0.488739 -0.858021 -0.157903
-53.0881 69.0647 7.67816 0.465231 -0.870687 -0.15957
-53.6041 68.5987 8.74808 0.471215 -0.869354 -0.148933
-53.9726 68.2646 9.52708 0.471726 -0.868937 -0.149741
-54.5335 67.7619 10.6572 0.466651 -0.869832 -0.160092
-54.9467 67.3462 11.6207 0.478874 -0.858917 -0.181499
-55.2145 67.0143 12.4502 0.476579 -0.857129 -0.195456
-55.4044 66.6749 13.4472 0.479812 -0.852937 -0.205618
-55.4369 66.35 14.6997 0.466998 -0.856433 -0.220081
-55.3881 66.1052 15.7676 0.465943 -0.858078 -0.215866
-55.2295 65.9079 16.8737 0.46189 -0.85737 -0.2271
-54.8506 65.7944 18.0531 0.465642 -0.853152 -0.235169
-54.5086 65.6897 19.0895 0.465759 -0.846538 -0.257763
-54.1972 65.5715 20.0402 0.46137 -0.848387 -0.259522
-53.8941 65.4496 20.9198 0.443995 -0.850617 -0.281636
-53.5757 65.2723 21.8994 0.422336 -0.851524 -0.310707
-53.2293 65.0347 23.0495 0.426184 -0.853776 -0.299055
-52.9402 64.6671 24.4026 0.411874 -0.845065 -0.340916
-52.8169 64.3259 25.3773 0.415093 -0.839171 -0.351411
-52.6395 64.0011 26.372 0.405873 -0.846158 -0.345306
-52.5382 63.6427 27.3459 0.403302 -0.845314 -0.350399
-52.447 63.2671 28.3624 0.405949 -0.841735 -0.355872
-52.2299 62.9317 29.3753 0.393016 -0.839362 -0.375424
-51.8527 62.7437 30.1765 0.393951 -0.835154 -0.383817
-51.3145 62.6446 30.9392 0.390493 -0.837295 -0.382669
-50.4564 62.6581 31.7607 0.377196 -0.839457 -0.391197
-49.3862 62.8039 32.4484 0.36314 -0.839149 -0.404917
-48.1633 63.0029 33.1307 0.343338 -0.851573 -0.396161
-46.9651 63.1699 33.7985 0.338102 -0.855329 -0.392553
-45.9032 63.2925 34.4271 0.321363 -0.857982 -0.400735
-44.8387 63.698 34.407 0.3199 -0.858247 -0.401341
-44.2695 64.1417 33.8661 0.294281 -0.870141 -0.395288
-43.6768 64.7312 33.0111 0.263185 -0.87669 -0.402678
-42.9905 65.3091 32.1684 0.252888 -0.886897 -0.386602
-42.3853 65.7784 31.5139 0.271212 -0.882006 -0.385369
-41.6997 66.261 30.8523 0.224024 -0.896647 -0.380863
-40.8277 66.8107 30.1155 0.209047 -0.890375 -0.404333
-39.8018 67.3729 29.4162 0.21325 -0.883427 -0.417229
-38.9499 67.7519 28.8924 0.146647 -0.899444 -0.411697
-38.1741 68.0554 28.4473 0.0776367 -0.896942 -0.435279
-37.2701 68.3882 27.8937 0.0469617 -0.89761 -0.438255
-36.3589 68.7484 27.2661 0.0572215 -0.905224 -0.420364
-35.6392 69.0245 26.7049 -0.00646057 -0.911832 -0.410513
-34.8098 69.3438 25.9968 0.00227346 -0.909551 -0.415585
-33.8866 69.7903 25.1172 0.0354857 -0.888285 -0.45792
-33.2094 70.2346 24.261 0.00703648 -0.894571 -0.44687
-32.679 70.6024 23.5503 -0.004044 -0.874554 -0.484747
-32.2458 71.0862 22.7139 0.0154634 -0.867943 -0.496423
-31.9036 71.5745 21.8701 0.0196206 -0.867887 -0.496375
-31.5345 72.1324 20.8827 0.0183886 -0.880604 -0.473495
-31.2341 72.7225 19.7688 0.0390783 -0.887817 -0.458443
-31.0037 73.3068 18.6524 0.0430925 -0.895632 -0.44193
-30.8415 73.8749 17.4388 0.0247249 -0.90784 -0.418587
-30.8211 74.3696 16.3525 0.0847514 -0.907312 -0.411828
-30.9153 74.8052 15.2704 0.113577 -0.934612 -0.336959
-31.0688 75.1661 14.171 0.0813184 -0.943873 -0.317972
-31.1666 75.3327 13.6976 0.0527029 -0.938537 -0.341133
-30.2256 75.468 13.4975 0.0911848 -0.944637 -0.313414
-30.4613 75.7928 12.578 0.0521297 -0.933818 -0.353929
-30.8085 76.1778 11.4187 0.0562358 -0.946826 -0.316793
-31.0967 76.4523 10.531 0.079805 -0.959744 -0.269264
-31.3394 76.6652 9.69024 0.0802773 -0.955742 -0.282574
-31.666 76.9249 8.69677 0.150428 -0.956574 -0.249451
-32.0537 77.0961 7.7645 0.161549 -0.95893 -0.232854
-32.7217 77.2577 6.55022 0.169955 -0.960601 -0.219909
-33.62 77.41 5.13229 0.159592 -0.970573 -0.180328
-34.2552 77.3958 4.3875 0.226194 -0.96193 -0.153384
-35.131 77.3166 3.5368 0.241056 -0.959378 -0.146578
-36.2446 77.1192 2.72645 0.289073 -0.948481 -0.12969
-37.2086 76.8904 2.1715 0.31312 -0.94144 -0.125084
-38.1514 76.6273 1.76038 0.315985 -0.941122 -0.120123
-39.0392 76.3709 1.45351 0.313034 -0.942346 -0.118298
-40.4789 75.8954 1.09628 0.352208 -0.93121 -0.0916759
-41.3156 75.5744 1.01033 0.361272 -0.92938 -0.0756669
-42.5982 75.0832 0.973059 0.360481 -0.929995 -0.071736
-43.5225 74.6572 1.02552 0.414963 -0.907677 -0.0626743
-44.3559 74.2692 1.1287 0.405503 -0.911154 -0.0719632
-45.4717 73.7449 1.35391 0.418897 -0.902879 -0.0966132
-46.5024 73.2424 1.63089 0.412025 -0.906098 -0.0960318
-47.3215 72.8396 1.90037 0.438686 -0.894364 -0.0872604
-48.3369 72.2972 2.24737 0.440404 -0.893081 -0.0917904
-49.1589 71.8557 2.64793 0.437082 -0.894187 -0.096777
-50.1813 71.2928 3.22395 0.436861 -0.891275 -0.12016
-51.1823 70.6972 3.89336 0.454694 -0.882398 -0.120457
-51.9501 70.2092 4.47382 0.460773 -0.878254 -0.127893
-52.5588 69.8037 5.06849 0.461455 -0.878152 -0.126127
-53.1082 69.3881 5.81159 0.471199 -0.869153 -0.150151
-53.5264 69.0398 6.52847 0.471922 -0.870395 -0.140361
-54.0339 68.5774 7.57379 0.465974 -0.870112 -0.16054
-54.5718 68.0888 8.70503 0.451308 -0.877412 -0.162225
-54.9766 67.7343 9.53203 0.461675 -0.872942 -0.15738
-55.4855 67.2724 10.5416 0.466214 -0.869789 -0.161583
-55.9149 66.7865 11.7459 0.46691 -0.86516 -0.183013
-56.2072 66.3588 12.8848 0.458496 -0.865278 -0.202089
-56.3013 66.0442 14.0225 0.470469 -0.859864 -0.198225
-56.2848 65.8371 14.8998 0.465582 -0.858153 -0.21635
-56.2497 65.6036 15.9019 0.465759 -0.858118 -0.216106
-56.0715 65.4037 17.0649 0.463954 -0.8572 -0.223468
-55.7802 65.327 17.9149 0.465495 -0.852732 -0.236988
-55.4559 65.249 18.8304 0.460466 -0.852393 -0.247668
-55.1419 65.1324 19.791 0.457478 -0.852537 -0.252775
-54.8076 65.0142 20.7948 0.450773 -0.851562 -0.267194
-54.4327 64.8284 21.9472 0.445684 -0.849313 -0.282892
-54.0388 64.5405 23.324 0.413721 -0.858266 -0.303668
-53.7735 64.1829 24.5795 0.413371 -0.841584 -0.347651
-53.6568 63.8791 25.4581 0.407091 -0.848379 -0.338421
-53.5102 63.4311 26.7357 0.405414 -0.843799 -0.351629
-53.4261 63.1009 27.6255 0.405614 -0.843977 -0.350971
-53.3213 62.766 28.5475 0.407899 -0.836135 -0.366676
-53.0595 62.4133 29.628 0.407545 -0.831545 -0.377345
-52.6805 62.2156 30.4712 0.400793 -0.837332 -0.371807
-52.1429 62.0976 31.2955 0.394769 -0.8376 -0.377592
-51.3957 62.1033 32.0689 0.393731 -0.838261 -0.377214
-50.5899 62.1714 32.6951 0.369303 -0.846346 -0.383815
-49.755 62.3029 33.2043 0.367516 -0.846641 -0.384879
-48.8838 62.451 33.6927 0.343725 -0.852645 -0.393499
-48.0378 62.5757 34.165 0.342853 -0.853789 -0.391782
-47.1711 62.6871 34.6766 0.339867 -0.854885 -0.391992
-46.3031 62.7636 35.235 0.323053 -0.856399 -0.402759
-45.4647 62.898 35.6166 0.314637 -0.857325 -0.407422
-44.4244 63.332 35.5013 0.30119 -0.862616 -0.406231
-43.6581 63.9462 34.7349 0.289233 -0.868318 -0.40294
-43.1852 64.407 34.0352 0.254994 -0.882366 -0.395484
-42.6084 64.9591 33.2106 0.243591 -0.881349 -0.404441
-42.0024 65.448 32.5077 0.228658 -0.878671 -0.419109
-41.4082 65.8808 31.9469 0.251944 -0.878555 -0.405117
-40.7564 66.3308 31.2852 0.230046 -0.906032 -0.355224
-39.9367 66.8053 30.6047 0.227807 -0.903792 -0.362304
-39.031 67.2408 30.0024 0.164889 -0.902129 -0.398718
-38.0187 67.6271 29.4187 0.0707104 -0.923785 -0.376326
-37.081 67.9438 28.8561 0.128735 -0.938145 -0.321422
-36.0039 68.3366 28.1282 0.035235 -0.893741 -0.447197
-35.0936 68.6835 27.4439 -0.00736119 -0.907444 -0.420108
-34.1416 69.0302 26.6549 -0.0432102 -0.895783 -0.442387
-33.3345 69.3765 25.8923 -0.0253416 -0.880443 -0.472905
-32.534 69.9149 24.9054 -0.0560016 -0.873682 -0.482015
-31.9677 70.2858 24.1179 -0.0425924 -0.892717 -0.448601
-31.5354 70.6678 23.3945 -0.0156058 -0.855522 -0.51734
-31.1363 71.1524 22.5979 -0.00268459 -0.855187 -0.518306
-30.7182 71.8242 21.4805 0.00811252 -0.862187 -0.506266
-30.4053 72.338 20.4846 -0.0375293 -0.888379 -0.457574
-30.1793 72.9371 19.4016 -0.0289493 -0.87174 -0.489094
-29.9371 73.4852 18.3618 -0.0127598 -0.892374 -0.450814
-29.8467 73.9442 17.3473 0.024719 -0.907845 -0.418576
-29.8237 74.3448 16.4797 0.0251788 -0.908182 -0.417816
-29.9361 74.86 15.3754 0.0313975 -0.901531 -0.431575
-30.091 75.2702 14.2007 0.109937 -0.949211 -0.29481
-30.1213 75.317 14.0385 0.0966712 -0.952382 -0.288793
-29.1832 75.4594 13.8059 -0.00852602 -0.938398 -0.34416
-29.0121 75.1117 14.7982 -0.0310206 -0.944966 -0.325694
-28.8893 74.6469 15.8396 -0.0324948 -0.903574 -0.426897
-28.8174 74.1248 16.9466 -0.0476268 -0.907964 -0.416334
-28.8967 73.7123 17.8444 -0.0556797 -0.904329 -0.42319
-29.0853 73.1956 18.8589 -0.0338614 -0.87452 -0.483806
-29.3151 72.5809 19.9804 -0.0328973 -0.872378 -0.487724
-29.4881 72.1028 20.8376 -0.0509066 -0.868048 -0.493552
-29.9307 71.3588 22.2003 -0.0597992 -0.861811 -0.503693
-30.4479 70.6485 23.3974 -0.0298027 -0.838011 -0.544839
-30.9305 70.1618 24.2102 -0.0479153 -0.869817 -0.491042
-31.478 69.7485 25.0169 -0.086935 -0.874128 -0.477783
-32.1231 69.3491 25.8831 -0.056001 -0.873682 -0.482014
-33.0367 68.8534 26.9049 -0.0352345 -0.893567 -0.447439
-33.8126 68.5873 27.5911 -0.0424183 -0.917831 -0.394698
-34.573 68.3169 28.2206 -0.00966155 -0.918317 -0.39465
-35.3671 68.0716 28.8064 0.0472152 -0.926182 -0.374108
-36.3763 67.7755 29.5126 0.00627903 -0.941165 -0.337889
-37.4266 67.4348 30.1408 0.153471 -0.927517 -0.340821
-38.7772 66.9166 30.9081 0.169411 -0.923214 -0.344521
-39.5045 66.602 31.3836 0.225876 -0.905881 -0.358238
-40.3106 66.0967 32.1456 0.208509 -0.882818 -0.419738
-41.2566 65.3816 33.0537 0.240262 -0.873734 -0.422719
-41.8469 64.8964 33.7797 0.227066 -0.887178 -0.401692
-42.3643 64.4134 34.5424 0.269851 -0.875699 -0.399632
-42.9311 63.8589 35.3904 0.256762 -0.872437 -0.415638
-43.531 63.3663 36.0723 0.297322 -0.890164 -0.345264
-44.1426 62.9102 36.5871 0.300172 -0.857527 -0.417785
-45.1947 62.5167 36.6276 0.314634 -0.857325 -0.407425
-46.212 62.2962 36.2952 0.324387 -0.854814 -0.405051
-47.0297 62.2227 35.7941 0.329181 -0.853104 -0.404788
-47.8942 62.1415 35.2333 0.341596 -0.853312 -0.393917
-49.1298 61.9644 34.5209 0.358927 -0.845346 -0.395678
-50.2821 61.7712 33.8696 0.367458 -0.846211 -0.385879
-51.2202 61.6282 33.2763 0.377702 -0.841542 -0.386197
-52.0602 61.5347 32.637 0.392723 -0.837844 -0.379192
-52.8346 61.5372 31.8202 0.394859 -0.838655 -0.37516
-53.5341 61.692 30.7319 0.398639 -0.838254 -0.372044
-53.9472 61.9141 29.7901 0.397708 -0.838034 -0.373533
-54.142 62.2445 28.8438 0.396506 -0.838618 -0.373497
-54.2873 62.6436 27.7287 0.407803 -0.84236 -0.352301
-54.4395 63.0429 26.5981 0.403556 -0.844517 -0.352043
-54.5739 63.4597 25.4036 0.407893 -0.848199 -0.337909
-54.7362 63.8281 24.2938 0.419812 -0.843174 -0.335599
-54.9156 64.0767 23.4081 0.433275 -0.841918 -0.321538
-55.2503 64.3019 22.2348 0.449128 -0.849407 -0.277113
-55.6179 64.5338 20.9388 0.460295 -0.84683 -0.266339
-55.9807 64.6483 19.9145 0.458098 -0.851359 -0.255558
-56.3964 64.7678 18.712 0.465939 -0.850939 -0.242496
-56.6993 64.8568 17.8014 0.454908 -0.855288 -0.247608
-56.9782 64.9735 16.9337 0.443276 -0.865058 -0.233487
-57.1344 65.1227 15.9896 0.439997 -0.87234 -0.213131
-57.1485 65.4016 14.8227 0.42801 -0.875605 -0.223324
-57.1557 65.6849 13.6536 0.438766 -0.872806 -0.213764
-56.9942 66.0783 12.3572 0.449268 -0.871567 -0.196206
-56.6946 66.4631 11.3004 0.452658 -0.873143 -0.180894
-56.3069 66.9031 10.1717 0.467459 -0.867173 -0.171494
-55.8928 67.2836 9.31714 0.466753 -0.869758 -0.160195
-55.425 67.7268 8.34859 0.459542 -0.870914 -0.173376
-54.8631 68.2373 7.16473 0.44222 -0.881865 -0.163556
-54.438 68.6003 6.24565 0.436225 -0.891617 -0.121355
-54.0547 68.9272 5.49558 0.474514 -0.866858 -0.152948
-53.4506 69.3981 4.62972 0.465167 -0.875294 -0.132
-52.7923 69.8521 3.90014 0.460622 -0.87811 -0.129417
-51.7903 70.4934 3.10852 0.457826 -0.879492 -0.129934
-50.9576 71.0007 2.56853 0.436854 -0.891278 -0.120164
-49.9972 71.5175 2.01601 0.426748 -0.899394 -0.0947415
-48.7904 72.1624 1.38948 0.438368 -0.894205 -0.0907045
-48.0137 72.5752 1.09299 0.442214 -0.892293 -0.0908301
-47.1227 73.0388 0.809354 0.432586 -0.897574 -0.0850348
-46.141 73.5271 0.52084 0.415866 -0.904518 -0.0942512
-45.1058 74.0261 0.273535 0.402656 -0.910446 -0.0938551
-43.8386 74.5908 0.0842874 0.390725 -0.915304 -0.0976972
-42.7454 75.0778 -0.00696351 0.411883 -0.909471 -0.0566962
-41.9017 75.4265 -0.0049181 0.362436 -0.929514 -0.0681534
-40.8072 75.8613 0.0658954 0.369736 -0.92369 -0.100457
-39.7069 76.2634 0.258867 0.331647 -0.938698 -0.0940485
-38.802 76.5534 0.521838 0.33344 -0.937654 -0.0979557
-37.7992 76.8608 0.87958 0.318866 -0.9402 -0.11978
-36.8037 77.1542 1.30441 0.344307 -0.929572 -0.131716
-35.9034 77.369 1.81766 0.27891 -0.945603 -0.167463
-34.8898 77.5414 2.48555 0.269595 -0.946773 -0.175897
-33.9018 77.6417 3.40718 0.245831 -0.954957 -0.166205
-33.1988 77.6799 4.15117 0.207079 -0.962067 -0.177609
-32.5495 77.6347 4.97547 0.195847 -0.957671 -0.210973
-32.0918 77.5414 5.7781 0.150911 -0.963364 -0.21953
-31.4692 77.3749 6.83406 0.108826 -0.972073 -0.207923
-31.0285 77.2238 7.74693 0.109372 -0.970542 -0.214626
-30.5774 76.9621 8.93049 0.0725416 -0.952815 -0.294755
-30.2691 76.685 9.93899 0.0732474 -0.960261 -0.2693
-29.8398 76.2799 11.3453 0.0554725 -0.939338 -0.337646
-29.5974 75.9594 12.2378 0.0302045 -0.944372 -0.326864
-29.2141 75.5071 13.6683 0.0245447 -0.950897 -0.30852
-29.1942 75.4814 13.7489 0.0179288 -0.941313 -0.335836
-28.2406 75.5422 13.6294 0.0179288 -0.941313 -0.335836
-28.0243 75.0836 14.8159 -0.0116393 -0.930404 -0.365442
-27.921 74.696 15.6443 -0.0247541 -0.898586 -0.438099
-27.8211 74.214 16.6298 -0.0517926 -0.904001 -0.424361
-27.83 73.7869 17.5446 -0.0556774 -0.904414 -0.423008
-27.973 73.4001 18.3632 -0.0643748 -0.896143 -0.439072
-28.3078 72.7004 19.6887 -0.0427336 -0.87433 -0.4834
-28.4826 72.1866 20.6186 -0.0389 -0.871155 -0.489462
-28.7845 71.5483 21.7395 -0.0735147 -0.854652 -0.513945
-29.1191 70.9584 22.7631 -0.0722243 -0.853693 -0.515744
-29.4905 70.4648 23.5973 -0.0659796 -0.841654 -0.535972
-30.1225 69.8586 24.665 -0.0517526 -0.86682 -0.495929
-30.84 69.2963 25.6985 -0.0781403 -0.863112 -0.49788
-31.5052 68.8868 26.6116 -0.118968 -0.880973 -0.457967
-32.4907 68.4445 27.6499 -0.0759435 -0.895347 -0.438846
-33.4354 68.1559 28.4939 -0.112937 -0.900359 -0.420106
-34.5578 67.859 29.3776 0.00551337 -0.927583 -0.373318
-35.5845 67.5594 30.07 0.0260457 -0.928849 -0.36734
-36.3297 67.3612 30.5641 0.0122731 -0.916048 -0.399937
-37.3066 67.0691 31.1234 0.0361531 -0.912862 -0.406556
-38.1245 66.7767 31.5932 0.169673 -0.908554 -0.381761
-39.1255 66.2652 32.3223 0.182518 -0.897946 -0.400476
-40.081 65.6541 33.1929 0.266273 -0.892767 -0.363409
-41.012 64.9474 34.2626 0.263115 -0.895847 -0.35809
-41.582 64.4146 35.127 0.326041 -0.884461 -0.325657
-42.0742 64.0116 35.832 0.359304 -0.895882 -0.261335
-42.5343 63.5737 36.4688 0.392646 -0.858027 -0.331088
-43.0703 63.0954 37.085 0.357705 -0.837467 -0.412463
-44.0989 62.4146 37.6766 0.315263 -0.868974 -0.380933
-45.4246 62.028 37.4874 0.32023 -0.859488 -0.398412
-46.4651 61.8162 37.1081 0.321827 -0.857118 -0.402214
-47.3609 61.7204 36.5864 0.328574 -0.855282 -0.400664
-48.5138 61.6155 35.8339 0.34261 -0.852711 -0.394338
-49.6145 61.4501 35.2095 0.357935 -0.854189 -0.377152
-50.6373 61.254 34.656 0.375048 -0.843126 -0.385316
-51.445 61.1145 34.1772 0.377787 -0.841795 -0.385562
-52.3209 61.0098 33.517 0.398037 -0.83408 -0.381938
-53.3391 60.9643 32.5538 0.399115 -0.833798 -0.38143
-54.0935 61.0844 31.4945 0.396841 -0.83573 -0.379569
-54.6344 61.2635 30.5199 0.397871 -0.838317 -0.372725
-54.9021 61.5318 29.6263 0.402722 -0.8379 -0.36841
-55.0592 61.8591 28.7157 0.404988 -0.835948 -0.370373
-55.1829 62.1783 27.8044 0.407804 -0.842361 -0.352299
-55.3318 62.6314 26.5685 0.392073 -0.851213 -0.34859
-55.3696 63.0283 25.526 0.408299 -0.847569 -0.338995
-55.5299 63.2848 24.6704 0.424258 -0.845678 -0.32378
-55.7016 63.5364 23.7439 0.433365 -0.845504 -0.311718
-55.9496 63.7491 22.8048 0.447073 -0.851597 -0.273695
-56.2121 63.9134 21.8539 0.452889 -0.849814 -0.269471
-56.4895 64.0662 20.9192 0.460297 -0.846829 -0.266341
-56.8515 64.1928 19.8785 0.453284 -0.851138 -0.264759
-57.2302 64.2934 18.7935 0.449156 -0.860816 -0.239065
-57.6454 64.4164 17.6606 0.429097 -0.86635 -0.255567
-57.9118 64.5477 16.7365 0.442316 -0.871236 -0.212849
-58.0519 64.8436 15.3156 0.41953 -0.876788 -0.234977
-58.0436 65.0852 14.3596 0.42924 -0.884645 -0.182092
-58.021 65.3446 13.255 0.447465 -0.870708 -0.204064
-57.8445 65.698 12.0846 0.443481 -0.876036 -0.189434
-57.5326 66.099 10.9612 0.452556 -0.87321 -0.180825
-57.1839 66.4895 9.95303 0.451893 -0.873033 -0.183322
-56.7604 66.8897 8.99664 0.439926 -0.88274 -0.165033
-56.179 67.4229 7.8325 0.460312 -0.867369 -0.189165
-55.787 67.8101 6.95242 0.449149 -0.878721 -0.1616
-55.2621 68.2691 5.83222 0.419502 -0.892495 -0.165745
-54.8277 68.636 5.01076 0.439486 -0.88311 -0.162537
-54.333 69.0095 4.23726 0.444817 -0.885737 -0.130607
-53.7539 69.4029 3.5085 0.463814 -0.876463 -0.129189
-53.1226 69.831 2.88168 0.456748 -0.879607 -0.132936
-52.3747 70.311 2.28417 0.457825 -0.879493 -0.129933
-51.6463 70.7457 1.83899 0.45316 -0.884135 -0.113805
-50.7447 71.2349 1.32958 0.426933 -0.899209 -0.0956542
-49.7113 71.7855 0.780906 0.424416 -0.898967 -0.108304
-48.8822 72.2233 0.389763 0.43798 -0.89365 -0.0977881
-47.6837 72.8502 -0.0254018 0.432363 -0.897231 -0.0896592
-46.4089 73.4938 -0.413022 0.423018 -0.902207 -0.0841338
-45.2953 74.0333 -0.687197 0.412719 -0.906577 -0.0882142
-44.0219 74.6133 -0.874016 0.388847 -0.916298 -0.0958942
-42.9749 75.0683 -0.978585 0.384406 -0.919019 -0.0867646
-41.7506 75.5728 -0.98916 0.377896 -0.922574 -0.0778003
-40.7306 75.9847 -0.921825 0.372139 -0.925307 -0.0715815
-39.6172 76.3872 -0.704681 0.334647 -0.938868 -0.0808571
-38.5033 76.7557 -0.38578 0.333313 -0.939392 -0.080278
-37.6664 77.028 -0.0814274 0.359945 -0.928201 -0.0942309
-36.8441 77.2993 0.21876 0.352387 -0.926232 -0.133855
-35.9168 77.5537 0.707178 0.282242 -0.948351 -0.144353
-34.8536 77.7509 1.36089 0.272035 -0.948155 -0.164311
-34.0151 77.8787 1.98925 0.231615 -0.960049 -0.156534
-33.1934 77.9281 2.80896 0.221015 -0.961209 -0.165005
-32.4381 77.9536 3.56419 0.209913 -0.961293 -0.17847
-31.6648 77.8702 4.45722 0.147519 -0.964001 -0.219986
-31.0593 77.7504 5.57083 0.150911 -0.963364 -0.21953
-30.3582 77.4942 6.91543 0.124332 -0.963321 -0.237178
-30.0127 77.353 7.73596 0.0888742 -0.965182 -0.241673
-29.6413 77.0975 8.70211 0.0432595 -0.960144 -0.276139
-29.2819 76.772 9.88742 0.0397913 -0.959069 -0.278425
-29.0294 76.5174 10.737 0.00850961 -0.949375 -0.313051
-28.7424 76.1422 11.7934 0.00978029 -0.941788 -0.33606
-28.3996 75.7564 12.9592 0.039231 -0.945757 -0.322497
-28.3989 75.7555 12.9619 0.0305618 -0.948277 -0.315768
-27.4497 75.9074 12.6318 0.0348236 -0.952688 -0.301075
-27.2336 75.473 13.6862 -0.0772714 -0.9276 -0.363799
-27.0438 75.0434 14.8183 -0.0411536 -0.921346 -0.386052
-26.8694 74.5665 15.8506 -0.031695 -0.891988 -0.45067
-26.818 73.9554 17.0655 -0.0479219 -0.903495 -0.425912
-26.9307 73.4177 18.1928 -0.0472413 -0.896973 -0.439553
-27.205 72.9125 19.1875 -0.0624099 -0.876239 -0.477819
-27.4738 72.2745 20.3491 -0.0750602 -0.852884 -0.516625
-27.7244 71.6039 21.4918 -0.0762188 -0.852249 -0.517554
-27.9338 71.1247 22.314 -0.0771595 -0.853776 -0.514891
-28.2729 70.6001 23.2139 -0.106066 -0.84473 -0.524265
-28.8039 70.0194 24.2493 -0.0487289 -0.859477 -0.508642
-29.345 69.5545 25.1159 -0.0796457 -0.848716 -0.521085
-29.7733 69.1507 25.8253 -0.0934 -0.839732 -0.534907
-30.353 68.7421 26.5712 -0.120205 -0.850492 -0.511073
-30.8813 68.4187 27.2858 -0.160354 -0.866352 -0.472064
-31.6074 68.1471 28.0541 -0.137064 -0.876302 -0.461854
-32.4519 67.8789 28.8477 -0.0799029 -0.909662 -0.407592
-33.1337 67.6884 29.4173 -0.112241 -0.92207 -0.366275
-34.1058 67.5373 30.1804 -0.101895 -0.943113 -0.316474
-34.8929 67.3466 30.761 0.0382905 -0.938642 -0.34184
-35.7923 67.0617 31.2839 0.0567462 -0.910183 -0.409639
-36.6781 66.8091 31.7819 0.0375901 -0.916423 -0.398442
-37.7574 66.4807 32.4246 0.114135 -0.909836 -0.390941
-38.5338 66.0634 33.0519 0.184092 -0.899561 -0.396107
-39.2294 65.6461 33.673 0.185457 -0.898608 -0.397629
-40.0844 65.0575 34.6054 0.203194 -0.895445 -0.395111
-40.5538 64.6397 35.2783 0.212754 -0.912692 -0.344446
-41.1351 64.2312 36.1832 0.179923 -0.931232 -0.315946
-41.8278 63.5429 37.2162 0.343249 -0.843343 -0.413464
-42.5977 62.9027 38.0483 0.433393 -0.828039 -0.3557
-43.3637 62.3379 38.5208 0.332183 -0.869386 -0.365817
-44.5354 61.8452 38.622 0.336312 -0.865748 -0.370641
-45.5173 61.5859 38.3612 0.321616 -0.857867 -0.400784
-46.4772 61.3793 38.0315 0.322859 -0.857445 -0.400687
-47.6664 61.2247 37.382 0.337358 -0.850304 -0.403945
-49.0209 61.1054 36.4869 0.343305 -0.850116 -0.399305
-50.0023 60.9607 35.9462 0.376268 -0.857859 -0.350001
-50.826 60.7894 35.4956 0.375013 -0.844056 -0.383319
-51.6194 60.6246 35.0743 0.386259 -0.839122 -0.382934
-52.4162 60.5186 34.4914 0.394766 -0.834727 -0.383892
-53.3535 60.4147 33.7511 0.388184 -0.843611 -0.370954
-54.0206 60.4075 33.0688 0.390748 -0.840595 -0.375121
-54.6257 60.4948 32.2416 0.393102 -0.837794 -0.378908
-55.2191 60.6705 31.2301 0.397034 -0.8375 -0.375444
-55.6081 60.8915 30.3161 0.400288 -0.838531 -0.369642
-55.8753 61.2373 29.2377 0.400451 -0.839853 -0.366451
-56.0226 61.6332 28.1775 0.37901 -0.851079 -0.363339
-56.1315 62.0278 27.1221 0.379122 -0.854787 -0.35441
-56.217 62.3944 26.1365 0.398084 -0.855403 -0.331317
-56.2889 62.6904 25.2643 0.408219 -0.858226 -0.311137
-56.3895 62.971 24.3637 0.425344 -0.848806 -0.313849
-56.612 63.1632 23.4948 0.448492 -0.842365 -0.298791
-56.8644 63.3414 22.5789 0.449615 -0.849262 -0.276728
-57.1444 63.5293 21.5218 0.446392 -0.854842 -0.264536
-57.4435 63.6437 20.657 0.442318 -0.857277 -0.26346
-57.9542 63.7633 19.37 0.442569 -0.862326 -0.24597
-58.404 63.892 18.1352 0.43415 -0.861816 -0.262275
-58.7442 64.0437 17.0773 0.432076 -0.867495 -0.245818
-58.8967 64.2211 16.104 0.425126 -0.875172 -0.230863
-58.9355 64.4424 15.2255 0.418426 -0.876036 -0.239751
-58.927 64.7344 13.9064 0.428973 -0.887962 -0.164113
-58.8524 65.0095 12.8362 0.458274 -0.864534 -0.206315
-58.666 65.3542 11.6967 0.458933 -0.870987 -0.175391
-58.3704 65.7298 10.5934 0.457772 -0.872244 -0.172146
-58.0866 66.0578 9.72626 0.463413 -0.866663 -0.184779
-57.6465 66.5048 8.72849 0.440326 -0.880444 -0.175874
-57.1049 66.9891 7.65954 0.433038 -0.882685 -0.182607
-56.7071 67.3679 6.79946 0.454726 -0.873048 -0.175381
-56.1904 67.851 5.64342 0.446885 -0.878616 -0.168311
-55.637 68.3112 4.5911 0.429922 -0.890155 -0.150708
-55.115 68.6976 3.71606 0.419607 -0.898157 -0.131152
-54.5136 69.0882 2.9457 0.440689 -0.885867 -0.14344
-53.8472 69.555 2.23128 0.457244 -0.878201 -0.140244
-53.0789 70.0526 1.58416 0.454837 -0.88001 -0.136768
-52.009 70.6823 0.889309 0.439506 -0.890664 -0.116183
-50.9752 71.2414 0.339396 0.42723 -0.897549 -0.109001
-50.0044 71.7528 -0.118527 0.421535 -0.900836 -0.103933
-49.0615 72.2446 -0.567873 0.420657 -0.901199 -0.104346
-48.1913 72.693 -0.882929 0.426535 -0.898441 -0.104267
-46.8634 73.3657 -1.29672 0.423898 -0.901111 -0.091156
-45.9862 73.799 -1.53494 0.414841 -0.905835 -0.0858503
-44.8595 74.3341 -1.7471 0.401072 -0.912079 -0.084106
-43.6604 74.8574 -1.88134 0.388595 -0.918261 -0.0758556
-42.4867 75.3547 -1.98708 0.381904 -0.921107 -0.0755319
-41.5801 75.7262 -1.95566 0.382568 -0.920059 -0.084453
-40.7364 76.0678 -1.88569 0.361728 -0.927265 -0.0966066
-39.5841 76.4957 -1.67979 0.345819 -0.931966 -0.1071
-38.5876 76.8136 -1.41308 0.331902 -0.937917 -0.0989493
-37.5443 77.1726 -1.04432 0.361395 -0.927715 -0.0934776
-36.7175 77.4634 -0.757255 0.358495 -0.928687 -0.0949869
-35.7854 77.7436 -0.361463 0.298755 -0.951166 -0.077637
-34.8017 77.9423 0.221712 0.226654 -0.965005 -0.131885
-34.0525 78.0496 0.755939 0.238807 -0.963487 -0.121098
-33.2899 78.1544 1.36174 0.221013 -0.96121 -0.165005
-32.5914 78.1957 2.05032 0.214503 -0.961992 -0.168876
-31.5953 78.229 3.07193 0.209661 -0.961867 -0.175629
-30.9485 78.1331 3.82773 0.138241 -0.960088 -0.243148
-30.4287 78.0371 4.63715 0.118358 -0.971814 -0.199603
-29.9037 77.8572 5.66595 0.0766913 -0.973952 -0.213394
-29.4476 77.6828 6.62571 0.0791366 -0.97392 -0.212628
-28.9858 77.3855 7.80356 0.0455048 -0.96198 -0.269199
-28.6176 77.1208 8.76087 0.0286887 -0.960311 -0.277452
-28.3558 76.8638 9.60625 0.00562556 -0.957593 -0.288068
-28.1104 76.6135 10.443 -0.0125648 -0.952779 -0.302478
-27.8805 76.3279 11.3014 0.011418 -0.94196 -0.33553
-27.5919 76.0301 12.1953 0.0304254 -0.959617 -0.279659
-27.5363 75.9849 12.3565 0.0304254 -0.959617 -0.27966
-26.6061 76.0023 12.1126 -0.0688109 -0.947185 -0.313217
-26.3094 75.5986 13.1819 -0.114916 -0.924286 -0.363992
-26.1428 75.1324 14.3544 -0.0998736 -0.935013 -0.340259
-26.0048 74.7727 15.2349 -0.091216 -0.914967 -0.393083
-25.8732 74.3639 16.0915 -0.0911395 -0.890883 -0.444996
-25.8434 73.8564 17.1231 -0.110794 -0.902815 -0.415512
-25.9991 73.2044 18.4758 -0.0987387 -0.877524 -0.468199
-26.2625 72.7909 19.2874 -0.0730286 -0.866795 -0.492854
-26.4611 72.2785 20.1811 -0.0925561 -0.84505 -0.52638
-26.6799 71.7014 21.1252 -0.102771 -0.837943 -0.535995
-26.8627 71.2307 21.948 -0.130613 -0.846216 -0.5163
-27.1299 70.6535 22.9076 -0.127234 -0.830426 -0.542407
-27.6003 70.0575 23.9566 -0.130332 -0.842279 -0.523048
-28.0682 69.5974 24.7954 -0.115551 -0.831799 -0.542869
-28.4942 69.1986 25.4973 -0.11237 -0.843599 -0.525085
-28.9304 68.8005 26.2278 -0.0927395 -0.842777 -0.530184
-29.5181 68.3918 26.9887 -0.092088 -0.845825 -0.525452
-30.2714 67.9634 27.9437 -0.172471 -0.877429 -0.447629
-31.1595 67.6955 28.8499 -0.223104 -0.873174 -0.433349
-31.7874 67.5343 29.4864 -0.0797979 -0.909306 -0.408404
-32.7115 67.2632 30.2686 -0.138778 -0.908997 -0.387975
-33.86 67.1565 31.1008 -0.157399 -0.87524 -0.454303
-34.5776 66.9486 31.6232 -0.0571146 -0.8773 -0.475908
-35.4772 66.7232 32.1293 -0.0299563 -0.922426 -0.373072
-36.4916 66.499 32.7202 0.0603305 -0.946799 -0.314683
-37.4105 66.0841 33.2877 0.111548 -0.887326 -0.446292
-38.1105 65.7323 33.9055 0.100587 -0.902012 -0.419161
-38.7299 65.3673 34.493 0.129131 -0.89513 -0.426369
-39.3243 64.9459 35.1634 0.144056 -0.890313 -0.431962
-39.8574 64.5224 35.972 0.103753 -0.938072 -0.330539
-40.453 64.0617 36.9521 0.123047 -0.907894 -0.396398
-41.1749 63.4589 38.0279 0.108088 -0.888946 -0.445076
-41.7142 63.0786 38.6472 0.200217 -0.833683 -0.505519
-42.3453 62.5147 39.0791 0.39842 -0.827249 -0.390452
-43.0775 62.0136 39.4689 0.315572 -0.811527 -0.491544
-44.0487 61.5793 39.5776 0.315786 -0.819352 -0.478479
-45.1059 61.275 39.3755 0.350315 -0.831582 -0.430987
-46.2676 60.9972 39.0006 0.326825 -0.847763 -0.417614
-47.1079 60.8172 38.7013 0.32368 -0.852877 -0.409673
-48.1649 60.7193 38.0509 0.328247 -0.859453 -0.39184
-49.0622 60.664 37.4495 0.302009 -0.863722 -0.403454
-49.8474 60.6006 36.9962 0.344958 -0.860099 -0.372517
-50.856 60.3793 36.426 0.389624 -0.848168 -0.358883
-51.8712 60.1444 35.8707 0.386557 -0.843618 -0.372357
-53.0341 59.9435 35.1531 0.376526 -0.846992 -0.375277
-53.8063 59.8889 34.4742 0.378711 -0.849484 -0.367327
-54.5691 59.8536 33.7461 0.38343 -0.851622 -0.357381
-55.3986 59.9747 32.5922 0.387909 -0.844527 -0.369088
-55.8579 60.1042 31.8279 0.385964 -0.842153 -0.376578
-56.3922 60.4176 30.5813 0.385397 -0.842027 -0.377439
-56.6509 60.6699 29.7334 0.373282 -0.850073 -0.371533
-56.8263 61.0119 28.7745 0.377011 -0.847249 -0.37417
-56.98 61.4274 27.661 0.380197 -0.849856 -0.364951
-57.0554 61.8092 26.6769 0.368603 -0.856525 -0.361242
-57.1511 62.1361 25.6665 0.361721 -0.872766 -0.326731
-57.2759 62.5448 24.5095 0.353556 -0.869146 -0.345807
-57.5491 62.7904 23.1483 0.363736 -0.89867 -0.244275
-57.8743 63.0641 21.9038 0.346928 -0.898925 -0.266671
-58.1994 63.1741 20.9432 0.346349 -0.913139 -0.214987
-58.5772 63.2541 20.0136 0.397251 -0.882473 -0.246271
-59.0183 63.3639 18.9691 0.370836 -0.901202 -0.222339
-59.3715 63.4851 17.9061 0.385909 -0.891225 -0.238311
-59.6116 63.6556 16.9089 0.426917 -0.873213 -0.234818
-59.8009 63.9618 15.471 0.419043 -0.875488 -0.240669
-59.8485 64.2522 14.2885 0.371293 -0.90462 -0.205869
-59.7535 64.5244 12.9948 0.36977 -0.91253 -0.17453
-59.6508 64.7946 12.0966 0.435417 -0.877239 -0.198972
-59.4399 65.0945 11.0343 0.407087 -0.893083 -0.188619
-59.2116 65.3828 10.2105 0.400754 -0.892905 -0.205225
-58.8007 65.8365 9.08944 0.399194 -0.890244 -0.219338
-58.4412 66.1975 8.27863 0.405371 -0.891685 -0.200433
-57.8504 66.7239 7.14724 0.438811 -0.880384 -0.17991
-57.3579 67.2124 6.00109 0.435311 -0.880018 -0.189929
-56.9105 67.6135 5.03428 0.417629 -0.892043 -0.172711
-56.3347 68.0807 3.96225 0.429923 -0.890155 -0.15071
-55.8787 68.4184 3.1589 0.424963 -0.895267 -0.133803
-55.1452 68.9091 2.20614 0.421538 -0.895437 -0.143174
-54.5512 69.2955 1.5609 0.457249 -0.878198 -0.140246
-53.5691 69.9269 0.763013 0.454742 -0.880058 -0.13678
-52.8011 70.3713 0.243998 0.439088 -0.891802 -0.109044
-51.9524 70.8423 -0.234976 0.432179 -0.895592 -0.105526
-50.6329 71.5414 -0.838402 0.412843 -0.902495 -0.122731
-49.4244 72.1767 -1.44255 0.420832 -0.901082 -0.104652
-48.3009 72.7492 -1.85561 0.421301 -0.902277 -0.0916583
-47.4147 73.1911 -2.12531 0.422674 -0.901591 -0.0920879
-46.6344 73.581 -2.36679 0.414834 -0.905845 -0.0857733
-45.473 74.1381 -2.63368 0.414832 -0.905853 -0.0857034
-44.6138 74.5213 -2.7246 0.390753 -0.917431 -0.0750494
-43.5719 74.964 -2.87861 0.375814 -0.924699 -0.060226
-42.6679 75.3456 -2.99908 0.393668 -0.916974 -0.062932
-41.8277 75.7142 -2.9684 0.382979 -0.920127 -0.0818156
-40.8402 76.1154 -2.85749 0.388273 -0.917497 -0.0859718
-39.7204 76.5512 -2.71922 0.360091 -0.927256 -0.102616
-38.7916 76.8755 -2.4767 0.335278 -0.934389 -0.120296
-37.8338 77.1853 -2.17427 0.340312 -0.932268 -0.122734
-36.9288 77.4885 -1.82389 0.323268 -0.940213 -0.106786
-36.0702 77.7408 -1.53181 0.318308 -0.943563 -0.0886783
-34.8957 78.1304 -0.984182 0.378176 -0.919021 -0.111278
-33.6382 78.2677 -0.149012 0.23789 -0.94761 -0.2131
-32.8168 78.393 0.526576 0.250328 -0.96022 -0.123748
-31.9586 78.4662 1.3365 0.225256 -0.957371 -0.178594
-31.1946 78.4858 2.11137 0.159751 -0.967334 -0.190393
-30.5557 78.413 2.79655 0.113635 -0.971228 -0.20929
-29.9897 78.3315 3.5012 0.132772 -0.969671 -0.205206
-29.3883 78.1653 4.49271 0.118734 -0.959941 -0.253803
-28.7769 77.9238 5.77627 0.081587 -0.973888 -0.211861
-28.3619 77.7388 6.69461 0.0335668 -0.957052 -0.285642
-28.0163 77.4673 7.56642 0.0164121 -0.965974 -0.258117
-27.5646 77.0922 8.88933 -0.0070322 -0.955698 -0.294265
-27.2017 76.673 10.1768 -0.0307516 -0.947965 -0.316884
-26.9517 76.3354 11.1811 -0.0513405 -0.950759 -0.30502
-26.8423 76.2308 11.4733 -0.0688111 -0.947185 -0.313217
-26.0619 76.367 10.9066 -0.062131 -0.945787 -0.318783
-26.2852 76.7029 9.95907 -0.0540515 -0.946989 -0.316553
-26.6138 77.1099 8.78668 -0.0455455 -0.946874 -0.318363
-26.9043 77.3914 7.86984 -0.00189366 -0.963487 -0.267747
-27.294 77.7356 6.69161 -0.00822504 -0.955985 -0.2933
-27.6633 77.9821 5.84504 0.00126702 -0.967147 -0.254215
-28.0827 78.2148 4.82067 0.0977507 -0.96588 -0.23935
-28.7974 78.4635 3.61005 0.0942061 -0.967899 -0.232308
-29.3656 78.584 2.71623 0.134203 -0.96919 -0.206544
-30.0064 78.6633 2.01079 0.137006 -0.963126 -0.231554
-30.7685 78.7533 1.16716 0.140054 -0.964957 -0.221908
-31.504 78.729 0.417867 0.240904 -0.958098 -0.154961
-32.4328 78.6437 -0.37381 0.260436 -0.942714 -0.208425
-33.1531 78.5772 -0.961319 0.249447 -0.94503 -0.211262
-34.0838 78.4887 -1.62172 0.242635 -0.946734 -0.211681
-34.9217 78.2591 -2.11661 0.377813 -0.918646 -0.11553
-36.0421 77.8789 -2.52341 0.336845 -0.93249 -0.130376
-36.9831 77.582 -2.83156 0.342186 -0.928417 -0.144743
-37.9569 77.2837 -3.22472 0.338859 -0.931058 -0.135301
-38.9452 76.9502 -3.53174 0.378659 -0.918764 -0.111763
-40.5142 76.3534 -3.75528 0.385895 -0.916207 -0.106133
-41.4838 75.9369 -3.85644 0.397843 -0.911666 -0.102055
-42.5499 75.475 -4.02126 0.40637 -0.911493 -0.0635936
-43.741 74.9645 -3.83272 0.371464 -0.924925 -0.0807945
-44.5685 74.6195 -3.68851 0.393308 -0.916404 -0.0741892
-45.7052 74.1259 -3.60554 0.412355 -0.905501 -0.0962688
-46.5195 73.7269 -3.45513 0.423635 -0.902669 -0.075648
-47.3927 73.32 -3.20602 0.410393 -0.907389 -0.0889385
-48.3629 72.8279 -2.83852 0.417224 -0.903147 -0.101237
-49.4631 72.2819 -2.45697 0.410696 -0.906089 -0.101646
-50.2744 71.8644 -2.06013 0.407461 -0.906185 -0.113161
-51.2417 71.3639 -1.58048 0.419972 -0.899244 -0.122157
-52.0544 70.9325 -1.25647 0.428037 -0.895391 -0.122706
-52.8886 70.4861 -0.853919 0.411728 -0.90258 -0.125815
-53.8532 69.9274 -0.201355 0.440494 -0.888361 -0.129534
-54.6199 69.4728 0.282361 0.44568 -0.884265 -0.139173
-55.4854 68.9275 1.10964 0.417015 -0.898361 -0.138007
-56.1299 68.5026 1.88039 0.413024 -0.899276 -0.143919
-56.8608 67.9916 2.98438 0.413247 -0.899493 -0.14191
-57.2831 67.6711 3.78507 0.413431 -0.897667 -0.15219
-57.7136 67.3179 4.60422 0.418828 -0.892227 -0.168858
-58.111 66.9677 5.41748 0.431493 -0.881934 -0.189752
-58.4737 66.5984 6.30519 0.428141 -0.883954 -0.18788
-58.9342 66.1888 7.20849 0.424721 -0.885874 -0.186646
-59.3519 65.8451 7.96112 0.389535 -0.900661 -0.192544
-59.6745 65.5112 8.81182 0.406508 -0.887066 -0.218735
-59.982 65.1634 9.66087 0.393121 -0.89757 -0.199272
-60.3448 64.7767 10.742 0.384802 -0.900424 -0.202662
-60.5175 64.4452 11.8518 0.370601 -0.907696 -0.196504
-60.6211 64.2061 12.821 0.36977 -0.91253 -0.174531
-60.7095 63.9932 13.7805 0.374045 -0.911887 -0.168975
-60.7137 63.7122 14.9761 0.366216 -0.898948 -0.240373
-60.6239 63.4066 16.2557 0.369063 -0.896858 -0.243749
-60.4418 63.182 17.3429 0.371912 -0.89477 -0.247121
-60.078 62.9829 18.6499 0.35014 -0.911181 -0.213443
-59.6666 62.9106 19.725 0.370836 -0.901203 -0.222337
-59.2755 62.8509 20.5838 0.345628 -0.913292 -0.215498
-58.8403 62.7475 21.6697 0.355411 -0.901452 -0.24712
-58.5973 62.5924 22.5264 0.336168 -0.89877 -0.281371
-58.3166 62.3987 23.4965 0.339982 -0.902235 -0.264975
-58.1164 62.1783 24.5553 0.363736 -0.89867 -0.244276
-58.0313 61.8216 25.592 0.342108 -0.876367 -0.338999
-57.9218 61.4773 26.5781 0.351205 -0.869697 -0.346632
-57.8736 61.0702 27.6095 0.363573 -0.860439 -0.357016
-57.7052 60.5929 28.871 0.360438 -0.852931 -0.377614
-57.5105 60.2466 29.8486 0.369152 -0.849442 -0.37706
-57.087 59.8971 31.0523 0.369866 -0.849496 -0.376239
-56.6566 59.6303 32.0942 0.366364 -0.854162 -0.369031
-56.0402 59.4493 33.144 0.381553 -0.849294 -0.364853
-55.2114 59.3023 34.3693 0.384167 -0.851369 -0.357193
-54.5457 59.3483 34.9748 0.378382 -0.85176 -0.36234
-53.72 59.3864 35.7601 0.36043 -0.873798 -0.326435
-52.8225 59.5414 36.3533 0.374394 -0.865355 -0.33315
-52.0382 59.7205 36.7594 0.370312 -0.865491 -0.337335
-51.1797 59.9206 37.2094 0.384102 -0.858028 -0.340959
-50.384 60.0917 37.6744 0.344961 -0.860097 -0.372519
-49.4052 60.1843 38.2198 0.304342 -0.862752 -0.403767
-48.3254 60.2377 38.988 0.322159 -0.863607 -0.387811
-47.5313 60.3088 39.4637 0.309342 -0.858572 -0.408529
-46.5798 60.4843 39.7982 0.315742 -0.851785 -0.418053
-45.5353 60.7166 40.1136 0.318582 -0.849054 -0.42141
-44.554 60.938 40.3752 0.301737 -0.826781 -0.47475
-43.4652 61.2862 40.4674 0.310166 -0.826179 -0.470338
-42.6368 61.7064 40.2703 0.307451 -0.823896 -0.47603
-41.9066 62.1813 39.9305 0.273965 -0.81814 -0.505559
-40.9477 62.827 39.2817 0.113494 -0.868973 -0.48167
-40.3471 63.2612 38.6238 0.0944292 -0.893105 -0.439559
-39.8718 63.6743 37.8583 0.0807703 -0.897266 -0.43404
-39.3917 64.0958 37.0821 0.0898339 -0.89295 -0.441101
-38.9726 64.5053 36.2984 0.124779 -0.925263 -0.356429
-38.4056 64.9255 35.5118 0.144932 -0.901377 -0.407156
-37.8165 65.3132 34.8567 0.114205 -0.899948 -0.420773
-37.0476 65.6989 34.1687 -0.00339747 -0.914554 -0.404449
-36.3262 66.0153 33.6044 0.0650094 -0.849295 -0.5239
-35.3236 66.2487 33.0621 -0.0858145 -0.881371 -0.463737
-34.2507 66.4802 32.4489 -0.089459 -0.884192 -0.458075
-33.4989 66.6654 31.9219 -0.157407 -0.875236 -0.454308
-32.5606 66.7625 31.267 -0.219862 -0.871051 -0.439238
-31.7432 66.9179 30.6133 -0.18693 -0.871693 -0.453
-31.0443 67.126 29.9225 -0.222687 -0.867673 -0.444471
-30.1888 67.3338 29.0789 -0.195799 -0.868042 -0.454895
-29.4759 67.6297 28.2909 -0.170526 -0.870106 -0.462143
-28.9128 67.91 27.6141 -0.121089 -0.868376 -0.480896
-28.2606 68.2827 26.8485 -0.172412 -0.836674 -0.519856
-27.8025 68.6913 26.0715 -0.160362 -0.805326 -0.570731
-27.2773 69.1932 25.2141 -0.162618 -0.804829 -0.570793
-26.8118 69.64 24.4419 -0.125812 -0.834989 -0.53547
-26.438 70.1203 23.5978 -0.113517 -0.841327 -0.528472
-26.0491 70.6337 22.697 -0.113468 -0.843758 -0.524572
-25.8921 71.1311 21.8633 -0.119383 -0.841379 -0.527096
-25.6288 71.7311 20.8523 -0.124654 -0.836212 -0.534052
-25.3983 72.4353 19.7197 -0.114515 -0.830339 -0.545365
-25.0622 72.9884 18.6387 -0.110356 -0.884766 -0.45278
-24.9022 73.4712 17.6633 -0.133416 -0.879634 -0.456557
-24.9104 73.8875 16.8423 -0.0920172 -0.888426 -0.449701
-24.9431 74.4028 15.7736 -0.103247 -0.903401 -0.416182
-25.1101 74.889 14.7368 -0.0863267 -0.931286 -0.349554
-25.2563 75.3167 13.532 -0.121963 -0.929519 -0.347385
-25.5232 75.8671 12.2429 -0.116355 -0.930441 -0.346531
-25.7944 76.1297 11.5621 -0.0621085 -0.946357 -0.317098
-24.999 76.2484 10.9848 -0.0944261 -0.937764 -0.33419
-25.3318 76.6472 9.89747 -0.0845844 -0.945906 -0.313222
-25.5812 76.9635 9.02202 -0.0788795 -0.945604 -0.315581
-26.0064 77.4529 7.63282 -0.0411071 -0.956437 -0.285847
-26.2358 77.7099 6.73912 -0.0106521 -0.955605 -0.29446
-26.5692 77.9746 5.90011 0.04693 -0.95657 -0.283215
-27.0048 78.3006 4.68535 0.0188683 -0.963279 -0.267839
-27.7154 78.6012 3.46523 0.055127 -0.966183 -0.249554
-28.1862 78.7369 2.71238 0.119576 -0.962175 -0.244764
-28.7544 78.8567 1.94219 0.139103 -0.961863 -0.235519
-29.4191 78.9303 1.24893 0.140747 -0.967422 -0.208635
-30.1805 78.9959 0.437739 0.127095 -0.971453 -0.200313
-30.8798 79.0402 -0.22959 0.193201 -0.956608 -0.207463
-31.8537 78.9675 -1.09599 0.264718 -0.941237 -0.209754
-32.6766 78.8887 -1.69351 0.299113 -0.91552 -0.266691
-33.5278 78.8043 -2.41131 0.24251 -0.947604 -0.207931
-34.2746 78.6385 -2.88686 0.392623 -0.911191 -0.12481
-35.2743 78.2785 -3.30054 0.39466 -0.892981 -0.215941
-36.3018 77.9497 -3.59585 0.330361 -0.932339 -0.146989
-37.2268 77.6785 -4.02664 0.341747 -0.928611 -0.144536
-38.0953 77.3966 -4.31068 0.368313 -0.920512 -0.127968
-39.4453 76.8754 -4.6253 0.373926 -0.921485 -0.104942
-40.2985 76.5444 -4.72225 0.36981 -0.92354 -0.101562
-41.2156 76.1387 -4.81711 0.420168 -0.904699 -0.0705595
-42.161 75.7193 -5.00019 0.410051 -0.909516 -0.0681177
-43.1115 75.3207 -4.9797 0.37433 -0.922557 -0.0936213
-44.0829 74.9121 -4.80686 0.372287 -0.92466 -0.0800355
-45.1391 74.4748 -4.66195 0.371681 -0.924898 -0.0801078
-45.9823 74.0944 -4.57212 0.437502 -0.894048 -0.0962826
-47.126 73.5377 -4.36341 0.399368 -0.910462 -0.105477
-47.9964 73.1328 -4.05295 0.399362 -0.912516 -0.0882797
-48.7827 72.7357 -3.73315 0.423553 -0.900096 -0.101797
-49.9524 72.134 -3.23667 0.420264 -0.903663 -0.0822826
-50.725 71.7591 -2.83521 0.402193 -0.910038 -0.0990323
-51.7874 71.2136 -2.36274 0.422783 -0.897754 -0.123527
-52.5527 70.8112 -2.08669 0.427675 -0.894626 -0.129333
-53.7153 70.1849 -1.5506 0.426719 -0.898296 -0.104766
-54.7369 69.5882 -0.823943 0.430095 -0.892074 -0.138404
-55.6948 69.0154 -0.0886182 0.415594 -0.899174 -0.136964
-56.3571 68.6044 0.582403 0.412867 -0.900105 -0.13906
-56.952 68.2189 1.31346 0.407092 -0.901316 -0.148008
-57.4002 67.8985 2.0315 0.402982 -0.903695 -0.144595
-57.9807 67.4538 3.19382 0.395524 -0.905552 -0.153417
-58.423 67.0942 4.02452 0.419354 -0.891986 -0.168828
-58.9 66.6917 4.90141 0.431907 -0.881949 -0.188738
-59.2276 66.3623 5.74212 0.404118 -0.895277 -0.187526
-59.7181 65.9911 6.45596 0.400445 -0.897794 -0.183216
-60.1927 65.5779 7.48388 0.397881 -0.899861 -0.178715
-60.6126 65.1058 8.7393 0.391643 -0.894154 -0.217037
-60.9416 64.7907 9.51985 0.377752 -0.904575 -0.197604
-61.334 64.2941 11.0443 0.374958 -0.904676 -0.202331
-61.4402 64.0214 12.0976 0.3688 -0.910764 -0.185729
-61.5733 63.6961 13.6019 0.345645 -0.922024 -0.174362
-61.6122 63.4778 14.5533 0.354457 -0.90879 -0.218628
-61.5813 63.2473 15.4611 0.336786 -0.912516 -0.23174
-61.4824 62.9027 16.894 0.318259 -0.91181 -0.259449
-61.2279 62.7121 17.9872 0.310949 -0.930904 -0.190984
-61.0118 62.5544 19.15 0.323671 -0.926493 -0.191865
-60.4511 62.5379 20.0992 0.325429 -0.920874 -0.214678
-60.0197 62.4701 21.0674 0.330356 -0.920325 -0.209443
-59.6295 62.3504 22.0457 0.333004 -0.910677 -0.244488
-59.3256 62.122 23.1839 0.332076 -0.90187 -0.276327
-59.0445 61.936 24.0995 0.334176 -0.895891 -0.290039
-58.9569 61.6843 24.9953 0.346479 -0.876897 -0.333174
-58.8886 61.297 26.0396 0.34441 -0.86679 -0.360325
-58.9166 60.9257 26.9153 0.358654 -0.863241 -0.355173
-58.7245 60.4861 28.1412 0.361206 -0.854345 -0.373638
-58.4546 59.9881 29.5217 0.360339 -0.852781 -0.378045
-58.0058 59.5702 30.8981 0.36151 -0.854359 -0.373325
-57.7217 59.2927 31.8201 0.365009 -0.854615 -0.369326
-57.2658 59.0863 32.7806 0.352931 -0.868025 -0.349247
-56.6805 58.966 33.6877 0.355768 -0.869976 -0.341417
-56.1127 58.7939 34.7305 0.358914 -0.87145 -0.3343
-55.3944 58.8159 35.4377 0.352144 -0.873976 -0.334904
-54.7592 58.829 36.099 0.365046 -0.872694 -0.324264
-53.9164 58.9301 36.7604 0.358328 -0.873962 -0.328316
-53.1185 59.0985 37.1782 0.353813 -0.873048 -0.335537
-52.0684 59.3407 37.689 0.370428 -0.863238 -0.342934
-51.1616 59.5393 38.1697 0.390462 -0.851806 -0.349236
-50.3828 59.6428 38.6179 0.308441 -0.857031 -0.412748
-49.6089 59.7097 39.0756 0.331474 -0.857628 -0.39319
-48.4888 59.7619 39.8826 0.316001 -0.851863 -0.417563
-47.578 59.8533 40.3542 0.300574 -0.855561 -0.421509
-46.464 60.0353 40.7786 0.310821 -0.844285 -0.436547
-45.174 60.2974 41.1514 0.289553 -0.844159 -0.45117
-44.0824 60.5669 41.3407 0.287202 -0.845569 -0.45003
-43.0854 60.9572 41.3012 0.304818 -0.830332 -0.46633
-41.9415 61.5609 40.962 0.296453 -0.825565 -0.480164
-40.8594 62.2913 40.3777 0.29888 -0.830883 -0.469365
-39.85 62.7652 39.7267 0.11772 -0.884124 -0.45123
-39.2963 63.2434 38.8772 0.0903466 -0.896021 -0.434622
-38.8548 63.6917 38.0303 0.123352 -0.891097 -0.436234
-38.1978 64.3517 36.8989 0.146617 -0.891978 -0.427644
-37.7462 64.7309 36.1597 0.115962 -0.90918 -0.39993
-36.9266 65.2207 35.2496 0.0470785 -0.903972 -0.421944
-36.0308 65.547 34.5084 -0.00145837 -0.916498 -0.400036
-35.0697 65.8181 33.857 -0.0300746 -0.892881 -0.449286
-34.2663 65.9535 33.4476 -0.0812627 -0.888778 -0.451077
-33.4488 66.124 32.9612 -0.155909 -0.878705 -0.448403
-32.5102 66.2312 32.2974 -0.219502 -0.872004 -0.437526
-31.7041 66.3604 31.7203 -0.129694 -0.888811 -0.438654
-30.8948 66.5841 30.9861 -0.126364 -0.901455 -0.414019
-29.9197 66.8245 30.0013 -0.190932 -0.888336 -0.417617
-28.9448 67.1658 28.9733 -0.149995 -0.871412 -0.467057
-28.1291 67.5667 28.0214 -0.12999 -0.862962 -0.488261
-27.3029 67.9945 27.0292 -0.144959 -0.852498 -0.502229
-26.835 68.445 26.1478 -0.152864 -0.81564 -0.558
-26.1374 68.9815 25.2155 -0.13618 -0.801918 -0.581706
-25.6906 69.6406 24.1552 -0.13822 -0.828848 -0.542131
-25.2517 70.2144 23.2107 -0.0940255 -0.853408 -0.512692
-24.9231 70.7095 22.3286 -0.0932448 -0.852735 -0.513953
-24.7791 71.1726 21.545 -0.0808287 -0.838079 -0.538044
-24.5505 71.7671 20.5926 -0.0693046 -0.842765 -0.533761
-24.3941 72.3928 19.5968 -0.0691549 -0.838413 -0.540619
-24.0932 72.7884 18.7639 -0.131287 -0.884023 -0.448627
-23.9535 73.2778 17.7664 -0.119268 -0.87494 -0.469005
-23.9751 73.768 16.8861 -0.109043 -0.869635 -0.481503
-23.9371 74.1944 15.9903 -0.0944705 -0.907182 -0.409996
-24.0671 74.6769 14.9305 -0.0597605 -0.917255 -0.393792
-24.249 75.0403 14.1208 -0.0863272 -0.931286 -0.349554
-24.3086 75.3908 13.0576 -0.0517744 -0.949254 -0.310219
-24.5731 75.8289 12.023 -0.116489 -0.926946 -0.356288
-24.6643 75.9417 11.751 -0.110192 -0.934172 -0.338964
-24.815 76.09 11.3773 -0.0944264 -0.937762 -0.334195
