-43.4306 73.0725 15.5747 0.28277 -0.920998 -0.266809
-43.3161 72.7731 16.6189 0.297496 -0.908494 -0.293486
-43.9449 72.1995 17.7105 0.329754 -0.898376 -0.287252
-44.4035 72.2254 16.9875 0.362964 -0.88602 -0.287151
-44.2977 72.5742 16.1343 0.34862 -0.887219 -0.301311
-43.7042 72.9635 15.6084 0.345598 -0.903067 -0.251822
-43.4485 73.0992 15.4533 0.308016 -0.923247 -0.226439
-42.5347 73.4133 15.2873 0.27507 -0.929715 -0.244881
-42.842 73.5989 14.2355 0.310602 -0.924821 -0.219432
-43.7683 73.2743 14.1571 0.340962 -0.916779 -0.207993
-44.5041 72.8459 14.77 0.360361 -0.907147 -0.21731
-45.0564 72.3802 15.7551 0.382297 -0.884443 -0.264539
-45.1913 72.0226 16.6139 0.357577 -0.890641 -0.277922
-45.1098 71.7661 17.6433 0.321569 -0.911724 -0.255642
-44.73 71.5111 18.8782 0.317021 -0.88063 -0.351914
-43.6645 71.8629 18.9009 0.296978 -0.887092 -0.353374
-42.8555 72.457 18.0105 0.300574 -0.900651 -0.313822
-42.4916 72.9415 16.9333 0.293984 -0.910389 -0.291109
-42.4554 73.252 15.9884 0.282769 -0.921 -0.266804
-42.4818 73.33 15.6628 0.275071 -0.929715 -0.244881
-41.6252 73.6181 15.6014 0.295065 -0.918554 -0.262966
-41.8656 73.8602 14.4754 0.30223 -0.921544 -0.242994
-42.2734 74.0199 13.2658 0.310597 -0.924824 -0.219424
-43.0439 73.8487 12.8602 0.318652 -0.922661 -0.217138
-44.0265 73.4157 13.1747 0.348806 -0.909614 -0.22569
-44.9441 72.8957 13.8188 0.369037 -0.905665 -0.208767
-45.7001 72.2913 15.0213 0.397269 -0.893312 -0.210169
-46.0517 71.8157 16.2302 0.331278 -0.909015 -0.252877
-46.0004 71.5188 17.3738 0.331674 -0.910087 -0.248463
-45.8427 71.3236 18.2995 0.326619 -0.910906 -0.252055
-45.5361 71.0956 19.1697 0.369925 -0.858006 -0.356344
-45.21 70.8851 20.0122 0.317017 -0.88063 -0.351917
-44.4573 70.9289 20.538 0.305149 -0.880032 -0.363905
-43.5505 71.4741 19.9751 0.299196 -0.883027 -0.361435
-42.7905 71.9586 19.4009 0.299719 -0.886832 -0.351706
-42.1921 72.3776 18.7886 0.275094 -0.898163 -0.342966
-41.7935 72.7902 18.0133 0.26036 -0.907183 -0.330024
-41.6162 73.1295 17.1629 0.245245 -0.920321 -0.304735
-41.5739 73.4477 16.2503 0.276146 -0.914321 -0.29439
-40.6926 73.7493 16.1217 0.251321 -0.912807 -0.321629
-40.8324 74.0233 15.0508 0.285001 -0.921818 -0.262729
-41.0604 74.2052 14.1316 0.300566 -0.927273 -0.223214
-41.518 74.4415 12.6521 0.311932 -0.915151 -0.255337
-42.6015 74.2533 11.8055 0.329287 -0.917556 -0.222561
-43.5727 73.8608 11.9828 0.342374 -0.918715 -0.196832
-44.3873 73.481 12.2599 0.364948 -0.908718 -0.202596
-45.2981 72.9765 12.8443 0.36935 -0.905342 -0.209609
-45.9462 72.5218 13.6046 0.399055 -0.890561 -0.218304
-46.4101 72.1017 14.485 0.411724 -0.885949 -0.212857
-46.8165 71.6401 15.5628 0.425992 -0.878098 -0.217876
-46.919 71.3629 16.4546 0.43415 -0.872643 -0.223624
-46.8606 71.1359 17.329 0.440342 -0.857044 -0.267534
-46.6863 70.9136 18.2719 0.426506 -0.85588 -0.29251
-46.3009 70.6382 19.477 0.361959 -0.869072 -0.336322
-45.9953 70.4562 20.3255 0.342675 -0.875429 -0.339844
-45.5288 70.0545 21.6843 0.336247 -0.863575 -0.375735
-44.6154 70.3627 21.7384 0.29671 -0.875603 -0.381159
-43.8392 70.8327 21.2629 0.297195 -0.877602 -0.376113
-43.077 71.2986 20.7719 0.269036 -0.877019 -0.396166
-42.3677 71.7388 20.2607 0.216226 -0.882319 -0.417315
-41.5123 72.2796 19.4815 0.192152 -0.893061 -0.40684
-41.058 72.7085 18.7926 0.2366 -0.895568 -0.374177
-40.7326 73.2054 17.6448 0.245338 -0.917145 -0.313942
-40.6818 73.5697 16.6333 0.263532 -0.908463 -0.324416
-39.7523 73.8599 16.5086 0.243174 -0.913231 -0.326774
-39.8191 73.3582 17.8661 0.219399 -0.913204 -0.34339
-40.0824 72.901 18.9346 0.21709 -0.895047 -0.385888
-40.5609 72.3623 19.799 0.199667 -0.880139 -0.430683
-41.4957 71.6978 20.7561 0.19306 -0.889831 -0.413435
-42.2294 71.2773 21.2978 0.239943 -0.877302 -0.41561
-43.1408 70.7342 21.9285 0.240499 -0.879792 -0.410032
-44.3892 70.0183 22.701 0.248919 -0.880271 -0.403813
-45.107 69.5669 23.1303 0.319663 -0.86661 -0.383149
-46.0081 69.2613 23.0513 0.353585 -0.854453 -0.380641
-46.3552 69.5991 21.9519 0.366005 -0.851067 -0.376379
-46.6791 69.9367 20.8932 0.388552 -0.843046 -0.371139
-47.0792 70.2013 19.7465 0.404555 -0.855829 -0.322323
-47.5011 70.4545 18.4507 0.414154 -0.862795 -0.289934
-47.699 70.6681 17.4266 0.4558 -0.847335 -0.272527
-47.8119 70.9051 16.5012 0.45803 -0.846899 -0.27011
-47.705 71.2039 15.5241 0.441018 -0.870964 -0.216621
-47.4394 71.5748 14.589 0.434638 -0.873962 -0.217294
-47.0516 71.9685 13.761 0.426116 -0.878422 -0.216326
-46.5544 72.4332 12.7991 0.411687 -0.887005 -0.209131
-46.0118 72.8282 12.1762 0.380418 -0.903187 -0.198835
-45.0208 73.3975 11.4834 0.374392 -0.905755 -0.198497
-44.1429 73.8297 11.1361 0.35366 -0.913717 -0.199714
-42.878 74.3537 10.8633 0.340182 -0.921156 -0.189069
-41.9586 74.702 10.8069 0.334916 -0.922593 -0.191412
-41.1704 74.8838 11.2861 0.324547 -0.926011 -0.192805
-40.6811 74.8229 12.2976 0.301124 -0.922192 -0.242328
-40.4059 74.6772 13.1575 0.305689 -0.917793 -0.253395
-40.1611 74.469 14.1239 0.232445 -0.938567 -0.255072
-39.9069 74.2791 15.0553 0.232109 -0.938745 -0.254722
-39.7592 74.0039 16.1125 0.247228 -0.909308 -0.33472
-39.761 73.9088 16.3694 0.247233 -0.909306 -0.334721
-38.8272 74.142 16.2733 0.164882 -0.937965 -0.305016
-38.8098 73.7232 17.5124 0.163945 -0.930179 -0.328464
-38.9942 73.2531 18.6699 0.220306 -0.912205 -0.345465
-39.4102 72.6317 19.8217 0.212729 -0.871772 -0.441315
-39.9148 72.167 20.4971 0.198055 -0.879469 -0.432489
-40.6438 71.6372 21.2689 0.194076 -0.88679 -0.419404
-41.6416 71.0877 22.0133 0.184514 -0.896197 -0.403467
-42.5436 70.5648 22.6348 0.228687 -0.885375 -0.404507
-43.3204 70.1299 23.1291 0.250437 -0.883974 -0.394806
-44.1565 69.6601 23.6617 0.246975 -0.886935 -0.390319
-44.9827 69.1401 24.1914 0.324161 -0.859563 -0.395058
-45.6909 68.6677 24.6293 0.333313 -0.856015 -0.395138
-46.3313 68.4546 24.5508 0.333321 -0.856013 -0.395136
-46.7002 68.6435 23.7953 0.353538 -0.854523 -0.380527
-47.0987 69.0709 22.4317 0.383459 -0.846885 -0.368435
-47.3559 69.3581 21.4921 0.391155 -0.849812 -0.353281
-47.6837 69.6246 20.4796 0.399578 -0.845121 -0.35492
-47.9998 69.8017 19.6135 0.449166 -0.840063 -0.304212
-48.3878 70.02 18.3374 0.461634 -0.848241 -0.259579
-48.56 70.2442 17.3048 0.458023 -0.846905 -0.270103
-48.6431 70.4846 16.4015 0.46106 -0.852013 -0.247063
-48.5778 70.8084 15.3058 0.463747 -0.856896 -0.225097
-48.3295 71.1633 14.4268 0.442218 -0.869815 -0.218783
-47.8587 71.6668 13.3849 0.448759 -0.868542 -0.210005
-47.4307 72.0964 12.4317 0.442596 -0.877509 -0.184397
-46.8609 72.5486 11.6584 0.457091 -0.871087 -0.179656
-45.8456 73.1883 10.8163 0.404304 -0.903087 -0.144817
-44.9912 73.6283 10.4333 0.393246 -0.911226 -0.122509
-43.7531 74.1853 10.054 0.353653 -0.922607 -0.15278
-42.7511 74.5916 9.90891 0.347751 -0.924809 -0.152704
-41.7259 74.9758 9.84222 0.336008 -0.926178 -0.171151
-40.8523 75.2447 10.1322 0.331291 -0.920694 -0.206324
-40.1665 75.2719 11.1116 0.327918 -0.923352 -0.199565
-39.8261 75.1687 12.0084 0.296569 -0.926588 -0.231261
-39.4028 74.8901 13.4125 0.234309 -0.919364 -0.31602
-39.1396 74.6582 14.3593 0.232769 -0.938387 -0.255437
-38.9262 74.4128 15.3464 0.168466 -0.946173 -0.276362
-38.8518 74.2981 15.7798 0.164878 -0.937966 -0.305015
-37.9792 74.4858 15.6749 0.174233 -0.933561 -0.313124
-38.2182 74.8413 14.4016 0.202135 -0.932852 -0.298209
-38.4629 75.0929 13.4363 0.200766 -0.9347 -0.293301
-38.7102 75.3024 12.5964 0.200545 -0.937283 -0.285101
-39.0574 75.524 11.4949 0.27728 -0.933669 -0.226663
-39.3683 75.6424 10.6228 0.288678 -0.933073 -0.213938
-39.993 75.6833 9.52304 0.330963 -0.927244 -0.167436
-41.0675 75.3627 8.95291 0.335473 -0.934534 -0.118759
-42.1785 74.9665 8.8634 0.360914 -0.922513 -0.136757
-43.1258 74.5862 8.94636 0.356162 -0.924708 -0.134402
-44.1331 74.1621 9.1481 0.381529 -0.91716 -0.115125
-45.2524 73.6408 9.51486 0.389692 -0.912661 -0.123247
-46.1731 73.1877 9.90617 0.416394 -0.898086 -0.140969
-46.9382 72.7467 10.3876 0.428487 -0.893082 -0.137123
-47.723 72.2044 11.1741 0.437952 -0.88131 -0.177457
-48.3864 71.6238 12.3434 0.452242 -0.870904 -0.192361
-48.8562 71.1543 13.3398 0.454885 -0.867922 -0.199477
-49.307 70.6475 14.4146 0.47181 -0.855054 -0.215122
-49.515 70.2857 15.3648 0.464075 -0.856679 -0.225243
-49.551 69.9772 16.4687 0.458261 -0.854039 -0.244878
-49.4339 69.7311 17.446 0.453887 -0.849914 -0.267644
-49.1894 69.5105 18.5768 0.458001 -0.849521 -0.261782
-48.776 69.3385 19.7467 0.456269 -0.839062 -0.296102
-48.4292 69.1461 20.8111 0.419315 -0.847101 -0.324127
-48.1664 68.8924 21.71 0.394564 -0.846392 -0.357667
-47.8701 68.5755 22.7763 0.36986 -0.854011 -0.365881
-47.544 68.2016 23.9637 0.365055 -0.852066 -0.375124
-47.2837 67.8399 25.0347 0.364825 -0.851158 -0.377403
-47.1276 67.4471 26.0255 0.33396 -0.852738 -0.40153
-46.2636 67.6354 26.349 0.324745 -0.843849 -0.427153
-45.6694 68.1196 25.8397 0.306798 -0.856931 -0.413944
-45.0092 68.5884 25.349 0.312535 -0.860741 -0.401805
-44.3555 69.0354 24.8987 0.263861 -0.869726 -0.417078
-43.2737 69.676 24.1903 0.249538 -0.887887 -0.386507
-42.3843 70.1588 23.6509 0.238436 -0.887515 -0.394173
-41.3035 70.7506 22.9111 0.193807 -0.888881 -0.415113
-40.5024 71.1668 22.368 0.190703 -0.897338 -0.398016
-39.8482 71.5433 21.8221 0.184534 -0.899558 -0.395907
-39.2494 71.9823 21.1884 0.21222 -0.873679 -0.437776
-38.6768 72.4869 20.4612 0.208601 -0.873249 -0.440342
-38.2549 73.0052 19.6256 0.188504 -0.892281 -0.408383
-37.985 73.5184 18.4604 0.143818 -0.920488 -0.363342
-37.861 73.8839 17.5307 0.153705 -0.928792 -0.336959
-37.8622 74.214 16.5499 0.162453 -0.935981 -0.312289
-37.9765 74.4818 15.6879 0.168734 -0.933579 -0.316138
-37.0848 74.7555 15.3646 0.170211 -0.932147 -0.31958
-37.3418 75.089 14.2065 0.164749 -0.942048 -0.291445
-37.5938 75.3625 13.1483 0.180657 -0.941811 -0.283469
-37.8759 75.5974 12.1678 0.177637 -0.944594 -0.276022
-38.2188 75.8156 11.1591 0.179204 -0.95105 -0.251772
-38.5879 75.9688 10.0806 0.22981 -0.951296 -0.205484
-39.0097 76.047 9.20946 0.237872 -0.952855 -0.188108
-39.7557 75.9214 8.42791 0.35927 -0.924667 -0.126161
-40.5508 75.6642 8.04845 0.344909 -0.927112 -0.144724
-41.4204 75.3854 7.90235 0.321806 -0.937327 -0.133635
-42.4843 74.9938 7.88738 0.362337 -0.921588 -0.13924
-43.6003 74.5179 8.04897 0.374528 -0.918893 -0.123344
-44.6717 74.0458 8.32101 0.389851 -0.913255 -0.117768
-45.7297 73.5366 8.69429 0.395726 -0.911753 -0.110031
-46.5571 73.116 9.01625 0.429845 -0.896882 -0.104091
-47.2773 72.7153 9.39972 0.435858 -0.892764 -0.113987
-48.1816 72.1581 10.2446 0.445212 -0.886364 -0.12706
-48.6797 71.7827 10.9508 0.447615 -0.87284 -0.192946
-49.0758 71.385 11.7485 0.461496 -0.86954 -0.175849
-49.5806 70.8938 12.785 0.475563 -0.858084 -0.193343
-50.0734 70.3524 13.9069 0.462354 -0.860646 -0.213053
-50.3592 69.9482 14.924 0.458538 -0.857716 -0.232519
-50.4069 69.6315 16.0126 0.464183 -0.857225 -0.222916
-50.3797 69.3768 16.9709 0.46405 -0.843297 -0.270791
-50.1092 69.1202 18.2556 0.460511 -0.847771 -0.263087
-49.6795 68.8963 19.6558 0.442642 -0.848366 -0.290419
-49.2773 68.7124 20.7898 0.438051 -0.848372 -0.297282
-48.968 68.4283 21.9141 0.397062 -0.847283 -0.352708
-48.6496 68.0727 23.1522 0.394536 -0.851613 -0.345091
-48.3817 67.754 24.1574 0.369736 -0.851137 -0.37264
-48.162 67.4342 25.1074 0.369884 -0.851377 -0.371946
-47.9479 66.9737 26.337 0.355585 -0.850098 -0.388449
-47.7464 66.608 27.3219 0.340994 -0.853523 -0.393662
-47.2838 66.426 28.0936 0.334109 -0.853863 -0.399101
-46.576 66.8315 27.8044 0.326138 -0.857698 -0.397478
-45.816 67.3887 27.2103 0.316904 -0.863911 -0.391446
-45.1974 67.8649 26.6853 0.300236 -0.854088 -0.424726
-44.5029 68.389 26.1244 0.294204 -0.854934 -0.427178
-43.4366 69.0792 25.4009 0.271218 -0.874463 -0.402188
-42.4885 69.6345 24.7857 0.246103 -0.889977 -0.383892
-41.6991 70.0379 24.297 0.196169 -0.908682 -0.36853
-40.8389 70.4738 23.7209 0.193811 -0.888884 -0.415105
-40.0037 70.9174 23.1691 0.193633 -0.89253 -0.407161
-39.0927 71.4305 22.4058 0.158624 -0.899606 -0.406876
-38.4513 71.8923 21.7408 0.203741 -0.873327 -0.442482
-37.9245 72.3527 21.0649 0.1919 -0.880543 -0.43338
-37.4462 72.8582 20.2706 0.189059 -0.871836 -0.451839
-37.1338 73.3398 19.1965 0.0976248 -0.920297 -0.378844
-36.9837 73.7468 18.2742 0.12232 -0.913706 -0.384489
-36.8794 74.2515 16.9465 0.148111 -0.93062 -0.334679
-36.9741 74.5931 15.8972 0.170211 -0.932147 -0.319579
-36.0248 74.7549 15.866 0.124083 -0.939639 -0.318876
-35.9395 74.4907 16.7268 0.140507 -0.944208 -0.297873
-35.9541 74.0022 17.918 0.055175 -0.902937 -0.425427
-36.0489 73.5955 18.804 0.0865006 -0.913887 -0.395615
-36.2755 73.142 19.8692 0.035425 -0.910712 -0.411105
-36.558 72.6923 20.7918 0.0397407 -0.895154 -0.443686
-37.0752 72.2613 21.5577 0.0596322 -0.882966 -0.465635
-37.7862 71.6716 22.486 0.169879 -0.870011 -0.462841
-38.4516 71.2294 23.0776 0.13358 -0.889276 -0.435647
-39.2145 70.7935 23.7693 0.159107 -0.900076 -0.405645
-40.3995 70.1858 24.5657 0.175328 -0.902268 -0.393813
-41.491 69.6851 25.2584 0.16758 -0.895753 -0.411146
-42.375 69.1742 25.8103 0.240532 -0.871906 -0.426242
-43.1754 68.7116 26.3303 0.226636 -0.86556 -0.446492
-43.9134 68.2116 26.8454 0.273361 -0.84951 -0.451227
-44.5367 67.7605 27.3458 0.279272 -0.8554 -0.435921
-45.1843 67.266 27.9138 0.273245 -0.871431 -0.407264
-45.8719 66.7552 28.5373 0.304867 -0.861301 -0.405932
-46.5278 66.2226 29.1468 0.321509 -0.858555 -0.399394
-47.3465 65.8419 29.2951 0.342832 -0.851271 -0.397236
-48.0925 65.7753 28.7977 0.342349 -0.850291 -0.399752
-48.532 65.9957 27.9311 0.351448 -0.848544 -0.39553
-48.725 66.3312 27.0169 0.359137 -0.851574 -0.381895
-48.8892 66.7503 25.9368 0.374673 -0.848084 -0.374665
-49.1121 67.1364 24.8398 0.3727 -0.848729 -0.375166
-49.3359 67.4663 23.8352 0.391056 -0.846421 -0.361451
-49.6708 67.8649 22.503 0.413838 -0.846712 -0.33347
-49.9235 68.0999 21.5376 0.43863 -0.842891 -0.311671
-50.1958 68.2923 20.6329 0.442747 -0.845408 -0.298537
-50.6627 68.5249 19.2274 0.451971 -0.849128 -0.272782
-50.9762 68.6551 18.2369 0.45862 -0.849794 -0.259805
-51.1921 68.8393 17.2131 0.470167 -0.84724 -0.247241
-51.2793 69.0683 16.2799 0.4809 -0.843737 -0.238283
-51.2945 69.3066 15.4117 0.473169 -0.849768 -0.23239
-51.1938 69.6012 14.5394 0.483885 -0.848295 -0.214002
-50.9315 69.9394 13.673 0.486427 -0.854844 -0.18064
-50.4642 70.441 12.5744 0.485397 -0.854651 -0.184255
-50.1068 70.8052 11.8144 0.482593 -0.856411 -0.183479
-49.6503 71.2403 10.8994 0.509018 -0.846998 -0.153281
-49.2264 71.6252 10.0894 0.496312 -0.860402 -0.115323
-48.5332 72.1333 9.18558 0.467636 -0.875529 -0.11864
-47.6669 72.649 8.48409 0.42986 -0.894018 -0.126303
-46.6145 73.2077 8.0089 0.42712 -0.897554 -0.109386
-45.6308 73.7137 7.6501 0.395812 -0.90933 -0.128264
-44.6208 74.2069 7.2944 0.389174 -0.911036 -0.135744
-43.8005 74.5789 7.0715 0.37826 -0.915854 -0.134648
-42.6347 75.0781 6.89981 0.364726 -0.921638 -0.132485
-41.4664 75.533 6.93204 0.361879 -0.922977 -0.130987
-40.5597 75.8319 7.07602 0.330541 -0.929561 -0.163276
-39.7077 76.0884 7.34035 0.344901 -0.927116 -0.144714
-38.8626 76.3289 7.88784 0.295744 -0.940828 -0.153921
-38.2254 76.3528 8.61779 0.237781 -0.954826 -0.178233
-37.7892 76.2786 9.5459 0.233853 -0.950281 -0.205618
-37.4254 76.1079 10.5991 0.172317 -0.954197 -0.244566
-37.1307 75.9439 11.4412 0.169549 -0.953827 -0.247908
-36.8465 75.752 12.3051 0.169051 -0.947817 -0.270304
-36.5387 75.4377 13.5161 0.147596 -0.939389 -0.309459
-36.3301 75.1794 14.4498 0.151241 -0.94912 -0.276221
-36.1222 74.9076 15.378 0.124083 -0.939639 -0.318876
-35.192 75.0516 15.329 0.152883 -0.93236 -0.326813
-34.9987 74.7025 16.4711 0.120782 -0.945669 -0.301864
-34.9647 74.3058 17.4567 0.0710131 -0.888358 -0.453627
-35.057 73.6851 18.7475 0.0487397 -0.913577 -0.403734
-35.2356 73.2615 19.6939 0.035426 -0.910712 -0.411104
-35.537 72.7261 20.8026 0.0290729 -0.902879 -0.428901
-35.8701 72.3162 21.588 0.0440488 -0.888077 -0.45758
-36.4583 71.8919 22.3372 0.0588307 -0.883911 -0.463935
-37.1345 71.4026 23.1889 0.0464995 -0.874367 -0.482362
-37.9399 70.9183 23.8696 0.133581 -0.889276 -0.435647
-38.7872 70.4518 24.6321 0.0940583 -0.87752 -0.470171
-39.939 69.9106 25.3907 0.100423 -0.891761 -0.439749
-40.7937 69.4996 25.9108 0.167954 -0.886339 -0.431504
-41.5004 69.1283 26.3261 0.208916 -0.87282 -0.441067
-42.2379 68.7096 26.8053 0.215081 -0.87147 -0.440727
-43.2612 68.0624 27.5214 0.252688 -0.855252 -0.45192
-43.9873 67.5562 28.1172 0.284934 -0.874377 -0.392782
-44.7484 66.9935 28.8104 0.280663 -0.873912 -0.396804
-45.3429 66.5459 29.3643 0.292446 -0.872676 -0.39104
-45.9605 66.0515 29.9723 0.30166 -0.86404 -0.403033
-46.8758 65.4659 30.4894 0.329721 -0.854595 -0.401186
-48.0434 65.2505 29.9659 0.343316 -0.852249 -0.394722
-48.8517 65.1933 29.3797 0.363111 -0.847379 -0.387426
-49.3477 65.4661 28.3302 0.364666 -0.844418 -0.392398
-49.5675 65.7471 27.4956 0.37764 -0.842839 -0.38342
-49.6711 66.2039 26.3656 0.395861 -0.839232 -0.372687
-49.9624 66.7472 24.871 0.408084 -0.833809 -0.371515
-50.147 67.0156 23.995 0.435125 -0.83116 -0.346178
-50.3737 67.2852 23.0533 0.440638 -0.835828 -0.327458
-50.6571 67.5469 22.0007 0.437002 -0.841604 -0.317326
-50.9512 67.763 20.9948 0.441565 -0.842097 -0.309667
-51.2233 67.9242 20.1326 0.458848 -0.843792 -0.277728
-51.5215 68.0646 19.1661 0.473866 -0.84004 -0.264135
-51.8406 68.2181 18.0916 0.473017 -0.841364 -0.261459
-52.0728 68.4263 16.9529 0.471244 -0.846784 -0.24675
-52.1648 68.6297 16.0708 0.471595 -0.847337 -0.24417
-52.1688 68.8872 15.1652 0.483881 -0.848294 -0.214011
-51.9326 69.3044 13.9561 0.49255 -0.8496 -0.188445
-51.6109 69.6904 13.0116 0.488293 -0.853157 -0.183528
-51.2506 70.077 12.1689 0.492762 -0.851219 -0.180587
-50.8099 70.5023 11.2837 0.490848 -0.857945 -0.151624
-50.4362 70.8484 10.5142 0.489413 -0.860347 -0.1424
-50.064 71.1875 9.73186 0.471548 -0.868713 -0.151594
-49.4565 71.6838 8.79642 0.482668 -0.862932 -0.149596
-48.8669 72.1068 8.12984 0.448886 -0.88518 -0.122262
-47.991 72.6105 7.55931 0.42008 -0.900007 -0.116274
-46.877 73.2113 7.09665 0.435277 -0.889861 -0.136677
-45.5307 73.9116 6.59955 0.399378 -0.906377 -0.137763
-44.2141 74.5382 6.17843 0.381016 -0.912956 -0.145557
-43.3287 74.9409 6.00428 0.371055 -0.915842 -0.152825
-42.275 75.3623 5.93371 0.358124 -0.921718 -0.148937
-41.3559 75.7148 5.98841 0.366185 -0.918968 -0.146306
-40.353 76.0588 6.17681 0.327866 -0.932006 -0.154465
-39.4308 76.3409 6.44122 0.339118 -0.927701 -0.156106
-38.6095 76.579 6.84522 0.295743 -0.940829 -0.153912
-37.6851 76.6656 7.68321 0.261797 -0.946431 -0.188931
-37.1581 76.6283 8.58694 0.256712 -0.947981 -0.18823
-36.7039 76.4366 9.82591 0.187902 -0.947725 -0.257894
-36.2988 76.1969 11.032 0.167133 -0.953748 -0.249861
-35.8817 75.9035 12.3267 0.135685 -0.948729 -0.285486
-35.6453 75.6404 13.2926 0.133409 -0.944855 -0.299085
-35.41 75.3366 14.3803 0.174691 -0.931214 -0.31988
-35.3255 75.2217 14.7607 0.174691 -0.931215 -0.319877
-34.423 75.4411 14.5394 0.113566 -0.938651 -0.325634
-34.1414 75.0813 15.6444 0.070794 -0.936238 -0.34416
-34.0153 74.7729 16.4868 0.0698863 -0.928538 -0.364599
-34.0179 74.4326 17.3565 0.0648316 -0.909783 -0.406681
-34.0363 73.9939 18.2738 0.100396 -0.900041 -0.424084
-34.1419 73.5963 19.1176 0.0626808 -0.903549 -0.422932
-34.3466 73.1473 20.0026 0.0453426 -0.895079 -0.443596
-34.6291 72.6399 21.031 0.0229632 -0.898062 -0.439268
-35.1789 72.0187 22.2326 0.0445567 -0.888069 -0.457546
-35.8442 71.5018 23.1081 0.0308385 -0.863714 -0.50302
-36.7175 70.9252 24.0356 0.0442296 -0.881155 -0.468949
-37.3502 70.6154 24.6033 0.0735788 -0.890102 -0.44888
-38.4076 70.0469 25.4638 0.0982698 -0.888915 -0.446965
-39.3156 69.6723 26.0747 0.123019 -0.895785 -0.425944
-40.42 69.1661 26.7343 0.148039 -0.895353 -0.420003
-41.5493 68.6168 27.447 0.268112 -0.879019 -0.392005
-42.2195 68.1649 27.9106 0.265955 -0.863942 -0.427164
-43.1589 67.5755 28.621 0.223965 -0.883672 -0.411052
-44.2001 66.848 29.5364 0.287359 -0.874038 -0.391769
-44.7893 66.3766 30.1505 0.275685 -0.869206 -0.409755
-45.4587 65.8038 30.871 0.2988 -0.862615 -0.408184
-46.2254 65.2025 31.5685 0.332009 -0.851248 -0.406383
-47.0618 64.9427 31.4335 0.331225 -0.84991 -0.409808
-48.1844 64.7851 30.8513 0.332355 -0.849495 -0.409754
-49.207 64.6397 30.257 0.36298 -0.847312 -0.387695
-49.9705 64.7419 29.3182 0.363245 -0.847443 -0.38716
-50.25 65.0218 28.4366 0.385106 -0.8424 -0.376803
-50.467 65.3508 27.475 0.402337 -0.84073 -0.361963
-50.5232 65.6863 26.6414 0.394454 -0.843544 -0.364473
-50.6324 66.0374 25.728 0.40809 -0.833805 -0.371517
-50.8929 66.4674 24.438 0.416607 -0.839884 -0.347511
-51.153 66.7929 23.2741 0.427658 -0.843999 -0.323638
-51.5026 67.1107 21.9791 0.441762 -0.838555 -0.318729
-51.8226 67.3156 20.9303 0.475252 -0.829522 -0.293306
-52.1686 67.4987 19.789 0.476677 -0.836665 -0.269761
-52.6131 67.6974 18.3815 0.458507 -0.849751 -0.260181
-52.8287 67.8573 17.4563 0.474428 -0.846793 -0.240328
-52.9939 68.0638 16.4333 0.471769 -0.846974 -0.245089
-53.0587 68.4078 14.9783 0.500161 -0.839727 -0.211418
-52.8123 68.8555 13.6894 0.490941 -0.848905 -0.195663
-52.3421 69.4087 12.3698 0.488121 -0.854703 -0.176693
-51.9089 69.8484 11.4504 0.490589 -0.855316 -0.165885
-51.352 70.3544 10.4179 0.48028 -0.862044 -0.161837
-50.8876 70.8044 9.3653 0.474918 -0.866282 -0.154858
-50.4293 71.1975 8.57144 0.470317 -0.868428 -0.156922
-49.7006 71.7556 7.58035 0.464176 -0.876588 -0.126543
-48.8416 72.2898 6.92713 0.45319 -0.88295 -0.122452
-47.8735 72.8262 6.44867 0.427285 -0.893808 -0.136146
-46.9896 73.3027 6.13477 0.431228 -0.892926 -0.129328
-46.1743 73.7334 5.82992 0.405677 -0.905212 -0.126564
-45.0512 74.2925 5.41713 0.404744 -0.906082 -0.123277
-43.7085 74.9381 5.08877 0.406119 -0.905037 -0.126358
-42.2479 75.5292 4.96421 0.365244 -0.920616 -0.137933
-40.9657 76.0113 5.10273 0.364099 -0.919464 -0.148353
-40.0783 76.3071 5.27082 0.338136 -0.926631 -0.164377
-39.1919 76.586 5.50353 0.336026 -0.928161 -0.159935
-38.0003 76.8717 6.10312 0.273447 -0.951464 -0.14122
-36.971 76.9843 7.05957 0.256278 -0.947568 -0.190885
-36.2389 76.9041 8.3172 0.207929 -0.954971 -0.21165
-35.8498 76.7155 9.42302 0.191254 -0.947453 -0.256399
-35.459 76.4682 10.6204 0.19174 -0.944594 -0.266418
-35.1215 76.2803 11.5482 0.171838 -0.944974 -0.277
-34.8984 76.0329 12.4462 0.17634 -0.9379 -0.298745
-34.6828 75.7842 13.3955 0.177812 -0.943912 -0.278232
-34.4291 75.4509 14.5089 0.113566 -0.938651 -0.325634
-33.4609 75.584 14.4631 0.0977829 -0.935066 -0.340032
-33.7055 75.924 13.3861 0.113861 -0.940684 -0.319607
-33.9254 76.191 12.5226 0.14963 -0.939376 -0.307333
-34.1953 76.4743 11.4723 0.174983 -0.938379 -0.298037
-34.5438 76.7229 10.3762 0.184987 -0.945331 -0.268473
-34.868 76.9333 9.36447 0.196471 -0.946365 -0.256499
-35.2227 77.1145 8.36947 0.20444 -0.954662 -0.216392
-35.8161 77.26 7.12387 0.213324 -0.95531 -0.204633
-36.7483 77.2559 5.91026 0.258806 -0.954056 -0.150985
-37.595 77.1266 5.23671 0.279753 -0.946195 -0.162229
-38.5022 76.9479 4.74878 0.27943 -0.944329 -0.173671
-39.6817 76.6121 4.35969 0.32853 -0.930971 -0.159104
-40.8256 76.2127 4.14403 0.359765 -0.922675 -0.13871
-41.9136 75.8151 3.98111 0.366093 -0.919536 -0.142876
-42.9066 75.4085 4.0257 0.365238 -0.920618 -0.137941
-43.9982 74.933 4.16132 0.398579 -0.909346 -0.119271
-44.9197 74.4969 4.36356 0.40687 -0.904293 -0.129271
-45.8276 74.0456 4.66636 0.412903 -0.905079 -0.101701
-46.5809 73.6645 4.97877 0.433607 -0.895086 -0.103305
-47.6565 73.085 5.35949 0.436076 -0.892867 -0.112261
-48.6218 72.5698 5.70478 0.445056 -0.887048 -0.122391
-49.3937 72.1167 6.11966 0.455149 -0.881948 -0.122474
-50.2158 71.6014 6.75 0.456859 -0.881113 -0.122121
-50.7763 71.1983 7.41996 0.472239 -0.871407 -0.132815
-51.3225 70.7588 8.29124 0.478117 -0.864212 -0.156656
-51.8223 70.2937 9.32543 0.478821 -0.863636 -0.157684
-52.2493 69.8922 10.2073 0.481952 -0.860419 -0.165534
-52.8423 69.3589 11.2734 0.47736 -0.863724 -0.161579
-53.2188 68.9828 12.0726 0.477625 -0.859073 -0.184035
-53.5979 68.5439 13.0658 0.484655 -0.850685 -0.203578
-53.8497 68.1861 13.9714 0.491439 -0.846998 -0.202687
-53.9587 67.9101 14.8575 0.485315 -0.84837 -0.2115
-53.9113 67.6833 15.8836 0.486701 -0.847985 -0.209865
-53.7919 67.5061 16.7983 0.484762 -0.840978 -0.240047
-53.6036 67.2964 17.9395 0.472312 -0.849084 -0.236529
-53.3093 67.1481 18.9473 0.458723 -0.849541 -0.260489
-53.0027 67.0169 19.8629 0.452898 -0.846434 -0.280059
-52.651 66.815 21.0475 0.445257 -0.850851 -0.278926
-52.3295 66.6406 22.0624 0.449401 -0.838569 -0.307933
-52.0347 66.3931 23.1504 0.438108 -0.841805 -0.315123
-51.7991 66.1057 24.1806 0.432688 -0.837409 -0.333956
-51.6234 65.8293 25.0534 0.414848 -0.837322 -0.355907
-51.4585 65.5269 25.9747 0.405982 -0.839568 -0.360784
-51.3769 65.011 27.2232 0.402502 -0.836952 -0.370807
-51.1539 64.5994 28.4342 0.392263 -0.842292 -0.369627
-50.9227 64.2564 29.4462 0.37865 -0.841742 -0.384819
-50.2351 64.0713 30.5406 0.379354 -0.843926 -0.379314
-49.3999 64.156 31.1406 0.351296 -0.845521 -0.402101
-48.1689 64.3501 31.7693 0.330319 -0.85149 -0.407251
-46.9738 64.5162 32.416 0.335197 -0.855643 -0.394358
-45.9981 64.7671 32.6917 0.308847 -0.857537 -0.410649
-45.125 65.4113 31.9649 0.280185 -0.86743 -0.411171
-44.3321 66.0844 31.0534 0.25258 -0.875797 -0.411319
-43.56 66.7132 30.2096 0.248653 -0.870923 -0.423725
-42.8703 67.2094 29.5751 0.237978 -0.873586 -0.424517
-42.1922 67.631 29.0344 0.230958 -0.884377 -0.405605
-41.2349 68.2457 28.3533 0.253048 -0.856298 -0.450245
-40.1876 68.7728 27.6725 0.148537 -0.901681 -0.40609
-39.1161 69.2277 27.0371 0.122271 -0.889556 -0.44016
-38.2595 69.5825 26.5058 0.0861801 -0.909383 -0.406935
-37.5339 69.9036 25.9697 0.101357 -0.897474 -0.429263
-36.7415 70.3126 25.3018 0.0982707 -0.888914 -0.446966
-35.8124 70.7581 24.4435 0.00439769 -0.890957 -0.454066
-35.1072 71.1789 23.7091 0.0393404 -0.875831 -0.481012
-34.4895 71.6519 22.9139 0.0089116 -0.869803 -0.493183
-33.9938 72.127 22.0707 -0.00259237 -0.870527 -0.492114
-33.537 72.8679 20.6301 0.0322962 -0.885059 -0.464346
-33.2925 73.3406 19.7533 0.0495897 -0.889307 -0.45407
-33.1091 73.822 18.7887 0.060051 -0.899146 -0.433509
-33.0298 74.2533 17.8773 0.0483108 -0.911189 -0.409146
-33.0418 74.7717 16.6655 0.058763 -0.926599 -0.371432
-33.1654 75.1498 15.6719 0.082021 -0.931343 -0.354785
-33.4407 75.5563 14.5406 0.0819993 -0.931481 -0.354429
-32.4719 75.6774 14.4174 0.0572996 -0.93379 -0.353203
-32.7228 76.0226 13.464 0.0992489 -0.936249 -0.33614
-33.0204 76.4085 12.232 0.124282 -0.940373 -0.316626
-33.2885 76.6843 11.3067 0.13604 -0.947001 -0.289459
-33.6168 76.921 10.2451 0.159759 -0.952456 -0.25943
-33.9163 77.1443 9.26517 0.159179 -0.950326 -0.267475
-34.3291 77.3795 8.05001 0.206793 -0.953341 -0.21995
-34.766 77.5188 7.09811 0.203806 -0.947271 -0.247267
-35.3765 77.5951 6.10074 0.238518 -0.951861 -0.192533
-35.9658 77.5926 5.38299 0.262551 -0.946379 -0.18652
-36.7484 77.4855 4.68797 0.286753 -0.941495 -0.177088
-37.6285 77.3253 4.125 0.284662 -0.941905 -0.178276
-38.6843 77.062 3.66939 0.317437 -0.941173 -0.11489
-39.7532 76.7292 3.35943 0.327755 -0.936478 -0.12484
-41.0236 76.2854 3.14173 0.34725 -0.930526 -0.116292
-41.9797 75.942 3.00288 0.353303 -0.924639 -0.142199
-43.4461 75.3065 3.11446 0.405184 -0.907403 -0.111549
-44.3115 74.906 3.23893 0.403768 -0.908328 -0.109125
-45.1503 74.5004 3.42671 0.417996 -0.9023 -0.10552
-45.9858 74.083 3.69131 0.419804 -0.90223 -0.0983884
-46.8395 73.6391 4.05894 0.426705 -0.899377 -0.0950927
-47.9085 73.0772 4.45841 0.435859 -0.893391 -0.108822
-48.8094 72.597 4.76249 0.440082 -0.891839 -0.104649
-49.6188 72.132 5.13955 0.452928 -0.883987 -0.115823
-50.4484 71.63 5.68138 0.459095 -0.879798 -0.123232
-51.243 71.0913 6.46449 0.472203 -0.871282 -0.133759
-51.8597 70.6077 7.40286 0.479517 -0.866496 -0.13874
-52.2547 70.2694 8.14477 0.484747 -0.861758 -0.149392
-52.7522 69.7926 9.23601 0.481203 -0.86237 -0.15736
-53.1954 69.3923 10.052 0.479631 -0.862084 -0.163565
-53.7482 68.9023 11.0257 0.48047 -0.862474 -0.159001
-54.1674 68.458 12.058 0.478655 -0.858846 -0.182405
-54.4986 68.0843 12.8727 0.474273 -0.855981 -0.205821
-54.7317 67.6963 13.9523 0.476428 -0.855739 -0.201763
-54.8353 67.4132 14.8533 0.470918 -0.855632 -0.214781
-54.7736 67.2119 15.7875 0.472376 -0.853765 -0.218939
-54.6068 66.9977 16.9918 0.475271 -0.852535 -0.217489
-54.415 66.7995 18.0909 0.473628 -0.846932 -0.241626
-54.1783 66.6695 18.9641 0.465432 -0.846024 -0.260032
-53.8123 66.5119 20.1147 0.445443 -0.852135 -0.274646
-53.5533 66.3602 20.9933 0.448132 -0.84913 -0.279548
-53.2654 66.2145 21.8509 0.450771 -0.839316 -0.303897
-52.9712 66.0214 22.8124 0.443644 -0.843005 -0.304175
-52.7022 65.7425 23.918 0.433925 -0.836839 -0.333781
-52.5191 65.4762 24.8401 0.42021 -0.839065 -0.345534
-52.3423 65.1511 25.8445 0.421141 -0.838245 -0.346387
-52.2205 64.6051 27.2287 0.400883 -0.838157 -0.369845
-52.0734 64.2095 28.3433 0.40176 -0.843005 -0.357603
-51.8662 63.8186 29.4637 0.395952 -0.837173 -0.37726
-51.4354 63.5796 30.4303 0.387064 -0.838948 -0.382516
-50.8203 63.5041 31.2071 0.382176 -0.840369 -0.384345
-50.0483 63.5949 31.7403 0.356997 -0.839985 -0.40863
-49.1484 63.7542 32.199 0.360778 -0.844194 -0.396218
-48.2594 63.9091 32.6405 0.335259 -0.855625 -0.394345
-47.3056 64.043 33.1608 0.334735 -0.855246 -0.395607
-46.4638 64.1536 33.6315 0.33428 -0.854846 -0.396858
-45.4985 64.4104 33.7805 0.264684 -0.882301 -0.389214
-44.9465 64.8606 33.2169 0.285343 -0.85828 -0.426538
-44.2831 65.4523 32.4519 0.272798 -0.870872 -0.408768
-43.7407 65.912 31.8173 0.264648 -0.876646 -0.401779
-43.0793 66.45 31.0481 0.249401 -0.882343 -0.399028
-42.1377 67.1285 30.1603 0.236432 -0.882505 -0.406224
-41.4808 67.5443 29.6302 0.224358 -0.881245 -0.416017
-40.588 68.0524 29.0135 0.20489 -0.879422 -0.429694
-39.8331 68.4363 28.5356 0.131269 -0.899477 -0.416748
-38.8685 68.8329 27.9633 0.122011 -0.904781 -0.408024
-38.0625 69.1465 27.5087 0.101254 -0.900341 -0.422462
-37.3067 69.4483 26.9836 0.055669 -0.901995 -0.428143
-36.5496 69.7881 26.3619 0.0458549 -0.891381 -0.450929
-35.8708 70.1079 25.7733 0.0152805 -0.904178 -0.426882
-35.2188 70.4173 25.1414 -0.00185474 -0.90216 -0.431032
-34.6015 70.7448 24.5102 0.00111725 -0.869211 -0.49444
-34.0478 71.1003 23.8838 -0.00666759 -0.870451 -0.492211
-33.4401 71.6035 22.9883 -0.00631949 -0.86907 -0.494649
-32.9687 72.1226 22.076 0.00116505 -0.872581 -0.488397
-32.7065 72.5526 21.2934 0.0167352 -0.881624 -0.471281
-32.4817 73.0089 20.4372 0.0237004 -0.886091 -0.462791
-32.2892 73.4341 19.6189 0.0147531 -0.888656 -0.458336
-32.093 74.0609 18.3955 0.0255054 -0.900427 -0.433614
-32.0582 74.5609 17.2948 0.0326731 -0.909479 -0.414448
-32.0887 75.0068 16.2513 0.0677585 -0.923239 -0.378205
-32.3184 75.457 15.0251 0.0602283 -0.935766 -0.347373
-32.382 75.5504 14.7678 0.0572973 -0.933789 -0.353208
-31.3959 75.6625 14.6313 0.0602377 -0.935766 -0.347372
-31.6485 76.0046 13.7259 0.0644114 -0.926416 -0.37095
-31.8939 76.3428 12.781 0.0818634 -0.931847 -0.353352
-32.1705 76.6478 11.847 0.111311 -0.942083 -0.316368
-32.4531 76.9085 10.9659 0.136051 -0.946999 -0.289463
-32.7458 77.1555 9.90163 0.145996 -0.953657 -0.263097
-33.0709 77.4261 8.73982 0.151042 -0.953014 -0.262586
-33.4333 77.626 7.72986 0.156488 -0.958317 -0.239026
-33.8549 77.7781 6.80329 0.186693 -0.955435 -0.228668
-34.5773 77.8905 5.62744 0.207261 -0.957861 -0.198858
-35.2972 77.9005 4.73494 0.244683 -0.948678 -0.200348
-36.1813 77.8097 3.93239 0.303029 -0.937816 -0.168409
-37.3056 77.5504 3.2319 0.311732 -0.938133 -0.150764
-38.6609 77.1815 2.68284 0.309832 -0.943052 -0.121064
-39.6257 76.8959 2.41799 0.331622 -0.937016 -0.108667
-40.5981 76.5558 2.22536 0.348577 -0.93048 -0.112701
-41.5248 76.2359 2.08751 0.334442 -0.935309 -0.115524
-42.791 75.728 2.02948 0.408692 -0.907868 -0.0935236
-43.615 75.3448 2.14886 0.412911 -0.906252 -0.0904516
-44.5333 74.9007 2.31311 0.422312 -0.901777 -0.0919334
-45.602 74.3773 2.53829 0.418045 -0.903248 -0.0966349
-46.432 73.9711 2.81458 0.412144 -0.906344 -0.0931532
-47.2807 73.5324 3.19586 0.43726 -0.893277 -0.102897
-48.2553 73.0031 3.58989 0.43674 -0.895576 -0.0848601
-49.0611 72.5767 3.84618 0.440971 -0.892196 -0.0976234
-50.0524 72.0233 4.28825 0.451534 -0.884799 -0.115097
-50.8736 71.5278 4.80836 0.465471 -0.877543 -0.115132
-51.6039 71.0485 5.47202 0.47111 -0.87149 -0.136224
-52.1504 70.6527 6.12277 0.471368 -0.87165 -0.134306
-52.5758 70.2966 6.84002 0.482308 -0.86389 -0.145167
-53.034 69.8908 7.75938 0.488281 -0.861151 -0.141426
-53.448 69.5156 8.62317 0.479923 -0.864655 -0.148339
-53.9215 69.0921 9.48781 0.481145 -0.862023 -0.159427
-54.3599 68.7014 10.268 0.475785 -0.864834 -0.160135
-54.8121 68.2756 11.2256 0.47906 -0.861039 -0.170134
-55.2942 67.7666 12.3605 0.476277 -0.857568 -0.193876
-55.5309 67.3932 13.3738 0.473662 -0.856329 -0.205777
-55.6915 67.0905 14.2599 0.473423 -0.856324 -0.206348
-55.6908 66.8295 15.3029 0.470857 -0.855677 -0.214731
-55.55 66.6336 16.3773 0.469481 -0.854996 -0.220383
-55.3484 66.4177 17.5904 0.476028 -0.844418 -0.245649
-55.1696 66.2604 18.484 0.478877 -0.84307 -0.244766
-54.87 66.1195 19.5197 0.465707 -0.847156 -0.255818
-54.4309 65.9405 20.8525 0.449963 -0.848206 -0.279423
-54.1124 65.7492 21.9115 0.435024 -0.854069 -0.285168
-53.7497 65.5301 23.0701 0.422648 -0.851928 -0.309172
-53.5102 65.2776 24.0644 0.423386 -0.846708 -0.322227
-53.3589 65.023 24.9179 0.425241 -0.836512 -0.34555
-53.2091 64.7411 25.7797 0.422067 -0.837428 -0.347238
-53.1103 64.4019 26.6967 0.419955 -0.834419 -0.356906
-53.0071 63.9807 27.8168 0.406262 -0.843686 -0.350917
-52.9059 63.6343 28.7617 0.399327 -0.839565 -0.3683
-52.564 63.2218 30.0556 0.395955 -0.837172 -0.377261
-52.1675 63.033 30.8771 0.397462 -0.833486 -0.38383
-51.2752 62.9526 31.9399 0.372876 -0.840157 -0.393827
-50.4361 63.0724 32.4819 0.371019 -0.84516 -0.384745
-49.54 63.2518 32.9375 0.364561 -0.8484 -0.383813
-48.5384 63.4359 33.428 0.335601 -0.855015 -0.395375
-47.654 63.5588 33.9117 0.335133 -0.854899 -0.396022
-46.5891 63.6684 34.5752 0.329676 -0.855049 -0.400207
-45.6578 63.8144 35.0164 0.325863 -0.854169 -0.405226
-44.7228 64.3508 34.5475 0.276611 -0.900079 -0.336545
-44.2363 64.7728 33.8786 0.29447 -0.865684 -0.404415
-43.7366 65.2329 33.2865 0.274242 -0.870824 -0.407195
-42.9066 65.9316 32.294 0.245252 -0.871968 -0.423702
-42.3455 66.3919 31.6382 0.240763 -0.882435 -0.403974
-41.7038 66.8469 31.0061 0.220569 -0.885877 -0.408131
-40.9827 67.3062 30.4031 0.211948 -0.884259 -0.415933
-40.0672 67.8138 29.7595 0.195762 -0.886454 -0.419344
-39.2345 68.2084 29.2164 0.144981 -0.900103 -0.410848
-38.2444 68.5664 28.6595 0.0774751 -0.889813 -0.4497
-37.079 68.9929 27.97 0.0559327 -0.901156 -0.429872
-36.3692 69.2895 27.4399 0.0522217 -0.903498 -0.425373
-35.4343 69.7058 26.6225 -0.0117218 -0.897749 -0.440255
-34.4911 70.1109 25.7433 -0.000568954 -0.895352 -0.444846
-33.7829 70.5149 24.9744 0.0105638 -0.890124 -0.455595
-33.1797 70.876 24.2571 -0.00778869 -0.881546 -0.470984
-32.6183 71.3457 23.4278 -0.00928781 -0.866282 -0.499468
-32.1232 71.9007 22.4571 0.0039714 -0.862864 -0.505208
-31.7247 72.5239 21.3712 0.0202696 -0.876903 -0.48024
-31.5088 72.9498 20.5767 0.0106118 -0.888078 -0.45957
-31.3393 73.3691 19.7705 0.0169111 -0.885478 -0.464299
-31.1712 73.9008 18.7557 0.0266025 -0.891252 -0.452728
-31.0738 74.3658 17.8046 0.0318036 -0.908011 -0.417719
-31.077 74.7831 16.8935 0.0370355 -0.91314 -0.405795
-31.1557 75.2183 15.8956 0.0612127 -0.923644 -0.376444
-31.3217 75.5446 14.9689 0.0632773 -0.937744 -0.341513
-30.3994 75.7278 14.765 0.114535 -0.933334 -0.336578
-30.7064 76.1409 13.506 0.0294586 -0.927166 -0.37349
-30.9726 76.4779 12.6381 0.043303 -0.93033 -0.364158
-31.3134 76.8578 11.5012 0.0902431 -0.951713 -0.293427
-31.6369 77.1724 10.3677 0.0894139 -0.953483 -0.28788
-31.9039 77.4222 9.40447 0.144854 -0.95344 -0.264515
-32.1905 77.6693 8.35601 0.144463 -0.956546 -0.253016
-32.5901 77.8867 7.24659 0.158757 -0.958239 -0.237826
-33.2069 78.0773 6.04746 0.166019 -0.956585 -0.2394
-33.7415 78.1599 5.18934 0.203864 -0.95976 -0.193132
-34.4728 78.194 4.24624 0.204106 -0.959827 -0.192545
-35.4466 78.1367 3.31884 0.254496 -0.955857 -0.143177
-36.2404 77.9807 2.72845 0.284252 -0.94966 -0.131702
-37.1436 77.7439 2.25939 0.315823 -0.940549 -0.124996
-37.9483 77.5183 1.92454 0.315647 -0.940593 -0.125103
-38.9461 77.2218 1.61763 0.32526 -0.937158 -0.126256
-40.1548 76.8228 1.35031 0.346368 -0.932736 -0.100164
-41.088 76.4801 1.16249 0.365911 -0.92753 -0.0752577
-42.0528 76.1165 1.0229 0.365764 -0.928461 -0.0646217
-42.8972 75.7838 1.02449 0.387228 -0.918165 -0.0790712
-43.7362 75.3824 1.17962 0.420538 -0.904288 -0.073553
-44.5353 74.9973 1.3458 0.40816 -0.909429 -0.0783689
-45.3379 74.6151 1.49329 0.41378 -0.904718 -0.101348
-46.5205 74.04 1.8118 0.416775 -0.903936 -0.0956499
-47.3184 73.6347 2.12985 0.436661 -0.893999 -0.0987555
-48.1637 73.1552 2.5362 0.451332 -0.886546 -0.101551
-49.112 72.6537 2.87228 0.435681 -0.896012 -0.085703
-50.0715 72.143 3.24485 0.436382 -0.894685 -0.0952762
-50.835 71.7001 3.62456 0.460949 -0.879629 -0.117381
-51.9064 71.0413 4.36178 0.461757 -0.879576 -0.114571
-52.5718 70.5822 5.11435 0.470857 -0.871328 -0.138133
-53.1899 70.0832 6.0934 0.473253 -0.868065 -0.149984
-53.7481 69.5829 7.22826 0.473103 -0.868175 -0.149818
-54.1211 69.2459 8.01762 0.479928 -0.864654 -0.148329
-54.642 68.789 8.97083 0.459901 -0.872547 -0.164673
-55.201 68.3033 9.95758 0.470733 -0.867202 -0.162358
-55.6531 67.8742 10.8964 0.476432 -0.863265 -0.16669
-56.0737 67.4172 11.9506 0.481737 -0.856489 -0.185353
-56.3465 67.031 12.9911 0.479631 -0.85571 -0.1942
-56.5191 66.7143 13.9256 0.474334 -0.854401 -0.21205
-56.5505 66.3364 15.3522 0.477694 -0.852883 -0.210702
-56.3532 66.1088 16.7016 0.472073 -0.851165 -0.229274
-56.2018 65.9189 17.663 0.469701 -0.849011 -0.241889
-56.0025 65.7761 18.5686 0.4632 -0.85268 -0.241623
-55.6186 65.6363 19.7705 0.462235 -0.849826 -0.253229
-55.1938 65.4581 21.1 0.452714 -0.848994 -0.272377
-54.8551 65.2468 22.2779 0.441445 -0.851286 -0.283616
-54.465 64.995 23.546 0.425433 -0.846641 -0.319696
-54.1528 64.5857 24.9913 0.417394 -0.842066 -0.341375
-54.0345 64.2407 25.997 0.406755 -0.846033 -0.344585
-53.9459 63.8891 26.9468 0.407186 -0.843525 -0.350236
-53.8778 63.5231 27.9055 0.407099 -0.843177 -0.351175
-53.7782 63.1635 28.8624 0.408206 -0.832923 -0.373641
-53.4922 62.8195 29.9409 0.407682 -0.832054 -0.376132
-53.0116 62.5209 31.115 0.402548 -0.83231 -0.381025
-52.5061 62.394 31.913 0.393459 -0.837114 -0.38004
-51.8582 62.4075 32.5529 0.384102 -0.839278 -0.38472
-50.5958 62.6164 33.3291 0.375816 -0.843156 -0.384511
-49.7801 62.7846 33.7368 0.366795 -0.846598 -0.385659
-48.8926 62.945 34.183 0.343156 -0.848839 -0.402139
-47.6915 63.0972 34.8757 0.335072 -0.854515 -0.396902
-46.6198 63.1946 35.5593 0.326959 -0.855565 -0.401381
-45.73 63.3328 35.9802 0.320876 -0.856718 -0.40381
-44.7137 63.7038 35.9764 0.30634 -0.851103 -0.426357
-44.0445 64.2265 35.333 0.232973 -0.885571 -0.401854
-43.5951 64.645 34.657 0.28259 -0.887879 -0.361494
-43.0785 65.1115 33.9852 0.246198 -0.886136 -0.392109
-42.3871 65.6718 33.1472 0.224836 -0.88343 -0.411097
-41.875 66.0923 32.5261 0.226338 -0.882793 -0.411641
-40.8724 66.8055 31.5092 0.191285 -0.886409 -0.421533
-40.2355 67.1993 30.9701 0.191642 -0.886022 -0.422181
-39.2371 67.7127 30.2818 0.154592 -0.889947 -0.429063
-38.2642 68.0876 29.7188 0.0385781 -0.920474 -0.388895
-37.4818 68.321 29.2765 0.061814 -0.891014 -0.449474
-36.7218 68.5873 28.8257 0.04615 -0.892219 -0.449239
-35.8721 68.9294 28.2035 -0.00605905 -0.90031 -0.435208
-34.8275 69.3574 27.3168 -0.0117219 -0.897753 -0.440248
-33.7904 69.7913 26.3593 -0.0169798 -0.891014 -0.453015
-33.0267 70.249 25.4964 -0.0273776 -0.882637 -0.468612
-32.4605 70.6017 24.7958 -0.0119079 -0.895316 -0.445272
-31.8906 71.0224 24 0.00830806 -0.879132 -0.476506
-31.2108 71.7509 22.7367 -0.0179292 -0.851832 -0.523508
-30.926 72.22 21.96 0.0187575 -0.8683 -0.495377
-30.5468 72.894 20.6915 -0.0288708 -0.882106 -0.470111
-30.3751 73.343 19.8673 -0.00705069 -0.876943 -0.479439
-30.2284 73.8294 18.9518 0.0243932 -0.892697 -0.449982
-30.1082 74.2688 18.0792 0.0251455 -0.900812 -0.433191
-30.078 74.6512 17.2405 0.00533154 -0.914866 -0.403723
-30.1594 75.0807 16.3057 -0.00125948 -0.901483 -0.432813
-30.296 75.5102 15.3205 0.125004 -0.915665 -0.38201
-30.3527 75.6248 15.0272 0.124998 -0.915668 -0.382006
-29.3813 75.6264 15.1229 -0.0182368 -0.919375 -0.39296
-29.2284 75.1882 16.0718 -0.00628284 -0.904884 -0.425612
-29.081 74.6538 17.2069 -0.0609915 -0.90189 -0.427638
-29.1723 74.087 18.3669 -0.0675323 -0.882996 -0.46447
-29.3884 73.3897 19.6968 -0.0652354 -0.877651 -0.474841
-29.6369 72.7246 20.9427 -0.0353527 -0.883323 -0.467429
-29.914 72.2205 21.9163 -0.0288639 -0.882109 -0.470106
-30.2964 71.5433 23.0432 -0.0202165 -0.852331 -0.522605
-30.7157 71.0293 23.8723 -0.0199595 -0.842662 -0.538073
-31.1638 70.6568 24.5626 -0.0773903 -0.862435 -0.500216
-31.7461 70.2641 25.3537 -0.0910421 -0.871015 -0.482747
-32.3983 69.8516 26.1785 -0.0518669 -0.882934 -0.466624
-32.9902 69.5181 26.8666 -0.0169849 -0.891017 -0.453009
-34.0945 69.0825 27.831 -0.0528144 -0.892659 -0.447263
-34.7385 68.8153 28.429 -0.0025758 -0.902627 -0.430416
-35.6403 68.4648 29.2076 -0.0179236 -0.919992 -0.391526
-36.3821 68.212 29.7039 0.0618919 -0.933612 -0.348302
-37.5663 67.9119 30.3713 0.105745 -0.929678 -0.3512
-38.4153 67.6178 30.8375 0.107467 -0.917401 -0.383179
-39.1253 67.2879 31.2866 0.180861 -0.911484 -0.369104
-39.9473 66.8651 31.9675 0.164266 -0.907156 -0.38578
-40.7088 66.3411 32.6653 0.243905 -0.87828 -0.41126
-41.3469 65.8326 33.3874 0.237213 -0.881792 -0.407644
-41.8943 65.3784 34.0858 0.241302 -0.893199 -0.379357
-42.5782 64.821 34.9334 0.258903 -0.875417 -0.408169
-43.0394 64.3516 35.6398 0.246112 -0.879813 -0.406351
-43.77 63.7266 36.5998 0.253729 -0.883887 -0.39278
-44.7088 63.1737 37.0792 0.302665 -0.859329 -0.412242
-45.6452 62.869 37.0224 0.312041 -0.857099 -0.409807
-46.588 62.7246 36.6004 0.317699 -0.860547 -0.398006
-47.3316 62.6743 36.0914 0.315485 -0.863963 -0.392279
-48.4988 62.5648 35.3471 0.332062 -0.856502 -0.395145
-49.6802 62.3797 34.704 0.34517 -0.851132 -0.395447
-50.5666 62.2091 34.242 0.374745 -0.842127 -0.387799
-51.7804 61.9597 33.6075 0.384099 -0.839279 -0.384718
-52.9117 61.8267 32.7426 0.392633 -0.836612 -0.381988
-53.5247 61.9185 31.9023 0.396054 -0.836081 -0.379617
-53.9482 62.099 31.056 0.398361 -0.837571 -0.373875
-54.3783 62.3488 30.0372 0.399391 -0.837474 -0.372994
-54.6424 62.5901 29.2106 0.400502 -0.8369 -0.373088
-54.7436 62.9127 28.3612 0.410511 -0.835802 -0.364578
-54.7965 63.4076 27.1231 0.402364 -0.844626 -0.353108
-54.8798 63.7364 26.2289 0.404255 -0.845224 -0.349517
-55.0034 64.1432 25.0646 0.423438 -0.844345 -0.3283
-55.1777 64.4159 24.1324 0.425176 -0.846124 -0.321402
-55.4465 64.6215 23.2327 0.433066 -0.849111 -0.301774
-55.7789 64.8646 21.9631 0.464723 -0.842478 -0.272503
-56.1334 65.078 20.6859 0.461334 -0.844622 -0.271597
-56.475 65.1694 19.7749 0.454216 -0.85541 -0.24892
-56.8406 65.2978 18.6589 0.455627 -0.856944 -0.240901
-57.0457 65.4483 17.7235 0.453679 -0.858873 -0.237726
-57.1952 65.6523 16.7576 0.428314 -0.873005 -0.233258
-57.4036 65.8621 15.4553 0.437416 -0.874832 -0.208173
-57.4231 66.186 14.1058 0.440381 -0.871424 -0.215961
-57.2652 66.5248 13.0842 0.444951 -0.866701 -0.225495
-57.0122 66.9127 11.994 0.44232 -0.880168 -0.172211
-56.6472 67.3184 10.9453 0.473345 -0.86058 -0.188007
-56.2758 67.6887 10.0878 0.47047 -0.866235 -0.168213
-55.8555 68.0721 9.30064 0.474407 -0.864227 -0.167482
-55.2566 68.6028 8.24103 0.459902 -0.872547 -0.16467
-54.7191 69.0751 7.23493 0.454215 -0.874404 -0.170606
-54.3295 69.424 6.4002 0.446506 -0.882999 -0.143276
-53.9355 69.7563 5.57113 0.479933 -0.86668 -0.136122
-53.4979 70.1243 4.7715 0.479897 -0.866604 -0.136736
-52.9245 70.5573 4.0124 0.469225 -0.874153 -0.125237
-52.3438 70.9438 3.43329 0.455976 -0.881392 -0.123423
-51.6458 71.3683 2.97647 0.454947 -0.882037 -0.122608
-50.7537 71.8939 2.49742 0.452672 -0.884509 -0.112348
-49.887 72.3484 2.15189 0.439894 -0.893175 -0.0930119
-48.8927 72.8773 1.77853 0.435269 -0.894627 -0.100914
-47.843 73.4659 1.30977 0.450461 -0.886352 -0.107063
-46.5512 74.1326 0.814178 0.422776 -0.900549 -0.101351
-45.7087 74.5473 0.599361 0.416024 -0.903688 -0.101301
-44.677 75.022 0.400065 0.39578 -0.91457 -0.0831894
-43.4453 75.5923 0.148688 0.40999 -0.910406 -0.0553964
-42.1543 76.1487 0.0469325 0.370984 -0.925025 -0.0808103
-40.9622 76.6169 0.21818 0.371562 -0.923769 -0.0926979
-39.9695 76.9916 0.419388 0.342829 -0.934141 -0.0991623
-38.8896 77.3603 0.664632 0.342821 -0.933615 -0.104095
-37.7743 77.7057 0.962143 0.316929 -0.939876 -0.127236
-36.7812 77.9912 1.36835 0.30717 -0.938223 -0.159322
-35.5987 78.2729 2.00811 0.284158 -0.949638 -0.132069
-34.53 78.4281 2.8753 0.238435 -0.957302 -0.163467
-33.6096 78.4636 3.83037 0.20816 -0.957392 -0.200175
-32.9111 78.4185 4.71153 0.170758 -0.965052 -0.198788
-32.2937 78.3346 5.65298 0.171449 -0.965112 -0.197898
-31.8993 78.2033 6.47799 0.158226 -0.954493 -0.252277
-31.4574 77.978 7.57039 0.143944 -0.959327 -0.242836
-31.1083 77.7317 8.72138 0.110424 -0.951136 -0.285562
-30.832 77.4478 9.66778 0.0766868 -0.948634 -0.306942
-30.5099 77.091 10.9733 0.0526076 -0.956564 -0.285786
-30.1321 76.6715 12.2414 0.0101886 -0.938903 -0.343228
-29.8465 76.3492 13.0533 0.0151937 -0.927422 -0.373708
-29.5781 76.0143 14.0341 0.0325896 -0.95547 -0.293282
-29.4583 75.8229 14.6669 -0.0182399 -0.919372 -0.392966
-28.5066 75.8209 14.6229 -0.0288243 -0.924857 -0.378854
-28.7343 76.2134 13.52 0.0365969 -0.951941 -0.304088
-28.9765 76.5254 12.6347 0.0412887 -0.931896 -0.360368
-29.3354 76.942 11.4884 0.0181669 -0.944226 -0.328795
-29.6132 77.253 10.5417 0.0309195 -0.955239 -0.294215
-29.8422 77.5263 9.64984 0.0505084 -0.952133 -0.301271
-30.2436 77.9061 8.34433 0.0514154 -0.954277 -0.29447
-30.6703 78.2373 6.98126 0.111122 -0.95833 -0.26287
-31.0616 78.4227 6.0946 0.114758 -0.96276 -0.244597
-31.4393 78.5755 5.20433 0.164437 -0.966832 -0.195437
-32.0186 78.6794 4.32024 0.167502 -0.951457 -0.25765
-32.6965 78.7505 3.48568 0.229175 -0.952019 -0.202826
-33.3546 78.7492 2.73853 0.232973 -0.953643 -0.190361
-34.3566 78.679 1.80397 0.265971 -0.949612 -0.162197
-35.2612 78.5289 1.13791 0.288162 -0.937171 -0.196657
-36.1016 78.3438 0.628467 0.319349 -0.933228 -0.164626
-37.2481 78.0193 0.124863 0.346955 -0.92781 -0.137077
-38.4007 77.6382 -0.221064 0.342117 -0.933868 -0.104145
-39.5079 77.2557 -0.469707 0.348785 -0.932506 -0.0937125
-40.7498 76.7983 -0.713807 0.37472 -0.921906 -0.0983564
-41.8544 76.3634 -0.86436 0.376752 -0.921447 -0.0948285
-43.2383 75.7874 -0.857827 0.386561 -0.917683 -0.0918107
-44.0958 75.3941 -0.688372 0.40311 -0.908862 -0.107107
-45.255 74.8628 -0.461712 0.402697 -0.910429 -0.0939353
-46.305 74.3604 -0.245992 0.418248 -0.903528 -0.0933096
-47.3835 73.8151 0.0670808 0.432575 -0.896737 -0.0935001
-48.5422 73.1891 0.621872 0.448865 -0.888419 -0.0960811
-49.6122 72.6055 1.03185 0.44425 -0.889026 -0.110793
-50.5 72.1365 1.35828 0.429033 -0.898373 -0.0941091
-51.4471 71.6287 1.73685 0.451166 -0.886568 -0.102209
-52.2796 71.1465 2.21851 0.455255 -0.881777 -0.12334
-53.1595 70.5998 2.85696 0.464126 -0.876607 -0.12695
-53.7621 70.1807 3.49933 0.472146 -0.87102 -0.135575
-54.2945 69.7689 4.26228 0.469393 -0.872072 -0.138372
-54.6786 69.439 5.06158 0.46649 -0.873862 -0.136938
-55.0997 69.0916 5.95674 0.448937 -0.884841 -0.124548
-55.5228 68.7262 6.84862 0.463978 -0.870305 -0.165208
-56.0675 68.2358 7.86783 0.471928 -0.864975 -0.170588
-56.4944 67.863 8.58164 0.45631 -0.874476 -0.163424
-57.0056 67.4251 9.52187 0.443209 -0.876786 -0.186545
-57.4156 67.0218 10.4299 0.439348 -0.878666 -0.186815
-57.7892 66.629 11.4587 0.439728 -0.881327 -0.172922
-58.0219 66.3383 12.2931 0.45003 -0.869724 -0.201599
-58.2423 65.9261 13.4572 0.447055 -0.866138 -0.223467
-58.3338 65.6527 14.487 0.421857 -0.885974 -0.192579
-58.2514 65.3695 15.7478 0.415178 -0.88116 -0.226238
-58.0611 65.211 16.8192 0.432549 -0.874295 -0.219795
-57.9031 64.9858 17.7585 0.443789 -0.857159 -0.260236
-57.7009 64.8317 18.6914 0.436561 -0.867911 -0.236947
-57.3296 64.6902 19.8376 0.462307 -0.847554 -0.260623
-56.9891 64.6048 20.7191 0.459726 -0.846967 -0.266935
-56.6795 64.457 21.6952 0.452671 -0.850169 -0.268782
-56.4197 64.289 22.6636 0.448787 -0.85202 -0.26954
-56.2171 64.1132 23.5252 0.447766 -0.837701 -0.312671
-55.9602 63.886 24.4921 0.424309 -0.845232 -0.324856
-55.8224 63.5374 25.6078 0.408049 -0.856653 -0.315662
-55.7333 63.19 26.5735 0.403164 -0.846722 -0.347152
-55.6718 62.8539 27.4398 0.4057 -0.841009 -0.357925
-55.6104 62.4278 28.5038 0.40513 -0.838779 -0.363756
-55.4153 62.028 29.6359 0.406474 -0.836092 -0.368414
-54.9265 61.6806 30.9509 0.39787 -0.838502 -0.372308
-54.3262 61.3983 32.2122 0.395711 -0.836221 -0.379668
-53.7318 61.2854 33.0796 0.395467 -0.835525 -0.381449
-52.6427 61.3539 34.0488 0.391523 -0.83772 -0.380692
-51.3841 61.6143 34.7469 0.375832 -0.842199 -0.386585
-50.4896 61.8146 35.177 0.3778 -0.843377 -0.382042
-49.6992 61.9579 35.6183 0.344762 -0.855463 -0.386422
-48.6586 62.1065 36.2312 0.337455 -0.865586 -0.369962
-47.899 62.1812 36.744 0.319165 -0.867776 -0.38044
-47.1094 62.2072 37.2988 0.315483 -0.863965 -0.392277
-46.2269 62.3195 37.7559 0.312655 -0.867544 -0.386801
-45.3811 62.4843 38.081 0.314605 -0.868958 -0.38196
-44.2806 62.892 38.098 0.333448 -0.872295 -0.35765
-43.4552 63.3292 37.6842 0.310965 -0.888727 -0.336433
-42.8076 63.8203 37.0065 0.30851 -0.867296 -0.385591
-42.3194 64.3409 36.3292 0.367647 -0.846283 -0.38554
-41.7446 64.8714 35.4454 0.252257 -0.916565 -0.299927
-41.2484 65.267 34.7549 0.209339 -0.886713 -0.412209
-40.5975 65.7722 33.9629 0.184511 -0.894924 -0.406284
-39.9884 66.2139 33.2776 0.190389 -0.890147 -0.413992
-39.3467 66.6632 32.6185 0.162733 -0.888194 -0.429243
-38.6595 67.0224 32.0786 0.110144 -0.891577 -0.439271
-37.8193 67.3582 31.5303 0.0521319 -0.903047 -0.425955
-36.9879 67.6312 31.0806 0.0553672 -0.895008 -0.442601
-35.8328 67.9459 30.4688 0.00712183 -0.927703 -0.37325
-35.0971 68.1605 29.9878 0.0141609 -0.948401 -0.316756
-34.3273 68.3908 29.3324 -0.0512625 -0.943831 -0.319757
-33.5918 68.6836 28.6049 -0.0555285 -0.902024 -0.4281
-32.6408 68.9934 27.8373 -0.0528075 -0.892662 -0.447258
-32.051 69.2597 27.2105 -0.0781248 -0.880521 -0.467036
-31.3024 69.6944 26.2528 -0.124824 -0.85948 -0.494497
-30.6944 70.1202 25.4151 -0.0842183 -0.866726 -0.491479
-30.0742 70.5598 24.5745 -0.0597288 -0.863854 -0.500189
-29.5353 71.1048 23.6376 -0.0727099 -0.835105 -0.545264
-29.116 71.7535 22.5219 -0.101644 -0.845968 -0.523339
-28.7952 72.3735 21.4333 -0.100973 -0.859095 -0.501388
-28.5858 72.8309 20.6013 -0.0604503 -0.859368 -0.507773
-28.4109 73.3838 19.5801 -0.0563722 -0.880019 -0.471581
-28.1946 74.0326 18.3247 -0.0568021 -0.886579 -0.459076
-28.0905 74.4744 17.4537 -0.0601165 -0.891391 -0.448668
-28.1566 74.8838 16.6311 -0.0388921 -0.895831 -0.442691
-28.3254 75.3366 15.6961 -0.036324 -0.904582 -0.42475
-28.486 75.7648 14.7529 -0.0220258 -0.919271 -0.393008
-27.5183 75.7289 14.7502 -0.0784119 -0.921257 -0.379744
-27.3499 75.2778 15.6953 -0.0934043 -0.902078 -0.421344
-27.1687 74.7905 16.6558 -0.107345 -0.889847 -0.443451
-27.0801 74.3815 17.4541 -0.0801605 -0.891313 -0.446142
-27.2312 73.9468 18.3711 -0.067893 -0.891123 -0.448366
-27.4453 73.3629 19.5032 -0.0569686 -0.880197 -0.471178
-27.568 72.8879 20.3836 -0.0782063 -0.85019 -0.520105
-27.8934 72.1024 21.7078 -0.0925061 -0.852106 -0.515129
-28.2071 71.5182 22.7305 -0.102152 -0.835817 -0.538579
-28.5136 71.006 23.5912 -0.143305 -0.83766 -0.527058
-28.9514 70.5174 24.4874 -0.100411 -0.845738 -0.524066
-29.4024 70.1329 25.1873 -0.0945679 -0.84057 -0.533379
-30.0944 69.5964 26.1612 -0.097491 -0.845257 -0.525392
-30.7188 69.1779 27.0353 -0.159342 -0.858164 -0.488022
-31.3962 68.8648 27.863 -0.136571 -0.88429 -0.443736
-32.1605 68.5832 28.5762 -0.0937296 -0.891161 -0.4439
-32.8435 68.3773 29.1486 -0.0735953 -0.898854 -0.431709
-33.6182 68.0998 29.9229 -0.116687 -0.939265 -0.322747
-34.4144 67.9141 30.6533 -0.0667606 -0.900907 -0.422945
-35.4676 67.601 31.3162 0.0128263 -0.899833 -0.435684
-36.5534 67.2722 31.8631 0.0560237 -0.895915 -0.440679
-37.5825 66.9588 32.4484 0.0404931 -0.909776 -0.412991
-38.6285 66.4967 33.2504 0.117733 -0.919588 -0.374828
-39.3704 65.9935 34.029 0.175331 -0.896871 -0.405811
-40.0345 65.5232 34.7922 0.188653 -0.900029 -0.392884
-40.5772 65.0967 35.5077 0.203373 -0.921723 -0.330252
-41.071 64.7426 36.2288 0.175369 -0.936191 -0.304616
-41.5869 64.3253 36.9999 0.33965 -0.842229 -0.418674
-42.3491 63.6152 37.9885 0.32546 -0.889048 -0.321979
-43.0976 63.0866 38.6852 0.326423 -0.885288 -0.33123
-43.979 62.6071 39.0677 0.314831 -0.86376 -0.391919
-44.8922 62.2524 39.0716 0.335782 -0.86846 -0.36473
-45.9483 61.9484 38.8164 0.329256 -0.866642 -0.374623
-46.9396 61.7845 38.3773 0.314637 -0.866348 -0.387871
-47.7293 61.6916 37.9471 0.305264 -0.864625 -0.399045
-48.9487 61.637 37.0571 0.342243 -0.855003 -0.389665
-49.8328 61.5357 36.4731 0.361092 -0.857117 -0.367055
-50.6321 61.3743 36.0322 0.378214 -0.851077 -0.364174
-51.5757 61.1531 35.5696 0.378066 -0.851107 -0.364256
-52.5987 60.9097 35.0797 0.382961 -0.845503 -0.37189
-53.6618 60.7637 34.3326 0.382349 -0.85141 -0.35888
-54.4533 60.7513 33.5272 0.384632 -0.843827 -0.374185
-54.9627 60.8379 32.7885 0.393386 -0.838302 -0.377489
-55.4664 61.0385 31.8181 0.39105 -0.838965 -0.378432
-55.994 61.3377 30.5935 0.392882 -0.840158 -0.37387
-56.3657 61.6502 29.4735 0.398662 -0.842062 -0.363295
-56.5323 62.1546 28.1071 0.402991 -0.840634 -0.36183
-56.6152 62.717 26.7267 0.390811 -0.843933 -0.367482
-56.7027 63.0852 25.6956 0.386458 -0.855277 -0.344992
-56.8358 63.4001 24.7251 0.383552 -0.861882 -0.331733
-57.0274 63.6415 23.7359 0.394865 -0.873727 -0.284046
-57.2357 63.8026 22.8482 0.426444 -0.869349 -0.247313
-57.5973 64.0168 21.5626 0.447862 -0.854113 -0.264405
-57.9046 64.1385 20.6463 0.444688 -0.862291 -0.242295
-58.2518 64.2291 19.7294 0.444089 -0.851647 -0.278291
-58.544 64.3593 18.8682 0.44266 -0.858189 -0.25876
-58.8022 64.5852 17.6683 0.413009 -0.872987 -0.259455
-58.9921 64.8046 16.6177 0.432667 -0.868948 -0.24027
-59.1613 64.9616 15.6629 0.416014 -0.88063 -0.226769
-59.2224 65.2039 14.6049 0.422133 -0.885837 -0.189403
-59.1631 65.4073 13.6846 0.446428 -0.877806 -0.173662
-58.9723 65.7963 12.4926 0.44058 -0.869376 -0.22371
-58.785 66.0837 11.6141 0.456532 -0.871581 -0.178675
-58.4549 66.4471 10.6803 0.45611 -0.872411 -0.175677
-58.1041 66.8272 9.71649 0.449571 -0.873592 -0.186247
-57.6779 67.2269 8.83876 0.447074 -0.876993 -0.175954
-57.0195 67.7594 7.70204 0.433747 -0.883508 -0.176372
-56.425 68.2816 6.67852 0.435677 -0.882359 -0.176945
-55.8667 68.7691 5.49409 0.433117 -0.887002 -0.160113
-55.5273 69.0794 4.69726 0.435184 -0.886037 -0.159854
-54.9085 69.5705 3.4794 0.42679 -0.893339 -0.14065
-54.428 69.9278 2.79984 0.465412 -0.874013 -0.139616
-53.7266 70.4099 2.10644 0.458407 -0.878892 -0.131841
-52.8303 70.9694 1.44705 0.457398 -0.880121 -0.127041
-52.0893 71.3998 0.982652 0.441135 -0.88999 -0.115404
-50.9458 72.0198 0.504996 0.429935 -0.896499 -0.106981
-49.9802 72.5328 0.139739 0.442862 -0.889909 -0.109227
-49.1751 72.9642 -0.146078 0.438888 -0.893823 -0.0919679
-48.1944 73.4949 -0.631561 0.438025 -0.894322 -0.0912202
-47.0824 74.0744 -1.06832 0.428124 -0.898638 -0.0957046
-45.9281 74.6411 -1.30963 0.413125 -0.906164 -0.0905106
-44.8376 75.1587 -1.51587 0.409791 -0.907186 -0.0951215
-43.6843 75.6845 -1.76168 0.383705 -0.919699 -0.0832162
-42.8528 76.0449 -1.89741 0.378802 -0.922879 -0.0693028
-42.0099 76.4016 -1.90426 0.373799 -0.923242 -0.0888714
-40.969 76.8155 -1.7818 0.380009 -0.920579 -0.0901517
-40.0344 77.1793 -1.59824 0.364329 -0.926 -0.0979302
-39.025 77.5408 -1.37522 0.356433 -0.927891 -0.109428
-38.1078 77.8505 -1.15143 0.343799 -0.933101 -0.105463
-37.2433 78.1405 -0.888657 0.344106 -0.932861 -0.106586
-36.2865 78.4611 -0.506015 0.357329 -0.926702 -0.116355
-35.4584 78.691 -0.0777096 0.285362 -0.944612 -0.157473
-34.671 78.8224 0.407213 0.250409 -0.956885 -0.147195
-33.7151 78.9452 1.16578 0.231285 -0.960609 -0.154069
-32.8406 79.0212 2.00466 0.234978 -0.956851 -0.170109
-32.2127 79.0358 2.65984 0.221805 -0.95613 -0.191359
-31.4111 78.9796 3.57499 0.156585 -0.95166 -0.264244
-30.8339 78.8695 4.31326 0.144508 -0.953164 -0.265418
-30.3613 78.7139 5.23237 0.115984 -0.966922 -0.226933
-29.8537 78.4692 6.42575 0.0666247 -0.970868 -0.230075
-29.4905 78.1786 7.59253 0.0750689 -0.960306 -0.268657
-29.191 77.9257 8.50005 0.069585 -0.952484 -0.296534
-28.9409 77.6546 9.382 0.0444749 -0.94996 -0.309189
-28.6136 77.2548 10.5971 -0.0125818 -0.949056 -0.314733
-28.2308 76.8585 11.7668 0.00728588 -0.944445 -0.328588
-27.8577 76.3807 13.1184 -0.00358473 -0.941554 -0.336722
-27.6552 76.0419 13.9672 -0.0551086 -0.93043 -0.362303
-27.6079 75.9422 14.2161 -0.0551108 -0.930431 -0.362299
-26.6748 75.9623 13.9983 -0.109545 -0.912456 -0.39415
-26.9721 76.5155 12.7109 -0.0282589 -0.932074 -0.360058
-27.274 76.8966 11.6251 -0.0508319 -0.949545 -0.309483
-27.617 77.2991 10.4235 -0.0125821 -0.949056 -0.314732
-28.012 77.7581 9.16653 0.00855746 -0.937359 -0.34826
-28.3366 78.1385 7.9682 0.0137405 -0.955992 -0.291972
-28.6945 78.4598 6.80591 0.0740599 -0.960718 -0.267464
-28.9265 78.6551 5.90997 0.066633 -0.970867 -0.230078
-29.4902 78.9299 4.72879 0.0782199 -0.959627 -0.270181
-29.9428 79.0974 3.93999 0.139302 -0.956588 -0.255665
-30.6711 79.2593 2.9984 0.13786 -0.9519 -0.273489
-31.6505 79.3133 1.92029 0.191304 -0.950805 -0.242485
-32.3754 79.26 1.17732 0.226022 -0.962394 -0.150704
-33.1719 79.1893 0.431673 0.225821 -0.96069 -0.161139
-33.9989 79.1196 -0.261789 0.244431 -0.954362 -0.170396
-34.7818 78.9894 -0.783517 0.271012 -0.955509 -0.116425
-35.7975 78.7336 -1.32744 0.351968 -0.931631 -0.090458
-36.8646 78.3744 -1.78963 0.348085 -0.932547 -0.0956037
-37.8795 78.0422 -2.07432 0.334982 -0.9353 -0.114022
-38.912 77.6971 -2.36412 0.343523 -0.932668 -0.110101
-39.8234 77.354 -2.55721 0.372228 -0.924109 -0.0864261
-41.0715 76.8694 -2.79313 0.377568 -0.921895 -0.0869042
-42.2673 76.3761 -2.9443 0.396895 -0.914483 -0.078573
-43.2031 75.9754 -2.88576 0.376982 -0.923564 -0.0700733
-44.0726 75.6006 -2.67656 0.383718 -0.920549 -0.0731406
-44.8858 75.2355 -2.48473 0.414656 -0.905232 -0.0928168
-46.0996 74.6563 -2.25312 0.413963 -0.905378 -0.0944754
-47.3363 74.0519 -1.97693 0.424646 -0.899879 -0.0994669
-48.194 73.6092 -1.68003 0.438257 -0.893175 -0.10084
-49.0439 73.1418 -1.23411 0.431909 -0.895343 -0.108238
-49.8075 72.7387 -0.929677 0.428824 -0.896537 -0.111048
-50.678 72.2842 -0.603046 0.424995 -0.89786 -0.114872
-51.6951 71.7511 -0.249955 0.428931 -0.896221 -0.113019
-52.4794 71.3266 0.0916089 0.432277 -0.89353 -0.121414
-53.1786 70.9223 0.541555 0.451895 -0.882951 -0.127232
-53.8876 70.4898 1.01394 0.45841 -0.878892 -0.131832
-54.8653 69.8501 1.82866 0.464282 -0.875177 -0.135983
-55.5482 69.3756 2.75244 0.4287 -0.892859 -0.137907
-56.049 68.9955 3.66063 0.424247 -0.894839 -0.13876
-56.4778 68.6219 4.65334 0.432925 -0.887232 -0.159361
-56.8322 68.3031 5.46234 0.432608 -0.887167 -0.160575
-57.1998 67.9871 6.22173 0.431903 -0.887563 -0.160286
-57.7929 67.4833 7.21526 0.433591 -0.881035 -0.189146
-58.2965 67.0727 7.99944 0.436543 -0.882226 -0.175794
-58.7471 66.6754 8.88198 0.414753 -0.892577 -0.176406
-59.0545 66.3465 9.72168 0.410869 -0.888468 -0.204452
-59.5079 65.8548 10.9008 0.398197 -0.894148 -0.203863
-59.8161 65.4938 12.0294 0.434022 -0.878841 -0.195312
-59.9606 65.1781 12.9594 0.393741 -0.892217 -0.215481
-60.047 64.9335 13.9489 0.34959 -0.91764 -0.189007
-60.0675 64.6905 15.0379 0.404751 -0.887146 -0.221043
-59.9826 64.5099 15.9408 0.375097 -0.901936 -0.213763
-59.8368 64.3148 16.9238 0.359902 -0.902881 -0.235108
-59.6142 64.0564 18.1672 0.407869 -0.876389 -0.256096
-59.3453 63.8454 19.2122 0.394389 -0.861148 -0.320751
-58.9966 63.7417 20.0883 0.436003 -0.864544 -0.249928
-58.6405 63.643 21.059 0.440887 -0.860054 -0.256338
-58.2687 63.4946 22.2331 0.385165 -0.894531 -0.226714
-57.972 63.3256 23.3984 0.400222 -0.879875 -0.254261
-57.7374 63.0358 24.6571 0.353958 -0.883055 -0.304263
-57.6054 62.6512 25.7841 0.380117 -0.859504 -0.341528
-57.4984 62.2931 26.7768 0.36285 -0.862339 -0.352997
-57.4256 61.9723 27.6158 0.371223 -0.856847 -0.357781
-57.3523 61.5257 28.7422 0.369815 -0.851437 -0.371856
-57.1849 61.1339 29.801 0.37288 -0.849487 -0.373271
-56.856 60.8895 30.7068 0.370829 -0.853335 -0.366411
-56.3771 60.6199 31.8115 0.389992 -0.840792 -0.375441
-55.9959 60.4347 32.6119 0.377145 -0.848195 -0.371563
-55.4993 60.282 33.4954 0.362857 -0.864502 -0.34781
-54.971 60.205 34.2438 0.352999 -0.874079 -0.333659
-54.1758 60.2423 35.0219 0.38235 -0.851408 -0.358883
-52.8565 60.4554 35.9002 0.376161 -0.857513 -0.350961
-51.9899 60.6724 36.2758 0.36563 -0.860088 -0.355756
-51.1419 60.8694 36.6795 0.374981 -0.858561 -0.348926
-50.3338 61.0413 37.1508 0.375555 -0.866871 -0.327861
-49.5484 61.1334 37.6558 0.31629 -0.86912 -0.380252
-48.4845 61.1764 38.4482 0.323369 -0.863681 -0.386637
-47.7197 61.232 38.9626 0.322004 -0.863816 -0.387473
-46.8888 61.3622 39.3518 0.298928 -0.860522 -0.412466
-46.0556 61.4879 39.699 0.332561 -0.847726 -0.411963
-45.1777 61.7534 39.9344 0.337096 -0.83495 -0.433572
-44.261 62.0211 40.0639 0.306868 -0.834714 -0.457258
-43.2965 62.4183 39.9634 0.338633 -0.841764 -0.420429
-42.525 62.9264 39.5069 0.308897 -0.864706 -0.396063
-41.8751 63.3707 38.9585 0.184012 -0.899413 -0.393587
-41.2849 63.8503 38.2125 0.155278 -0.865498 -0.476237
-40.6148 64.4016 37.2828 0.0844824 -0.90649 -0.41369
-40.1183 64.8162 36.4987 0.117193 -0.907266 -0.402542
-39.5706 65.1887 35.7524 0.146732 -0.907238 -0.392453
-38.8283 65.7482 34.8371 0.178954 -0.901494 -0.394057
-38.1484 66.2019 34.1021 0.122991 -0.900157 -0.413747
-37.1578 66.6015 33.2585 0.0137691 -0.914111 -0.40523
-36.0647 66.9367 32.6094 -0.00544974 -0.903126 -0.427717
-35.2918 67.1613 32.1984 0.0217564 -0.893045 -0.449441
-34.474 67.3837 31.7923 -0.0667561 -0.900903 -0.422954
-33.7446 67.5174 31.2737 -0.137428 -0.895185 -0.423978
-32.9747 67.7336 30.5519 -0.143715 -0.898314 -0.415185
-32.2676 67.9763 29.8571 -0.0959635 -0.886252 -0.453154
-31.5285 68.2018 29.2361 -0.155428 -0.881335 -0.441226
-30.6973 68.436 28.4138 -0.203056 -0.859716 -0.468676
-30.073 68.6813 27.6977 -0.14363 -0.858554 -0.491927
-29.4641 69.1103 26.8213 -0.0987395 -0.843081 -0.528645
-28.9613 69.4752 26.1367 -0.149802 -0.826653 -0.542145
-28.2833 69.9981 25.1915 -0.138653 -0.819237 -0.556429
-27.8687 70.4203 24.4267 -0.116497 -0.854548 -0.505747
-27.5025 70.8517 23.5688 -0.130027 -0.851592 -0.506912
-27.1313 71.6164 22.3729 -0.14202 -0.825897 -0.544852
-26.8797 72.0442 21.622 -0.0925444 -0.852122 -0.515096
-26.6731 72.5101 20.819 -0.121034 -0.849014 -0.513289
-26.5405 72.9842 19.9599 -0.146335 -0.852604 -0.501649
-26.4198 73.4767 19.0876 -0.140658 -0.850928 -0.506046
-26.201 73.9586 18.1078 -0.124152 -0.892124 -0.434202
-26.1322 74.4056 17.1788 -0.106422 -0.890284 -0.442796
-26.243 74.8559 16.3004 -0.107439 -0.890412 -0.442291
-26.4539 75.3869 15.263 -0.0975644 -0.907077 -0.409273
-26.5755 75.7043 14.5653 -0.101709 -0.91208 -0.397198
-25.6244 75.6427 14.4291 -0.121427 -0.914992 -0.384685
-25.7834 76.0278 13.5481 -0.125485 -0.917146 -0.378282
-26.0318 76.4632 12.5448 -0.131956 -0.929436 -0.344583
-26.307 76.8554 11.5922 -0.0914894 -0.939344 -0.327466
-26.4998 77.1452 10.7536 -0.0381341 -0.945689 -0.322828
-26.8225 77.5348 9.69084 -0.0500559 -0.935792 -0.34898
-27.124 77.8771 8.82443 -0.0404761 -0.944838 -0.32283
-27.4029 78.1898 7.77491 -0.00165486 -0.950336 -0.309116
-27.6666 78.5235 6.86162 0.0374375 -0.949951 -0.305438
-28.0102 78.7728 5.77951 0.106507 -0.957579 -0.267495
-28.4663 79.0935 4.50524 0.107826 -0.954382 -0.278441
-29.0492 79.3202 3.62335 0.130777 -0.936967 -0.324022
-29.6252 79.464 2.84013 0.145985 -0.954248 -0.260103
-30.3683 79.5691 1.95893 0.172932 -0.957397 -0.229764
-30.9925 79.6156 1.30209 0.185418 -0.946182 -0.265253
-31.7582 79.5891 0.528819 0.306694 -0.927478 -0.213832
-32.4344 79.5142 -0.13207 0.311497 -0.92786 -0.205048
-33.2442 79.435 -0.849427 0.257618 -0.942029 -0.214906
-34.1278 79.3163 -1.47706 0.352226 -0.913755 -0.202457
-35.144 79.0546 -2.06368 0.351764 -0.913426 -0.204718
-36.391 78.6575 -2.60403 0.350462 -0.927423 -0.130626
-37.3736 78.3314 -2.90346 0.342856 -0.927489 -0.148064
-38.2236 78.0489 -3.20009 0.358119 -0.923742 -0.132748
-39.0707 77.7609 -3.40611 0.362471 -0.925597 -0.107147
-39.9437 77.4185 -3.571 0.378847 -0.918886 -0.110103
-40.8366 77.0594 -3.72708 0.396889 -0.911776 -0.105559
-42.1797 76.4981 -3.87108 0.396772 -0.913721 -0.0875004
-43.06 76.1164 -3.85171 0.38897 -0.916625 -0.092001
-43.9101 75.7493 -3.69594 0.373815 -0.924135 -0.078111
-44.7423 75.4053 -3.49944 0.389293 -0.916473 -0.0879512
-45.7139 74.9423 -3.30923 0.412903 -0.905934 -0.0937765
-46.681 74.4793 -3.15742 0.430742 -0.89827 -0.0870189
-47.5409 74.051 -2.96871 0.424167 -0.901923 -0.0813457
-48.6428 73.4984 -2.52564 0.42399 -0.899095 -0.108657
-49.4952 73.0405 -2.1243 0.432001 -0.894376 -0.116048
-50.5006 72.5016 -1.69178 0.425261 -0.898228 -0.111015
-51.4031 72.0364 -1.34818 0.425003 -0.897856 -0.114873
-52.4017 71.5108 -0.991449 0.429218 -0.895403 -0.118427
-53.2186 71.0622 -0.597823 0.444915 -0.887331 -0.121222
-53.9497 70.6203 -0.0902034 0.455534 -0.880815 -0.128922
-54.9742 69.9738 0.636274 0.440986 -0.887164 -0.13381
-55.6454 69.567 1.25726 0.422464 -0.89564 -0.138999
-56.1765 69.2065 1.95771 0.414271 -0.898762 -0.143551
-56.6078 68.8869 2.69275 0.416576 -0.897113 -0.147149
-57.0245 68.5394 3.62166 0.42881 -0.891038 -0.148904
-57.3937 68.2095 4.49343 0.422392 -0.892147 -0.160184
-57.8499 67.812 5.46793 0.424168 -0.889845 -0.168101
-58.2627 67.4644 6.22887 0.432411 -0.881525 -0.189562
-58.7719 67.0544 6.97422 0.428716 -0.884256 -0.185079
-59.2941 66.6395 7.78283 0.424836 -0.886883 -0.181526
-59.6826 66.278 8.75466 0.406798 -0.894135 -0.186442
-60.0115 65.8931 9.74919 0.398197 -0.894148 -0.203864
-60.4169 65.5077 10.7283 0.383059 -0.900992 -0.203553
-60.6934 65.1373 11.8055 0.382472 -0.902948 -0.195266
-60.8373 64.9025 12.6868 0.364963 -0.910889 -0.191643
-60.9233 64.665 13.6317 0.369167 -0.905982 -0.205256
-60.9631 64.4231 14.5384 0.37449 -0.900713 -0.219602
-60.9353 64.1919 15.5979 0.374984 -0.904498 -0.203149
-60.8216 63.9805 16.6596 0.375207 -0.899375 -0.224376
-60.5454 63.6854 18.1012 0.348789 -0.89188 -0.287842
-60.3006 63.4807 19.0594 0.33383 -0.912184 -0.23763
-59.9743 63.3838 19.9197 0.343597 -0.918506 -0.195674
-59.5551 63.2783 21.0836 0.318269 -0.920969 -0.224096
-59.1157 63.1372 22.1993 0.352072 -0.906477 -0.230023
-58.8997 62.9995 23.1376 0.357529 -0.909244 -0.213185
-58.7076 62.7861 24.1971 0.36104 -0.897287 -0.253875
-58.5605 62.5386 25.0566 0.355402 -0.866384 -0.350805
-58.4401 61.9557 26.6168 0.362401 -0.864831 -0.347406
-58.2787 61.5402 27.7972 0.360863 -0.857681 -0.366224
-58.251 61.1775 28.6603 0.362954 -0.854165 -0.372375
-58.1638 60.8348 29.5271 0.36116 -0.854625 -0.373064
-57.8418 60.4812 30.658 0.361089 -0.856805 -0.368102
-57.4017 60.2523 31.6316 0.364583 -0.856697 -0.364895
-56.9257 60.0074 32.6837 0.364908 -0.860685 -0.354922
-56.4869 59.8607 33.512 0.363546 -0.864555 -0.346955
-55.8956 59.7698 34.3947 0.357748 -0.874128 -0.328505
-55.2884 59.7302 35.1422 0.347894 -0.875781 -0.3346
-54.459 59.7724 35.9065 0.350227 -0.877396 -0.327897
-53.3251 59.9554 36.6617 0.367594 -0.87102 -0.325823
-52.4215 60.1887 37.0566 0.363941 -0.87302 -0.32462
-51.2335 60.4807 37.6135 0.367314 -0.871854 -0.323961
-50.0911 60.645 38.3011 0.314164 -0.859631 -0.40291
-49.2561 60.6792 38.8991 0.330208 -0.859671 -0.38978
-48.3181 60.7338 39.5757 0.322477 -0.863036 -0.388722
-47.3931 60.8738 40.0141 0.307331 -0.861623 -0.403692
-46.0814 61.0658 40.5552 0.298926 -0.860521 -0.412468
-45.1218 61.2964 40.805 0.311184 -0.833061 -0.457355
-44.253 61.5406 40.9464 0.304137 -0.834097 -0.460181
-43.2957 61.8909 40.9389 0.301406 -0.83348 -0.463104
-42.3129 62.4918 40.5478 0.255341 -0.84951 -0.458031
-41.4033 63.063 39.8363 0.211867 -0.877569 -0.430039
-40.789 63.4814 39.1357 0.15289 -0.919111 -0.363124
-40.1645 63.9502 38.3285 0.0869252 -0.895824 -0.435825
-39.6001 64.3734 37.552 0.100097 -0.900257 -0.423253
-38.9698 64.9615 36.5056 0.117202 -0.907265 -0.402544
-38.3189 65.399 35.711 0.0540354 -0.894195 -0.444404
-37.7634 65.772 35.0512 0.0685336 -0.898029 -0.434565
-36.9531 66.1783 34.2302 0.0143482 -0.918581 -0.394971
-35.8443 66.5227 33.4426 -0.041708 -0.89917 -0.435606
-34.6752 66.8082 32.8264 -0.0405526 -0.867263 -0.494697
-33.7361 67.0069 32.336 -0.109246 -0.877487 -0.464398
-32.7507 67.1895 31.5717 -0.176869 -0.871745 -0.455538
-31.9985 67.4559 30.8178 -0.11927 -0.892389 -0.434136
-31.3017 67.6799 30.15 -0.184036 -0.870842 -0.455812
-30.5196 67.8365 29.4462 -0.217713 -0.870794 -0.440579
-29.8822 68.0446 28.7858 -0.191432 -0.862528 -0.468401
-29.2804 68.3094 28.0824 -0.154948 -0.838462 -0.522455
-28.4606 68.8545 26.9657 -0.156752 -0.834951 -0.527524
-27.8833 69.2854 26.1411 -0.138655 -0.819234 -0.556433
-27.3145 69.779 25.2782 -0.135039 -0.81839 -0.558571
-26.8743 70.2246 24.491 -0.155811 -0.843087 -0.513523
-26.5161 70.7639 23.5004 -0.111623 -0.841347 -0.528843
-26.2855 71.269 22.6651 -0.161676 -0.835436 -0.525269
-25.9808 71.7942 21.742 -0.158226 -0.831315 -0.532783
-25.7637 72.2927 20.9056 -0.155912 -0.839841 -0.519644
-25.6185 72.7722 20.0526 -0.151873 -0.85307 -0.499131
-25.4355 73.3383 19.0576 -0.134981 -0.849247 -0.51045
-25.248 73.783 18.1827 -0.111156 -0.877667 -0.466202
-25.1513 74.2087 17.3582 -0.103919 -0.884365 -0.454833
-25.322 74.8686 16.0542 -0.102628 -0.894952 -0.434199
-25.5195 75.3686 15.0339 -0.123111 -0.909459 -0.39715
-25.5475 75.4403 14.8784 -0.120245 -0.911149 -0.394118
-24.6053 75.4078 14.667 -0.12009 -0.912524 -0.390892
-24.8299 75.9597 13.4071 -0.118704 -0.917601 -0.379364
-25.1194 76.4495 12.2475 -0.11901 -0.9306 -0.346104
-25.3605 76.8056 11.3834 -0.124071 -0.929137 -0.348297
-25.6029 77.249 10.2693 -0.0781508 -0.943412 -0.322284
-25.9105 77.6129 9.36519 -0.0604832 -0.929859 -0.36291
-26.1892 77.9694 8.38687 -0.0393396 -0.956853 -0.287898
-26.4466 78.2906 7.49378 -0.00786982 -0.93636 -0.350775
-26.707 78.67 6.43699 -0.00425075 -0.942837 -0.333228
-27.0939 78.9371 5.5691 0.105885 -0.954636 -0.278309
-27.5263 79.2856 4.24477 0.100128 -0.947305 -0.303908
-28.0328 79.501 3.44795 0.0866849 -0.943577 -0.319478
-28.5886 79.6562 2.73838 0.150674 -0.94699 -0.283737
-29.4997 79.7929 1.57571 0.14099 -0.962034 -0.233692
-30.1444 79.8487 0.9131 0.14756 -0.964479 -0.219105
-30.9094 79.9111 0.0619549 0.160209 -0.966906 -0.198559
-31.6412 79.8846 -0.633888 0.300212 -0.937606 -0.175408
-32.4929 79.815 -1.38811 0.303034 -0.909488 -0.283858
-33.6029 79.6756 -2.22619 0.320191 -0.915823 -0.239603
-34.404 79.4927 -2.74053 0.351303 -0.913097 -0.20698
-35.4475 79.1793 -3.25552 0.399504 -0.896612 -0.191006
-36.4511 78.7988 -3.57114 0.377829 -0.905763 -0.190442
-37.4177 78.4948 -3.91534 0.346934 -0.920747 -0.177688
-38.7142 78.0032 -4.32202 0.38309 -0.919661 -0.0864086
-39.7498 77.6161 -4.57298 0.371703 -0.922979 -0.0997343
-40.7671 77.2047 -4.72657 0.398199 -0.911575 -0.102316
-42.0352 76.6506 -4.76519 0.398609 -0.912109 -0.0955636
-42.9308 76.2654 -4.77725 0.392988 -0.914867 -0.0926038
-44.0415 75.784 -4.68385 0.386607 -0.918235 -0.0859052
-45.1338 75.3255 -4.42517 0.392234 -0.915471 -0.0861597
-46.0013 74.9108 -4.24167 0.41626 -0.904145 -0.0960474
-46.9362 74.451 -4.09872 0.431839 -0.89696 -0.0947177
-47.8199 74.0177 -4.00892 0.416637 -0.904215 -0.0925764
-48.8469 73.5341 -3.69008 0.411554 -0.906412 -0.0939756
-49.7167 73.0526 -3.12624 0.439637 -0.892777 -0.0983245
-50.4505 72.6515 -2.76285 0.423434 -0.900027 -0.101653
-51.5329 72.0932 -2.25033 0.416889 -0.901049 -0.119643
-52.3212 71.6916 -2.03274 0.427376 -0.895563 -0.123761
-53.765 70.8998 -1.39281 0.442995 -0.887904 -0.124011
-54.5756 70.4189 -0.86138 0.447024 -0.882194 -0.147999
-55.5308 69.8329 -0.158199 0.421465 -0.895977 -0.139854
-56.4897 69.244 0.79531 0.416875 -0.898763 -0.135782
-57.1574 68.8034 1.64368 0.418603 -0.89692 -0.142422
-57.495 68.5135 2.45216 0.417882 -0.896531 -0.14699
-57.9761 68.0994 3.60687 0.412369 -0.896756 -0.160563
-58.3483 67.7812 4.37049 0.420418 -0.892756 -0.161972
-59.0282 67.2959 5.2667 0.425686 -0.886906 -0.178886
-59.4454 66.8753 6.29521 0.403329 -0.895882 -0.186332
-60.0336 66.4328 7.16057 0.403075 -0.896473 -0.184029
-60.5701 65.8969 8.64256 0.407524 -0.892192 -0.194105
-61.0867 65.3955 9.88486 0.399053 -0.898116 -0.184782
-61.3889 65.0562 10.8689 0.391795 -0.896792 -0.205575
-61.6976 64.6345 12.2461 0.367582 -0.912773 -0.178126
-61.8053 64.2687 13.7884 0.367824 -0.906021 -0.209038
-61.8854 63.9725 14.8945 0.359931 -0.908012 -0.21439
-61.7704 63.7845 15.8831 0.354268 -0.90702 -0.22719
-61.6649 63.4683 17.2898 0.377935 -0.897926 -0.225596
-61.4867 63.2908 18.1738 0.364136 -0.890168 -0.273873
-61.2067 63.0763 19.3588 0.323697 -0.919098 -0.224676
-60.733 63.0195 20.2947 0.336244 -0.919366 -0.203889
-60.278 62.8695 21.6232 0.342846 -0.904769 -0.252621
-59.9524 62.7482 22.4951 0.343024 -0.912034 -0.224785
-59.7403 62.5516 23.4846 0.367892 -0.892226 -0.261364
-59.5873 62.363 24.3717 0.382617 -0.888088 -0.254761
-59.3893 62.0371 25.4456 0.35632 -0.868519 -0.344432
-59.3757 61.6839 26.3417 0.35196 -0.868072 -0.350108
-59.1575 61.3369 27.4137 0.355731 -0.860542 -0.364566
-59.1426 60.8596 28.5316 0.350054 -0.859197 -0.373152
-59.0403 60.462 29.5349 0.360774 -0.855214 -0.372091
-58.8537 60.1611 30.4151 0.358694 -0.859793 -0.363441
-58.5182 59.9265 31.2973 0.356557 -0.860326 -0.364288
-58.0852 59.693 32.2853 0.351366 -0.863254 -0.362402
-57.4319 59.4783 33.508 0.353685 -0.872893 -0.336101
-56.973 59.3619 34.2897 0.363519 -0.870938 -0.330636
-56.0387 59.2774 35.5467 0.357779 -0.873608 -0.329784
-55.0729 59.2957 36.533 0.35122 -0.878761 -0.323128
-54.3101 59.3802 37.1239 0.349949 -0.880338 -0.320201
-53.5289 59.5207 37.6096 0.370123 -0.872017 -0.320305
-52.7226 59.7291 37.9597 0.362357 -0.873935 -0.323936
-51.8134 59.9649 38.2802 0.355652 -0.865769 -0.351661
-50.8144 60.1308 38.8486 0.30859 -0.863424 -0.399088
-50.003 60.2004 39.3597 0.312199 -0.876762 -0.365771
-48.935 60.2317 40.1761 0.318195 -0.870197 -0.375872
-48.0196 60.3861 40.5906 0.30418 -0.865784 -0.396721
-47.189 60.4676 41.0047 0.296579 -0.859926 -0.415412
-45.6976 60.7167 41.5271 0.293743 -0.855285 -0.426736
-44.3864 61.0246 41.8181 0.294351 -0.847791 -0.441058
-43.3619 61.3763 41.8463 0.292785 -0.843312 -0.450513
-42.2643 61.8796 41.6385 0.30632 -0.829804 -0.466468
-41.2819 62.5039 41.087 0.280358 -0.87234 -0.400529
-40.5531 62.9849 40.4195 0.121081 -0.918181 -0.377203
-39.907 63.4219 39.5826 0.125586 -0.913284 -0.387479
-39.3846 63.7799 38.8831 0.113304 -0.902329 -0.41589
-38.5878 64.4026 37.7835 0.128966 -0.89483 -0.427368
-38.1057 64.8212 37.0324 0.0771588 -0.923342 -0.376147
-37.444 65.2433 36.1519 0.0998541 -0.910027 -0.399773
-36.8698 65.6672 35.4113 0.0469478 -0.904263 -0.421535
-36.1764 65.9631 34.739 0.00243431 -0.916524 -0.399972
-35.4448 66.1313 34.1899 -0.0465533 -0.89306 -0.447522
-34.326 66.373 33.5645 -0.0644326 -0.886209 -0.458634
-33.4703 66.5557 33.1136 -0.127373 -0.868342 -0.474014
-32.5085 66.6664 32.4996 -0.209558 -0.868882 -0.448475
-31.6965 66.8603 31.8388 -0.157011 -0.865151 -0.476299
-31.1221 67.125 31.1529 -0.177191 -0.876307 -0.447984
-30.2581 67.3044 30.3662 -0.240591 -0.871376 -0.427362
-29.3962 67.5728 29.4833 -0.171541 -0.85214 -0.4944
-28.6597 67.8143 28.7674 -0.143575 -0.865633 -0.479652
-28.1284 68.1359 28.0281 -0.146855 -0.864916 -0.47994
-27.4372 68.6104 27.0414 -0.167203 -0.832787 -0.52774
-26.6649 69.2317 25.8872 -0.171412 -0.80138 -0.573069
-26.0836 69.8498 24.831 -0.153842 -0.828099 -0.539059
-25.7039 70.3706 23.9475 -0.11886 -0.840262 -0.528991
-25.4364 70.946 22.9676 -0.122061 -0.845561 -0.519713
-25.1034 71.4953 21.9917 -0.117873 -0.84306 -0.52472
-24.7919 72.3046 20.6662 -0.0893379 -0.839817 -0.53521
-24.6361 72.9094 19.6209 -0.0909527 -0.865685 -0.492257
-24.3125 73.5942 18.3148 -0.110797 -0.878031 -0.465601
-24.2064 74.021 17.486 -0.111433 -0.877625 -0.466216
-24.2513 74.4562 16.6532 -0.111372 -0.890092 -0.441721
-24.3705 74.8813 15.8046 -0.102088 -0.904995 -0.412277
-24.4746 75.1396 15.2386 -0.11902 -0.90909 -0.399237
-24.5862 75.3592 14.7718 -0.119016 -0.909091 -0.399235
