-43.7221 72.9434 18.1019 0.299158 -0.890615 -0.342316
-43.3561 73.3546 17.2537 0.306 -0.907168 -0.288808
-43.5323 73.64 16.1715 0.302018 -0.90793 -0.290598
-44.3018 73.3767 16.1423 0.327709 -0.8988 -0.291035
-44.4528 72.918 17.3825 0.335331 -0.898282 -0.283976
-44.4117 72.7345 18.0666 0.306365 -0.901768 -0.301607
-45.2998 72.3441 18.2944 0.370031 -0.884646 -0.282787
-45.063 72.0102 19.3658 0.298614 -0.885974 -0.354796
-44.0441 72.2558 19.6018 0.296798 -0.889315 -0.347894
-43.1461 72.8578 18.8425 0.306322 -0.886078 -0.347898
-42.7258 73.282 18.0946 0.29725 -0.898385 -0.323337
-42.5684 73.6946 17.0173 0.304919 -0.908459 -0.285879
-42.6782 73.9772 16.0058 0.294499 -0.914157 -0.278094
-42.9202 74.1609 15.0919 0.308244 -0.925622 -0.219568
-43.7867 74.0105 14.4 0.35057 -0.913855 -0.204866
-44.5899 73.5759 14.9932 0.343028 -0.918371 -0.197297
-45.1896 73.0791 15.9928 0.383113 -0.883194 -0.270542
-45.3314 72.7494 16.868 0.372599 -0.889129 -0.26542
-45.3482 72.4885 17.7339 0.367588 -0.892405 -0.261711
-46.2297 72.1532 17.639 0.365131 -0.892419 -0.26505
-46.1277 71.9197 18.5043 0.372466 -0.876888 -0.303869
-45.9354 71.6929 19.3815 0.404704 -0.856608 -0.320057
-45.5354 71.3365 20.5958 0.303083 -0.878274 -0.369832
-44.6813 71.4225 21.0888 0.311852 -0.872046 -0.377159
-43.6324 72.0616 20.4492 0.302807 -0.883659 -0.356802
-42.8782 72.5372 19.8941 0.306647 -0.885755 -0.348432
-42.2622 72.99 19.2615 0.280311 -0.896762 -0.34241
-41.8277 73.5151 18.2328 0.279169 -0.898785 -0.33801
-41.734 73.9074 17.2004 0.260997 -0.91726 -0.299291
-41.7497 74.219 16.1673 0.28534 -0.916412 -0.280661
-42.0689 74.4898 14.8565 0.270377 -0.932453 -0.23953
-42.287 74.6586 13.8779 0.309571 -0.926496 -0.213877
-43.0931 74.5795 13.0271 0.318668 -0.921405 -0.221856
-44.0982 74.1268 13.4188 0.341855 -0.915222 -0.213078
-44.9898 73.6317 14.0681 0.344558 -0.912362 -0.221077
-45.6829 73.1651 14.8841 0.382387 -0.897716 -0.218827
-46.1773 72.6266 16.1139 0.36208 -0.895066 -0.260297
-46.2429 72.2181 17.4053 0.362677 -0.892434 -0.268379
-47.1115 71.804 17.46 0.448382 -0.852038 -0.270159
-47.1367 72.086 16.5172 0.447977 -0.861182 -0.239164
-46.8069 72.5981 15.112 0.415242 -0.884218 -0.213807
-46.3687 73.0039 14.2632 0.408009 -0.888761 -0.208777
-45.7169 73.4745 13.4636 0.398374 -0.895855 -0.196831
-44.9329 73.933 12.8376 0.362488 -0.908373 -0.208472
-44.0597 74.3919 12.3104 0.335114 -0.918757 -0.208767
-43.2569 74.7625 11.9683 0.335125 -0.91875 -0.208783
-41.9549 75.2018 12.1496 0.322762 -0.921629 -0.214759
-41.5079 75.0615 13.3061 0.309645 -0.921859 -0.233015
-41.3078 74.874 14.2081 0.281213 -0.927535 -0.245615
-41.0676 74.676 15.2415 0.267873 -0.931432 -0.24633
-40.8542 74.4854 16.1799 0.23452 -0.929878 -0.281338
-40.7945 74.2072 17.0341 0.236647 -0.918111 -0.317917
-40.8834 73.7551 18.262 0.237599 -0.91545 -0.324804
-41.1925 73.2531 19.3372 0.219803 -0.885267 -0.409853
-42.0367 72.5629 20.4027 0.216715 -0.891293 -0.398286
-43.0698 71.9061 21.1885 0.243933 -0.874502 -0.419204
-43.9664 71.3826 21.7679 0.274044 -0.875248 -0.396569
-44.6458 70.9542 22.1813 0.314911 -0.863211 -0.394586
-45.557 70.4551 22.5429 0.317435 -0.862183 -0.394812
-46.0355 70.5859 21.8333 0.335554 -0.859242 -0.385654
-46.3872 70.928 20.8185 0.368756 -0.84618 -0.382697
-46.6861 71.1983 19.7576 0.40458 -0.856916 -0.319389
-46.9718 71.5017 18.5839 0.40484 -0.856296 -0.32072
-47.0915 71.7057 17.803 0.448766 -0.851239 -0.272024
-47.9094 71.1965 18.0429 0.449149 -0.850444 -0.273881
-47.9852 71.4452 17.1416 0.451104 -0.852395 -0.26436
-48.0179 71.7398 16.1125 0.44978 -0.85429 -0.260507
-47.7194 72.1733 15 0.441996 -0.86965 -0.219884
-47.1045 72.7924 13.7038 0.414256 -0.885487 -0.210484
-46.2316 73.4379 12.6249 0.390847 -0.897379 -0.204816
-45.4216 73.9163 12.0097 0.373109 -0.907357 -0.193626
-44.1187 74.585 11.2908 0.357424 -0.916388 -0.180224
-43.2202 74.9966 10.9461 0.346484 -0.919075 -0.187751
-42.3347 75.3547 10.7966 0.336675 -0.922363 -0.189465
-41.3243 75.6361 11.2218 0.335975 -0.921204 -0.196107
-40.9367 75.5621 12.0758 0.309592 -0.922934 -0.22878
-40.616 75.4276 13.0214 0.297097 -0.921925 -0.248363
-40.4251 75.1907 14.0879 0.28671 -0.918211 -0.272574
-40.2338 74.9856 14.9524 0.270565 -0.925662 -0.264472
-40.0417 74.7776 15.8769 0.257342 -0.931418 -0.256847
-39.9076 74.4916 16.8343 0.212381 -0.924804 -0.315645
-39.8963 74.189 17.7284 0.198457 -0.921617 -0.332776
-39.9897 73.8339 18.6156 0.182705 -0.919686 -0.347557
-40.275 73.3538 19.6168 0.212863 -0.881713 -0.420811
-40.7794 72.8307 20.4571 0.190517 -0.885535 -0.423712
-41.5759 72.2978 21.2107 0.18806 -0.885646 -0.424565
-42.2446 71.8699 21.7473 0.242538 -0.873078 -0.422979
-43.3464 71.2356 22.4512 0.240965 -0.883573 -0.40154
-44.2036 70.761 22.9432 0.308904 -0.867154 -0.390515
-44.8778 70.3373 23.3688 0.307723 -0.871968 -0.380761
-45.5929 69.8906 23.7876 0.328082 -0.862835 -0.38447
-46.3019 69.6509 23.6912 0.356455 -0.849895 -0.38788
-46.7011 69.9011 22.8079 0.370038 -0.84542 -0.384541
-46.958 70.2577 21.7452 0.389925 -0.842691 -0.371178
-47.2212 70.5094 20.8656 0.401757 -0.84114 -0.362043
-47.5965 70.8571 19.5338 0.421039 -0.852562 -0.308649
-47.896 71.1724 18.1398 0.448246 -0.851085 -0.273364
-47.9044 71.1862 18.0832 0.449147 -0.850444 -0.273883
-48.7545 70.7342 18.0953 0.4536 -0.849298 -0.270072
-48.5238 70.4955 19.1844 0.441085 -0.845774 -0.300169
-48.2728 70.3029 20.1 0.439459 -0.845643 -0.302891
-48.047 70.0657 21.0147 0.391489 -0.846658 -0.360388
-47.7327 69.7733 22.031 0.389926 -0.842689 -0.37118
-47.5209 69.4436 23.0005 0.385244 -0.845721 -0.369245
-47.3258 69.1277 23.9053 0.360215 -0.852856 -0.377981
-47.0418 68.7839 24.9461 0.358537 -0.848197 -0.389739
-46.255 68.8607 25.4822 0.335529 -0.853896 -0.397286
-45.1135 69.7 24.5837 0.318464 -0.857429 -0.404223
-44.0691 70.3513 23.9547 0.267138 -0.876307 -0.399835
-42.9875 70.9455 23.286 0.233502 -0.885867 -0.400895
-42.081 71.4479 22.7241 0.24038 -0.878297 -0.413294
-41.2225 71.9335 22.1314 0.186205 -0.887073 -0.422409
-40.4627 72.4093 21.4749 0.185475 -0.884249 -0.428579
-39.8143 72.9086 20.734 0.191102 -0.879425 -0.435985
-39.4123 73.3536 20.0082 0.175589 -0.8883 -0.423868
-39.1167 73.8164 19.1208 0.170819 -0.907898 -0.380979
-38.9629 74.2253 18.1252 0.18453 -0.918429 -0.34991
-38.9518 74.576 17.1913 0.152248 -0.932216 -0.327831
-39.0824 74.9009 16.0988 0.179499 -0.938285 -0.295638
-39.304 75.2285 15.0533 0.222764 -0.925936 -0.299211
-39.5008 75.4626 14.1003 0.273837 -0.917792 -0.287525
-39.7218 75.6815 13.1407 0.278761 -0.93201 -0.230832
-40.0318 75.8856 11.9133 0.262979 -0.938926 -0.221946
-40.3924 76.0258 10.8318 0.292901 -0.933186 -0.208261
-41.0429 75.9657 10.1241 0.33796 -0.921699 -0.190406
-42.1658 75.6117 9.78153 0.338523 -0.930489 -0.138848
-43.0791 75.2432 9.9171 0.352959 -0.923797 -0.148357
-43.9993 74.8345 10.2119 0.366553 -0.917171 -0.15632
-45.0409 74.3375 10.6853 0.36468 -0.917656 -0.157828
-45.9533 73.8725 11.1802 0.386841 -0.910056 -0.148839
-46.7733 73.3869 11.8207 0.391442 -0.896622 -0.206984
-47.482 72.8691 12.5836 0.446982 -0.874336 -0.189059
-48.0791 72.3483 13.5868 0.443288 -0.872664 -0.204163
-48.508 71.8883 14.5426 0.447596 -0.865819 -0.223508
-48.7871 71.5169 15.4265 0.457067 -0.86308 -0.214901
-48.8959 71.1831 16.4258 0.455603 -0.849827 -0.264993
-48.8495 70.9192 17.3542 0.454248 -0.84994 -0.266929
-48.8018 70.8146 17.7634 0.453601 -0.849299 -0.270068
-49.7044 70.4113 17.5155 0.453525 -0.849358 -0.270013
-49.4668 70.1333 18.7894 0.453448 -0.849417 -0.269956
-49.1915 69.9293 19.8038 0.449305 -0.8437 -0.293761
-48.9187 69.6407 21.003 0.43728 -0.846032 -0.304986
-48.5012 69.2536 22.3954 0.406315 -0.842355 -0.354005
-48.2971 68.9316 23.3816 0.390109 -0.846045 -0.363048
-48.1015 68.6301 24.2657 0.37494 -0.847708 -0.375248
-47.9155 68.3339 25.1205 0.368642 -0.849375 -0.377647
-47.631 67.8719 26.3583 0.337992 -0.853526 -0.396554
-47.3578 67.5943 27.1806 0.337091 -0.851961 -0.400664
-46.6018 68.0378 26.8463 0.320223 -0.851157 -0.415883
-45.7446 68.6765 26.2317 0.312085 -0.846311 -0.431496
-44.8652 69.3423 25.5287 0.296965 -0.861189 -0.411919
-44.0408 69.8595 25.0126 0.281052 -0.861741 -0.422388
-43.1081 70.3979 24.432 0.244887 -0.885835 -0.394115
-42.2162 70.8744 23.8827 0.22362 -0.88735 -0.403208
-41.2494 71.3851 23.2684 0.192784 -0.890299 -0.41252
-40.453 71.834 22.6712 0.184334 -0.885738 -0.426016
-39.7212 72.2632 22.0902 0.181764 -0.886955 -0.424586
-39.061 72.7714 21.335 0.198477 -0.87689 -0.437715
-38.4569 73.4321 20.2152 0.174318 -0.899113 -0.401277
-38.2027 73.8314 19.4431 0.135188 -0.91282 -0.385335
-38.0613 74.2562 18.438 0.146933 -0.926123 -0.347429
-38.0148 74.7249 17.2031 0.152248 -0.932216 -0.32783
-38.1653 75.1129 15.9449 0.136733 -0.938631 -0.316243
-38.3994 75.4413 14.8869 0.154324 -0.934646 -0.320344
-38.6583 75.7688 13.6415 0.184652 -0.94453 -0.271584
-38.9047 75.9979 12.6475 0.210689 -0.94813 -0.238033
-39.1517 76.1825 11.6839 0.237859 -0.947229 -0.214883
-39.3992 76.3184 10.8042 0.240082 -0.946888 -0.213926
-39.7892 76.4063 9.95943 0.274505 -0.940366 -0.200893
-40.4651 76.3006 9.32722 0.350162 -0.931914 -0.0944633
-41.3211 76.0237 8.92608 0.324688 -0.935687 -0.135765
-42.2192 75.7422 8.78774 0.320785 -0.933774 -0.158628
-43.3014 75.3019 8.97518 0.356946 -0.924705 -0.132324
-44.0989 74.9587 9.22227 0.366505 -0.921294 -0.129538
-45.2883 74.3992 9.76649 0.378775 -0.911694 -0.158262
-46.1017 73.9779 10.15 0.390788 -0.907652 -0.153014
-46.8717 73.5465 10.6476 0.430184 -0.892625 -0.134767
-47.7349 72.995 11.3761 0.445176 -0.876964 -0.180949
-48.3138 72.5381 12.1475 0.457491 -0.870581 -0.180704
-49.0473 71.8698 13.5202 0.466455 -0.86604 -0.179796
-49.3937 71.476 14.3385 0.473221 -0.854671 -0.213541
-49.6499 71.113 15.2136 0.461485 -0.859209 -0.220736
-49.7699 70.794 16.171 0.460751 -0.852582 -0.245784
-49.7161 70.4313 17.4331 0.454248 -0.84994 -0.266929
-50.558 69.9095 17.6184 0.469814 -0.846154 -0.251592
-50.3941 69.7309 18.4846 0.460049 -0.84662 -0.26756
-50.1695 69.5654 19.3532 0.460009 -0.839683 -0.288381
-49.8997 69.3355 20.4199 0.447266 -0.8428 -0.299401
-49.6985 69.133 21.2803 0.436403 -0.836864 -0.329259
-49.2752 68.7406 22.7244 0.412856 -0.843953 -0.342312
-49.033 68.3729 23.9044 0.391545 -0.851977 -0.347603
-48.8609 68.0606 24.7936 0.375409 -0.847641 -0.37493
-48.6932 67.7429 25.6758 0.373589 -0.846897 -0.378413
-48.4919 67.4376 26.5578 0.371767 -0.848128 -0.377442
-48.3007 67.0052 27.6287 0.344369 -0.847345 -0.404248
-47.8451 66.7476 28.5394 0.338607 -0.844602 -0.414694
-46.7182 67.3125 28.2741 0.322568 -0.853379 -0.409506
-46.1489 67.7813 27.7363 0.31245 -0.859944 -0.40345
-45.3947 68.3718 27.084 0.311186 -0.84724 -0.43052
-44.7686 68.8489 26.605 0.315344 -0.848517 -0.424888
-44.0758 69.3144 26.1308 0.278294 -0.870855 -0.405171
-43.3014 69.7831 25.6492 0.236165 -0.875006 -0.422187
-42.5501 70.21 25.1767 0.204036 -0.880263 -0.427861
-41.7332 70.6268 24.6502 0.190412 -0.886746 -0.421137
-40.7243 71.1464 24.0288 0.192781 -0.890295 -0.412528
-39.7197 71.6799 23.2851 0.139755 -0.892273 -0.429317
-38.855 72.1654 22.5849 0.138689 -0.879125 -0.455965
-38.2427 72.6952 21.8375 0.182017 -0.862046 -0.473018
-37.8243 73.1495 21.1632 0.194235 -0.889044 -0.413502
-37.4048 73.6245 20.1566 0.0955067 -0.910479 -0.40203
-37.1762 74.0746 19.2088 0.109199 -0.910486 -0.398863
-37.092 74.5681 18.0253 0.158257 -0.923233 -0.350137
-37.109 74.9159 17.0444 0.142581 -0.944743 -0.29518
-37.2021 75.1918 16.1273 0.136734 -0.938627 -0.316253
-37.491 75.6455 14.7287 0.146749 -0.933898 -0.325901
-37.7175 75.9543 13.6265 0.160278 -0.94576 -0.282018
-37.9556 76.1915 12.6437 0.17404 -0.946206 -0.272763
-38.2205 76.434 11.5962 0.229532 -0.944457 -0.234362
-38.473 76.6014 10.5854 0.229505 -0.949794 -0.212519
-38.8489 76.725 9.64181 0.241939 -0.944914 -0.220461
-39.5458 76.6864 8.8023 0.317775 -0.93505 -0.157161
-40.3418 76.4697 8.30001 0.349382 -0.928551 -0.125397
-41.3942 76.1673 7.87262 0.304082 -0.940866 -0.149346
-42.896 75.6291 7.85572 0.366365 -0.91976 -0.140779
-43.8727 75.1993 8.15167 0.366505 -0.921294 -0.129538
-44.6963 74.8211 8.44642 0.373932 -0.918944 -0.125334
-45.6671 74.3493 8.87053 0.396531 -0.911396 -0.110096
-46.5851 73.866 9.32569 0.434768 -0.893854 -0.109494
-47.4051 73.4133 9.80071 0.428459 -0.896885 -0.109569
-48.1919 72.929 10.4557 0.455177 -0.880961 -0.128588
-48.8121 72.4541 11.2485 0.467808 -0.865635 -0.178414
-49.2689 72.0785 11.9283 0.459123 -0.871043 -0.174577
-49.6464 71.7171 12.6831 0.473372 -0.86195 -0.18155
-50.0601 71.282 13.6248 0.494495 -0.846457 -0.196455
-50.3671 70.9096 14.4111 0.484037 -0.848713 -0.21306
-50.6125 70.4996 15.477 0.483119 -0.845946 -0.225743
-50.6322 70.2437 16.3814 0.479485 -0.842409 -0.245199
-50.6158 70.0442 17.0574 0.469815 -0.846154 -0.251591
-51.462 69.6287 16.8722 0.479435 -0.842605 -0.245031
-51.5102 69.8778 15.8718 0.48401 -0.844681 -0.228578
-51.4125 70.2281 14.7279 0.493376 -0.84579 -0.20296
-51.0675 70.6702 13.6687 0.499672 -0.8475 -0.178975
-50.6986 71.0644 12.8628 0.50691 -0.841563 -0.186584
-50.3664 71.4353 12.0667 0.490424 -0.855917 -0.163433
-49.9182 71.8416 11.2368 0.501059 -0.85068 -0.159008
-49.2924 72.3691 10.2826 0.477091 -0.870036 -0.123417
-48.6803 72.8028 9.53455 0.467337 -0.87478 -0.127891
-47.6556 73.4188 8.79835 0.424738 -0.89836 -0.112012
-46.6079 73.9924 8.25983 0.430111 -0.891981 -0.139192
-45.8513 74.3984 7.91749 0.403609 -0.904738 -0.135877
-44.9679 74.845 7.53393 0.383969 -0.912774 -0.138555
-43.8289 75.3674 7.12907 0.373007 -0.917371 -0.138907
-42.8067 75.8183 6.87435 0.370332 -0.91824 -0.140319
-41.7986 76.2132 6.82746 0.329015 -0.932187 -0.148327
-40.7 76.5295 7.10767 0.314576 -0.934258 -0.16794
-39.8137 76.7763 7.50137 0.341806 -0.928498 -0.143756
-38.8803 77.0264 8.11083 0.298271 -0.940242 -0.156935
-38.0632 77.0619 9.03785 0.246787 -0.950551 -0.188449
-37.6574 76.9324 9.98392 0.219832 -0.946556 -0.236022
-37.4399 76.784 10.8454 0.169489 -0.954264 -0.246279
-37.1523 76.4939 12.1018 0.165733 -0.948871 -0.268657
-36.8298 76.1672 13.3849 0.146647 -0.944681 -0.293381
-36.6203 75.9117 14.3102 0.138645 -0.940467 -0.309842
-36.3806 75.606 15.2891 0.131694 -0.935828 -0.326917
-36.2138 75.2594 16.36 0.137312 -0.94196 -0.30601
-36.1489 74.9365 17.4348 0.0953369 -0.936945 -0.331546
-36.1242 74.4394 18.5633 0.0684144 -0.909028 -0.411081
-36.1954 74.0898 19.3933 0.0519572 -0.920978 -0.38565
-36.4175 73.6888 20.2639 0.075965 -0.906839 -0.413617
-36.7509 73.2248 21.1536 0.0426873 -0.869602 -0.491905
-37.3073 72.6659 22.1264 0.0296922 -0.880213 -0.473649
-37.8028 72.2107 22.827 0.127077 -0.860964 -0.492536
-38.6105 71.6808 23.644 0.155323 -0.89382 -0.420667
-39.607 71.179 24.3604 0.141621 -0.892178 -0.428905
-40.3219 70.8381 24.8355 0.156927 -0.887983 -0.431953
-41.0428 70.4705 25.2915 0.190412 -0.886746 -0.421137
-42.1355 69.9178 25.9754 0.204026 -0.880267 -0.427859
-43.0321 69.402 26.5493 0.230394 -0.868839 -0.43814
-43.7467 68.97 27.0079 0.238048 -0.862823 -0.445948
-44.4821 68.4621 27.527 0.274049 -0.843454 -0.462041
-45.2504 67.8889 28.1583 0.283891 -0.858708 -0.426645
-45.9355 67.3235 28.8673 0.299724 -0.861455 -0.409255
-46.6299 66.7265 29.5684 0.324866 -0.854281 -0.405757
-47.7022 66.2361 29.7265 0.334532 -0.850954 -0.404903
-48.4868 66.1699 29.2094 0.338527 -0.849341 -0.404993
-49.1724 66.5132 27.9167 0.340653 -0.846533 -0.409035
-49.3126 66.8802 27.0031 0.365678 -0.846728 -0.38634
-49.5521 67.286 25.8581 0.377009 -0.849288 -0.369425
-49.728 67.6777 24.779 0.38557 -0.842594 -0.375993
-49.8918 67.9688 23.9144 0.400829 -0.849134 -0.343957
-50.0759 68.2332 23.0358 0.408178 -0.849452 -0.334398
-50.3424 68.5326 21.9502 0.412856 -0.843954 -0.34231
-50.6169 68.7814 20.8901 0.438919 -0.843238 -0.310322
-50.9097 69.0168 19.7458 0.458496 -0.846043 -0.272016
-51.1686 69.2053 18.7527 0.474073 -0.834963 -0.279424
-51.3779 69.3822 17.8569 0.471388 -0.845199 -0.251857
-51.4575 69.5473 17.1539 0.471387 -0.8452 -0.251856
-52.3132 69.0685 17.1059 0.487484 -0.84001 -0.238209
-52.1354 68.846 18.1545 0.485097 -0.828393 -0.280082
-51.9046 68.6728 19.0915 0.47692 -0.83743 -0.266944
-51.6708 68.5025 20.0465 0.477427 -0.837448 -0.265979
-51.2922 68.2097 21.4757 0.444789 -0.837449 -0.317558
-50.9911 67.8952 22.708 0.439659 -0.836046 -0.328217
-50.7575 67.5984 23.7598 0.447695 -0.827102 -0.339801
-50.5238 67.1636 25.1144 0.43886 -0.832765 -0.33731
-50.4035 66.8158 26.027 0.404774 -0.835357 -0.371936
-50.1841 66.442 27.1027 0.407281 -0.831739 -0.377221
-50.023 66.1162 27.9715 0.367551 -0.838902 -0.401434
-49.7264 65.7593 28.9886 0.365877 -0.841087 -0.398357
-49.1346 65.6024 29.857 0.34896 -0.845345 -0.404353
-48.3718 65.6633 30.3665 0.33831 -0.848685 -0.406547
-47.3637 65.8632 30.7829 0.331932 -0.850626 -0.407746
-46.4632 66.1923 30.8265 0.324866 -0.854282 -0.405756
-45.6861 66.8475 30.0382 0.276311 -0.861905 -0.425156
-45.1279 67.3263 29.4092 0.277223 -0.86952 -0.408757
-44.5071 67.8516 28.728 0.27945 -0.86111 -0.424698
-43.5963 68.4858 28.025 0.254946 -0.863017 -0.435476
-42.9365 68.9028 27.5582 0.223746 -0.862573 -0.453769
-41.9571 69.4784 26.9291 0.197094 -0.873778 -0.444194
-41.1236 69.9246 26.3826 0.177412 -0.881481 -0.437556
-40.4088 70.2872 25.9242 0.170978 -0.886381 -0.430227
-39.4714 70.7133 25.3474 0.104924 -0.885454 -0.452727
-38.4198 71.1728 24.6636 0.0930634 -0.876807 -0.471026
-37.7438 71.5627 24.1197 0.0683222 -0.871138 -0.484946
-37.0838 71.9802 23.4045 0.0349708 -0.875848 -0.481319
-36.5449 72.3957 22.6976 0.0472885 -0.886784 -0.459758
-36.1333 72.7859 21.9872 0.0501359 -0.869883 -0.489478
-35.7608 73.2569 21.2148 0.0679303 -0.868544 -0.490935
-35.4699 73.6674 20.4214 0.0402288 -0.902322 -0.428738
-35.2728 74.0401 19.6004 0.0296141 -0.916711 -0.398294
-35.1415 74.5158 18.5501 0.057271 -0.909619 -0.411425
-35.1824 74.97 17.4986 0.0565575 -0.927086 -0.370558
-35.2353 75.3168 16.6228 0.095338 -0.936941 -0.331556
-35.3305 75.5838 15.7566 0.117407 -0.940503 -0.318419
-35.5662 75.9561 14.6018 0.127903 -0.937283 -0.324254
-35.7915 76.2107 13.7391 0.12527 -0.946856 -0.295972
-36.1373 76.5939 12.3584 0.141801 -0.942395 -0.302958
-36.3477 76.8021 11.5062 0.162257 -0.949783 -0.267546
-36.5724 77.0381 10.4748 0.17996 -0.951614 -0.24909
-36.8128 77.232 9.6046 0.180877 -0.946848 -0.266011
-37.2656 77.3655 8.54369 0.250533 -0.950733 -0.182591
-37.8575 77.3615 7.75634 0.248574 -0.952341 -0.176606
-38.6636 77.2583 7.13313 0.298265 -0.940244 -0.156935
-39.4911 77.0516 6.64311 0.323928 -0.929872 -0.174381
-40.7213 76.7106 6.08111 0.324424 -0.928787 -0.178782
-41.8814 76.3347 5.85883 0.352739 -0.923793 -0.148937
-43.0724 75.8577 5.95108 0.363318 -0.918616 -0.155388
-44.2161 75.3464 6.23 0.376338 -0.914883 -0.145942
-45.0706 74.9513 6.54392 0.391395 -0.910003 -0.135234
-45.9 74.5214 6.90788 0.410345 -0.902531 -0.130595
-46.8171 74.0432 7.28825 0.437724 -0.888484 -0.137556
-47.6846 73.5417 7.71094 0.434875 -0.891695 -0.1244
-48.5774 73.0533 8.18434 0.437568 -0.892243 -0.111522
-49.4801 72.46 8.96506 0.473378 -0.869382 -0.141019
-50.1638 71.9199 9.96582 0.495336 -0.858753 -0.130476
-50.622 71.5374 10.6464 0.497431 -0.853569 -0.154737
-51.1524 71.0669 11.6608 0.478792 -0.865033 -0.149924
-51.5536 70.6043 12.6413 0.493724 -0.849579 -0.185298
-51.992 70.1642 13.5308 0.486767 -0.85363 -0.185402
-52.2979 69.7289 14.6725 0.490674 -0.84824 -0.199319
-52.3973 69.3467 15.9425 0.487982 -0.840766 -0.234491
-52.3209 69.1013 16.9742 0.487481 -0.840011 -0.238211
-53.1292 68.5886 17.1026 0.481099 -0.839525 -0.252472
-52.874 68.2926 18.558 0.478527 -0.837886 -0.262519
-52.6259 68.1245 19.526 0.47473 -0.838054 -0.268874
-52.3931 67.9633 20.4059 0.491228 -0.825726 -0.277259
-52.0272 67.682 21.7878 0.473056 -0.823782 -0.312411
-51.7759 67.4171 22.8526 0.446159 -0.828975 -0.337257
-51.558 67.1032 23.9303 0.426906 -0.84318 -0.326668
-51.356 66.6834 25.2478 0.426702 -0.835403 -0.346127
-51.2511 66.3204 26.2094 0.415518 -0.836598 -0.356885
-51.0482 65.9356 27.2735 0.410052 -0.82845 -0.381481
-50.8511 65.5844 28.2411 0.399461 -0.837561 -0.37225
-50.6053 65.2781 29.195 0.377867 -0.839757 -0.389903
-50.0408 65.0365 30.2312 0.357111 -0.846417 -0.394914
-49.1064 65.0983 30.944 0.341116 -0.851894 -0.397282
-47.9088 65.3085 31.4926 0.335434 -0.851693 -0.40258
-46.7383 65.5155 32.0179 0.332041 -0.85071 -0.407483
-46.02 65.8764 31.7988 0.292082 -0.859215 -0.420046
-45.4242 66.3602 31.1947 0.281561 -0.863694 -0.417946
-44.727 66.9885 30.3682 0.271707 -0.864976 -0.421879
-44.2037 67.4275 29.7812 0.228798 -0.874215 -0.428252
-43.4779 67.9567 29.1073 0.237446 -0.869174 -0.43377
-42.4514 68.6276 28.3384 0.227247 -0.866958 -0.443557
-41.438 69.2228 27.6632 0.197045 -0.878814 -0.434534
-40.7155 69.6067 27.1807 0.130715 -0.887249 -0.442383
-39.7414 70.0765 26.5417 0.12051 -0.884062 -0.451219
-38.7705 70.4784 25.9696 0.104866 -0.888206 -0.447315
-38.0154 70.7786 25.5179 0.0867485 -0.890687 -0.446264
-37.0004 71.2935 24.6702 0.0486383 -0.882701 -0.467411
-35.9881 71.9532 23.5585 0.0299105 -0.863556 -0.503366
-35.2923 72.5426 22.5428 0.0469365 -0.886945 -0.459485
-34.9088 73.0161 21.735 0.0117012 -0.872467 -0.485148
-34.6376 73.4362 20.8812 -0.0268354 -0.894488 -0.446286
-34.3267 74.012 19.7102 0.0354132 -0.908613 -0.415261
-34.167 74.5836 18.524 0.0590327 -0.9062 -0.418631
-34.2054 75.0055 17.5762 0.0625759 -0.922033 -0.381917
-34.257 75.3469 16.7186 0.063499 -0.932127 -0.356521
-34.3954 75.7544 15.6061 0.0944042 -0.93876 -0.331388
-34.677 76.1685 14.3218 0.141306 -0.938051 -0.316375
-34.9837 76.5228 13.1349 0.146469 -0.939457 -0.309656
-35.3086 76.8465 11.9649 0.153606 -0.939186 -0.307091
-35.5115 77.0619 11.0885 0.176665 -0.947283 -0.26729
-35.8292 77.4125 9.64204 0.187476 -0.944133 -0.271046
-36.1361 77.6014 8.72685 0.192418 -0.955309 -0.22441
-36.708 77.6939 7.67243 0.261229 -0.943269 -0.204495
-37.3194 77.6793 7.0042 0.260382 -0.940624 -0.217779
-38.4721 77.5046 6.179 0.312194 -0.929625 -0.194179
-39.45 77.2544 5.66177 0.338445 -0.923559 -0.180059
-40.2603 77.0395 5.26827 0.33473 -0.923826 -0.185744
-41.4103 76.6716 4.93861 0.362706 -0.915453 -0.174326
-42.2869 76.3396 4.90737 0.355355 -0.922029 -0.153482
-43.4448 75.8651 5.03637 0.361793 -0.919503 -0.153665
-44.3798 75.4378 5.24804 0.391527 -0.91097 -0.129773
-45.5376 74.8629 5.69196 0.409534 -0.904463 -0.118627
-46.3567 74.4375 6.05751 0.424037 -0.897175 -0.122363
-47.3088 73.9179 6.46966 0.442314 -0.888515 -0.121649
-48.1421 73.4391 6.86512 0.448208 -0.884447 -0.129848
-49.027 72.942 7.31601 0.448179 -0.88638 -0.115305
-49.7838 72.4638 7.85186 0.466097 -0.875088 -0.130289
-50.3128 72.0826 8.47612 0.478801 -0.864567 -0.152543
-50.865 71.6176 9.38361 0.479216 -0.863533 -0.15697
-51.2924 71.2509 10.1047 0.484064 -0.863288 -0.142868
-51.7897 70.8266 10.9989 0.484664 -0.863276 -0.140901
-52.1502 70.4535 11.7717 0.497276 -0.845483 -0.194616
-52.5938 70.0059 12.6464 0.49543 -0.850783 -0.17516
-52.98 69.5864 13.5592 0.499442 -0.845961 -0.186703
-53.186 69.2108 14.6664 0.499729 -0.842347 -0.201656
-53.2558 68.9399 15.58 0.498339 -0.835833 -0.230307
-53.1676 68.6697 16.7597 0.488509 -0.838827 -0.239817
-53.9859 68.1505 16.8887 0.493716 -0.839267 -0.227749
-53.7916 67.8844 18.172 0.468092 -0.846706 -0.252939
-53.4143 67.6094 19.7372 0.469186 -0.840335 -0.27148
-53.1143 67.4231 20.8237 0.462699 -0.839967 -0.283488
-52.7428 67.1252 22.2327 0.447106 -0.839383 -0.309083
-52.4826 66.8133 23.4442 0.448663 -0.836629 -0.314251
-52.3036 66.4429 24.6383 0.431293 -0.836217 -0.338715
-52.144 66.0736 25.7498 0.43149 -0.835413 -0.340444
-51.9576 65.618 26.9951 0.408452 -0.827823 -0.384546
-51.7616 65.2299 28.0758 0.400742 -0.844613 -0.355014
-51.5531 64.909 29.0715 0.384442 -0.843664 -0.374345
-51.2247 64.6105 30.0333 0.37754 -0.840107 -0.389465
-50.4732 64.489 31.0392 0.366982 -0.846464 -0.385562
-49.1528 64.6477 31.8695 0.343394 -0.84998 -0.399449
-47.9637 64.8489 32.4269 0.331909 -0.853797 -0.401081
-46.7072 65.0098 33.1178 0.304689 -0.863824 -0.400179
-45.8389 65.2548 33.1854 0.283575 -0.864236 -0.415341
-45.0907 65.9374 32.3118 0.274667 -0.862789 -0.424415
-44.5224 66.4634 31.5871 0.276842 -0.868613 -0.410938
-43.7429 67.1239 30.6645 0.23537 -0.88517 -0.401341
-43.1004 67.597 30.0347 0.239694 -0.869113 -0.432648
-42.4071 68.0741 29.4626 0.241556 -0.869215 -0.431412
-41.7657 68.4884 28.9753 0.183721 -0.877771 -0.442335
-40.5531 69.1509 28.1762 0.180189 -0.87406 -0.451166
-39.7855 69.5381 27.621 0.120768 -0.895276 -0.428043
-39.057 69.8413 27.1695 0.105689 -0.889854 -0.443825
-38.211 70.172 26.705 0.0849969 -0.894833 -0.438234
-37.4381 70.478 26.2302 0.0858737 -0.892759 -0.442251
-36.432 70.9108 25.4521 0.0422373 -0.889873 -0.453949
-35.8678 71.2694 24.7802 0.0171772 -0.881883 -0.470977
-35.0271 71.806 23.8681 0.00323022 -0.868917 -0.494112
-34.5662 72.1809 23.1699 -0.0191323 -0.865544 -0.500139
-34.0937 72.7918 22.1535 0.00556724 -0.874616 -0.48272
-33.8089 73.2007 21.3324 0.0200256 -0.891298 -0.452685
-33.5451 73.6819 20.4307 0.0321838 -0.885033 -0.464414
-33.2296 74.2965 19.2497 0.0503206 -0.89936 -0.434304
-33.1871 74.7155 18.3946 0.0589211 -0.900919 -0.429829
-33.2841 75.2753 17.0684 0.0527435 -0.920856 -0.386318
-33.3843 75.6082 16.2227 0.0678367 -0.927495 -0.367628
-33.629 76.1424 14.7581 0.100742 -0.932794 -0.346044
-33.822 76.4306 13.9254 0.113543 -0.936209 -0.332017
-34.163 76.8153 12.6359 0.146463 -0.939455 -0.309665
-34.409 77.0802 11.7118 0.155734 -0.937303 -0.311785
-34.6272 77.3178 10.772 0.182832 -0.942697 -0.279095
-34.8917 77.6277 9.53517 0.184331 -0.94436 -0.272409
-35.2561 77.8747 8.34761 0.210155 -0.948001 -0.239018
-35.7836 78.0025 7.39152 0.222489 -0.946447 -0.233153
-36.5455 78.0113 6.48045 0.253522 -0.943524 -0.213282
-37.4469 77.906 5.74248 0.267396 -0.947785 -0.173791
-38.2512 77.767 5.26278 0.268615 -0.948228 -0.169379
-39.2718 77.4879 4.76184 0.33364 -0.926098 -0.17592
-40.6294 77.1334 4.10822 0.337631 -0.930262 -0.142404
-41.8356 76.6801 3.93151 0.368798 -0.917375 -0.149705
-42.6736 76.3351 3.96167 0.363992 -0.920756 -0.140422
-43.9038 75.8014 4.13742 0.392333 -0.910434 -0.131091
-45.0893 75.2233 4.46593 0.422798 -0.898617 -0.117173
-45.9444 74.7782 4.8475 0.413691 -0.904363 -0.104693
-46.9538 74.2461 5.31248 0.435486 -0.891067 -0.12787
-47.9762 73.6838 5.74978 0.438415 -0.890179 -0.123891
-49.1318 73.0249 6.25794 0.443145 -0.888117 -0.121416
-50.1325 72.426 6.85792 0.462848 -0.877705 -0.123886
-50.7476 72.003 7.46302 0.472589 -0.871789 -0.129008
-51.2861 71.579 8.26482 0.480654 -0.865156 -0.143095
-51.8088 71.1168 9.24528 0.478483 -0.863179 -0.16117
-52.2925 70.6904 10.1026 0.477904 -0.864044 -0.158227
-52.8014 70.2165 11.0765 0.495358 -0.849263 -0.182241
-53.3616 69.651 12.2139 0.489132 -0.851228 -0.190161
-53.7348 69.234 13.1403 0.480887 -0.85613 -0.18918
-53.9693 68.8881 14.0786 0.496437 -0.843938 -0.203189
-54.0957 68.5434 15.1704 0.495462 -0.843217 -0.208574
-54.0879 68.291 16.1521 0.491521 -0.840405 -0.228315
-54.0667 68.227 16.4333 0.49152 -0.840404 -0.228319
-54.9122 67.7006 16.614 0.471721 -0.854615 -0.217052
-54.7703 67.5401 17.5192 0.46641 -0.847411 -0.253684
-54.5341 67.3098 18.7227 0.468109 -0.845962 -0.25537
-54.2484 67.1613 19.7203 0.448184 -0.855735 -0.258552
-53.9875 67.0308 20.6042 0.448396 -0.850711 -0.273813
-53.6995 66.7681 21.8175 0.449898 -0.840588 -0.301447
-53.4816 66.5485 22.7198 0.449393 -0.837082 -0.311992
-53.2689 66.2597 23.7913 0.450765 -0.833613 -0.319217
-53.1333 65.9226 24.8631 0.44348 -0.838453 -0.316605
-52.9794 65.614 25.8377 0.422224 -0.842498 -0.33455
-52.844 65.3004 26.7135 0.421912 -0.823548 -0.379156
-52.7047 64.9675 27.6274 0.410425 -0.840809 -0.352975
-52.5566 64.6782 28.4892 0.40763 -0.83938 -0.359453
-52.3543 64.3419 29.4816 0.403018 -0.834364 -0.375878
-52.0377 64.0806 30.375 0.395958 -0.834427 -0.383338
-51.5549 63.9191 31.2247 0.386938 -0.838555 -0.383417
-50.7169 63.9562 31.929 0.372512 -0.836166 -0.402567
-49.7781 64.1197 32.4517 0.359356 -0.843425 -0.399182
-48.8869 64.2781 32.8703 0.337361 -0.850411 -0.403719
-47.8726 64.4398 33.3749 0.330718 -0.859372 -0.389968
-46.9263 64.5211 34.0019 0.32482 -0.861871 -0.389401
-45.8338 64.7076 34.4606 0.273462 -0.885056 -0.376034
-44.9647 65.2357 33.8154 0.253312 -0.887441 -0.385073
-44.2615 65.9498 32.823 0.27467 -0.862789 -0.424414
-43.558 66.6143 31.8859 0.229983 -0.874651 -0.426725
-42.7136 67.2464 31.002 0.237357 -0.885025 -0.400491
-42.0391 67.7178 30.3948 0.225293 -0.88236 -0.412533
-40.9829 68.4079 29.4792 0.19384 -0.884227 -0.424662
-40.1703 68.8134 28.9784 0.157326 -0.874087 -0.459588
-39.4361 69.1449 28.5044 0.0965229 -0.896331 -0.432736
-38.4608 69.556 27.8877 0.105162 -0.891229 -0.441195
-37.6294 69.8672 27.4069 0.0469102 -0.893021 -0.447356
-36.8715 70.1587 26.9224 0.0473615 -0.88692 -0.459489
-35.9204 70.5526 26.2116 0.022742 -0.897821 -0.439651
-35.2456 70.9198 25.4666 -0.00167048 -0.897365 -0.441255
-34.6032 71.2952 24.7794 0.00357092 -0.873254 -0.487253
-33.8808 71.7921 23.8318 -0.0285973 -0.87195 -0.488759
-33.3861 72.3215 22.9188 -0.0133689 -0.847731 -0.530258
-33.0704 72.7949 22.1541 -0.0242195 -0.850129 -0.525882
-32.8316 73.2312 21.3426 0.0325172 -0.886414 -0.461749
-32.4595 73.8521 20.1911 0.036062 -0.881694 -0.470442
-32.2579 74.3051 19.3351 -0.00256314 -0.890028 -0.453791
-32.2178 74.7173 18.4739 0.0290973 -0.907377 -0.419117
-32.2832 75.1611 17.4769 0.0393454 -0.916638 -0.397387
-32.4181 75.546 16.5405 0.0526838 -0.921055 -0.385854
-32.554 75.946 15.5239 0.067961 -0.92735 -0.367973
-32.7241 76.3197 14.5508 0.0856618 -0.929811 -0.357323
-32.9741 76.674 13.5291 0.113541 -0.936208 -0.332021
-33.2821 77.0123 12.3654 0.112896 -0.946687 -0.301726
-33.5781 77.3893 11.1586 0.123813 -0.944982 -0.301346
-33.8081 77.6446 10.162 0.14399 -0.943885 -0.296246
-34.0916 77.9511 8.91718 0.174958 -0.948464 -0.264208
-34.4179 78.1643 7.93578 0.192551 -0.948235 -0.251607
-35.0579 78.2988 6.88118 0.222492 -0.946443 -0.233163
-35.7474 78.3349 5.98839 0.242822 -0.946469 -0.212277
-36.5109 78.2574 5.29006 0.28344 -0.938694 -0.196255
-37.3744 78.1159 4.69093 0.281616 -0.943246 -0.175232
-38.3548 77.9109 4.1482 0.32493 -0.934303 -0.146614
-39.6975 77.5485 3.50581 0.318181 -0.936628 -0.146592
-41.0182 77.1389 3.03497 0.349311 -0.931766 -0.0989612
-42.3915 76.6047 2.96223 0.383507 -0.917134 -0.108569
-43.2983 76.2066 3.06678 0.407127 -0.907541 -0.102936
-44.2226 75.7691 3.2375 0.409584 -0.906488 -0.102566
-45.4045 75.1824 3.57373 0.424001 -0.899442 -0.105953
-46.5766 74.5716 4.10433 0.417159 -0.902699 -0.105415
-47.499 74.0839 4.52382 0.438711 -0.891844 -0.110215
-48.4242 73.5766 4.88677 0.44443 -0.887764 -0.119822
-49.212 73.1341 5.21668 0.452718 -0.882621 -0.126565
-50.1257 72.597 5.6718 0.454971 -0.881643 -0.125327
-50.8231 72.1561 6.14167 0.474305 -0.87083 -0.129178
-51.6074 71.5975 7.02439 0.480369 -0.867876 -0.126633
-52.0668 71.2212 7.86191 0.475637 -0.868894 -0.13663
-52.4704 70.8639 8.62817 0.479413 -0.863058 -0.159039
-52.8942 70.4927 9.36553 0.483384 -0.861208 -0.156959
-53.3615 70.0848 10.1665 0.486181 -0.858075 -0.165073
-53.8107 69.6288 11.1481 0.496542 -0.850529 -0.173188
-54.2393 69.2067 11.9805 0.480368 -0.856404 -0.189259
-54.5826 68.8053 12.8897 0.484809 -0.850992 -0.201421
-54.8189 68.4084 14.0033 0.473257 -0.856563 -0.205732
-54.9449 68.1082 14.9282 0.471816 -0.855267 -0.21426
-54.9536 67.7975 16.1424 0.471721 -0.854615 -0.217052
-55.8243 67.3181 16.1261 0.483379 -0.848178 -0.216651
-55.6263 67.0605 17.5316 0.481642 -0.844971 -0.232279
-55.43 66.9046 18.4162 0.474173 -0.842134 -0.256847
-55.1746 66.7489 19.3929 0.468586 -0.844761 -0.258469
-54.8211 66.59 20.5546 0.468156 -0.845128 -0.258048
-54.5406 66.3208 21.8096 0.4499 -0.840587 -0.301447
-54.2248 66.0113 23.1293 0.41989 -0.855151 -0.303679
-54.0718 65.7268 24.0902 0.418492 -0.85023 -0.319332
-53.9175 65.4062 25.1443 0.432093 -0.839538 -0.329338
-53.7878 65.0997 26.1 0.426813 -0.834706 -0.34738
-53.6302 64.7304 27.1164 0.417457 -0.83402 -0.360602
-53.442 64.2707 28.4366 0.40763 -0.83938 -0.359452
-53.2797 63.962 29.316 0.410056 -0.83378 -0.369682
-53.05 63.6917 30.1673 0.407434 -0.830695 -0.379398
-52.6176 63.4458 31.1576 0.395699 -0.83223 -0.388313
-51.8306 63.3352 32.1832 0.384834 -0.832484 -0.398401
-51.0694 63.4362 32.6876 0.373575 -0.840926 -0.391516
-50.2577 63.6014 33.1067 0.373206 -0.840927 -0.391866
-49.1868 63.8017 33.6431 0.339603 -0.857001 -0.387582
-48.0407 63.9698 34.2733 0.338397 -0.857137 -0.388335
-46.9324 64.0627 34.9862 0.317533 -0.855718 -0.408558
-46.051 64.1736 35.4453 0.324082 -0.855424 -0.404006
-45.0846 64.4993 35.5022 0.26192 -0.874371 -0.40758
-44.3591 65.0491 34.6709 0.247637 -0.896077 -0.368405
-43.6328 65.747 33.6465 0.280272 -0.861748 -0.422892
-43.0841 66.2663 32.8544 0.230715 -0.875088 -0.425428
-42.441 66.8073 32.0923 0.229893 -0.874753 -0.426564
-41.651 67.3801 31.3041 0.200015 -0.884203 -0.422048
-40.8446 67.9144 30.5698 0.19384 -0.884227 -0.424661
-40.1787 68.3066 30.0305 0.169933 -0.894137 -0.414017
-39.4451 68.6473 29.5574 0.100801 -0.913654 -0.391065
-38.6509 68.9562 29.0584 0.0816352 -0.893634 -0.441309
-37.8513 69.2514 28.6012 0.0783625 -0.891218 -0.44669
-36.9974 69.5641 28.1007 0.0464631 -0.899124 -0.435221
-36.1734 69.8682 27.5335 0.000175719 -0.89849 -0.437442
-35.462 70.1551 27.0096 -0.000145002 -0.885288 -0.464895
-34.728 70.5334 26.2504 -0.00166964 -0.89737 -0.441245
-33.8609 70.9973 25.3187 0.00318481 -0.884727 -0.465446
-33.2175 71.4056 24.4941 -0.00637432 -0.893772 -0.44847
-32.7826 71.7881 23.8026 -0.0210653 -0.865337 -0.500748
-32.2779 72.4336 22.6913 -0.0350742 -0.852524 -0.521509
-31.9321 73.0762 21.5893 -0.00696669 -0.867593 -0.497227
-31.6601 73.5017 20.8123 -0.0300955 -0.890006 -0.454955
-31.363 73.9826 19.8581 -0.0396027 -0.880618 -0.472128
-31.2719 74.4531 19.0189 0.0304639 -0.868066 -0.495513
-31.2523 74.8636 18.2057 0.030244 -0.914783 -0.402733
-31.3088 75.2406 17.3581 0.0241807 -0.912837 -0.407609
-31.4619 75.7515 16.1688 0.044705 -0.921396 -0.386046
-31.6474 76.1146 15.2378 0.0663105 -0.932065 -0.356172
-31.7414 76.4326 14.3986 0.050454 -0.933816 -0.354094
-32.0031 76.7847 13.4514 0.0709869 -0.926515 -0.369501
-32.2461 77.0522 12.6023 0.0963793 -0.948093 -0.303037
-32.5594 77.4241 11.4081 0.119132 -0.937725 -0.326236
-32.783 77.7465 10.3545 0.152619 -0.93592 -0.317429
-33.0003 78.0133 9.35634 0.149715 -0.954666 -0.257289
-33.231 78.206 8.50405 0.153344 -0.955705 -0.251224
-33.5126 78.3955 7.6417 0.155943 -0.951071 -0.266732
-33.9761 78.5574 6.72088 0.189789 -0.952668 -0.237495
-34.5461 78.6575 5.9163 0.208155 -0.947292 -0.24089
-35.1855 78.6381 5.23836 0.243602 -0.949705 -0.196773
-36.0647 78.5629 4.46099 0.281521 -0.9412 -0.18673
-37.1339 78.38 3.73597 0.301152 -0.939756 -0.159453
-38.2834 78.0851 3.13212 0.312717 -0.940761 -0.13106
-39.1568 77.8459 2.73205 0.321618 -0.939154 -0.120602
-40.0339 77.595 2.33652 0.341524 -0.932579 -0.115097
-41.2867 77.1475 2.00597 0.354445 -0.929309 -0.103444
-42.5676 76.6432 2.01435 0.374566 -0.921705 -0.0999233
-43.4573 76.2424 2.09985 0.404115 -0.909217 -0.100072
-44.3522 75.8221 2.27386 0.414206 -0.904459 -0.101748
-45.2812 75.3587 2.52793 0.427931 -0.89847 -0.098108
-46.1838 74.8958 2.84193 0.421432 -0.901597 -0.097352
-46.9604 74.4994 3.20723 0.41622 -0.903548 -0.101712
-47.8299 74.0298 3.60943 0.459995 -0.882942 -0.0939004
-48.7394 73.5298 3.98461 0.443322 -0.891158 -0.0956575
-49.7527 72.9605 4.39681 0.46012 -0.881168 -0.108741
-50.5824 72.4743 4.80134 0.462665 -0.879536 -0.111158
-51.3098 72.016 5.28 0.472931 -0.872361 -0.123652
-52.025 71.5279 5.96651 0.472752 -0.870945 -0.134017
-52.6228 71.0561 6.94257 0.477716 -0.868387 -0.13276
-53.0658 70.6588 7.87876 0.490529 -0.859388 -0.14434
-53.5381 70.2444 8.71657 0.485446 -0.860841 -0.152589
-54.0824 69.785 9.6016 0.48277 -0.862096 -0.15398
-54.5039 69.351 10.4966 0.495349 -0.852803 -0.164874
-55.034 68.8673 11.5026 0.483949 -0.8577 -0.172745
-55.4157 68.4387 12.5025 0.474152 -0.858485 -0.195134
-55.6087 68.1107 13.4235 0.474031 -0.856018 -0.206223
-55.7433 67.8305 14.269 0.474812 -0.855029 -0.208515
-55.8285 67.4814 15.4803 0.472598 -0.854474 -0.215697
-55.8277 67.4588 15.5719 0.478138 -0.851066 -0.216855
-56.6738 67.0623 15.2399 0.480728 -0.848516 -0.22118
-56.6829 66.8172 16.1744 0.483082 -0.848693 -0.215295
-56.5144 66.5798 17.4239 0.484415 -0.841099 -0.240613
-56.1914 66.3754 18.7457 0.471443 -0.846042 -0.24873
-55.9236 66.2555 19.6737 0.459209 -0.849324 -0.260338
-55.5987 66.1043 20.7354 0.463891 -0.844415 -0.267894
-55.3888 65.8836 21.7625 0.451682 -0.848354 -0.276186
-55.1383 65.6318 22.9314 0.449669 -0.848232 -0.279822
-54.949 65.3569 23.9247 0.423644 -0.847602 -0.31951
-54.7913 65.052 24.9205 0.425562 -0.844229 -0.325844
-54.6371 64.6877 26.0447 0.422823 -0.842728 -0.33321
-54.446 64.2452 27.3191 0.41167 -0.840485 -0.352289
-54.2976 63.86 28.4116 0.41524 -0.838443 -0.352971
-54.0572 63.3533 29.8263 0.4086 -0.835915 -0.366417
-53.6623 63.0283 30.9704 0.403715 -0.833917 -0.376292
-53.2692 62.8374 31.7909 0.398445 -0.830363 -0.389506
-52.6193 62.7644 32.6177 0.393657 -0.836997 -0.380093
-51.8866 62.8293 33.2031 0.379734 -0.837308 -0.39334
-50.7418 63.0797 33.7721 0.375045 -0.843471 -0.384574
-49.9048 63.254 34.1905 0.357201 -0.846066 -0.395701
-49.0308 63.411 34.6437 0.348399 -0.851535 -0.391641
-48.1598 63.5015 35.1582 0.333214 -0.844684 -0.4189
-47.3266 63.5643 35.6943 0.333493 -0.849975 -0.40764
-46.2445 63.6897 36.3113 0.321975 -0.855801 -0.404891
-45.0234 63.9577 36.6514 0.283022 -0.862412 -0.419695
-44.2422 64.4406 36.1436 0.234076 -0.882698 -0.407437
-43.5788 64.9999 35.2946 0.234194 -0.885244 -0.401864
-42.9856 65.5381 34.4655 0.232762 -0.88532 -0.402502
-42.481 66.0071 33.7187 0.228222 -0.879776 -0.416933
-41.9085 66.542 32.9226 0.21735 -0.881873 -0.418214
-41.3539 66.9583 32.3088 0.208418 -0.886158 -0.413866
-40.6339 67.46 31.6052 0.19413 -0.882498 -0.428382
-39.8953 67.9163 30.976 0.183645 -0.889759 -0.417855
-39.2068 68.2659 30.4806 0.141688 -0.901443 -0.409054
-38.1488 68.6229 29.8262 0.0707757 -0.909748 -0.407194
-37.2124 68.9651 29.2725 0.0453915 -0.884663 -0.464015
-36.3774 69.2635 28.7878 0.0472062 -0.88415 -0.464813
-35.5869 69.5541 28.2265 -0.010147 -0.913994 -0.405602
-34.6593 69.907 27.4683 -0.0119426 -0.887424 -0.460799
-34.0104 70.2227 26.8472 -0.00742223 -0.886589 -0.462498
-33.2842 70.6092 26.0796 -0.00809849 -0.892249 -0.451469
-32.7553 70.9461 25.4058 -0.00765142 -0.893316 -0.449355
-32.1206 71.3932 24.507 -0.00482024 -0.893008 -0.450016
-31.5723 71.9636 23.4833 0.00574293 -0.853011 -0.521861
-31.2606 72.5022 22.596 0.00415328 -0.865983 -0.499909
-30.914 73.1139 21.5092 -0.00473765 -0.869336 -0.494182
-30.5976 73.5598 20.6725 0.0191658 -0.885223 -0.464772
-30.3456 74.2492 19.4192 0.0177743 -0.865032 -0.501401
-30.2748 74.708 18.6075 -0.0977298 -0.878746 -0.466924
-30.2952 75.2008 17.4756 -0.027686 -0.910752 -0.411364
-30.4881 75.7951 16.1623 -9.36201e-05 -0.908778 -0.417146
-30.7032 76.3346 14.838 0.0598168 -0.936298 -0.345834
-30.9971 76.8139 13.5466 0.0378002 -0.924917 -0.378285
-31.3451 77.2567 12.319 0.118589 -0.931478 -0.343926
-31.6493 77.6215 11.1914 0.113914 -0.945181 -0.305052
-31.8746 77.9104 10.1862 0.0881906 -0.944513 -0.316414
-32.144 78.2605 8.8954 0.123385 -0.958597 -0.256649
-32.4815 78.5385 7.75312 0.158063 -0.948401 -0.274821
-32.8027 78.7291 6.90145 0.168021 -0.951578 -0.256797
-33.3977 78.8769 5.86076 0.161531 -0.963184 -0.214872
-33.9531 78.9368 5.13451 0.194658 -0.96338 -0.184412
-34.6277 78.9327 4.44424 0.194219 -0.964093 -0.181085
-35.528 78.8725 3.68684 0.260623 -0.946174 -0.190986
-36.2922 78.7454 3.14697 0.30022 -0.94146 -0.15197
-37.0752 78.5527 2.66761 0.316534 -0.93863 -0.137027
-37.9262 78.3211 2.24716 0.314593 -0.94148 -0.121026
-39.0753 78.0032 1.70843 0.319778 -0.939995 -0.118958
-39.9265 77.7498 1.36322 0.351779 -0.929501 -0.106843
-40.7415 77.4403 1.13667 0.370212 -0.923828 -0.0960426
-41.8796 77.002 1.02418 0.368391 -0.92604 -0.0820882
-42.8336 76.6062 1.08775 0.401233 -0.913207 -0.0711708
-43.9315 76.1105 1.21838 0.405356 -0.910687 -0.0795868
-44.8069 75.7076 1.38536 0.411227 -0.907113 -0.0888524
-45.6281 75.296 1.59794 0.428608 -0.898016 -0.0993042
-46.8788 74.6531 2.11062 0.419363 -0.903009 -0.0933273
-47.7011 74.2248 2.47711 0.460704 -0.881326 -0.104961
-48.6044 73.6974 2.9401 0.460356 -0.882131 -0.0994327
-49.5184 73.221 3.23547 0.448418 -0.888735 -0.0939908
-50.4626 72.6776 3.68114 0.459049 -0.88224 -0.104512
-51.5099 72.0598 4.20901 0.470824 -0.874236 -0.11798
-52.4218 71.4724 4.92478 0.474088 -0.870294 -0.132779
-53.0039 71.024 5.73593 0.485075 -0.865006 -0.128323
-53.478 70.619 6.66028 0.486242 -0.863941 -0.131052
-53.9258 70.2202 7.59141 0.479652 -0.865068 -0.146941
-54.386 69.8198 8.39979 0.488337 -0.858111 -0.15866
-54.9141 69.3436 9.32511 0.505136 -0.846539 -0.167959
-55.3693 68.9353 10.1479 0.463682 -0.870587 -0.16455
-55.8124 68.5445 10.9683 0.47158 -0.864633 -0.172785
-56.1416 68.1629 11.9005 0.479498 -0.858269 -0.182911
-56.4183 67.7715 12.9153 0.490923 -0.848743 -0.196541
-56.5666 67.453 13.8929 0.49005 -0.846772 -0.206952
-56.6499 67.1718 14.8719 0.480729 -0.848514 -0.221187
-57.4952 66.7541 14.6567 0.438348 -0.87191 -0.218218
-57.5567 66.4363 15.8387 0.456682 -0.865153 -0.207249
-57.426 66.1475 17.2027 0.451336 -0.860719 -0.235426
-57.2018 66.0023 18.142 0.451348 -0.857531 -0.246695
-56.9549 65.8782 19.0196 0.465896 -0.851585 -0.240298
-56.6453 65.7132 20.1519 0.465552 -0.844161 -0.265804
-56.3608 65.5446 21.1788 0.463488 -0.844212 -0.269231
-56.116 65.3171 22.3133 0.457584 -0.846283 -0.272708
-55.862 65.0689 23.4755 0.436592 -0.84851 -0.29817
-55.7243 64.7974 24.375 0.423736 -0.846497 -0.322323
-55.5675 64.5151 25.3165 0.413951 -0.853261 -0.31716
-55.4519 64.2312 26.1627 0.423585 -0.842123 -0.333774
-55.3257 63.9078 27.1088 0.406451 -0.841452 -0.356029
-55.1594 63.4394 28.4029 0.407322 -0.83927 -0.360145
-54.9904 63.0209 29.5558 0.405031 -0.836136 -0.369848
-54.5709 62.5751 31.0032 0.398369 -0.837781 -0.373396
-54.1731 62.3671 31.8893 0.391612 -0.839053 -0.377649
-53.4728 62.2136 32.9466 0.392477 -0.837404 -0.380414
-52.7312 62.2261 33.6879 0.39363 -0.837173 -0.379733
-51.5125 62.4654 34.3632 0.376188 -0.842401 -0.385801
-50.4227 62.7506 34.8186 0.365206 -0.851079 -0.376422
-49.5071 62.8924 35.3417 0.342034 -0.850437 -0.399254
-48.2729 63.0522 36.0579 0.339313 -0.872033 -0.352739
-47.1576 63.1444 36.7628 0.30607 -0.871512 -0.383104
-46.3095 63.2386 37.2156 0.312038 -0.864401 -0.393931
-45.4828 63.3812 37.5334 0.295352 -0.874656 -0.382423
-44.5444 63.675 37.6189 0.286962 -0.886105 -0.362987
-43.6521 64.1831 37.0424 0.261098 -0.889783 -0.374318
-43.1699 64.6081 36.3968 0.234078 -0.882699 -0.407436
-42.5447 65.1909 35.4793 0.235271 -0.884725 -0.40238
-41.9908 65.6999 34.6808 0.228443 -0.888291 -0.39843
-41.4647 66.1858 33.8944 0.226402 -0.882777 -0.411373
-40.8777 66.663 33.1832 0.208181 -0.887257 -0.411627
-40.1314 67.2122 32.3701 0.199837 -0.889766 -0.410342
-39.4883 67.5916 31.7972 0.123212 -0.891346 -0.436105
-38.5604 68.0554 31.1328 0.0970341 -0.895191 -0.433926
-37.8155 68.3342 30.6598 0.0809069 -0.917219 -0.388326
-36.9032 68.6111 30.1087 0.0645665 -0.945723 -0.318496
-36.0744 68.8503 29.6325 0.0840753 -0.895033 -0.438003
-35.0818 69.1781 28.9728 -0.0578679 -0.898195 -0.435753
-34.251 69.4679 28.3133 -0.0133835 -0.892209 -0.451424
-33.3184 69.8765 27.4597 -0.0830763 -0.862977 -0.498366
-32.4966 70.3044 26.5581 -0.106069 -0.857886 -0.502394
-31.8638 70.7273 25.7376 -0.109721 -0.848364 -0.517907
-31.382 71.0683 25.0492 -0.0860229 -0.882207 -0.462936
-30.7441 71.6461 23.9481 -0.0302237 -0.851535 -0.523425
-30.4549 72.1109 23.1917 -0.0700845 -0.852079 -0.5187
-30.24 72.5558 22.4218 -0.0592392 -0.867878 -0.493233
-29.891 73.0837 21.4658 -0.0508526 -0.863556 -0.501683
-29.5751 73.5962 20.5156 -0.082898 -0.876733 -0.47378
-29.3658 74.1423 19.4667 -0.0832426 -0.877315 -0.472641
-29.2652 74.7446 18.3066 -0.103218 -0.885012 -0.453982
-29.4074 75.3961 17.015 -0.0262213 -0.901212 -0.432583
-29.5731 75.8831 15.9704 -9.37471e-05 -0.908777 -0.417148
-29.7286 76.3416 14.9453 -0.00194163 -0.933732 -0.356023
-29.928 76.6628 14.0181 0.0274718 -0.936166 -0.349951
-30.1398 76.9929 13.1704 0.025337 -0.928853 -0.369581
-30.3754 77.3355 12.2959 0.025207 -0.928224 -0.371167
-30.7353 77.7569 11.0303 0.0636696 -0.955363 -0.287807
-30.9991 78.1198 9.77914 0.0714601 -0.946063 -0.316005
-31.1977 78.4147 8.82354 0.0858428 -0.951519 -0.29537
-31.5398 78.7337 7.60428 0.144719 -0.952175 -0.268863
-31.8742 78.9379 6.685 0.141619 -0.959764 -0.241542
-32.4692 79.1076 5.52462 0.16154 -0.963182 -0.214875
-33.2265 79.1954 4.57251 0.183358 -0.950912 -0.249286
-34.202 79.1805 3.56319 0.193778 -0.964804 -0.177774
-35.0179 79.1623 2.87323 0.230539 -0.954147 -0.18568
-35.7528 79.0462 2.34181 0.290315 -0.94558 -0.143846
-36.5665 78.8419 1.85044 0.316956 -0.938793 -0.134932
-37.5885 78.5602 1.36049 0.326277 -0.936027 -0.131897
-38.6146 78.2591 0.905194 0.332349 -0.935592 -0.119191
-39.8104 77.9019 0.392481 0.33746 -0.935037 -0.108018
-40.8019 77.5365 0.125642 0.378609 -0.918842 -0.111283
-41.6982 77.1673 0.0725286 0.376534 -0.920825 -0.100881
-42.6519 76.7762 0.123317 0.37888 -0.921265 -0.0878639
-43.5154 76.3947 0.214272 0.401025 -0.911046 -0.0957821
-44.6561 75.8752 0.371187 0.404657 -0.909598 -0.0942002
-45.4753 75.4905 0.545474 0.407173 -0.908692 -0.0921387
-46.4223 75.0066 0.873726 0.421846 -0.900433 -0.106148
-47.7376 74.3291 1.40264 0.427405 -0.898483 -0.0998737
-48.9433 73.6339 2.00687 0.458498 -0.882271 -0.106664
-49.8972 73.1216 2.33569 0.440254 -0.892993 -0.093094
-50.8893 72.5687 2.80148 0.443608 -0.889549 -0.109155
-51.6441 72.1429 3.0853 0.458229 -0.881027 -0.117473
-52.3963 71.6828 3.56131 0.461368 -0.878801 -0.121853
-53.124 71.1799 4.28404 0.485343 -0.863404 -0.13775
-53.7194 70.7149 5.13131 0.480235 -0.867335 -0.130781
-54.1661 70.339 6.02498 0.472991 -0.872194 -0.124728
-54.59 69.9614 6.93815 0.480347 -0.865215 -0.143769
-55.1408 69.4896 7.90218 0.464043 -0.870351 -0.164784
-55.5571 69.1311 8.6155 0.466377 -0.868451 -0.16818
-55.9726 68.7602 9.37852 0.465897 -0.86855 -0.168998
-56.3989 68.3932 10.1081 0.467527 -0.868711 -0.163584
-56.8123 67.9492 11.1464 0.464553 -0.866371 -0.182826
-57.1915 67.5048 12.29 0.439604 -0.876479 -0.196299
-57.3779 67.126 13.4001 0.440727 -0.870172 -0.220332
-57.4879 66.7897 14.5277 0.439144 -0.871941 -0.216497
-58.3612 66.3531 14.5192 0.438351 -0.871909 -0.218218
-58.3928 66.1075 15.4275 0.431433 -0.875189 -0.218731
-58.3982 65.8764 16.3354 0.426446 -0.875048 -0.228986
-58.239 65.6358 17.5486 0.428165 -0.869501 -0.245649
-57.9514 65.4985 18.5019 0.439313 -0.861915 -0.253194
-57.6724 65.3751 19.4113 0.460254 -0.852746 -0.246809
-57.4141 65.2283 20.3417 0.466254 -0.844084 -0.26482
-57.1779 65.0715 21.2721 0.458262 -0.85033 -0.258635
-56.9697 64.8986 22.1884 0.454878 -0.848788 -0.269528
-56.7072 64.6457 23.4034 0.4483 -0.848938 -0.279876
-56.5307 64.3294 24.5916 0.402795 -0.854737 -0.327308
-56.3508 64.0096 25.6576 0.411648 -0.854195 -0.317643
-56.2398 63.6587 26.6759 0.394432 -0.845032 -0.361032
-56.1434 63.328 27.5493 0.392459 -0.844034 -0.365489
-56.0409 63.0091 28.4086 0.407326 -0.839268 -0.360145
-55.8363 62.5215 29.7714 0.404398 -0.840453 -0.360694
-55.5726 62.2112 30.7499 0.396934 -0.838574 -0.37314
-55.176 61.9484 31.7588 0.398947 -0.836146 -0.376433
-54.557 61.7381 32.8738 0.392965 -0.838143 -0.378262
-53.8053 61.6517 33.8557 0.390973 -0.840073 -0.376046
-52.8117 61.7469 34.6866 0.379605 -0.848977 -0.36741
-51.8122 61.9768 35.1509 0.371947 -0.853867 -0.363963
-50.9605 62.2032 35.5064 0.3876 -0.844673 -0.369181
-49.8397 62.4212 36.0993 0.348868 -0.864935 -0.360762
-48.8616 62.573 36.6651 0.336343 -0.865318 -0.371412
-47.8776 62.6536 37.298 0.308616 -0.871849 -0.380308
-46.7522 62.7536 37.9586 0.301005 -0.868525 -0.393777
-45.714 62.9059 38.4737 0.33737 -0.864563 -0.372442
-44.7707 63.1927 38.6801 0.329216 -0.884857 -0.32488
-43.8509 63.5555 38.5042 0.305044 -0.909812 -0.281408
-43.0817 63.9664 37.9071 0.228691 -0.909428 -0.342702
-42.5295 64.4106 37.2066 0.244966 -0.880841 -0.40385
-42.0735 64.8818 36.516 0.273325 -0.869044 -0.412379
-41.5921 65.3425 35.7852 0.248504 -0.898738 -0.35948
-41.1443 65.7173 35.091 0.206258 -0.888119 -0.410734
-40.4438 66.3202 34.0867 0.166222 -0.903366 -0.395348
-39.5861 66.9436 33.1078 0.140288 -0.892357 -0.428974
-38.828 67.3685 32.458 0.123149 -0.896443 -0.425705
-38.0605 67.7252 31.9196 0.0506382 -0.887899 -0.457047
-36.9075 68.1407 31.1793 0.0406581 -0.897264 -0.439618
-35.6992 68.4909 30.4559 0.0261284 -0.909941 -0.41321
-34.6649 68.7707 29.8115 0.0223792 -0.934793 -0.354488
-33.9123 69.0106 29.1704 -0.0532276 -0.892248 -0.448082
-33.1661 69.2991 28.5258 -0.0663716 -0.888703 -0.453458
-32.3769 69.6218 27.7438 -0.0792045 -0.877819 -0.471377
-31.7616 69.9271 27.0683 -0.132342 -0.857931 -0.496427
-31.1675 70.2626 26.3489 -0.112619 -0.8491 -0.516087
-30.6371 70.6798 25.5525 -0.110262 -0.84616 -0.521398
-30.1575 71.0722 24.8238 -0.0920957 -0.840627 -0.533683
-29.7209 71.5979 23.9106 -0.0879184 -0.843918 -0.529219
-29.4233 72.1332 22.9987 -0.0882926 -0.847093 -0.524059
-29.1467 72.649 22.0741 -0.122893 -0.85725 -0.50002
-28.7244 73.1346 21.2011 -0.0728278 -0.837009 -0.54232
-28.527 73.567 20.3855 -0.0763893 -0.874932 -0.478108
-28.3303 74.272 19.0662 -0.0685499 -0.875972 -0.477466
-28.2971 74.8472 17.9736 -0.0550714 -0.881339 -0.469114
-28.5408 75.6111 16.5079 -0.0326495 -0.90032 -0.434003
-28.6856 76.0308 15.6304 -0.0170537 -0.920772 -0.389362
-28.9113 76.6114 14.2265 -0.0155925 -0.924366 -0.380954
-29.164 77.0003 13.2088 0.00741537 -0.93428 -0.356462
-29.3896 77.3508 12.3001 0.0067802 -0.930697 -0.365729
-29.6564 77.6813 11.4111 0.0152055 -0.950429 -0.30998
-29.9554 78.0406 10.2227 0.0434399 -0.942756 -0.328357
-30.1585 78.3668 9.23454 0.0883322 -0.944666 -0.315917
-30.4066 78.7023 8.178 0.0673068 -0.940993 -0.331664
-30.7089 78.9822 7.12353 0.130484 -0.955779 -0.263552
-31.0499 79.1695 6.2234 0.156653 -0.959935 -0.231866
-31.5418 79.324 5.27633 0.164636 -0.954051 -0.250228
-32.0955 79.4444 4.45178 0.177888 -0.951613 -0.250531
-32.8267 79.4927 3.72877 0.184188 -0.951139 -0.247808
-33.5293 79.4917 2.98593 0.266969 -0.939905 -0.212851
-34.3548 79.4496 2.2203 0.230538 -0.954147 -0.185679
-35.2598 79.3139 1.50989 0.262193 -0.953076 -0.151328
-36.1491 79.1086 0.986851 0.318436 -0.938086 -0.136357
-37.3267 78.7746 0.439384 0.339944 -0.931152 -0.131888
-38.4437 78.4447 -0.0648297 0.334265 -0.934813 -0.119967
-39.5908 78.0768 -0.516923 0.34226 -0.935295 -0.0898956
-40.4517 77.7864 -0.772847 0.35934 -0.929109 -0.0852936
-41.5794 77.3213 -0.880334 0.388279 -0.916829 -0.0930787
-42.6968 76.8567 -0.828347 0.382485 -0.918934 -0.0960054
-43.596 76.4611 -0.731874 0.401043 -0.910644 -0.099455
-44.6305 75.9926 -0.613018 0.403268 -0.909431 -0.101481
-45.6079 75.5353 -0.429987 0.412027 -0.905684 -0.0995289
-46.4054 75.137 -0.188745 0.423356 -0.900657 -0.0979095
-47.2337 74.701 0.177975 0.433445 -0.896165 -0.09493
-48.173 74.2036 0.590028 0.445837 -0.889473 -0.0991902
-49.1814 73.6251 1.05438 0.457158 -0.883067 -0.105811
-50.2153 73.0634 1.43868 0.444926 -0.890102 -0.0987889
-51.1855 72.535 1.87293 0.442373 -0.890819 -0.103501
-52.0924 72.0295 2.1744 0.454863 -0.883006 -0.115759
-52.8086 71.6013 2.60494 0.459155 -0.879604 -0.124395
-53.5553 71.0891 3.34305 0.483202 -0.864876 -0.13603
-54.1213 70.6627 4.04498 0.473666 -0.869428 -0.140266
-54.6228 70.2584 4.89377 0.45681 -0.879572 -0.132894
-54.9839 69.9567 5.67237 0.462311 -0.876544 -0.133704
-55.4374 69.5676 6.56588 0.466918 -0.871694 -0.148788
-56.1039 69.0121 7.70492 0.463413 -0.873099 -0.151371
-56.5926 68.5744 8.61 0.468629 -0.86726 -0.168071
-57.0306 68.1941 9.36543 0.466842 -0.868828 -0.164914
-57.5751 67.6804 10.5318 0.447191 -0.874599 -0.187343
-57.9503 67.2458 11.6925 0.446166 -0.87713 -0.177499
-58.1315 66.9625 12.5471 0.443102 -0.868392 -0.222614
-58.3271 66.5484 13.8 0.438272 -0.872497 -0.216024
-58.3385 66.49 14.0125 0.438273 -0.872496 -0.216028
-59.2081 66.1085 13.7517 0.432785 -0.878814 -0.199841
-59.2494 65.8267 14.896 0.415719 -0.880714 -0.226981
-59.3008 65.4734 16.1924 0.426881 -0.874958 -0.22852
-59.2203 65.2362 17.2507 0.426437 -0.875053 -0.228982
-58.9703 65.0988 18.1185 0.430344 -0.863853 -0.261843
-58.6178 64.9948 19.0606 0.443068 -0.856017 -0.265922
-58.2173 64.7674 20.3965 0.456533 -0.847105 -0.271735
-58.0085 64.605 21.3162 0.464509 -0.848102 -0.254862
-57.7518 64.4101 22.4161 0.445555 -0.853607 -0.269881
-57.5598 64.2339 23.3412 0.390164 -0.896322 -0.208648
-57.4542 64.0494 24.2289 0.369912 -0.880546 -0.289837
-57.2216 63.7136 25.3249 0.408474 -0.852774 -0.325353
-57.13 63.3955 26.2448 0.419198 -0.842979 -0.337133
-57.0513 63.0028 27.3246 0.406813 -0.844007 -0.349081
-56.9375 62.6495 28.2733 0.38736 -0.847324 -0.363307
-56.7808 62.1615 29.5718 0.387568 -0.846568 -0.364847
-56.5742 61.8496 30.5179 0.38538 -0.848319 -0.36309
-56.2788 61.5941 31.4256 0.380503 -0.847763 -0.369421
-55.588 61.2983 32.7979 0.382466 -0.845546 -0.372521
-55.0772 61.1751 33.6126 0.383624 -0.846995 -0.368011
-54.1444 61.116 34.7312 0.386733 -0.848686 -0.360789
-53.2635 61.2363 35.396 0.390859 -0.851798 -0.348586
-52.3941 61.4458 35.8177 0.374852 -0.856451 -0.354934
-51.4315 61.7103 36.1923 0.370666 -0.855574 -0.361342
-50.5026 61.9193 36.6403 0.369081 -0.854179 -0.366274
-49.6126 62.0634 37.1724 0.336345 -0.865317 -0.371413
-48.6411 62.1428 37.8365 0.324802 -0.866914 -0.378055
-47.7955 62.2139 38.3706 0.308441 -0.871533 -0.381175
-46.8213 62.2837 38.951 0.292589 -0.874646 -0.386489
-45.8558 62.4672 39.4061 0.346258 -0.869509 -0.352221
-44.963 62.7002 39.6695 0.322441 -0.874425 -0.362508
-43.9363 63.1325 39.6035 0.338605 -0.862433 -0.37624
-43.1199 63.5115 39.2893 0.27034 -0.908444 -0.318422
-42.4135 63.8811 38.7189 0.205282 -0.930904 -0.302121
-41.727 64.4002 37.7548 0.276298 -0.882333 -0.378925
-41.2859 64.8694 37.0585 0.268717 -0.869052 -0.415378
-40.6677 65.4012 36.1258 0.162675 -0.908108 -0.385844
-40.2258 65.7771 35.4274 0.166543 -0.906602 -0.387704
-39.7258 66.1974 34.6746 0.171068 -0.903817 -0.392239
-39.1038 66.6483 33.8989 0.156638 -0.894893 -0.417888
-38.0775 67.1541 33.0068 0.0746329 -0.929141 -0.362116
-37.1886 67.525 32.395 0.0403105 -0.892277 -0.449686
-36.2872 67.834 31.8626 0.0404844 -0.89477 -0.444653
-35.3736 68.1222 31.3238 0.0489956 -0.912561 -0.405996
-34.5508 68.3522 30.8625 0.0242206 -0.919907 -0.391387
-33.7624 68.5457 30.2892 -0.130795 -0.914508 -0.379696
-32.8802 68.801 29.4886 -0.0490439 -0.899746 -0.43365
-32.1384 69.0788 28.7672 -0.0964367 -0.887905 -0.449802
-31.4956 69.3533 28.0801 -0.110335 -0.891339 -0.439705
-30.7201 69.6985 27.1857 -0.121344 -0.874633 -0.468068
-30.1942 70.0469 26.4889 -0.117849 -0.848422 -0.516034
-29.4544 70.5944 25.4429 -0.101702 -0.841622 -0.530257
-29.043 71.0364 24.6603 -0.115845 -0.8312 -0.543771
-28.6469 71.6173 23.6713 -0.16146 -0.832381 -0.530155
-28.317 72.2993 22.4696 -0.121995 -0.854783 -0.504418
-27.8298 72.9451 21.3566 -0.103116 -0.833453 -0.542788
-27.6032 73.4443 20.4798 -0.0532168 -0.878461 -0.474841
-27.4271 73.96 19.5098 -0.0677056 -0.876413 -0.476777
-27.3301 74.4412 18.5698 -0.121506 -0.883225 -0.452935
-27.4034 75.0126 17.5285 -0.128427 -0.865403 -0.484339
-27.6166 75.6532 16.3474 -0.0351907 -0.901205 -0.431963
-27.7482 76.1464 15.288 -0.0318432 -0.91734 -0.396829
-27.9092 76.5632 14.3373 -0.0170537 -0.920772 -0.389362
-28.2526 77.0849 13.0015 -0.0300699 -0.927162 -0.372952
-28.5241 77.5394 11.8362 0.000225976 -0.939393 -0.342027
-28.8349 77.888 10.8176 0.0152156 -0.950429 -0.309981
-29.1215 78.3183 9.61677 0.0140022 -0.93722 -0.348379
-29.3509 78.7077 8.37683 0.0708766 -0.945775 -0.31658
-29.6008 78.9799 7.55538 0.0677696 -0.940691 -0.332427
-29.8664 79.2344 6.53562 0.100668 -0.961077 -0.257254
-30.2289 79.42 5.69292 0.104278 -0.960783 -0.256949
-30.8391 79.609 4.66832 0.162884 -0.952299 -0.258062
-31.4228 79.7435 3.80662 0.174651 -0.945984 -0.27315
-32.1828 79.7984 3.07627 0.195634 -0.946062 -0.25825
-33.2701 79.768 1.94108 0.233343 -0.955685 -0.179492
-34.0209 79.7037 1.26437 0.259302 -0.951541 -0.164803
-34.9282 79.5634 0.566225 0.269735 -0.948173 -0.167873
-35.8089 79.3623 0.101118 0.340174 -0.92623 -0.16242
-36.7655 79.0847 -0.302951 0.329397 -0.934652 -0.133408
-37.5894 78.832 -0.718654 0.342884 -0.933236 -0.107247
-38.4534 78.5509 -1.10038 0.351442 -0.930412 -0.104026
-39.6768 78.142 -1.52176 0.342179 -0.93531 -0.0900473
-40.5859 77.8203 -1.78898 0.376508 -0.922906 -0.0805405
-41.5077 77.4459 -1.80833 0.382387 -0.91987 -0.0868135
-42.562 77.0053 -1.80088 0.388165 -0.918498 -0.0753916
-43.7572 76.4895 -1.67344 0.392685 -0.915653 -0.0852315
-45.0532 75.9044 -1.52742 0.40956 -0.908391 -0.0834709
-46.351 75.2773 -1.24849 0.414418 -0.906376 -0.0817388
-47.3805 74.7368 -0.81837 0.43257 -0.896534 -0.0954355
-48.1181 74.3457 -0.480971 0.42485 -0.899462 -0.102329
-49.0027 73.8558 -0.0878095 0.457748 -0.881837 -0.113082
-49.786 73.4139 0.249026 0.446728 -0.888605 -0.103998
-50.5542 72.9943 0.534037 0.445826 -0.889354 -0.101393
-51.4645 72.5113 0.909559 0.431054 -0.896294 -0.104163
-52.5812 71.8951 1.2719 0.448422 -0.886433 -0.114462
-53.297 71.4642 1.73934 0.45495 -0.882464 -0.119489
-54.0666 70.9457 2.49367 0.469515 -0.871352 -0.142485
-54.7517 70.4469 3.29713 0.467587 -0.872694 -0.140595
-55.2356 70.0653 4.08924 0.449924 -0.881903 -0.140536
-55.5993 69.7523 4.89299 0.437677 -0.886594 -0.149493
-56.1672 69.2685 6.04707 0.439903 -0.884202 -0.157049
-56.702 68.8269 6.96802 0.458275 -0.875749 -0.151816
-57.1945 68.3995 7.85099 0.466158 -0.867882 -0.171688
-57.6467 68.0251 8.61583 0.441063 -0.881729 -0.167383
-58.0513 67.6752 9.39291 0.443665 -0.880364 -0.167667
-58.4043 67.3307 10.2033 0.43968 -0.878159 -0.188463
-58.8234 66.8602 11.4513 0.436416 -0.881501 -0.180271
-59.0073 66.5206 12.5249 0.444655 -0.867192 -0.224185
-59.1399 66.2784 13.199 0.445907 -0.868099 -0.218013
-59.9452 66.0002 12.7499 0.39662 -0.890954 -0.219358
-59.7877 66.3128 11.8593 0.416781 -0.884867 -0.206014
-59.5456 66.6628 10.6918 0.426466 -0.885984 -0.182094
-59.2093 66.9996 9.82416 0.437339 -0.881508 -0.177628
-58.7509 67.4419 8.75517 0.4387 -0.881265 -0.175486
-58.318 67.8222 7.93857 0.430845 -0.883695 -0.182909
-57.7052 68.3328 6.9137 0.428269 -0.88625 -0.176333
-57.148 68.8048 5.89259 0.443396 -0.880945 -0.165173
-56.6352 69.2258 4.97656 0.439901 -0.884204 -0.157041
-56.247 69.5544 4.13865 0.437817 -0.887613 -0.143035
-55.5942 70.0871 2.86727 0.439516 -0.885583 -0.150226
-55.0603 70.4565 2.23114 0.439403 -0.890094 -0.121014
-54.4991 70.8499 1.57407 0.46459 -0.875606 -0.13218
-53.8837 71.2648 0.978007 0.455168 -0.882211 -0.120519
-52.8795 71.8722 0.333546 0.449366 -0.885173 -0.120379
-51.7692 72.473 -0.00631359 0.432979 -0.892875 -0.123028
-50.7045 73.0287 -0.394121 0.431157 -0.8962 -0.104542
-49.8413 73.5078 -0.76453 0.4621 -0.879255 -0.115646
-48.9197 74.0431 -1.15222 0.460732 -0.879739 -0.117386
-48.0435 74.5084 -1.59555 0.424813 -0.899327 -0.103655
-47.1632 74.9673 -1.98494 0.427342 -0.898503 -0.100229
-46.0975 75.4926 -2.32431 0.408337 -0.908803 -0.0856676
-45.09 75.9701 -2.49864 0.4178 -0.905265 -0.0770652
-44.2033 76.3842 -2.5974 0.392681 -0.915654 -0.0852396
-42.8841 76.9473 -2.74173 0.390026 -0.917142 -0.0817127
-41.8866 77.3795 -2.78591 0.391994 -0.915733 -0.0881735
-40.8177 77.8198 -2.83246 0.375531 -0.922925 -0.0847653
-39.5727 78.2885 -2.49591 0.358915 -0.927758 -0.101809
-38.5629 78.6351 -2.17931 0.35008 -0.930092 -0.111234
-37.6886 78.9229 -1.83389 0.361052 -0.923457 -0.128135
-36.5181 79.2997 -1.27699 0.353347 -0.92854 -0.113836
-35.4619 79.6482 -0.802469 0.348401 -0.926829 -0.137543
-34.6555 79.817 -0.401781 0.278296 -0.941445 -0.189236
-33.8944 79.9372 0.121826 0.291839 -0.934298 -0.204713
-33.1331 80.0033 0.862391 0.240093 -0.955206 -0.172793
-32.2931 80.0944 1.51765 0.298242 -0.928599 -0.220721
-31.1742 80.1232 2.65123 0.228322 -0.927817 -0.287884
-30.4353 80.0428 3.41232 0.169042 -0.944387 -0.281756
-29.832 79.8851 4.29178 0.13178 -0.948507 -0.284979
-29.1931 79.5335 5.56351 0.0861458 -0.95685 -0.274535
-28.8777 79.3391 6.45589 0.0739444 -0.968753 -0.236749
-28.5691 79.0349 7.58007 0.0399146 -0.93876 -0.342251
-28.2721 78.7242 8.54045 0.0588676 -0.950785 -0.304207
-28.1498 78.3421 9.5919 0.0140022 -0.93722 -0.348379
-27.9482 77.997 10.5228 -0.000597603 -0.936104 -0.351722
-27.617 77.634 11.5404 -0.00570474 -0.947215 -0.320548
-27.3538 77.2217 12.617 -0.0270911 -0.920113 -0.390716
-27.1701 76.8722 13.4601 -0.0557539 -0.926204 -0.371731
-26.8843 76.4222 14.4666 -0.079823 -0.920664 -0.382047
-26.7553 75.9507 15.5103 -0.164106 -0.887143 -0.43072
-26.6026 75.3226 16.6679 -0.163573 -0.876181 -0.453366
-26.4259 74.7897 17.6418 -0.136237 -0.883891 -0.446562
-26.3951 74.3626 18.5173 -0.125591 -0.896099 -0.425716
-26.4735 73.9564 19.3605 -0.184904 -0.846612 -0.498874
-26.6865 73.3387 20.5191 -0.20048 -0.839308 -0.504916
-26.8914 72.8725 21.2941 -0.181902 -0.816263 -0.548294
-27.1601 72.4206 22.0386 -0.10802 -0.838607 -0.533911
-27.5535 71.729 23.1817 -0.0991576 -0.829443 -0.54972
-27.9143 71.0856 24.2865 -0.144554 -0.843081 -0.517515
-28.237 70.6789 25.034 -0.132527 -0.834149 -0.535379
-28.782 70.1398 26.0204 -0.136781 -0.840999 -0.523462
-29.5671 69.564 27.1419 -0.116897 -0.850136 -0.513424
-30.5625 69.0778 28.2958 -0.18973 -0.864647 -0.465168
-31.215 68.7979 29.0894 -0.199608 -0.86632 -0.457872
-31.832 68.5628 29.7313 -0.102288 -0.891327 -0.44167
-32.5829 68.3036 30.427 -0.11459 -0.894849 -0.431069
-33.3627 68.1073 31.083 -0.133727 -0.896906 -0.421447
-34.213 67.913 31.7003 -0.0997564 -0.895115 -0.434531
-34.9983 67.7192 32.1557 -0.0302149 -0.873996 -0.484993
-35.8502 67.4739 32.6093 0.0359246 -0.891613 -0.451368
-36.8453 67.1356 33.2134 0.0261972 -0.907612 -0.418646
-37.8793 66.7636 34.0104 0.0158945 -0.916289 -0.400103
-38.5847 66.3896 34.7034 0.159213 -0.908399 -0.386603
-39.107 65.9848 35.4343 0.170749 -0.904457 -0.390896
-39.6713 65.4849 36.3489 0.166547 -0.906604 -0.387699
-40.1461 65.0949 37.0641 0.103599 -0.895733 -0.432353
-40.6692 64.6605 37.8397 0.102326 -0.897339 -0.429312
-41.4483 63.9622 39.1206 0.116489 -0.912585 -0.389422
-42.2907 63.4744 39.9667 0.216013 -0.910976 -0.350408
-43.151 63.048 40.3846 0.251539 -0.846852 -0.467723
-44.0611 62.5608 40.645 0.323209 -0.823569 -0.466122
-44.9123 62.2641 40.6311 0.316678 -0.841828 -0.437082
-45.8479 62.0564 40.3481 0.329702 -0.839089 -0.432603
-47.1573 61.8315 39.7272 0.293587 -0.875787 -0.383149
-47.9252 61.7942 39.2208 0.306279 -0.864805 -0.397856
-48.7551 61.7044 38.7331 0.320365 -0.867025 -0.381621
-49.8345 61.6182 37.9986 0.335076 -0.863677 -0.376545
-50.7766 61.4765 37.4201 0.366765 -0.866736 -0.338012
-51.5877 61.3028 37.0099 0.350626 -0.870588 -0.345164
-52.5252 61.034 36.6876 0.379189 -0.860844 -0.339357
-53.3844 60.7913 36.3542 0.373047 -0.85729 -0.35481
-54.4257 60.6179 35.6065 0.374658 -0.867279 -0.326859
-55.4497 60.6123 34.5385 0.348026 -0.879135 -0.325556
-55.9741 60.699 33.7947 0.342343 -0.873567 -0.345951
-56.7282 60.9179 32.5033 0.35886 -0.859971 -0.362863
-57.3069 61.2473 31.1455 0.386796 -0.848016 -0.362295
-57.5936 61.6402 29.9216 0.38645 -0.84771 -0.363379
-57.7926 62.0889 28.6683 0.360836 -0.858804 -0.363666
-57.8973 62.6157 27.297 0.398528 -0.848282 -0.348702
-57.965 62.9727 26.3461 0.378665 -0.859567 -0.343025
-58.1008 63.2756 25.4529 0.370636 -0.860518 -0.349481
-58.2701 63.6499 24.3558 0.369149 -0.861117 -0.349576
-58.3943 63.8335 23.4326 0.408442 -0.893588 -0.186215
-58.6478 64.013 22.1424 0.376141 -0.900408 -0.218593
-58.9364 64.1945 21.0864 0.405536 -0.86509 -0.295228
-59.1801 64.358 20.2312 0.414565 -0.870889 -0.263984
-59.4746 64.5422 19.1935 0.399951 -0.877175 -0.265367
-59.8582 64.6586 18.2082 0.406367 -0.874231 -0.26568
-60.1395 64.8259 17.1829 0.410397 -0.881248 -0.234469
-60.1878 65.0916 16.0673 0.401961 -0.887294 -0.226094
-60.1417 65.3677 15.0612 0.401937 -0.887894 -0.22381
-60.1292 65.6658 13.8685 0.375817 -0.902198 -0.21166
-60.0551 65.8432 13.242 0.377013 -0.903451 -0.204053
-60.9256 65.5401 12.9566 0.385958 -0.899672 -0.204027
-60.6466 65.9237 11.7928 0.381485 -0.901563 -0.204032
-60.4444 66.289 10.4767 0.407023 -0.894344 -0.185692
-60.104 66.613 9.66172 0.410693 -0.892585 -0.186028
-59.5738 67.1209 8.38921 0.413149 -0.892439 -0.181275
-59.0306 67.5973 7.34574 0.431112 -0.883552 -0.182973
-58.5253 68.0177 6.50572 0.42826 -0.886254 -0.176333
-58.0944 68.3935 5.6259 0.423624 -0.890524 -0.165715
-57.5661 68.8059 4.76463 0.435242 -0.884936 -0.165691
-57.1128 69.1751 3.87521 0.432869 -0.889613 -0.145643
-56.7641 69.4872 3.01526 0.433723 -0.888782 -0.148158
-56.3321 69.8236 2.26166 0.436624 -0.887182 -0.149183
-55.7825 70.18 1.64192 0.439403 -0.890094 -0.121014
-55.0107 70.7053 0.733282 0.464148 -0.876483 -0.127762
-54.3638 71.128 0.15846 0.460047 -0.879514 -0.121617
-53.5618 71.6145 -0.369718 0.456204 -0.881922 -0.118705
-52.5267 72.218 -0.843433 0.450435 -0.883881 -0.125565
-51.6434 72.6666 -1.04537 0.423547 -0.898411 -0.116042
-50.8404 73.0823 -1.34586 0.420818 -0.899552 -0.117128
-50.0057 73.5643 -1.83792 0.461977 -0.879026 -0.117854
-49.196 74.0254 -2.17545 0.430408 -0.897035 -0.100383
-48.2953 74.5009 -2.56365 0.430253 -0.897366 -0.0980378
-47.4479 74.9338 -2.92717 0.422981 -0.901893 -0.0876106
-46.2099 75.5389 -3.28112 0.408261 -0.907514 -0.0985947
-45.1732 76.0246 -3.46259 0.410663 -0.906631 -0.096403
-43.9327 76.5814 -3.57967 0.384389 -0.919832 -0.0784497
-42.8908 77.034 -3.70964 0.396132 -0.914282 -0.0846637
-42.0299 77.4156 -3.79382 0.380838 -0.919958 -0.090805
-40.9412 77.86 -3.88615 0.371967 -0.925186 -0.0753046
-39.9494 78.2604 -3.67933 0.373642 -0.923562 -0.085409
-39.0401 78.5847 -3.38918 0.359841 -0.928609 -0.0905503
-38.2242 78.9057 -3.09943 0.372019 -0.916823 -0.145043
-37.3035 79.2055 -2.69651 0.34197 -0.928372 -0.145541
-36.3094 79.4982 -2.22832 0.349424 -0.924113 -0.154176
-34.8992 79.9736 -1.60618 0.366107 -0.922757 -0.120355
-34.0787 80.1573 -1.13878 0.294112 -0.93711 -0.186941
-33.2982 80.269 -0.536144 0.294642 -0.9336 -0.203904
-32.4091 80.3562 0.27258 0.292772 -0.929888 -0.222696
-31.4206 80.4807 1.09155 0.303799 -0.927315 -0.218615
-30.6729 80.4736 1.86629 0.168394 -0.935664 -0.310123
-29.8316 80.3505 2.7434 0.16905 -0.944386 -0.281755
-29.0487 80.1764 3.7286 0.142139 -0.939067 -0.312026
-28.3327 79.7729 5.17108 0.120976 -0.939267 -0.321139
-28.0143 79.5208 6.01884 0.101274 -0.953259 -0.280474
-27.712 79.2311 7.10073 0.0304344 -0.950279 -0.30991
-27.4207 78.8868 8.10815 -0.0244108 -0.938404 -0.344677
-27.2737 78.5061 9.12652 -0.0304035 -0.933617 -0.356834
-26.9829 77.9688 10.4966 -0.0405676 -0.939493 -0.340015
-26.6177 77.6002 11.5026 -0.0402538 -0.945754 -0.322143
-26.4213 77.1813 12.4967 -0.0890451 -0.920086 -0.380703
-26.1998 76.7444 13.4486 -0.128118 -0.902881 -0.410355
-25.9301 76.3095 14.3712 -0.178456 -0.903153 -0.390471
-25.8091 75.9199 15.2133 -0.164098 -0.887144 -0.430723
-25.7357 75.4699 16.0946 -0.117356 -0.889574 -0.441459
-25.5843 75.0553 16.8984 -0.115694 -0.89253 -0.435896
-25.4616 74.6237 17.7318 -0.112645 -0.886651 -0.448511
-25.4765 74.1498 18.6943 -0.151021 -0.869376 -0.46722
-25.6547 73.477 19.8706 -0.184898 -0.846615 -0.49887
-25.8524 72.9447 20.8131 -0.207607 -0.828049 -0.520801
-26.0913 72.3975 21.7486 -0.170547 -0.8352 -0.522833
-26.375 71.9482 22.5538 -0.167434 -0.832538 -0.528058
-26.6563 71.4542 23.3897 -0.134361 -0.81816 -0.559072
-26.9744 70.8856 24.3872 -0.12591 -0.852027 -0.508129
-27.3633 70.3962 25.2595 -0.131418 -0.833873 -0.536084
-27.766 69.9894 25.9967 -0.141179 -0.835836 -0.530427
-28.3026 69.5238 26.8617 -0.145574 -0.830676 -0.537387
-28.8566 69.1437 27.6444 -0.149306 -0.84086 -0.52007
-29.4546 68.8443 28.2884 -0.136108 -0.846221 -0.515155
-30.2107 68.502 29.2166 -0.195302 -0.862061 -0.467637
-30.9356 68.2424 30.0653 -0.196291 -0.882888 -0.42659
-31.8369 67.9577 30.9501 -0.131278 -0.884127 -0.447434
-32.8698 67.667 31.7836 -0.140173 -0.866136 -0.479749
-33.8108 67.4666 32.5274 -0.133953 -0.886954 -0.440563
-35.0475 67.15 33.1634 -0.0338743 -0.862562 -0.504815
-36.0121 66.8956 33.7164 -0.0564986 -0.879152 -0.472973
-36.7209 66.6783 34.2632 0.0178858 -0.919737 -0.392127
-37.7704 66.2165 35.1831 0.0571112 -0.900451 -0.431155
-38.3401 65.8165 35.9516 0.0588423 -0.902678 -0.426274
-38.7811 65.4248 36.6777 0.0861089 -0.900388 -0.426481
-39.3791 64.926 37.598 0.103724 -0.896204 -0.431346
-40.0432 64.3739 38.588 0.102322 -0.89734 -0.42931
-40.4259 64.0223 39.347 0.132173 -0.927168 -0.350556
-41.0079 63.6102 40.1723 0.14556 -0.918073 -0.36872
-41.6814 63.2527 40.7098 0.204569 -0.863634 -0.460748
-42.4796 62.7976 41.1991 0.251539 -0.846849 -0.467729
-43.4723 62.3016 41.5106 0.278803 -0.851246 -0.444577
-44.4435 61.9156 41.6096 0.297969 -0.85071 -0.43302
-45.727 61.6159 41.2811 0.322545 -0.83913 -0.437978
-46.5553 61.4643 40.9533 0.313795 -0.848312 -0.42577
-47.506 61.3483 40.5125 0.30628 -0.864804 -0.397858
-48.3197 61.3121 39.9714 0.310149 -0.86542 -0.393427
-49.2842 61.2161 39.3983 0.318981 -0.865753 -0.385621
-50.1355 61.1801 38.7781 0.326014 -0.871118 -0.36671
-50.9092 61.0839 38.2733 0.333348 -0.876706 -0.346737
-51.8676 60.8779 37.7975 0.354131 -0.870567 -0.341583
-52.9492 60.5528 37.4583 0.366598 -0.868759 -0.332961
-53.868 60.3218 37.0468 0.352366 -0.879342 -0.320306
-54.6334 60.1937 36.5513 0.355336 -0.879418 -0.316798
-55.3524 60.1177 35.976 0.345707 -0.880896 -0.323279
-56.0499 60.1276 35.2017 0.351253 -0.878389 -0.324122
-56.6969 60.2263 34.2729 0.352571 -0.87133 -0.341093
-57.2163 60.3429 33.4112 0.362795 -0.869095 -0.336235
-57.6321 60.4902 32.623 0.362808 -0.859502 -0.360003
-58.2049 60.8504 31.1683 0.36385 -0.859346 -0.35934
-58.3989 61.1434 30.2781 0.361333 -0.857965 -0.365129
-58.6141 61.5243 29.1808 0.362318 -0.856371 -0.367906
-58.7256 61.866 28.2733 0.357369 -0.858129 -0.368649
-58.8058 62.2406 27.2952 0.352588 -0.865847 -0.354928
-58.7989 62.6157 26.3937 0.351222 -0.871037 -0.343069
-58.9449 62.8753 25.5446 0.346941 -0.874567 -0.338616
-59.0992 63.2244 24.5544 0.350913 -0.864583 -0.35966
-59.2465 63.4454 23.5186 0.382028 -0.902856 -0.196884
-59.4614 63.6148 22.3827 0.375041 -0.902393 -0.212091
-59.7288 63.7543 21.4264 0.361366 -0.900606 -0.241502
-60.0029 63.8828 20.5338 0.371242 -0.893592 -0.249389
-60.3986 64.0541 19.3979 0.407307 -0.877271 -0.253962
-60.7189 64.1907 18.4313 0.390371 -0.878469 -0.274854
-60.9629 64.3847 17.507 0.374375 -0.882704 -0.284037
-61.0766 64.6592 16.219 0.38525 -0.898187 -0.211759
-61.0241 64.9277 15.2276 0.400623 -0.889378 -0.220246
-61.0099 65.1674 14.2599 0.408082 -0.889298 -0.206442
-60.9731 65.4518 13.2221 0.403752 -0.882695 -0.240487
-60.9547 65.5028 13.0659 0.394853 -0.891184 -0.222259
-61.8399 65.1483 12.8924 0.397918 -0.885395 -0.240287
-61.6394 65.4412 11.9518 0.405543 -0.89525 -0.18456
-61.4997 65.702 10.9957 0.405949 -0.894865 -0.185534
-61.2102 66.0665 9.85628 0.410155 -0.893818 -0.181268
-60.7897 66.4291 9.02909 0.411267 -0.892738 -0.184049
-60.4573 66.7579 8.17506 0.410111 -0.893425 -0.183307
-59.7336 67.3834 6.74639 0.418113 -0.889255 -0.185265
-59.1967 67.8469 5.73531 0.420584 -0.890985 -0.171038
-58.7894 68.2122 4.79972 0.421094 -0.89266 -0.160744
-58.1795 68.6561 3.9326 0.413834 -0.89587 -0.161734
-57.7445 68.9938 3.14534 0.418945 -0.896737 -0.142621
-57.2399 69.4312 1.95684 0.433905 -0.888724 -0.147972
-56.5573 69.8889 1.0928 0.421275 -0.8976 -0.129774
-56.0187 70.2392 0.440705 0.430468 -0.892884 -0.13212
-55.1477 70.8125 -0.432099 0.446889 -0.88297 -0.143718
-54.1953 71.3907 -1.06615 0.449795 -0.88302 -0.134016
-53.4809 71.8072 -1.47895 0.458906 -0.88042 -0.119437
-52.5952 72.3083 -1.82738 0.445942 -0.888527 -0.10796
-51.6722 72.7859 -2.08088 0.424041 -0.898328 -0.114874
-50.9129 73.191 -2.45545 0.434214 -0.892472 -0.121097
-50.0303 73.7088 -2.97413 0.449776 -0.885742 -0.114726
-49.0944 74.2002 -3.33417 0.430117 -0.897686 -0.095699
-47.9005 74.8018 -3.80439 0.423354 -0.902659 -0.0769552
-46.7194 75.4014 -4.11667 0.425642 -0.899644 -0.095924
-45.512 75.9742 -4.36205 0.405924 -0.908589 -0.0983975
-44.4975 76.434 -4.49594 0.387547 -0.916121 -0.102511
-43.6083 76.8171 -4.58588 0.385449 -0.916636 -0.105858
-42.362 77.3848 -4.87437 0.380837 -0.919959 -0.0908032
-40.991 77.9313 -4.85881 0.393215 -0.913586 -0.101687
-40.0647 78.2988 -4.64118 0.364169 -0.927826 -0.0807447
-39.0472 78.6742 -4.31713 0.382535 -0.91805 -0.104044
-37.8165 79.1707 -3.98086 0.395676 -0.914769 -0.0814742
-36.9126 79.5066 -3.59802 0.356893 -0.919848 -0.16281
-35.9549 79.8299 -3.16052 0.395135 -0.90225 -0.172664
-35.1109 80.0848 -2.76849 0.359731 -0.913252 -0.191216
-34.1936 80.356 -2.34657 0.345626 -0.914949 -0.208352
-33.1126 80.5684 -1.5161 0.328555 -0.917844 -0.222389
-32.1549 80.6774 -0.713899 0.293174 -0.925874 -0.238198
-31.4061 80.7479 -0.0875795 0.272382 -0.936 -0.221194
-30.6261 80.8345 0.611388 0.20237 -0.953727 -0.208096
-30.0023 80.7607 1.26232 0.12078 -0.959448 -0.254698
-29.364 80.6629 1.93367 0.152236 -0.955632 -0.250134
-28.6642 80.5653 2.66008 0.146064 -0.947502 -0.284438
-28.2121 80.4015 3.42594 0.131106 -0.931526 -0.339116
-27.7455 80.163 4.27565 0.127384 -0.934551 -0.332247
-27.3815 79.928 5.07488 0.124639 -0.936141 -0.328756
-27.0562 79.6447 6.01572 0.100788 -0.930336 -0.350869
-26.7261 79.2572 7.10164 0.023583 -0.950354 -0.310277
-26.51 78.92 8.0245 0.0118593 -0.931432 -0.363723
-26.3333 78.4968 9.06776 -0.0247019 -0.930442 -0.365605
-26.1907 78.105 10.0192 -0.071762 -0.918947 -0.386985
-25.7063 77.6477 11.1881 -0.0793881 -0.943149 -0.32275
-25.535 77.2736 12.0116 -0.145297 -0.911817 -0.38403
-25.3764 76.8869 12.8884 -0.120352 -0.903155 -0.4121
-25.0167 76.293 14.0836 -0.125229 -0.906659 -0.402682
-24.796 75.8563 14.9938 -0.146489 -0.895543 -0.42017
-24.7818 75.3406 16.1072 -0.0933967 -0.89909 -0.426655
-24.6121 74.9348 16.8952 -0.117122 -0.88778 -0.444864
-24.5233 74.2893 18.1337 -0.130864 -0.884454 -0.447901
-24.6062 73.8435 18.9878 -0.105706 -0.859126 -0.500729
-24.8835 72.969 20.4865 -0.125229 -0.841836 -0.524928
-25.1508 72.2306 21.7501 -0.129626 -0.840637 -0.52584
-25.3947 71.696 22.6595 -0.128964 -0.842744 -0.522625
-25.6657 71.2661 23.4251 -0.131686 -0.845253 -0.517877
-25.9614 70.7974 24.2752 -0.133125 -0.848016 -0.512978
-26.581 70.0162 25.6212 -0.154516 -0.824816 -0.543879
-27.3002 69.3143 26.8856 -0.173368 -0.823188 -0.540653
-27.8386 68.9109 27.6971 -0.166059 -0.837128 -0.521193
-28.4936 68.5417 28.5009 -0.166636 -0.838069 -0.519493
-29.1538 68.2347 29.2597 -0.181753 -0.86656 -0.464479
-29.6968 67.9264 30.0634 -0.21789 -0.865313 -0.450745
-30.6592 67.7067 31.0038 -0.200769 -0.86505 -0.458317
-31.3312 67.4748 31.6616 -0.151143 -0.862526 -0.482912
-32.2242 67.2707 32.315 -0.144177 -0.872757 -0.466356
-32.9848 67.0406 32.9979 -0.175807 -0.861774 -0.475855
-33.8684 66.8286 33.5566 -0.0982967 -0.840148 -0.533375
-34.9562 66.6209 34.1121 -0.0578425 -0.885712 -0.460618
-35.8298 66.3884 34.7211 -0.0848285 -0.898639 -0.430408
-36.6771 66.2356 35.2917 -0.0311226 -0.925684 -0.372816
-37.4155 65.7456 36.2538 0.0795596 -0.907404 -0.412659
-37.8717 65.4009 36.9762 0.106292 -0.916775 -0.384208
-38.7064 64.6941 38.2567 0.119321 -0.894774 -0.430151
-39.2037 64.2791 39.0892 0.0825411 -0.951582 -0.296106
-39.9617 63.6895 40.3929 0.133894 -0.924108 -0.357464
-40.8273 63.1758 41.3263 0.147907 -0.917532 -0.369131
-41.4806 62.7666 41.8549 0.27696 -0.847332 -0.453125
-42.3339 62.2714 42.2731 0.267871 -0.852478 -0.448918
-43.5344 61.7603 42.5072 0.279198 -0.851006 -0.444789
-45.0085 61.3336 42.382 0.287115 -0.858151 -0.425608
-46.1811 61.1189 41.9737 0.318206 -0.859733 -0.399505
-47.0423 60.9899 41.6392 0.279371 -0.875719 -0.393787
-48.067 60.8628 41.1569 0.302302 -0.870672 -0.388
-48.9178 60.8213 40.5964 0.293838 -0.881277 -0.370099
-49.8428 60.7288 40.0907 0.299705 -0.878724 -0.37143
-50.9538 60.7304 39.1375 0.323311 -0.87717 -0.354764
-51.8545 60.5526 38.6762 0.357415 -0.875603 -0.32492
-52.9356 60.2236 38.3666 0.364754 -0.876351 -0.314586
-53.8876 59.9701 38.029 0.350426 -0.889464 -0.293353
-54.7801 59.7924 37.5113 0.333673 -0.895342 -0.294987
-55.7611 59.6785 36.7516 0.336191 -0.890015 -0.307724
-56.4793 59.605 36.1977 0.33989 -0.885894 -0.315666
-57.1751 59.759 34.9981 0.340027 -0.886942 -0.312595
-57.7406 59.7927 34.2978 0.346298 -0.878741 -0.328469
-58.2484 59.9286 33.3988 0.343609 -0.878763 -0.3312
-58.6687 60.0764 32.6046 0.335967 -0.877079 -0.343305
-58.9644 60.2882 31.775 0.334566 -0.874299 -0.35156
-59.1466 60.5639 30.9375 0.334044 -0.871294 -0.359529
-59.42 60.9436 29.7506 0.347519 -0.864636 -0.362647
-59.54 61.2793 28.8562 0.353785 -0.859073 -0.369906
-59.658 61.6104 27.9759 0.352729 -0.861814 -0.364483
-59.7312 62.1476 26.6141 0.350818 -0.865485 -0.357579
-59.8704 62.466 25.659 0.342936 -0.872633 -0.347716
-59.9571 62.7768 24.7643 0.358753 -0.879916 -0.310656
-60.0945 63.1432 23.3139 0.375845 -0.901873 -0.212765
-60.5075 63.3253 21.931 0.341262 -0.905831 -0.250919
-60.8637 63.4739 20.8533 0.349879 -0.910105 -0.22202
-61.2512 63.6316 19.6625 0.333342 -0.912256 -0.237869
-61.5852 63.8165 18.523 0.340884 -0.903292 -0.260046
-61.8406 63.996 17.6125 0.359869 -0.89645 -0.257675
-61.9579 64.3024 16.1981 0.362903 -0.906223 -0.216938
-61.8824 64.6339 14.9874 0.358747 -0.905151 -0.228039
-61.8875 64.8354 14.1045 0.364121 -0.908694 -0.204166
-61.8701 65.0062 13.3658 0.381547 -0.897129 -0.220908
-61.8689 65.0201 13.3168 0.397918 -0.885395 -0.240287
