-44.1872 73.5014 18.444 0.296607 -0.894277 -0.334458
-43.8772 73.9085 17.5223 0.332369 -0.90097 -0.2789
-44.1301 74.203 16.2708 0.33245 -0.9008 -0.27935
-44.6214 73.8727 16.7515 0.326664 -0.901397 -0.284109
-44.8826 73.3977 17.9481 0.34671 -0.894902 -0.280966
-44.2517 73.4461 18.5279 0.303949 -0.88321 -0.357075
-43.6558 73.3367 19.3053 0.298543 -0.886476 -0.353599
-44.3212 72.8704 19.8735 0.302101 -0.882103 -0.361347
-45.1871 72.5439 19.9431 0.302329 -0.878907 -0.368945
-45.5432 72.8573 18.9046 0.346739 -0.871453 -0.342986
-45.7127 73.0615 18.037 0.335412 -0.905742 -0.259094
-45.5925 73.4975 16.7767 0.362231 -0.887233 -0.285667
-45.2314 73.9392 15.8629 0.348702 -0.891093 -0.290074
-44.6471 74.3332 15.1111 0.335837 -0.918278 -0.209713
-43.9305 74.7033 14.6566 0.339849 -0.915805 -0.214018
-43.363 74.8308 14.9666 0.304904 -0.92552 -0.224603
-43.0932 74.5449 16.3438 0.297459 -0.914786 -0.273267
-43.0142 74.1093 17.7932 0.277629 -0.908233 -0.313106
-43.1648 73.762 18.6537 0.296598 -0.89428 -0.334459
-43.349 73.5823 18.9488 0.298538 -0.886479 -0.353595
-42.6815 73.5037 19.6774 0.261161 -0.896248 -0.358516
-43.4449 72.9739 20.3618 0.311317 -0.872867 -0.375746
-44.1318 72.5322 20.8371 0.300285 -0.879863 -0.368333
-44.9104 72.1085 21.2177 0.30212 -0.873892 -0.38057
-45.6533 71.9118 21.0416 0.351843 -0.85345 -0.384441
-46.0831 72.207 20.01 0.376988 -0.850596 -0.364768
-46.3284 72.4099 19.1552 0.391144 -0.864001 -0.317031
-46.5484 72.6414 18.2749 0.388368 -0.861522 -0.327032
-46.5658 73.0054 17.1613 0.371498 -0.89088 -0.257807
-46.3491 73.3661 16.2115 0.41256 -0.880893 -0.2318
-45.7866 73.9108 15.0364 0.374362 -0.902313 -0.212674
-45.1203 74.3613 14.1906 0.360196 -0.909896 -0.205768
-44.0725 74.939 13.4412 0.332518 -0.918562 -0.213548
-43.0701 75.3567 13.1623 0.317607 -0.923979 -0.212838
-42.6315 75.3236 13.9304 0.301728 -0.924698 -0.231541
-42.4548 75.1385 14.8344 0.287674 -0.929211 -0.231301
-42.3419 74.9545 15.7146 0.26368 -0.932483 -0.246878
-42.135 74.6932 16.876 0.259092 -0.929802 -0.261291
-42.1238 74.2732 18.1305 0.289998 -0.906505 -0.30684
-42.3426 73.8243 19.1229 0.261612 -0.895867 -0.35914
-42.393 73.7759 19.207 0.261163 -0.896249 -0.358512
-41.4899 73.9121 19.5144 0.223729 -0.896631 -0.381413
-41.2342 74.3394 18.623 0.237448 -0.900771 -0.363634
-41.1746 74.7214 17.6159 0.228532 -0.923325 -0.30737
-41.2659 74.9868 16.6722 0.252108 -0.930603 -0.265368
-41.4733 75.2337 15.5893 0.264672 -0.932131 -0.247145
-41.5799 75.4547 14.6497 0.270865 -0.930766 -0.245573
-41.7786 75.7261 13.4211 0.2796 -0.927087 -0.249581
-42.0886 75.8886 12.4138 0.330045 -0.916836 -0.22436
-43.1862 75.5525 12.1302 0.33554 -0.919975 -0.202267
-44.3236 75.0471 12.4779 0.357227 -0.917596 -0.174374
-45.0494 74.6797 12.8912 0.366003 -0.911733 -0.186505
-45.7604 74.2841 13.4113 0.360193 -0.909896 -0.205776
-46.3348 73.8516 14.2298 0.402331 -0.89388 -0.197757
-46.9724 73.3053 15.2898 0.412831 -0.883736 -0.220373
-47.3619 72.8348 16.4253 0.429244 -0.875406 -0.221776
-47.4558 72.3945 17.7089 0.450517 -0.8534 -0.262188
-47.3145 72.1341 18.634 0.424307 -0.85141 -0.308172
-47.0268 71.8886 19.6867 0.401783 -0.853377 -0.332031
-46.7102 71.6404 20.6831 0.376992 -0.850591 -0.364775
-46.4102 71.2954 21.7284 0.352807 -0.855474 -0.379065
-45.7325 71.0709 22.8231 0.327494 -0.863335 -0.383927
-45.0051 71.5326 22.4158 0.317015 -0.862421 -0.394423
-44.0245 72.1224 21.8602 0.269255 -0.874792 -0.402316
-43.2899 72.5764 21.3655 0.25306 -0.869919 -0.423193
-42.3662 73.1425 20.7131 0.244683 -0.877932 -0.411539
-41.6591 73.726 19.8386 0.224183 -0.887843 -0.401662
-41.5506 73.8268 19.6731 0.211255 -0.891268 -0.401256
-40.6917 73.8035 20.1771 0.211265 -0.891265 -0.401256
-40.4216 74.2054 19.4207 0.198167 -0.895237 -0.398914
-40.2766 74.6501 18.3816 0.16597 -0.927911 -0.333819
-40.2682 75.0219 17.3252 0.186242 -0.929947 -0.317036
-40.4725 75.359 16.1277 0.224623 -0.934423 -0.274729
-40.6653 75.6598 14.8582 0.265104 -0.930385 -0.253189
-40.8006 75.9468 13.6745 0.274262 -0.927356 -0.254539
-41.0263 76.1784 12.5452 0.274153 -0.933577 -0.230813
-41.3694 76.2854 11.6687 0.279047 -0.936615 -0.211863
-42.2094 76.1362 11.0265 0.336536 -0.92242 -0.189434
-43.0554 75.8141 11.0755 0.35555 -0.918853 -0.170888
-43.958 75.4256 11.3136 0.354548 -0.915604 -0.189488
-45 74.9224 11.7412 0.357739 -0.919354 -0.163739
-46.0116 74.4043 12.3397 0.371204 -0.90993 -0.185026
-46.8376 73.8411 13.287 0.395179 -0.893512 -0.213236
-47.4035 73.3662 14.1993 0.433118 -0.878218 -0.202834
-47.8759 72.8999 15.1373 0.442902 -0.868982 -0.220698
-48.2482 72.4056 16.3128 0.448064 -0.864692 -0.227038
-48.3115 72.068 17.3311 0.439649 -0.857086 -0.268538
-48.2118 71.784 18.3739 0.440586 -0.850103 -0.287586
-47.9665 71.5435 19.3979 0.424465 -0.851493 -0.307813
-47.6072 71.2645 20.5594 0.402737 -0.849959 -0.339666
-47.254 70.9126 21.8051 0.39673 -0.843336 -0.362477
-46.9585 70.5454 22.916 0.34712 -0.856074 -0.382943
-46.6491 70.2417 23.8702 0.337942 -0.858078 -0.386647
-46.0784 70.3056 24.2279 0.337998 -0.858441 -0.385794
-45.0719 70.9736 23.5766 0.28758 -0.867538 -0.405801
-44.3883 71.403 23.1431 0.28757 -0.867547 -0.40579
-43.3923 71.9948 22.539 0.251121 -0.881608 -0.399633
-42.3071 72.625 21.8347 0.24395 -0.874012 -0.420229
-41.5687 73.0934 21.2717 0.197238 -0.88614 -0.419326
-41.01 73.5092 20.659 0.212503 -0.890043 -0.403319
-40.1427 73.4701 21.1368 0.177086 -0.885473 -0.429627
-39.6807 73.9554 20.3238 0.180972 -0.896198 -0.405066
-39.4175 74.3995 19.4527 0.172814 -0.910336 -0.374865
-39.3086 74.7762 18.5122 0.162638 -0.925298 -0.342462
-39.3132 75.1701 17.4249 0.167679 -0.926433 -0.337055
-39.4512 75.4597 16.5144 0.194271 -0.933161 -0.301703
-39.642 75.7035 15.5889 0.211444 -0.933537 -0.289481
-39.7912 75.9704 14.6307 0.210965 -0.932232 -0.294003
-39.8969 76.2332 13.6065 0.275164 -0.92727 -0.253881
-40.0939 76.4665 12.4593 0.262149 -0.939564 -0.220221
-40.4505 76.6319 11.3324 0.261882 -0.939361 -0.221401
-41.0795 76.6564 10.3976 0.27888 -0.937275 -0.209146
-42.3441 76.3034 9.97304 0.335629 -0.922852 -0.188934
-43.1807 75.946 10.1059 0.355544 -0.918854 -0.170896
-44.3688 75.4265 10.4498 0.374398 -0.914067 -0.155506
-45.315 74.9603 10.8405 0.358722 -0.919037 -0.163364
-46.2565 74.5005 11.3227 0.375194 -0.910685 -0.172865
-47.0551 74.0323 11.9726 0.435793 -0.884944 -0.163231
-47.6246 73.5655 12.8103 0.443661 -0.8744 -0.196442
-48.1644 73.1092 13.6868 0.432494 -0.880305 -0.194787
-48.5692 72.7038 14.4936 0.452445 -0.866259 -0.211872
-48.9167 72.2961 15.3931 0.460045 -0.859246 -0.223719
-49.1205 71.9464 16.3056 0.462088 -0.856994 -0.228113
-49.1689 71.6414 17.2173 0.458844 -0.845229 -0.273953
-49.0538 71.3043 18.4504 0.45732 -0.846324 -0.27312
-48.7428 71.0522 19.6758 0.437197 -0.843249 -0.312422
-48.4642 70.8414 20.6022 0.40382 -0.846849 -0.346013
-48.0952 70.4896 21.8685 0.400824 -0.843532 -0.357425
-47.8624 70.2413 22.703 0.396196 -0.844285 -0.360848
-47.6387 69.8669 23.7764 0.36344 -0.847063 -0.387806
-47.3234 69.4098 25.0669 0.362174 -0.846919 -0.389302
-46.9049 69.2191 25.8263 0.357266 -0.839348 -0.409702
-46.0841 69.7365 25.4445 0.326461 -0.84393 -0.425682
-45.2539 70.3106 24.8403 0.297872 -0.85865 -0.417124
-44.509 70.8071 24.3291 0.287426 -0.866222 -0.408711
-43.735 71.2936 23.8293 0.26881 -0.869476 -0.414432
-42.9564 71.7326 23.3566 0.232233 -0.886615 -0.399977
-42.1332 72.1949 22.842 0.243014 -0.877459 -0.413533
-41.4533 72.5927 22.3923 0.173179 -0.885062 -0.431991
-40.7637 73.0206 21.8042 0.19724 -0.88614 -0.419324
-40.3684 73.2995 21.3954 0.177085 -0.885475 -0.429623
-39.5501 73.2155 21.9053 0.162527 -0.881746 -0.442598
-40.189 72.7585 22.5658 0.176214 -0.881305 -0.438464
-40.9683 72.2985 23.2007 0.170617 -0.8886 -0.425769
-42.1497 71.6685 23.9339 0.203872 -0.887198 -0.413899
-42.947 71.2481 24.4359 0.250519 -0.878047 -0.407203
-43.6592 70.8163 24.875 0.26977 -0.867941 -0.417017
-44.4972 70.2838 25.4619 0.282389 -0.873662 -0.395624
-45.2507 69.7768 26.0016 0.313385 -0.856841 -0.408798
-46.155 69.0547 26.7446 0.327589 -0.844207 -0.424263
-46.8033 68.5361 27.2687 0.316634 -0.847252 -0.426506
-47.5067 67.983 27.8453 0.329112 -0.845338 -0.420587
-47.811 68.4128 26.7203 0.3416 -0.843417 -0.414677
-48.0992 68.856 25.5655 0.353305 -0.848771 -0.392924
-48.3114 69.1849 24.6181 0.367236 -0.846939 -0.384382
-48.521 69.4935 23.7161 0.407347 -0.836047 -0.367549
-48.6958 69.8083 22.801 0.396195 -0.844285 -0.36085
-48.9673 70.105 21.7968 0.401402 -0.843281 -0.357427
-49.417 70.4811 20.2433 0.445968 -0.842464 -0.30227
-49.7444 70.6988 19.1763 0.450852 -0.83758 -0.308531
-49.9339 70.8944 18.2797 0.452655 -0.85175 -0.263864
-50.0228 71.2153 17.1106 0.453134 -0.849012 -0.271751
-49.9533 71.5679 16.0202 0.474273 -0.85304 -0.217686
-49.6892 72.015 14.8629 0.474797 -0.85132 -0.223209
-49.3686 72.3901 14.069 0.453909 -0.866381 -0.208167
-48.8992 72.8348 13.2004 0.451396 -0.873371 -0.182935
-48.4206 73.2503 12.3935 0.452069 -0.874061 -0.177892
-47.9223 73.6724 11.5472 0.444503 -0.87862 -0.174479
-47.0859 74.2349 10.6908 0.432399 -0.891713 -0.133714
-46.2989 74.6813 10.2289 0.392068 -0.908116 -0.142245
-45.5178 75.0454 9.88937 0.367639 -0.915961 -0.160557
-44.6194 75.4784 9.53455 0.379837 -0.911034 -0.160327
-43.6644 75.9039 9.23374 0.362886 -0.921627 -0.137544
-42.6973 76.2858 9.053 0.332377 -0.934014 -0.13093
-41.6893 76.6629 9.04561 0.33622 -0.935916 -0.10362
-40.6986 76.9515 9.43617 0.293864 -0.949914 -0.106337
-40.0366 77.0287 10.0633 0.24642 -0.948092 -0.200996
-39.5064 76.9303 11.1495 0.243836 -0.946865 -0.209737
-39.234 76.7743 12.1218 0.233762 -0.944331 -0.231479
-39.0568 76.5921 13.0357 0.210383 -0.944427 -0.250815
-38.926 76.3179 14.0925 0.182765 -0.944496 -0.272993
-38.788 75.9978 15.2635 0.211204 -0.932885 -0.29174
-38.6289 75.7338 16.164 0.153553 -0.935549 -0.31717
-38.4517 75.4342 17.1248 0.149696 -0.933842 -0.324141
-38.3449 75.0909 18.0922 0.127017 -0.915784 -0.381059
-38.4177 74.5917 19.3137 0.11576 -0.927125 -0.356426
-38.6884 74.0712 20.495 0.162339 -0.900085 -0.404342
-39.0735 73.6081 21.3157 0.189818 -0.881087 -0.433191
-39.5387 73.2235 21.8933 0.16349 -0.872322 -0.460224
-38.6909 73.1094 22.4203 0.178605 -0.862234 -0.473976
-38.1287 73.6344 21.6128 0.0704309 -0.884882 -0.459489
-37.7389 74.0876 20.7554 0.0812134 -0.897712 -0.433013
-37.5044 74.5254 19.7571 0.0805273 -0.927906 -0.364013
-37.4224 74.9259 18.7998 0.125262 -0.913669 -0.386584
-37.417 75.3246 17.8464 0.132164 -0.914718 -0.381869
-37.5119 75.6213 16.9636 0.127394 -0.940712 -0.314375
-37.709 75.9456 15.9169 0.132667 -0.936868 -0.323511
-37.8867 76.3282 14.7282 0.152751 -0.942383 -0.296469
-38.0731 76.6295 13.5848 0.168507 -0.946574 -0.274948
-38.2293 76.8879 12.5875 0.194587 -0.941794 -0.274154
-38.4538 77.1369 11.3842 0.229514 -0.948522 -0.218239
-38.743 77.2816 10.451 0.236675 -0.947694 -0.213988
-39.2546 77.3592 9.50226 0.25721 -0.941359 -0.218372
-39.9523 77.2841 8.75215 0.31798 -0.937717 -0.138608
-40.6982 77.087 8.27906 0.316242 -0.935385 -0.158161
-41.6811 76.7985 8.0345 0.315124 -0.935133 -0.161935
-42.6957 76.4322 8.09018 0.336372 -0.927267 -0.164408
-43.5671 76.0929 8.22144 0.334378 -0.93064 -0.147666
-44.3784 75.7356 8.46607 0.365265 -0.921014 -0.135333
-45.2867 75.3214 8.80862 0.369892 -0.919073 -0.135961
-46.5236 74.7106 9.27348 0.423946 -0.896716 -0.127161
-47.2594 74.3107 9.62439 0.431647 -0.892046 -0.133922
-48.0787 73.8175 10.2738 0.434681 -0.890088 -0.136995
-48.9192 73.1981 11.3738 0.451242 -0.874909 -0.175828
-49.4661 72.7061 12.4029 0.471568 -0.863899 -0.175639
-50.096 72.1026 13.5303 0.498278 -0.845455 -0.192148
-50.5447 71.567 14.688 0.49768 -0.843663 -0.201363
-50.7755 71.1654 15.8065 0.486332 -0.848504 -0.207995
-50.8672 70.8063 16.9298 0.472377 -0.84384 -0.254547
-50.8134 70.5091 17.9727 0.47382 -0.836394 -0.275563
-50.6523 70.2883 18.923 0.471089 -0.832674 -0.2906
-50.3319 70.076 20.0042 0.459349 -0.836276 -0.299376
-49.9723 69.8232 21.2456 0.458296 -0.835162 -0.30408
-49.7299 69.5797 22.1661 0.408092 -0.838169 -0.361848
-49.4777 69.2295 23.2549 0.407186 -0.836526 -0.366638
-49.2587 68.9265 24.2165 0.388574 -0.853999 -0.345971
-49.0446 68.5993 25.2184 0.372154 -0.848506 -0.376217
-48.8512 68.2592 26.1279 0.38443 -0.832163 -0.399647
-48.6925 67.875 27.0876 0.345774 -0.842509 -0.413039
-48.5418 67.4937 27.9863 0.342217 -0.843357 -0.414289
-47.9856 67.2043 29.0372 0.339835 -0.844051 -0.414827
-46.9662 67.7249 28.807 0.327754 -0.850507 -0.411173
-46.2009 68.373 28.0399 0.317434 -0.851906 -0.416373
-45.5672 68.8889 27.49 0.305316 -0.829435 -0.466801
-44.9171 69.4307 26.9409 0.317794 -0.843549 -0.432935
-43.9813 70.0872 26.2169 0.228609 -0.873651 -0.429503
-43.1922 70.5686 25.6494 0.219827 -0.871328 -0.438565
-42.209 71.1361 25.0222 0.207056 -0.871453 -0.444631
-41.2663 71.6192 24.4678 0.178449 -0.881352 -0.437464
-40.4128 72.0384 23.9395 0.14638 -0.886888 -0.438007
-39.6506 72.4567 23.3694 0.148006 -0.881247 -0.448886
-38.9825 72.8903 22.7367 0.148377 -0.882416 -0.446459
-38.8004 73.0147 22.5513 0.163492 -0.872326 -0.460216
-38.1682 72.7448 23.2514 0.0628438 -0.872541 -0.483961
-39.1529 72.1325 24.1654 0.0832392 -0.869065 -0.48763
-40.3412 71.5449 24.995 0.161649 -0.886924 -0.432315
-41.3799 71.0217 25.5904 0.181035 -0.871673 -0.455426
-42.2805 70.5529 26.1378 0.192869 -0.880115 -0.43345
-43.1948 70.0118 26.7832 0.211502 -0.871487 -0.44241
-43.8512 69.5924 27.2719 0.22215 -0.866366 -0.447279
-44.5684 69.0822 27.8593 0.332085 -0.816694 -0.471942
-45.1801 68.533 28.379 0.303141 -0.839405 -0.449023
-45.777 68.0517 28.9712 0.273116 -0.861974 -0.42709
-46.4109 67.5205 29.6361 0.287864 -0.854421 -0.432221
-47.0778 67.0073 30.1682 0.31915 -0.845077 -0.428426
-48.0618 66.6787 30.0641 0.323962 -0.852471 -0.410294
-48.8162 66.6213 29.5602 0.340292 -0.849639 -0.402884
-49.2578 66.8175 28.787 0.337373 -0.847698 -0.409375
-49.4926 67.2297 27.7289 0.350117 -0.841408 -0.411644
-49.5976 67.5876 26.8646 0.372664 -0.851455 -0.368979
-49.8044 68.038 25.6687 0.392006 -0.831074 -0.39445
-50.0505 68.4651 24.4571 0.40307 -0.844477 -0.3524
-50.268 68.7541 23.5012 0.391546 -0.850522 -0.351147
-50.5379 69.0943 22.3073 0.445724 -0.831382 -0.33174
-50.8665 69.4038 21.0466 0.459261 -0.834135 -0.305448
-51.2173 69.6428 19.8375 0.473801 -0.829517 -0.29566
-51.5091 69.8313 18.836 0.474489 -0.83297 -0.284499
-51.712 70.194 17.3918 0.492198 -0.831175 -0.257095
-51.6831 70.485 16.3634 0.514152 -0.829228 -0.219156
-51.5765 70.7853 15.4109 0.504457 -0.83971 -0.200872
-51.3746 71.1301 14.459 0.507395 -0.839791 -0.193134
-50.9907 71.6165 13.3373 0.504081 -0.842821 -0.18856
-50.5849 72.0347 12.5508 0.494657 -0.849977 -0.18089
-50.0969 72.4849 11.6714 0.495018 -0.853703 -0.161705
-49.7075 72.8409 10.9267 0.489606 -0.859012 -0.149614
-49.1542 73.2944 10.0097 0.473866 -0.871879 -0.12347
-48.4014 73.8067 9.22729 0.454569 -0.883282 -0.113101
-47.2905 74.4513 8.51723 0.445509 -0.886674 -0.123816
-46.4648 74.8873 8.24584 0.426001 -0.894968 -0.132498
-45.5355 75.3508 7.90845 0.372567 -0.918549 -0.132141
-44.6254 75.7748 7.56839 0.37083 -0.917902 -0.141069
-43.4363 76.3033 7.23347 0.369562 -0.91766 -0.146026
-42.3642 76.7274 7.07139 0.32556 -0.932088 -0.158818
-41.1811 77.1252 7.10736 0.31101 -0.937054 -0.158754
-40.293 77.3728 7.4243 0.342039 -0.921514 -0.183904
-39.1912 77.6177 8.14972 0.319076 -0.930433 -0.180235
-38.4637 77.7016 8.95806 0.252867 -0.942311 -0.219289
-37.92 77.602 9.99806 0.248523 -0.943267 -0.220189
-37.6132 77.446 10.9372 0.237628 -0.94409 -0.228277
-37.3864 77.1636 12.1615 0.160653 -0.948369 -0.273471
-37.1841 76.8571 13.3391 0.167125 -0.947389 -0.272991
-36.9936 76.6159 14.2526 0.128338 -0.941477 -0.311679
-36.8825 76.286 15.2845 0.135476 -0.937213 -0.321319
-36.6458 75.9202 16.4097 0.12314 -0.938669 -0.321918
-36.4889 75.5427 17.6092 0.0912933 -0.935898 -0.337871
-36.4821 74.9692 18.983 0.118546 -0.9132 -0.389885
-36.6185 74.3622 20.3692 0.0996166 -0.920841 -0.376251
-36.9137 73.8424 21.3711 0.03905 -0.879888 -0.473395
-37.5663 73.1696 22.5186 0.0499084 -0.876792 -0.478183
-37.9118 72.9169 22.9572 0.042638 -0.878976 -0.47495
-37.0361 72.7653 23.3055 0.0301548 -0.876796 -0.479916
-36.3832 73.2815 22.4317 0.0400125 -0.871396 -0.488946
-35.9415 73.8248 21.4755 0.0383121 -0.884367 -0.465189
-35.6603 74.3983 20.4176 0.0455843 -0.898334 -0.435508
-35.522 74.9951 19.0891 0.0517236 -0.912645 -0.405467
-35.4987 75.4807 17.9344 0.0621381 -0.926808 -0.370281
-35.6496 75.9473 16.7153 0.091288 -0.935901 -0.337864
-35.8772 76.3151 15.5685 0.116599 -0.938511 -0.324964
-35.9411 76.6437 14.6021 0.128348 -0.941476 -0.311681
-36.2578 77.0551 13.1386 0.149777 -0.945114 -0.289926
-36.4847 77.3828 11.9666 0.164087 -0.944602 -0.284259
-36.6256 77.6276 11.0507 0.181955 -0.947852 -0.261179
-36.9629 77.86 9.90895 0.195839 -0.944492 -0.263617
-37.3985 78.0243 8.77308 0.24745 -0.943797 -0.219124
-38.0145 78.0362 8.00461 0.273467 -0.94164 -0.194131
-39.0664 77.8767 7.0338 0.316543 -0.930685 -0.183328
-39.9208 77.6931 6.51147 0.328013 -0.92623 -0.185165
-40.9651 77.3934 6.13731 0.310407 -0.932063 -0.186829
-41.9922 77.0387 6.05375 0.351837 -0.919892 -0.173234
-43.3163 76.5219 6.22245 0.361118 -0.919468 -0.155181
-44.3496 76.0594 6.49052 0.384891 -0.910023 -0.152817
-45.1502 75.6814 6.74556 0.379171 -0.91587 -0.13195
-46.2229 75.1674 7.15165 0.415904 -0.899797 -0.131392
-47.1074 74.7037 7.45256 0.431588 -0.890896 -0.141128
-47.9609 74.2284 7.75496 0.442817 -0.885 -0.143834
-48.9157 73.64 8.36027 0.466807 -0.875405 -0.124753
-49.5195 73.2407 8.93303 0.473813 -0.873091 -0.11489
-50.1724 72.7543 9.84663 0.491619 -0.861534 -0.126256
-50.6186 72.3584 10.7155 0.493296 -0.858079 -0.142452
-51.0505 71.9683 11.4952 0.487808 -0.857967 -0.161046
-51.6153 71.4242 12.5348 0.502529 -0.842955 -0.192074
-52.043 70.9007 13.7242 0.493271 -0.847968 -0.193992
-52.3085 70.4909 14.7989 0.507045 -0.836644 -0.207199
-52.4902 70.1215 15.8531 0.491152 -0.843127 -0.218604
-52.5489 69.8583 16.729 0.507347 -0.834428 -0.21524
-52.5401 69.5945 17.6909 0.51176 -0.825599 -0.237673
-52.2853 69.2856 19.1189 0.476319 -0.829203 -0.292475
-51.9747 69.1171 20.0988 0.473124 -0.832656 -0.287685
-51.6594 68.9452 21.1451 0.45951 -0.83809 -0.29342
-51.381 68.6811 22.2239 0.446768 -0.833435 -0.325245
-51.0822 68.3155 23.5483 0.443878 -0.83053 -0.336439
-50.8372 67.968 24.702 0.435028 -0.829251 -0.350847
-50.6231 67.5891 25.7959 0.390541 -0.838069 -0.380943
-50.4776 67.1601 26.9134 0.396795 -0.841233 -0.36726
-50.3708 66.8097 27.806 0.40423 -0.831739 -0.380483
-50.1951 66.4398 28.7495 0.363597 -0.837369 -0.408178
-49.6981 66.0911 29.9138 0.359216 -0.840274 -0.406039
-48.9496 66.0933 30.5509 0.344953 -0.845143 -0.408338
-48.1622 66.1861 30.9962 0.326714 -0.847238 -0.418833
-47.2268 66.3459 31.3852 0.316879 -0.849831 -0.421158
-46.4402 66.801 31.0469 0.302142 -0.858987 -0.413342
-45.8556 67.2947 30.4523 0.287876 -0.854419 -0.432216
-45.2836 67.7769 29.8417 0.273148 -0.862124 -0.426767
-44.5223 68.4055 29.0616 0.303136 -0.839402 -0.449032
-43.8253 68.9753 28.439 0.22868 -0.849057 -0.476243
-42.7807 69.6863 27.6106 0.213289 -0.868063 -0.448302
-42.002 70.1757 27.0278 0.192869 -0.880115 -0.43345
-41.1003 70.6326 26.4566 0.153189 -0.878626 -0.451167
-40.0136 71.1217 25.8394 0.109546 -0.863665 -0.492019
-38.8034 71.6649 25.0661 0.0820166 -0.871166 -0.484089
-37.9341 72.1736 24.3003 0.0832392 -0.869065 -0.48763
-37.3443 72.5527 23.6744 0.0301618 -0.876796 -0.479915
-36.5894 72.3089 24.1668 0.0298305 -0.87661 -0.480275
-35.9547 72.752 23.4046 0.0332084 -0.869034 -0.493636
-35.4073 73.2177 22.6101 0.00934492 -0.873001 -0.487629
-34.9479 73.7498 21.6268 -0.00865276 -0.88267 -0.469808
-34.7605 74.1706 20.8491 -0.00763013 -0.875796 -0.482573
-34.5705 74.7799 19.649 0.00951831 -0.906877 -0.421289
-34.5275 75.1703 18.8153 0.0403295 -0.91297 -0.405369
-34.565 75.6766 17.5975 0.0587051 -0.926638 -0.371344
-34.7772 76.1194 16.4121 0.0633749 -0.937193 -0.343005
-34.9303 76.4288 15.5557 0.0840046 -0.935413 -0.343202
-34.9907 76.7442 14.6273 0.101644 -0.94105 -0.322634
-35.2021 77.0985 13.5194 0.12048 -0.938698 -0.322798
-35.4741 77.464 12.2801 0.161559 -0.942205 -0.293349
-35.6122 77.7017 11.4166 0.169871 -0.94217 -0.288892
-35.7816 77.9245 10.5612 0.170733 -0.947043 -0.271954
-36.0107 78.1304 9.66167 0.196666 -0.941826 -0.272556
-36.3835 78.3357 8.56434 0.246329 -0.941808 -0.228534
-37.0096 78.3925 7.61193 0.261271 -0.941101 -0.214631
-37.9393 78.2973 6.76581 0.299765 -0.934999 -0.189522
-38.7125 78.1834 6.12543 0.305013 -0.932071 -0.195062
-39.751 77.9456 5.55264 0.331344 -0.925115 -0.184975
-40.6649 77.6839 5.21566 0.304461 -0.93078 -0.202365
-41.8652 77.2757 5.06794 0.353447 -0.918331 -0.178167
-43.0376 76.8033 5.16157 0.353764 -0.921303 -0.161405
-43.9189 76.4426 5.28836 0.353862 -0.922224 -0.155733
-44.6926 76.0587 5.54718 0.393616 -0.90783 -0.144343
-45.5753 75.6419 5.82207 0.406624 -0.904412 -0.126156
-46.4328 75.2058 6.16857 0.409897 -0.903825 -0.122817
-47.2609 74.7803 6.49982 0.431595 -0.890891 -0.141138
-48.1112 74.311 6.73531 0.465841 -0.876869 -0.118712
-49.1522 73.6714 7.36583 0.463098 -0.877062 -0.127388
-50.0365 73.0902 8.06082 0.470034 -0.872615 -0.132705
-50.8749 72.4371 9.27561 0.481852 -0.866815 -0.127746
-51.3837 72.008 10.2374 0.473719 -0.869885 -0.137444
-51.9061 71.5446 11.1498 0.49044 -0.857336 -0.156348
-52.4361 71.0207 12.1534 0.509585 -0.840063 -0.186058
-52.7879 70.6072 13.0543 0.501697 -0.844988 -0.185186
-53.0122 70.2747 13.9678 0.500744 -0.845019 -0.187592
-53.3349 69.7452 15.4068 0.491153 -0.843127 -0.218602
-53.4062 69.3408 16.7166 0.506653 -0.828557 -0.238272
-53.327 69.0034 18.0481 0.514559 -0.82046 -0.248843
-53.1108 68.7993 19.1187 0.50196 -0.819341 -0.276071
-52.8098 68.6265 20.1576 0.474349 -0.837808 -0.270315
-52.3506 68.3828 21.5975 0.481166 -0.817555 -0.316175
-52.0421 68.0243 22.9363 0.465601 -0.821225 -0.329855
-51.7113 67.6243 24.4233 0.446671 -0.833156 -0.326024
-51.5412 67.3049 25.4221 0.426306 -0.836049 -0.345378
-51.3651 66.912 26.5247 0.404243 -0.834945 -0.373089
-51.274 66.519 27.4719 0.408471 -0.828166 -0.383786
-51.0964 66.048 28.6715 0.408052 -0.827122 -0.386474
-50.8591 65.6873 29.7091 0.376004 -0.839778 -0.391157
-50.2278 65.4957 30.6773 0.359216 -0.840271 -0.406044
-49.2331 65.5889 31.3599 0.346284 -0.847063 -0.40307
-48.2363 65.7316 31.8731 0.327265 -0.852782 -0.407014
-47.3542 65.8555 32.3149 0.320752 -0.855209 -0.407081
-46.4758 66.0717 32.519 0.277487 -0.860372 -0.427506
-45.6782 66.7168 31.7405 0.278787 -0.860483 -0.42643
-44.9419 67.3638 30.9014 0.272146 -0.86582 -0.419871
-44.2828 67.9207 30.169 0.2213 -0.867359 -0.445774
-43.5539 68.4841 29.4594 0.237118 -0.857216 -0.457117
-42.935 68.9517 28.9186 0.209691 -0.859451 -0.465451
-41.8801 69.6264 28.0655 0.183698 -0.862214 -0.471799
-41.2332 70.012 27.5634 0.134415 -0.865333 -0.482837
-40.3977 70.3926 27.0756 0.106188 -0.8776 -0.467484
-39.5515 70.748 26.6007 0.119312 -0.880974 -0.457568
-38.7793 71.073 26.1543 0.100985 -0.879561 -0.464945
-38.0789 71.3954 25.6642 0.0713212 -0.879058 -0.470845
-37.4283 71.7712 25.0949 0.0517115 -0.872469 -0.485418
-36.8284 72.1474 24.4468 0.0298301 -0.876611 -0.480275
-36.0241 71.9188 24.8988 0.0156356 -0.876426 -0.481282
-36.6063 71.5439 25.5739 0.0438366 -0.880527 -0.471965
-37.4528 71.0914 26.3552 0.0362023 -0.884729 -0.464697
-38.2229 70.7516 26.883 0.0974169 -0.887191 -0.450699
-39.1704 70.3902 27.4204 0.113146 -0.889576 -0.442064
-40.3271 69.9151 28.0451 0.144004 -0.894602 -0.422704
-40.9864 69.5468 28.5554 0.166907 -0.876989 -0.450591
-41.8775 69.0027 29.2487 0.185607 -0.873448 -0.45005
-42.7997 68.364 30.0656 0.214162 -0.859206 -0.464651
-43.6226 67.739 30.8733 0.22708 -0.881391 -0.414227
-44.2838 67.2145 31.6065 0.238702 -0.873527 -0.424231
-44.9648 66.6052 32.4282 0.274963 -0.859493 -0.430891
-45.627 65.9876 33.2448 0.278376 -0.863238 -0.421102
-46.7448 65.4824 33.5877 0.264085 -0.880881 -0.39282
-47.6018 65.3747 33.1346 0.322564 -0.858929 -0.397736
-48.4293 65.2661 32.6981 0.333636 -0.854005 -0.399015
-49.6103 65.0984 32.0646 0.33779 -0.848003 -0.408396
-50.5197 64.9672 31.5387 0.353419 -0.847246 -0.396571
-51.3802 64.9702 30.7448 0.360065 -0.844095 -0.397278
-51.7377 65.1974 29.8816 0.392315 -0.837541 -0.380283
-51.9637 65.5536 28.864 0.39908 -0.836241 -0.375992
-52.123 65.9063 27.8972 0.406149 -0.835197 -0.370795
-52.2249 66.2676 26.9913 0.418103 -0.827815 -0.374048
-52.2966 66.6266 26.1061 0.41917 -0.830787 -0.366183
-52.4182 66.9663 25.1211 0.445299 -0.831437 -0.332296
-52.5542 67.2613 24.1862 0.454493 -0.832426 -0.317017
-52.7583 67.4951 23.282 0.457914 -0.83148 -0.314544
-53.0608 67.8035 22.0109 0.468409 -0.823986 -0.31854
-53.4435 68.0406 20.7922 0.471466 -0.826374 -0.307939
-53.743 68.1923 19.8272 0.491658 -0.828404 -0.268357
-54.022 68.3732 18.7256 0.490336 -0.834881 -0.250087
-54.2019 68.5711 17.7496 0.470428 -0.847931 -0.243417
-54.263 68.8587 16.5711 0.506659 -0.828553 -0.238271
-54.1755 69.3243 15.1094 0.505788 -0.835432 -0.213966
-54.0105 69.6194 14.248 0.500895 -0.844333 -0.190278
-53.7562 70.0005 13.208 0.502526 -0.845405 -0.180937
-53.3347 70.5128 11.9899 0.505208 -0.84312 -0.184158
-52.9069 70.9626 11.0892 0.508728 -0.84463 -0.166721
-52.3676 71.4664 10.1397 0.491588 -0.856241 -0.158723
-51.7828 71.9704 9.10559 0.473212 -0.869903 -0.139062
-51.1389 72.5073 7.94352 0.474179 -0.869388 -0.138988
-50.4433 73.0182 7.06815 0.469633 -0.873612 -0.127448
-49.7741 73.4547 6.53925 0.464985 -0.877159 -0.119921
-48.8793 74.0034 5.99466 0.464322 -0.877601 -0.119255
-48.0378 74.4899 5.68841 0.46122 -0.879493 -0.11734
-47.232 74.9222 5.42236 0.434614 -0.895714 -0.0938417
-46.4202 75.3274 5.14618 0.419579 -0.901341 -0.107414
-45.3927 75.8604 4.73975 0.42752 -0.897412 -0.108991
-44.4706 76.3244 4.46521 0.395384 -0.908785 -0.133346
-43.5128 76.7687 4.25325 0.390813 -0.910843 -0.132781
-42.3089 77.2744 4.12206 0.36659 -0.915323 -0.166723
-41.4319 77.6242 4.13005 0.364472 -0.919127 -0.148353
-40.5583 77.9203 4.25989 0.334109 -0.92507 -0.180505
-39.5858 78.1852 4.6447 0.334704 -0.92281 -0.190367
-38.5224 78.4554 5.13799 0.30867 -0.929504 -0.201097
-37.7793 78.565 5.69839 0.296343 -0.935399 -0.192839
-36.944 78.6871 6.40707 0.29709 -0.935916 -0.189206
-36.2714 78.7341 7.04498 0.265591 -0.937701 -0.224004
-35.6639 78.6799 7.87617 0.198805 -0.952288 -0.231562
-35.2109 78.4457 9.06973 0.166523 -0.947373 -0.273299
-34.8582 78.1256 10.4314 0.164391 -0.950062 -0.265251
-34.6272 77.8273 11.5356 0.102598 -0.940821 -0.323
-34.4109 77.4949 12.6305 0.112599 -0.94818 -0.297114
-34.1808 77.1515 13.7282 0.116644 -0.935605 -0.333222
-34.0104 76.8201 14.6887 0.0982808 -0.93419 -0.342576
-33.8634 76.3494 16.0076 0.0809415 -0.931453 -0.354744
-33.6447 75.9908 16.9561 0.0571115 -0.926002 -0.373164
-33.5363 75.6384 17.8542 0.0373368 -0.917675 -0.394273
-33.5583 75.1108 18.9969 0.0226004 -0.904691 -0.42542
-33.6499 74.5976 20.0655 0.0245336 -0.902151 -0.430717
-33.8652 73.9031 21.3309 0.0132467 -0.877439 -0.479492
-34.276 73.2977 22.4883 -0.00603043 -0.860795 -0.506266
-34.7793 72.7747 23.3619 -0.0183088 -0.853262 -0.521161
-35.5719 72.2277 24.3534 0.00104172 -0.867506 -0.496375
-35.9297 71.9804 24.7896 0.0156283 -0.876427 -0.481281
-35.1829 71.6791 25.3425 -0.022608 -0.87877 -0.47671
-35.8299 71.2916 26.068 -0.00162212 -0.884744 -0.466074
-36.8849 70.7489 27.0429 0.0324586 -0.879447 -0.474888
-38.058 70.2722 27.8192 0.0504616 -0.874851 -0.481756
-39.1047 69.9038 28.4067 0.0524992 -0.885644 -0.461387
-39.9116 69.5924 28.8649 0.162318 -0.883002 -0.440223
-40.7728 69.0792 29.5399 0.154501 -0.880773 -0.447386
-41.457 68.6709 30.0923 0.194243 -0.879066 -0.435329
-42.0741 68.2521 30.6563 0.236294 -0.875613 -0.421268
-42.9005 67.634 31.4958 0.230477 -0.880853 -0.413496
-43.7591 66.951 32.448 0.238844 -0.87471 -0.421707
-44.4003 66.3696 33.2584 0.273973 -0.862103 -0.42625
-44.9808 65.7969 34.065 0.261742 -0.880567 -0.39406
-45.5 65.3752 34.7305 0.26248 -0.890839 -0.370489
-46.4405 65.0597 34.7429 0.307755 -0.865639 -0.394816
-47.4345 64.9482 34.1863 0.318403 -0.862858 -0.392549
-48.6117 64.8062 33.5166 0.344714 -0.849084 -0.400286
-49.451 64.6596 33.1096 0.339077 -0.847787 -0.407777
-50.3778 64.5198 32.616 0.353199 -0.846138 -0.399126
-51.4309 64.3771 31.9461 0.377698 -0.837235 -0.395451
-52.2312 64.44 31.0298 0.394038 -0.834627 -0.38488
-52.6508 64.7949 29.8224 0.399499 -0.836268 -0.375494
-52.883 65.1555 28.7554 0.405087 -0.835589 -0.371072
-53.0339 65.497 27.8078 0.421281 -0.832552 -0.359693
-53.1097 65.8486 26.9271 0.420103 -0.826455 -0.374815
-53.1577 66.2199 25.9871 0.435182 -0.836369 -0.333052
-53.2421 66.5479 25.0641 0.445887 -0.830471 -0.333914
-53.3702 66.8102 24.2067 0.444327 -0.836349 -0.321084
-53.6346 67.1096 23.0495 0.444675 -0.839239 -0.312957
-53.8661 67.3121 22.178 0.449198 -0.840062 -0.303992
-54.2431 67.5705 20.8556 0.463263 -0.84032 -0.281177
-54.6266 67.7457 19.6259 0.467407 -0.843456 -0.264789
-54.9245 67.9567 18.4192 0.46964 -0.84284 -0.26279
-55.0976 68.1918 17.3181 0.471499 -0.853742 -0.220913
-55.1072 68.4338 16.3536 0.473476 -0.853635 -0.217081
-55.0087 68.8448 15.012 0.505794 -0.83543 -0.21396
-54.8351 69.1652 14.074 0.493691 -0.845288 -0.203642
-54.5761 69.5633 13.0025 0.479454 -0.856311 -0.191978
-54.2334 69.987 11.9439 0.489941 -0.851801 -0.184984
-53.9236 70.3479 11.1457 0.499959 -0.84635 -0.183613
-53.3439 70.9255 10.0334 0.496183 -0.85149 -0.169158
-52.7479 71.437 9.03 0.494818 -0.85784 -0.138802
-52.3268 71.7972 8.25815 0.489037 -0.861679 -0.135455
-51.8022 72.2456 7.28848 0.485387 -0.863972 -0.133983
-51.1299 72.7456 6.40009 0.476734 -0.871567 -0.114436
-50.5089 73.1539 5.89014 0.471372 -0.873311 -0.122746
-49.73 73.6285 5.43744 0.464991 -0.877197 -0.119618
-48.9961 74.0651 5.08349 0.463653 -0.878004 -0.118893
-48.2227 74.51 4.76807 0.43437 -0.895071 -0.100622
-47.4454 74.9222 4.47793 0.436564 -0.892717 -0.111544
-46.6471 75.3332 4.21706 0.418799 -0.901497 -0.109136
-45.8155 75.7646 3.86088 0.424593 -0.898809 -0.108875
-44.854 76.2585 3.54901 0.42583 -0.898493 -0.10667
-44.0556 76.6489 3.37384 0.398024 -0.911981 -0.0990734
-42.9399 77.1506 3.19612 0.399543 -0.910539 -0.106231
-42.062 77.5162 3.14052 0.373495 -0.917207 -0.137885
-40.9585 77.9631 3.20431 0.360382 -0.928632 -0.0880766
-40.0208 78.274 3.41399 0.329075 -0.932308 -0.146442
-39.0543 78.5247 3.83896 0.318104 -0.93114 -0.178293
-38.2237 78.7395 4.27075 0.326588 -0.92783 -0.179738
-37.1132 78.9286 5.02489 0.29793 -0.931013 -0.210838
-36.4133 79.0212 5.63282 0.286136 -0.935671 -0.205817
-35.6855 79.0507 6.32334 0.242866 -0.938198 -0.246578
-34.9695 78.9989 7.16778 0.211381 -0.947366 -0.240449
-34.5889 78.8721 8.0081 0.184096 -0.948367 -0.256762
-34.1632 78.5555 9.33543 0.173563 -0.944914 -0.277496
-33.8788 78.2197 10.6933 0.139903 -0.940771 -0.305375
-33.6279 77.8952 11.6554 0.110561 -0.935949 -0.334016
-33.4267 77.6015 12.6406 0.0947297 -0.948685 -0.3017
-33.2835 77.3423 13.4917 0.0929095 -0.94753 -0.305866
-33.1225 77.0001 14.4908 0.0869135 -0.927917 -0.361712
-32.9277 76.5669 15.617 0.0648786 -0.929004 -0.36433
-32.7598 76.2039 16.5667 0.0574067 -0.924954 -0.375718
-32.5772 75.8725 17.3865 0.0301869 -0.910108 -0.413053
-32.5511 75.2976 18.6735 0.0425226 -0.911919 -0.40816
-32.602 74.8454 19.6109 0.0287193 -0.90143 -0.431963
-32.7947 74.2964 20.6468 0.0144398 -0.874991 -0.483924
-32.9272 73.759 21.6234 0.0135621 -0.879128 -0.476392
-33.1475 73.2998 22.4712 -0.00602905 -0.860791 -0.506272
-33.5934 72.8401 23.1955 -0.0343257 -0.854064 -0.519035
-34.062 72.4143 23.9443 -0.0289108 -0.877184 -0.47921
-34.7468 71.9569 24.8099 -0.0205805 -0.877129 -0.479813
-34.769 71.9425 24.8374 -0.0226128 -0.87877 -0.47671
-33.9565 71.6707 25.3058 -0.00633172 -0.893022 -0.449961
-33.3208 72.1027 24.4579 -0.0372383 -0.877244 -0.478597
-32.8433 72.4884 23.7495 -0.0232273 -0.864527 -0.50205
-32.3579 72.9743 22.9225 -0.0135427 -0.852146 -0.523129
-32.0194 73.5608 21.9352 -0.00902218 -0.861764 -0.507229
-31.8769 74.0498 21.0664 -0.0320951 -0.876621 -0.480007
-31.7121 74.5577 20.1473 -0.0365397 -0.873235 -0.485918
-31.5497 75.1156 19.0648 -0.0298608 -0.892381 -0.450295
-31.5689 75.5511 18.1993 0.00791174 -0.908634 -0.41671
-31.6186 75.9862 17.2052 0.0282726 -0.915202 -0.402001
-31.8889 76.4607 16.0536 0.0418389 -0.922635 -0.383159
-32.0388 76.7982 15.1915 0.0555998 -0.927925 -0.368432
-32.2139 77.1739 14.2072 0.0572515 -0.931025 -0.360438
-32.3728 77.5405 13.145 0.0801102 -0.947079 -0.310842
-32.5948 77.9466 11.877 0.118507 -0.935293 -0.333441
-32.9019 78.3161 10.7509 0.109051 -0.93257 -0.344121
-33.1547 78.646 9.65025 0.151247 -0.947508 -0.281696
-33.4759 78.974 8.33776 0.167382 -0.947078 -0.273911
-33.8294 79.2002 7.29701 0.180931 -0.952509 -0.244928
-34.2746 79.3355 6.44356 0.18557 -0.95145 -0.245543
-35.1932 79.379 5.55914 0.223881 -0.941311 -0.251822
-35.8578 79.3395 4.90507 0.27001 -0.940703 -0.205359
-36.5815 79.2607 4.28015 0.296936 -0.939371 -0.171484
-37.3478 79.1164 3.75034 0.295017 -0.940108 -0.17077
-38.4145 78.8604 3.12631 0.319283 -0.940061 -0.119668
-39.7968 78.4677 2.46992 0.325116 -0.938684 -0.114685
-40.9301 78.0651 2.22973 0.35776 -0.92976 -0.0869189
-41.9383 77.6772 2.18956 0.362758 -0.927576 -0.0894924
-43.1435 77.1698 2.24378 0.398518 -0.911933 -0.0977806
-43.9872 76.7872 2.35894 0.404704 -0.908881 -0.100666
-45.0285 76.2883 2.59228 0.423369 -0.899596 -0.107143
-46.1343 75.7259 2.95843 0.422033 -0.899891 -0.109926
-47.0016 75.2759 3.32842 0.418058 -0.901972 -0.108045
-47.9351 74.7895 3.64102 0.439002 -0.891007 -0.115685
-48.9893 74.1968 4.07763 0.462832 -0.879558 -0.110292
-49.8671 73.6841 4.47614 0.464381 -0.878692 -0.110684
-50.8547 73.0958 4.97623 0.471374 -0.873311 -0.122744
-51.8042 72.4653 5.7257 0.477407 -0.870433 -0.119988
-52.3439 72.065 6.44062 0.487138 -0.864977 -0.120464
-52.8901 71.6055 7.45654 0.488474 -0.861673 -0.137519
-53.3904 71.173 8.38835 0.488461 -0.861222 -0.140351
-53.8442 70.7901 9.14777 0.488156 -0.861054 -0.142444
-54.2886 70.3867 9.91405 0.507613 -0.844606 -0.170206
-54.7733 69.9053 10.8998 0.485504 -0.857556 -0.169647
-55.1542 69.4787 11.9042 0.485702 -0.855336 -0.180256
-55.4775 69.0753 12.9077 0.48381 -0.853602 -0.19311
-55.7574 68.6204 14.165 0.477267 -0.852798 -0.211958
-55.9239 68.203 15.4731 0.473927 -0.853915 -0.214993
-55.967 67.8972 16.563 0.486026 -0.845143 -0.222508
-55.8749 67.639 17.6941 0.488211 -0.836305 -0.249487
-55.5918 67.3578 19.148 0.468707 -0.843433 -0.262554
-55.2655 67.1873 20.2728 0.468374 -0.842103 -0.267368
-54.8991 67.0089 21.454 0.457096 -0.84268 -0.284344
-54.664 66.8334 22.3319 0.445644 -0.842758 -0.301646
-54.4041 66.6131 23.2874 0.443593 -0.839618 -0.313471
-54.1818 66.3041 24.4187 0.433622 -0.84403 -0.315571
-54.084 66.0164 25.3159 0.433787 -0.842666 -0.318973
-54.0116 65.6244 26.3752 0.431347 -0.82633 -0.362104
-53.9508 65.262 27.2796 0.416212 -0.836964 -0.355329
-53.8279 64.8679 28.3551 0.413918 -0.835818 -0.360606
-53.6519 64.5637 29.2446 0.412239 -0.834733 -0.36507
-53.4578 64.1972 30.2865 0.406818 -0.834093 -0.372537
-53.1539 63.9255 31.2011 0.394693 -0.832149 -0.389508
-52.6529 63.811 31.9446 0.395422 -0.829608 -0.394199
-51.8226 63.828 32.7344 0.385601 -0.833409 -0.395808
-50.6317 64.0279 33.4303 0.370045 -0.843495 -0.389336
-49.8192 64.1851 33.8306 0.348289 -0.853905 -0.38659
-48.8387 64.3516 34.3233 0.334471 -0.85751 -0.390904
-47.9143 64.4619 34.8577 0.32433 -0.859123 -0.395876
-47.0465 64.5415 35.3782 0.321334 -0.85447 -0.408197
-46.2375 64.6348 35.8063 0.297459 -0.854997 -0.424725
-45.1792 64.9291 35.9227 0.257916 -0.874566 -0.409668
-44.6058 65.3695 35.2858 0.232317 -0.886022 -0.401241
-44.1331 65.8095 34.5898 0.239929 -0.878254 -0.413436
-43.4585 66.4749 33.5829 0.222033 -0.878878 -0.422179
-42.6653 67.1471 32.6223 0.222455 -0.875091 -0.429803
-41.7178 67.8826 31.5995 0.189685 -0.879828 -0.435717
-41.0715 68.329 30.9595 0.176358 -0.884798 -0.431233
-40.1517 68.8584 30.1891 0.154491 -0.880775 -0.447386
-39.1641 69.3361 29.4888 0.0669451 -0.878228 -0.473534
-38.2191 69.6843 28.9288 0.0567379 -0.886435 -0.459342
-37.1704 70.0637 28.3375 0.0717572 -0.892513 -0.445276
-36.1504 70.4862 27.6043 0.0123717 -0.884825 -0.464591
-35.4926 70.784 27.0042 -0.0152087 -0.882809 -0.46939
-34.7727 71.1958 26.2549 0.00569181 -0.884364 -0.466307
-34.3242 71.4432 25.7602 -0.00383379 -0.89294 -0.450159
-33.4564 71.2292 26.1726 -0.00882741 -0.893102 -0.449767
-34.0553 70.8913 26.8303 -0.00893687 -0.857636 -0.512415
-34.6751 70.539 27.4248 -0.0412801 -0.88064 -0.471023
-35.3649 70.1849 28.1598 -0.0163918 -0.890365 -0.454951
-36.1392 69.913 28.7452 0.00767016 -0.895582 -0.443833
-37.0535 69.5803 29.2944 0.047636 -0.883013 -0.466925
-37.7923 69.3014 29.7262 0.0609242 -0.886641 -0.458428
-38.5428 69.0375 30.1702 0.0843916 -0.923094 -0.374624
-39.4269 68.6954 30.7788 0.104122 -0.92393 -0.368121
-40.1254 68.3053 31.3553 0.157029 -0.89304 -0.421637
-40.7377 67.9269 31.9136 0.168291 -0.885895 -0.432282
-41.4715 67.4006 32.6923 0.21317 -0.883688 -0.416718
-42.042 66.9551 33.3381 0.221984 -0.876184 -0.427815
-42.5644 66.5152 33.9714 0.215582 -0.887405 -0.40727
-43.1627 65.9512 34.8482 0.224832 -0.885454 -0.406648
-43.7362 65.3904 35.7438 0.233801 -0.884625 -0.403452
-44.1952 64.9513 36.444 0.233532 -0.884911 -0.402982
-45.2251 64.3746 37.0195 0.288896 -0.858574 -0.423544
-46.0826 64.1843 36.8203 0.28827 -0.858375 -0.424372
-47.2082 64.0758 36.2258 0.314297 -0.853147 -0.416223
-47.9815 64.0062 35.7673 0.307355 -0.86582 -0.394827
-48.7848 63.9327 35.2831 0.345248 -0.855372 -0.386042
-49.5768 63.817 34.8496 0.348492 -0.851139 -0.39249
-50.5178 63.6139 34.4363 0.362081 -0.846235 -0.390773
-51.5216 63.3977 33.9501 0.375636 -0.840629 -0.390123
-52.2915 63.2758 33.4594 0.381562 -0.837765 -0.390591
-53.266 63.2487 32.5323 0.382664 -0.84243 -0.379307
-54.0601 63.4638 31.2665 0.399971 -0.832307 -0.383595
-54.3742 63.798 30.1795 0.406815 -0.834094 -0.372537
-54.5518 64.1193 29.246 0.412068 -0.835606 -0.363268
-54.746 64.6402 27.814 0.418383 -0.8354 -0.356459
-54.8452 65.0784 26.6663 0.416111 -0.836563 -0.35639
-54.9461 65.5824 25.2901 0.433524 -0.842844 -0.318859
-55.0609 65.9052 24.2776 0.430198 -0.844699 -0.318423
-55.2237 66.1598 23.3915 0.426773 -0.845365 -0.321282
-55.4867 66.3854 22.3547 0.459374 -0.844684 -0.274727
-55.818 66.6092 21.1259 0.462929 -0.84305 -0.273748
-56.3264 66.8202 19.5635 0.466538 -0.843845 -0.265079
-56.5446 66.9637 18.6584 0.485717 -0.837646 -0.249857
-56.7299 67.1606 17.63 0.49065 -0.836731 -0.243194
-56.8278 67.4317 16.4481 0.484983 -0.846239 -0.220617
-56.7785 67.7523 15.3381 0.475321 -0.850265 -0.226097
-56.6701 68.0408 14.4383 0.487296 -0.851574 -0.193223
-56.5455 68.3128 13.5726 0.491077 -0.848628 -0.196657
-56.3688 68.6164 12.6912 0.487713 -0.851393 -0.193044
-56.0161 69.0222 11.7477 0.480943 -0.857643 -0.18205
-55.6786 69.3984 10.8716 0.485506 -0.857555 -0.169647
-55.1189 69.9551 9.57933 0.496859 -0.851898 -0.164935
-54.5116 70.5119 8.54244 0.49749 -0.85426 -0.150168
-54.0641 70.8893 7.77393 0.488767 -0.86139 -0.138256
-53.6424 71.2581 6.96048 0.488769 -0.862071 -0.133932
-53.1532 71.679 6.03469 0.488578 -0.862249 -0.133487
-52.5495 72.1484 5.13824 0.473391 -0.870651 -0.13367
-51.7 72.7281 4.36424 0.469053 -0.874415 -0.123571
-50.4542 73.4735 3.69516 0.463154 -0.879084 -0.112697
-49.4561 74.0434 3.25806 0.457568 -0.884074 -0.0947736
-48.4137 74.6355 2.80255 0.458527 -0.884303 -0.0880913
-47.598 75.0905 2.52433 0.420754 -0.901869 -0.0979715
-46.7273 75.5385 2.19389 0.425139 -0.89903 -0.10489
-45.9227 75.9548 1.88216 0.422714 -0.90018 -0.104812
-45.1036 76.368 1.6261 0.415915 -0.903567 -0.102634
-44.1044 76.845 1.40346 0.40778 -0.90736 -0.10197
-43.2312 77.2377 1.29674 0.392778 -0.913611 -0.105074
-42.1733 77.6863 1.24579 0.370444 -0.921284 -0.118349
-41.2888 78.0464 1.25189 0.381608 -0.91645 -0.12039
-40.3088 78.4236 1.35588 0.347567 -0.928291 -0.130372
-39.0972 78.8027 1.71746 0.323027 -0.938578 -0.12135
-38.0748 79.0909 2.22169 0.319282 -0.940061 -0.119667
-36.8693 79.4006 2.97968 0.31504 -0.939068 -0.136771
-35.7335 79.6238 3.77236 0.250518 -0.950288 -0.178194
-34.8207 79.6534 4.62788 0.202828 -0.961926 -0.183189
-33.7841 79.6664 5.51935 0.185274 -0.952253 -0.242664
-33.2255 79.5933 6.2377 0.185569 -0.951451 -0.245543
-32.8318 79.4044 7.23288 0.16493 -0.949567 -0.266108
-32.516 79.1575 8.24885 0.151246 -0.949796 -0.273885
-32.2921 78.9166 9.19634 0.14857 -0.94869 -0.279132
-32.0353 78.5535 10.3636 0.0922808 -0.934469 -0.343878
-31.7891 78.2798 11.1969 0.0921539 -0.943805 -0.317395
-31.5186 77.8442 12.5121 0.103798 -0.932451 -0.346066
-31.3593 77.4614 13.6004 0.0494297 -0.929987 -0.364149
-31.1978 77.0885 14.5605 0.0416126 -0.928987 -0.367767
-30.9241 76.5841 15.8618 0.0418386 -0.922635 -0.383159
-30.7179 76.164 16.8571 0.0148866 -0.916715 -0.398535
-30.6056 75.7048 17.8501 -0.0395228 -0.90446 -0.423786
-30.5611 75.1151 19.0421 -0.0404317 -0.875589 -0.479685
-30.7235 74.5163 20.1448 -0.0550837 -0.876164 -0.478516
-30.8912 73.9486 21.1948 -0.0290225 -0.88123 -0.471796
-31.0468 73.4875 22.0425 -0.0106661 -0.860212 -0.509813
-31.3193 72.9944 22.8752 -0.0123111 -0.858662 -0.512395
-31.8487 72.4037 23.8567 -0.00269864 -0.865829 -0.500205
-32.6345 71.7678 25.0773 -0.021272 -0.895052 -0.445349
-33.2695 71.3478 25.9335 -0.00882812 -0.893102 -0.449767
-32.6386 70.9309 26.5902 -0.105905 -0.847985 -0.519331
-32.1233 71.2738 25.9239 -0.109293 -0.853303 -0.509832
-31.4675 71.7799 24.9362 -0.106357 -0.853831 -0.50956
-31.0168 72.1577 24.2402 -0.0831848 -0.849715 -0.520639
-30.4432 72.7446 23.2089 -0.0703995 -0.847982 -0.525265
-30.1322 73.217 22.3881 -0.082961 -0.85801 -0.506889
-29.8974 73.8929 21.1661 -0.0757281 -0.876213 -0.475931
-29.766 74.4089 20.1935 -0.0784126 -0.874855 -0.477995
-29.5998 74.971 19.1462 -0.0899134 -0.872886 -0.479035
-29.6062 75.3927 18.3456 -0.10381 -0.880339 -0.462847
-29.6805 75.824 17.4759 -0.0412283 -0.88005 -0.473089
-29.7999 76.2773 16.5782 -0.0121362 -0.916805 -0.399129
-29.9765 76.658 15.7039 -0.0141531 -0.920765 -0.389788
-30.2125 77.0738 14.7091 0.0142991 -0.926338 -0.375342
-30.3581 77.4001 13.8618 0.033728 -0.93159 -0.361943
-30.5354 77.8534 12.7033 0.0328863 -0.925904 -0.376326
-30.7049 78.1764 11.7894 0.0795224 -0.941444 -0.327656
-30.9205 78.4939 10.8249 0.0779138 -0.941976 -0.325599
-31.2678 78.8787 9.56402 0.063036 -0.948886 -0.309252
-31.5416 79.3078 8.26889 0.132168 -0.940062 -0.312163
-31.9735 79.6602 6.84821 0.136172 -0.953138 -0.269509
-32.3343 79.8581 5.81421 0.167928 -0.956719 -0.237667
-33.1062 79.9725 4.8157 0.171705 -0.953856 -0.246325
-33.8045 79.9546 4.22687 0.242673 -0.944968 -0.219421
-34.8368 79.897 3.37146 0.222294 -0.951057 -0.214654
-35.9692 79.7642 2.49344 0.285228 -0.949593 -0.130074
-36.7702 79.5787 1.94332 0.326995 -0.935485 -0.133881
-37.623 79.3621 1.38891 0.332322 -0.933579 -0.133974
-38.5955 79.0894 0.865256 0.329221 -0.935274 -0.129912
-39.8863 78.6839 0.479183 0.331834 -0.935794 -0.119062
-41.2 78.2047 0.299385 0.377208 -0.919512 -0.110505
-42.4063 77.7042 0.285163 0.387916 -0.915924 -0.102976
-43.3928 77.2765 0.348121 0.398376 -0.911722 -0.100017
-44.8671 76.5903 0.579874 0.41001 -0.9065 -0.100743
-45.9543 76.0545 0.894111 0.423791 -0.899493 -0.106362
-46.7177 75.6592 1.19488 0.423943 -0.899579 -0.105017
-47.825 75.0847 1.59028 0.447195 -0.889202 -0.0953538
-48.8374 74.5109 1.94916 0.463328 -0.879797 -0.106225
-49.6254 74.0684 2.26372 0.451519 -0.886733 -0.099174
-50.7439 73.4334 2.75339 0.462268 -0.880671 -0.103574
-51.719 72.8711 3.23562 0.457305 -0.881278 -0.119147
-52.6445 72.289 3.87542 0.473869 -0.870951 -0.129972
-53.2449 71.8714 4.47094 0.483853 -0.864661 -0.134623
-53.925 71.3082 5.59181 0.49086 -0.861584 -0.129342
-54.3722 70.9239 6.45164 0.487136 -0.862922 -0.134407
-54.792 70.5639 7.2669 0.480478 -0.86559 -0.141051
-55.3296 70.1133 8.17122 0.485879 -0.861766 -0.145877
-55.9002 69.6124 9.11538 0.476595 -0.86344 -0.165316
-56.3235 69.209 10.0217 0.464112 -0.8706 -0.163267
-56.728 68.7633 11.1014 0.475209 -0.858241 -0.193904
-57.1188 68.3267 12.0775 0.487532 -0.851242 -0.194164
-57.3397 68.0077 12.9409 0.446302 -0.866043 -0.225353
-57.4908 67.6529 14.0946 0.483589 -0.854339 -0.190388
-57.6412 67.2812 15.2962 0.476531 -0.849027 -0.228174
-57.6849 67.005 16.2225 0.461393 -0.857738 -0.225869
-57.6348 66.7554 17.2737 0.448242 -0.86402 -0.229233
-57.4595 66.5534 18.3457 0.45139 -0.857042 -0.248449
-57.151 66.342 19.6325 0.467098 -0.843683 -0.264611
-56.7306 66.1745 20.9066 0.466081 -0.843261 -0.267719
-56.3701 65.9865 22.1041 0.459366 -0.84469 -0.274722
-56.0951 65.782 23.2066 0.455847 -0.843488 -0.283794
-55.9149 65.4978 24.2346 0.417984 -0.851079 -0.317733
-55.7861 65.2092 25.1536 0.417232 -0.847718 -0.327555
-55.7021 64.7402 26.4498 0.396681 -0.851874 -0.341986
-55.6272 64.3211 27.5465 0.401397 -0.84212 -0.360134
-55.541 63.9976 28.4068 0.404409 -0.841957 -0.357157
-55.3894 63.6362 29.4172 0.40511 -0.839073 -0.363101
-55.1794 63.2829 30.4562 0.404699 -0.835011 -0.372793
-54.757 62.9152 31.7366 0.402707 -0.834973 -0.375021
-54.1813 62.7558 32.7023 0.392485 -0.838904 -0.376971
-53.516 62.6873 33.5202 0.382316 -0.840867 -0.383115
-52.7982 62.7345 34.1513 0.384221 -0.847525 -0.366079
-51.923 62.8896 34.6922 0.377147 -0.850804 -0.365914
-51.0231 63.0945 35.1173 0.359181 -0.856934 -0.369667
-49.9183 63.3449 35.57 0.350951 -0.859646 -0.371058
-48.8977 63.4991 36.1663 0.32839 -0.861891 -0.385697
-47.6668 63.6043 36.9182 0.309479 -0.871165 -0.381175
-46.7939 63.6771 37.4267 0.293887 -0.874949 -0.384832
-45.8936 63.7925 37.8517 0.28794 -0.877172 -0.384212
-44.8818 64.0382 38.0173 0.276119 -0.876978 -0.393279
-44.0891 64.4077 37.7463 0.260448 -0.885956 -0.383263
-43.4783 64.832 37.1415 0.245328 -0.887505 -0.390062
-42.9759 65.2765 36.4359 0.240952 -0.890441 -0.386079
-42.4892 65.7842 35.5967 0.224036 -0.888794 -0.399816
-41.9477 66.2933 34.7815 0.215584 -0.887407 -0.407265
-41.298 66.8568 33.9002 0.212377 -0.86989 -0.445182
-40.6194 67.3668 33.1221 0.172387 -0.886884 -0.428613
-40.0046 67.7812 32.48 0.13448 -0.890467 -0.434723
-39.33 68.197 31.8686 0.147519 -0.882235 -0.4471
-38.3733 68.6528 31.13 0.0517387 -0.911393 -0.407093
-37.5727 68.9189 30.6265 0.0486819 -0.917226 -0.394686
-36.6376 69.1814 30.0747 0.0228035 -0.899414 -0.433723
-35.8805 69.4379 29.6604 0.0373721 -0.878714 -0.475884
-35.0591 69.6946 29.1142 -0.0265271 -0.888673 -0.457774
-34.3062 70.0117 28.4367 -0.0540705 -0.891641 -0.449487
-33.7197 70.3169 27.7563 -0.0412778 -0.880637 -0.471028
-33.0469 70.6781 27.0863 -0.0850587 -0.852588 -0.515155
-32.4045 70.2589 27.6765 -0.109508 -0.866754 -0.486565
-33.1278 69.9324 28.4486 -0.071859 -0.88701 -0.455805
-33.7321 69.6398 29.0977 -0.0524578 -0.888414 -0.456013
-34.3969 69.3645 29.7442 -0.0267662 -0.906494 -0.420682
-35.2874 69.0897 30.3305 -0.020081 -0.896774 -0.441842
-36.3797 68.7981 30.9807 0.0178084 -0.917225 -0.397797
-37.6492 68.394 31.7318 0.035295 -0.900451 -0.433523
-38.5514 68.0005 32.4085 0.0753588 -0.882589 -0.464066
-39.3172 67.5905 33.0706 0.110754 -0.885262 -0.451533
-39.9537 67.1505 33.7618 0.123359 -0.884622 -0.449697
-40.6732 66.6438 34.612 0.15044 -0.897041 -0.414677
-41.1358 66.2349 35.2753 0.172009 -0.889242 -0.423851
-41.7027 65.6905 36.1775 0.181635 -0.88621 -0.426192
-42.3106 65.1365 37.1571 0.228261 -0.891048 -0.392339
-42.7912 64.7177 37.8348 0.223324 -0.894116 -0.38818
-43.4523 64.2804 38.512 0.239592 -0.921973 -0.303651
-44.4792 63.7766 39.0682 0.301307 -0.909841 -0.285312
-45.3945 63.5194 38.9695 0.270212 -0.913524 -0.30217
-46.3595 63.3206 38.5996 0.352211 -0.877828 -0.324601
-47.1878 63.215 38.1771 0.293828 -0.875152 -0.384413
-48.3424 63.119 37.4802 0.308735 -0.870892 -0.382393
-49.1113 63.0598 36.9918 0.325799 -0.867927 -0.374461
-50.0276 62.9268 36.4513 0.342635 -0.864093 -0.368708
-50.9469 62.7385 36.0204 0.35213 -0.864192 -0.359411
-52.012 62.4739 35.5732 0.376977 -0.855173 -0.355763
-53.3857 62.1796 34.803 0.391454 -0.844251 -0.366067
-54.2397 62.1445 33.9896 0.387657 -0.83902 -0.381751
-54.8311 62.2047 33.246 0.395884 -0.837923 -0.375671
-55.368 62.318 32.4126 0.394132 -0.840412 -0.371944
-55.8337 62.5987 31.2868 0.389255 -0.842985 -0.371289
-56.0574 62.86 30.4512 0.38945 -0.845064 -0.366327
-56.3178 63.3072 29.1397 0.395135 -0.843326 -0.364047
-56.4415 63.6432 28.2259 0.396669 -0.846386 -0.355256
-56.5627 64.177 26.8545 0.397528 -0.84708 -0.35255
-56.6068 64.5712 25.7804 0.411151 -0.851288 -0.325982
-56.6823 64.9028 24.8172 0.416323 -0.850881 -0.320351
-56.7994 65.163 23.8921 0.422888 -0.862965 -0.276508
-57.027 65.4212 22.7612 0.45828 -0.846828 -0.269925
-57.2911 65.5852 21.7946 0.459381 -0.846803 -0.268131
-57.6654 65.7375 20.6532 0.466071 -0.845455 -0.260735
-57.9759 65.8495 19.7505 0.459193 -0.846468 -0.269508
-58.1976 66.0009 18.8905 0.45893 -0.8516 -0.2533
-58.4214 66.2186 17.7529 0.45516 -0.854321 -0.250874
-58.5483 66.4019 16.8271 0.446409 -0.864459 -0.23115
-58.5583 66.6855 15.7191 0.441639 -0.868749 -0.224078
-58.4231 67.099 14.368 0.440041 -0.871277 -0.217348
-58.295 67.3912 13.4568 0.440192 -0.870948 -0.218356
-58.1562 67.7189 12.4339 0.443167 -0.868434 -0.22226
-57.8283 68.1255 11.3636 0.442123 -0.875305 -0.195879
-57.3595 68.6042 10.3003 0.452034 -0.872676 -0.183839
-56.9851 69.0066 9.23204 0.462585 -0.870953 -0.1657
-56.5688 69.3765 8.47506 0.465188 -0.868612 -0.170627
-56.1038 69.7658 7.72797 0.460311 -0.873937 -0.156036
-55.6443 70.1318 7.02706 0.462063 -0.875727 -0.139967
-55.2781 70.4598 6.20039 0.470763 -0.870444 -0.143799
-54.915 70.7917 5.4428 0.474644 -0.869143 -0.138096
-54.4436 71.161 4.64067 0.465098 -0.874397 -0.138244
-53.8694 71.6333 3.71651 0.492565 -0.859351 -0.137463
-53.0966 72.1697 3.00205 0.480703 -0.868322 -0.12224
-52.2299 72.713 2.41216 0.462293 -0.880334 -0.10629
-51.4989 73.1375 2.04746 0.451631 -0.884907 -0.113879
-50.7339 73.5723 1.70538 0.446671 -0.888166 -0.107501
-49.7814 74.0994 1.30562 0.453948 -0.885329 -0.100615
-48.5801 74.7704 0.857047 0.450576 -0.885656 -0.11223
-47.7251 75.2414 0.559653 0.4331 -0.896445 -0.0938672
-46.7932 75.7264 0.222546 0.435021 -0.895597 -0.0930449
-45.9165 76.1924 -0.140784 0.437347 -0.89415 -0.0959757
-44.8554 76.7052 -0.408625 0.409409 -0.906894 -0.0996358
-43.8601 77.1709 -0.554236 0.401684 -0.909482 -0.107201
-42.5035 77.7671 -0.678956 0.387893 -0.916696 -0.0959296
-41.4397 78.2121 -0.667897 0.382376 -0.918805 -0.097907
-40.4613 78.6078 -0.591984 0.363184 -0.927448 -0.0879784
-39.2009 79.0385 -0.335607 0.333801 -0.934233 -0.125607
-38.3132 79.3166 -0.0683651 0.331097 -0.935143 -0.126021
-37.5035 79.5543 0.319794 0.337129 -0.932679 -0.12826
-36.4466 79.8238 1.01611 0.312661 -0.940598 -0.132357
-35.2699 80.0678 1.88451 0.289578 -0.944042 -0.157891
-34.2699 80.1984 2.65632 0.239363 -0.945969 -0.218742
-33.4244 80.2622 3.31772 0.24419 -0.945369 -0.215985
-32.678 80.289 3.8911 0.171177 -0.953748 -0.247108
-31.8382 80.2179 4.7718 0.189446 -0.950399 -0.246682
-31.4019 80.0769 5.58539 0.157287 -0.942898 -0.293607
-31.0123 79.8485 6.60428 0.12443 -0.960339 -0.249358
-30.6787 79.5317 7.92876 0.10242 -0.94537 -0.305722
-30.4091 79.132 9.07077 0.0920755 -0.936748 -0.337514
-30.1799 78.8462 9.95368 0.0937227 -0.94249 -0.320648
-29.8277 78.3844 11.2963 0.0519879 -0.932397 -0.357678
-29.6329 78.0191 12.344 0.010627 -0.931138 -0.364511
-29.4576 77.6167 13.3635 -0.0008067 -0.925553 -0.378585
-29.2813 77.207 14.3734 -0.00421768 -0.926911 -0.375258
-29.0658 76.8064 15.3231 -0.0130123 -0.919556 -0.392638
-28.8474 76.3362 16.3971 -0.020494 -0.917343 -0.39757
-28.7193 75.8109 17.4165 -0.0412465 -0.880052 -0.473082
-28.6417 75.3148 18.3252 -0.0626858 -0.885052 -0.461253
-28.6592 74.8665 19.1804 -0.0744987 -0.873877 -0.480404
-28.7722 74.4211 20.0081 -0.0764541 -0.874365 -0.479202
-28.8705 73.978 20.8427 -0.0723989 -0.878516 -0.472195
-29.0555 73.318 22.0132 -0.0977218 -0.848719 -0.519451
-29.249 72.8775 22.7907 -0.113821 -0.849009 -0.515935
-29.5658 72.4548 23.5363 -0.10277 -0.841183 -0.530895
-29.9942 72.0065 24.3235 -0.0848026 -0.846441 -0.525651
-30.5509 71.5083 25.2058 -0.0949188 -0.848765 -0.519971
-31.3 70.9452 26.2916 -0.11036 -0.848557 -0.517453
-32.0826 70.4182 27.3202 -0.106394 -0.858263 -0.50175
-32.2069 70.3564 27.4582 -0.109512 -0.866754 -0.486564
-31.5576 69.9589 28.0756 -0.112593 -0.882884 -0.455534
-32.5619 69.515 29.1436 -0.0872885 -0.886429 -0.45453
-33.2006 69.2502 29.7949 -0.0960732 -0.891914 -0.441881
-33.9822 68.9846 30.5333 -0.0542211 -0.904691 -0.419795
-35.0333 68.6851 31.2434 -0.0282384 -0.919746 -0.391497
-35.943 68.4427 31.7607 0.029603 -0.902817 -0.429004
-36.9225 68.1312 32.3288 0.0310544 -0.89544 -0.444098
-37.9141 67.7239 33.078 0.0322429 -0.894769 -0.445364
-38.7087 67.2962 33.7775 0.0981465 -0.885903 -0.453369
-39.293 66.9312 34.4117 0.130104 -0.910119 -0.393237
-40.1013 66.3583 35.4371 0.15044 -0.89704 -0.414679
-40.6409 65.8472 36.2995 0.17249 -0.898974 -0.40223
-41.3248 65.2689 37.4094 0.152198 -0.907568 -0.391067
-41.9774 64.6853 38.3777 0.225795 -0.892733 -0.389913
-42.9756 64.1159 39.3875 0.239592 -0.92197 -0.303661
-43.765 63.6902 39.8857 0.231226 -0.884345 -0.405548
-44.941 63.3301 40.0436 0.229053 -0.874681 -0.425684
-45.9526 63.0315 39.7363 0.373506 -0.85428 -0.361523
-46.8191 62.844 39.318 0.321167 -0.869536 -0.372736
-47.7808 62.7409 38.8015 0.295024 -0.887178 -0.354791
-48.746 62.663 38.2027 0.294171 -0.880889 -0.370807
-49.6405 62.5899 37.6263 0.330843 -0.872932 -0.358435
-50.4129 62.4747 37.1782 0.334504 -0.874192 -0.351988
-51.4611 62.2473 36.679 0.367196 -0.866489 -0.338177
-52.3133 62.0205 36.3437 0.376429 -0.855446 -0.355686
-53.3167 61.7708 35.8839 0.379725 -0.85581 -0.351231
-54.3795 61.6182 35.0591 0.398327 -0.846531 -0.353158
-55.3035 61.6336 34.0422 0.381093 -0.850875 -0.361636
-55.8973 61.7467 33.1679 0.371158 -0.853734 -0.365212
-56.3878 61.935 32.2251 0.375727 -0.853389 -0.361323
-56.8822 62.2579 30.9633 0.389066 -0.844102 -0.368933
-57.0524 62.6077 29.9788 0.387582 -0.845173 -0.368053
-57.2301 62.9277 29.0607 0.385863 -0.846051 -0.36783
-57.3286 63.2635 28.1458 0.39529 -0.85031 -0.347445
-57.4047 63.5954 27.2802 0.399639 -0.842477 -0.361278
-57.4764 64.0081 26.1653 0.4046 -0.855261 -0.323771
-57.4947 64.4427 24.9777 0.401576 -0.860229 -0.314234
-57.6479 64.7864 23.7419 0.44625 -0.854762 -0.265036
-57.9181 65.0114 22.5456 0.447194 -0.856122 -0.258983
-58.3166 65.1935 21.2536 0.4654 -0.8458 -0.260817
-58.704 65.3181 20.1923 0.454237 -0.84809 -0.272735
-59.0687 65.5575 18.8991 0.408737 -0.871175 -0.269059
-59.3142 65.7827 17.6825 0.439566 -0.861491 -0.254131
-59.453 66.0343 16.5329 0.426478 -0.876505 -0.223254
-59.4312 66.3406 15.3547 0.433154 -0.873187 -0.223323
-59.3393 66.6179 14.4431 0.431456 -0.874194 -0.222543
-59.1968 66.9324 13.4819 0.432275 -0.876405 -0.212237
-59.0535 67.2625 12.4236 0.44509 -0.869232 -0.215245
-58.871 67.5488 11.587 0.442167 -0.875282 -0.195882
-58.5515 67.8947 10.7019 0.459167 -0.872145 -0.168885
-58.1355 68.2895 9.80411 0.460975 -0.871485 -0.167369
-57.717 68.7531 8.5328 0.459282 -0.87203 -0.169181
-57.1393 69.2241 7.67944 0.462826 -0.870199 -0.168911
-56.6893 69.5879 6.96694 0.463383 -0.874641 -0.142409
-56.17 70.0129 6.0238 0.460745 -0.876813 -0.137524
-55.8245 70.3304 5.2153 0.470267 -0.868999 -0.153914
-55.3908 70.7041 4.3497 0.464149 -0.875085 -0.137082
-54.8618 71.1255 3.46484 0.466048 -0.873707 -0.139409
-54.3115 71.5287 2.76719 0.467699 -0.873317 -0.136294
-53.2812 72.2064 1.9407 0.474745 -0.873652 -0.106535
-52.5445 72.6569 1.50811 0.463834 -0.879122 -0.109489
-51.6544 73.1839 1.07821 0.458486 -0.881356 -0.113759
-50.4326 73.8536 0.53073 0.447847 -0.88843 -0.10039
-49.6495 74.2987 0.233044 0.460605 -0.88057 -0.111534
-48.8929 74.7231 -0.0249778 0.448079 -0.887896 -0.103849
-47.9915 75.2087 -0.345458 0.445581 -0.890138 -0.0954602
-46.8946 75.7835 -0.778988 0.435541 -0.894926 -0.0968827
-46.0883 76.2218 -1.16105 0.427633 -0.89871 -0.0965394
-45.284 76.6129 -1.34694 0.419021 -0.902505 -0.0993529
-44.4254 77.0194 -1.44714 0.41371 -0.9039 -0.108666
-43.4772 77.442 -1.55698 0.389646 -0.91649 -0.0906719
-42.5899 77.8268 -1.63308 0.38965 -0.916489 -0.0906689
-41.3237 78.3511 -1.61419 0.379604 -0.921847 -0.0780936
-40.4333 78.7091 -1.54373 0.363183 -0.927449 -0.0879673
-39.5465 79.0276 -1.38564 0.351614 -0.931709 -0.0910293
-38.6531 79.3431 -1.18303 0.34828 -0.932889 -0.0917598
-37.7714 79.6224 -0.894571 0.336849 -0.933007 -0.126611
-36.9673 79.8512 -0.441791 0.353299 -0.926831 -0.125918
-35.75 80.1721 0.372863 0.325667 -0.928345 -0.179211
-34.8359 80.3341 1.03072 0.272846 -0.94735 -0.166783
-34.0638 80.4639 1.61138 0.254362 -0.951765 -0.169509
-33.0711 80.5584 2.42862 0.251223 -0.946356 -0.202583
-31.9434 80.6022 3.30588 0.198748 -0.948661 -0.246052
-31.0692 80.5288 4.22833 0.202025 -0.942092 -0.267673
-30.6118 80.3822 5.01218 0.14457 -0.940851 -0.305993
-30.1851 80.1249 6.06112 0.121724 -0.943809 -0.306079
-29.9357 79.8842 6.94847 0.102256 -0.962355 -0.251826
-29.6848 79.5923 8.02547 0.0796955 -0.931193 -0.355496
-29.4961 79.2781 8.87223 0.0674958 -0.937338 -0.341205
-29.2675 78.995 9.74983 0.0471315 -0.939999 -0.336987
-28.9396 78.5712 10.9135 0.0279929 -0.93739 -0.347155
-28.7322 78.1353 12.0726 -0.00916108 -0.934265 -0.355815
-28.515 77.5987 13.4136 0.00260036 -0.924197 -0.381908
-28.3572 77.2331 14.2994 -0.015817 -0.924223 -0.38108
-28.1637 76.861 15.1454 -0.0895186 -0.918988 -0.383989
-27.9789 76.5005 15.965 -0.110718 -0.90556 -0.408038
-27.8024 75.9756 17.0302 -0.0441118 -0.888887 -0.455566
-27.7015 75.4608 17.9407 -0.122887 -0.867714 -0.481634
-27.6756 74.9538 18.8727 -0.0892355 -0.880689 -0.464531
-27.7949 74.3839 19.9327 -0.0688973 -0.875424 -0.478421
-27.9259 73.802 21.0253 -0.0701141 -0.877871 -0.473729
-28.0589 73.2768 21.91 -0.143 -0.821258 -0.552346
-28.2541 72.7467 22.7683 -0.1374 -0.844072 -0.518319
-28.6804 72.1445 23.8547 -0.125618 -0.844332 -0.520784
-29.1752 71.6323 24.748 -0.105882 -0.835196 -0.539664
-29.7971 71.1022 25.7157 -0.116165 -0.843369 -0.524608
-30.3411 70.7009 26.49 -0.113844 -0.845914 -0.520993
-30.892 70.3232 27.2377 -0.0948189 -0.864746 -0.493177
-31.1378 70.162 27.5677 -0.112395 -0.871865 -0.475987
-30.4489 69.7924 28.0832 -0.115136 -0.862509 -0.492345
-31.3063 69.3758 29.0976 -0.143205 -0.867305 -0.476733
-31.9347 69.1356 29.7468 -0.151997 -0.871641 -0.465981
-32.7937 68.81 30.6201 -0.111004 -0.89702 -0.427474
-33.5624 68.5668 31.3195 -0.118754 -0.888762 -0.442713
-34.4051 68.3655 31.8894 -0.0547695 -0.897234 -0.438145
-35.1748 68.1493 32.3423 0.0237221 -0.873302 -0.486602
-36.1604 67.8622 32.8886 -0.0116761 -0.894324 -0.447268
-36.9984 67.5468 33.5 0.0381765 -0.901673 -0.430373
-37.7548 67.2234 34.1271 0.0474564 -0.907327 -0.417717
-38.6329 66.755 35.0314 0.0858012 -0.9098 -0.404243
-39.1793 66.358 35.7532 0.138278 -0.905362 -0.401496
-39.6473 65.9662 36.4596 0.172492 -0.898973 -0.40223
-40.2052 65.4622 37.395 0.161847 -0.909856 -0.381908
-40.8572 64.8783 38.4545 0.164899 -0.896777 -0.410323
-41.5648 64.3717 39.4333 0.177464 -0.922568 -0.342589
-42.2154 63.9953 40.0817 0.17638 -0.915424 -0.361787
-42.8886 63.614 40.5523 0.231734 -0.884338 -0.405273
-43.6952 63.2381 40.9208 0.23053 -0.892812 -0.385297
-44.9369 62.8779 40.9021 0.254014 -0.873727 -0.412421
-45.8096 62.6516 40.6926 0.34837 -0.851742 -0.390366
-46.6894 62.4582 40.3299 0.316623 -0.871854 -0.372726
-48.008 62.325 39.6526 0.288018 -0.885688 -0.363961
-49.2659 62.2195 38.8424 0.308195 -0.871382 -0.381282
-50.4675 62.085 38.0945 0.322312 -0.87963 -0.349781
-51.6635 61.8499 37.4774 0.359785 -0.866663 -0.345459
-52.7712 61.5339 37.0467 0.382764 -0.858696 -0.340783
-53.6462 61.3047 36.6561 0.390705 -0.851731 -0.349148
-54.5503 61.1415 36.0176 0.370812 -0.86891 -0.325669
-55.3616 61.0853 35.296 0.338524 -0.88499 -0.319679
-56.2951 61.163 34.1291 0.342262 -0.874174 -0.344494
-57.0558 61.3887 32.8185 0.375686 -0.852954 -0.362394
-57.5505 61.6675 31.6463 0.373827 -0.854238 -0.361284
-57.8597 61.9486 30.665 0.371771 -0.855429 -0.360594
-57.9969 62.2439 29.823 0.363614 -0.855887 -0.367596
-58.1674 62.6159 28.8125 0.37681 -0.84636 -0.376417
-58.2321 62.9355 27.957 0.367548 -0.859818 -0.354211
-58.3218 63.3729 26.7916 0.359263 -0.864747 -0.350899
-58.3572 63.7188 25.8374 0.401435 -0.855678 -0.326595
-58.3532 64.0416 24.9786 0.378912 -0.859771 -0.340604
-58.4624 64.3652 23.9403 0.375252 -0.905292 -0.199078
-58.6944 64.5411 22.8043 0.417314 -0.867427 -0.27096
-59.0645 64.6569 21.7147 0.44974 -0.865964 -0.218724
-59.4106 64.7646 20.7201 0.41548 -0.861886 -0.287344
-59.7116 64.9193 19.8493 0.397887 -0.872597 -0.282443
-59.9779 65.1281 18.9043 0.406494 -0.865373 -0.29275
-60.1686 65.3232 17.8536 0.392106 -0.886229 -0.246267
-60.3301 65.5386 16.8862 0.387354 -0.883605 -0.263058
-60.3687 65.7519 15.9537 0.406179 -0.886803 -0.220424
-60.3053 66.0267 14.9819 0.400056 -0.888095 -0.226367
-60.1858 66.3311 13.9651 0.40516 -0.889812 -0.209953
-60.0085 66.6783 12.8715 0.430299 -0.877788 -0.21054
-59.8791 66.9662 11.9383 0.427977 -0.883142 -0.190902
-59.5115 67.4151 10.5846 0.45758 -0.872678 -0.170438
-58.9678 67.9191 9.47029 0.445048 -0.877874 -0.176704
-58.5108 68.4017 8.18929 0.459282 -0.87203 -0.169181
-58.0031 68.8093 7.44648 0.464764 -0.871241 -0.157903
-57.4832 69.2429 6.54065 0.440922 -0.88171 -0.167855
-57.0275 69.6085 5.80887 0.433924 -0.886556 -0.160214
-56.512 70.056 4.67919 0.44128 -0.884248 -0.152085
-56.1503 70.3739 3.89257 0.444803 -0.88255 -0.152498
-55.5483 70.8538 2.86076 0.463015 -0.875582 -0.137744
-54.9095 71.3189 2.04789 0.468806 -0.873352 -0.132201
-54.216 71.7852 1.43619 0.470292 -0.872156 -0.134791
-53.4941 72.2289 0.926708 0.459981 -0.879294 -0.123178
-52.7881 72.6521 0.554321 0.462792 -0.879049 -0.114442
-52.0456 73.0869 0.210352 0.462668 -0.879737 -0.109547
-51.1184 73.608 -0.225371 0.43972 -0.891083 -0.112329
-50.043 74.2036 -0.638261 0.461233 -0.879963 -0.113684
-49.2838 74.6359 -0.892757 0.448125 -0.88654 -0.113956
-48.3045 75.1541 -1.22989 0.433157 -0.894883 -0.107388
-47.1842 75.7472 -1.7454 0.435541 -0.894926 -0.0968827
-46.1968 76.2768 -2.1522 0.439241 -0.893271 -0.0955751
-44.8747 76.918 -2.33481 0.420631 -0.903061 -0.0859957
-43.906 77.3471 -2.45699 0.389365 -0.917212 -0.0843694
-43.0882 77.7058 -2.57914 0.385487 -0.91861 -0.0867715
-41.9422 78.1821 -2.59811 0.376132 -0.922542 -0.086048
-40.7387 78.6639 -2.51563 0.377364 -0.923341 -0.0709804
-39.6854 79.0656 -2.38686 0.356671 -0.931461 -0.0718714
-38.3899 79.5385 -2.07422 0.365486 -0.924359 -0.109457
-37.4347 79.8622 -1.75676 0.346996 -0.928213 -0.133687
-36.6653 80.096 -1.33685 0.356668 -0.923811 -0.139144
-35.8989 80.3309 -0.816246 0.355845 -0.926584 -0.12078
-35.1345 80.4943 -0.319219 0.29491 -0.936526 -0.189595
-34.1178 80.6557 0.439591 0.295092 -0.932751 -0.204411
-33.351 80.7705 1.02699 0.291655 -0.927929 -0.232094
-32.6382 80.8552 1.59672 0.292771 -0.928569 -0.228134
-31.8647 80.9281 2.22042 0.252896 -0.930235 -0.264466
-31.0589 80.9499 2.84119 0.249195 -0.923672 -0.291088
-30.1846 80.8276 3.8747 0.215621 -0.934339 -0.283254
-29.5163 80.5125 5.12939 0.144569 -0.940853 -0.305988
-29.0731 80.0941 6.49652 0.101089 -0.951966 -0.286729
-28.8438 79.8021 7.59221 0.056263 -0.959084 -0.277475
-28.5524 79.3441 8.88059 0.0525458 -0.931192 -0.360494
-28.1425 78.8725 10.1642 0.027878 -0.936489 -0.349578
-27.8578 78.3693 11.3842 -0.033242 -0.92305 -0.383241
-27.6688 77.8897 12.6212 -0.0419288 -0.931788 -0.360572
-27.5267 77.4908 13.5917 -0.0417123 -0.92216 -0.384552
-27.2976 77.014 14.6044 -0.057719 -0.891871 -0.448592
-27.0856 76.5904 15.5067 -0.131918 -0.892134 -0.432082
-26.9059 76.1194 16.4401 -0.149493 -0.887695 -0.434683
-26.8159 75.6778 17.2664 -0.165498 -0.880279 -0.444656
-26.725 75.176 18.2047 -0.116227 -0.876834 -0.466139
-26.797 74.4283 19.6756 -0.1556 -0.860139 -0.484687
-26.9765 73.7194 20.9086 -0.167882 -0.844445 -0.508654
-27.0908 73.2078 21.7447 -0.172182 -0.825603 -0.537339
-27.3049 72.6203 22.7197 -0.138933 -0.845206 -0.516065
-27.6443 72.0381 23.7265 -0.154046 -0.826241 -0.541845
-28.0766 71.5644 24.581 -0.161318 -0.831466 -0.53164
-28.5082 71.1597 25.3467 -0.135763 -0.836709 -0.530225
-29.1207 70.6364 26.3148 -0.11616 -0.843372 -0.524603
-29.8169 70.18 27.2307 -0.12625 -0.856152 -0.500874
-30.1354 69.9794 27.6696 -0.135453 -0.860271 -0.491514
-29.4005 69.5787 28.1224 -0.136826 -0.84797 -0.512079
-30.1344 69.1659 29.0683 -0.180167 -0.861435 -0.474655
-30.8447 68.8941 29.8924 -0.154589 -0.89696 -0.412802
-31.5344 68.6679 30.5731 -0.115208 -0.889985 -0.441196
-32.2389 68.3787 31.3406 -0.117328 -0.889836 -0.440932
-32.964 68.1532 31.969 -0.129455 -0.864016 -0.486536
-34.1934 67.8772 32.7449 -0.08046 -0.858537 -0.505353
-35.2713 67.5845 33.3624 -0.0427302 -0.868554 -0.493603
-36.0629 67.3445 33.838 -0.0311321 -0.870507 -0.49117
-37.0099 67.0107 34.6714 -0.0186547 -0.899283 -0.432015
-37.7159 66.6762 35.3108 0.0502654 -0.905255 -0.421885
-38.4552 66.1452 36.3294 0.0745901 -0.904801 -0.418783
-38.9132 65.7924 37.0423 0.0786248 -0.912676 -0.40105
-39.5357 65.199 38.1333 0.117926 -0.895149 -0.429885
-39.9637 64.8288 38.8438 0.0938658 -0.939717 -0.328818
-40.5421 64.4273 39.7105 0.141155 -0.919703 -0.366362
-41.1694 64.0014 40.5242 0.14652 -0.916222 -0.37292
-41.9746 63.5706 41.1301 0.248067 -0.869827 -0.426455
-43.111 63.0107 41.7211 0.185974 -0.880876 -0.433478
-43.9646 62.7191 41.942 0.154701 -0.886533 -0.433711
-45.3859 62.2957 41.7738 0.311785 -0.847845 -0.428893
-46.5739 62.0789 41.3322 0.327674 -0.856383 -0.397519
-47.5126 61.9459 40.8838 0.288877 -0.877706 -0.382309
-48.5067 61.847 40.3136 0.321908 -0.863804 -0.387571
-49.518 61.7876 39.6549 0.292319 -0.879048 -0.376594
-50.5311 61.7103 38.9749 0.326337 -0.878028 -0.350101
-51.624 61.5236 38.3738 0.354149 -0.876717 -0.325465
-52.4922 61.2843 38.048 0.379895 -0.874405 -0.301819
-53.6509 60.953 37.5905 0.353303 -0.887868 -0.294666
-54.7121 60.7406 36.9986 0.343921 -0.889075 -0.302101
-55.5732 60.6456 36.3085 0.341865 -0.8878 -0.308123
-56.2265 60.6309 35.6379 0.343514 -0.883992 -0.317054
-56.9073 60.6765 34.7554 0.345383 -0.878585 -0.329461
-57.428 60.7845 33.9352 0.358625 -0.870303 -0.337581
-57.9797 60.9868 32.8688 0.338536 -0.87101 -0.355999
-58.444 61.2518 31.7642 0.342365 -0.873325 -0.346532
-58.7552 61.535 30.7371 0.337495 -0.874293 -0.348817
-58.9361 61.8783 29.7676 0.355464 -0.856343 -0.374596
-59.0211 62.2042 28.9108 0.348856 -0.868579 -0.351952
-59.1161 62.5501 27.9877 0.361364 -0.858065 -0.364884
-59.1669 62.9312 27.017 0.357423 -0.864337 -0.353793
-59.2311 63.3499 25.8618 0.33986 -0.885109 -0.317852
-59.228 63.6748 24.9994 0.348284 -0.862044 -0.36821
-59.3065 63.9696 24.0553 0.414488 -0.880877 -0.228596
-59.5313 64.1209 22.9011 0.393146 -0.899557 -0.190337
-59.8845 64.2162 21.9478 0.368208 -0.900525 -0.231253
-60.1834 64.335 21.0519 0.35752 -0.901205 -0.244967
-60.5256 64.4938 20.0414 0.397967 -0.879348 -0.261476
-60.8233 64.6648 19.0806 0.41518 -0.864897 -0.282096
-61.0549 64.9277 17.8862 0.380647 -0.887378 -0.260071
-61.2474 65.1605 16.7335 0.402586 -0.889605 -0.215679
-61.2604 65.3801 15.8202 0.402443 -0.886459 -0.228541
-61.1941 65.7045 14.6751 0.402611 -0.888953 -0.218157
-61.0171 66.077 13.4574 0.39977 -0.890991 -0.21522
-60.8585 66.3499 12.5587 0.401712 -0.894088 -0.198075
-60.6794 66.6711 11.4677 0.421625 -0.889486 -0.176003
-60.409 67.0211 10.3712 0.415789 -0.891095 -0.18185
-59.9916 67.4333 9.29236 0.431419 -0.883588 -0.181201
-59.5478 67.8312 8.44488 0.428548 -0.881716 -0.19729
-59.2611 68.1641 7.54197 0.424337 -0.887762 -0.178372
-58.571 68.7118 6.52921 0.435948 -0.881837 -0.179757
-58.137 69.0618 5.77457 0.440531 -0.88236 -0.16543
-57.4981 69.5749 4.72019 0.433927 -0.886556 -0.160207
-57.0528 69.9513 3.74395 0.42735 -0.892422 -0.144757
-56.5799 70.3394 2.78113 0.442598 -0.887498 -0.128274
-56.1235 70.6734 2.07397 0.462313 -0.876302 -0.13548
-55.3565 71.2238 1.13538 0.451058 -0.881569 -0.138878
-54.4575 71.81 0.387286 0.456216 -0.881748 -0.119908
-53.4319 72.4218 -0.234146 0.453986 -0.88279 -0.12074
-52.4508 72.9867 -0.660613 0.456735 -0.883045 -0.107816
-51.2273 73.6756 -1.22041 0.443706 -0.889113 -0.11216
-50.4535 74.1011 -1.50656 0.453884 -0.883498 -0.115427
-49.6979 74.5309 -1.75383 0.463607 -0.878318 -0.116699
-48.7932 75.0153 -2.07716 0.432024 -0.896034 -0.102363
-48.018 75.4275 -2.44506 0.428844 -0.897371 -0.104011
-46.8657 76.0423 -2.96033 0.433855 -0.894812 -0.105264
-45.4496 76.7276 -3.2258 0.410227 -0.907554 -0.0897785
-44.4288 77.204 -3.31392 0.403805 -0.911264 -0.0791726
-43.5931 77.5742 -3.47795 0.38999 -0.916901 -0.0848533
-42.744 77.9468 -3.60165 0.385487 -0.918609 -0.0867729
-41.6234 78.3919 -3.50564 0.37208 -0.924462 -0.0832171
-40.6658 78.7681 -3.45427 0.364113 -0.928885 -0.0677879
-39.7529 79.1214 -3.36714 0.362919 -0.928884 -0.0736399
-38.6133 79.5547 -3.08762 0.377302 -0.921928 -0.0877018
-37.763 79.8751 -2.85457 0.39754 -0.911205 -0.108015
-36.4542 80.3336 -2.30139 0.361246 -0.918867 -0.158696
-35.3684 80.6222 -1.58192 0.345327 -0.925392 -0.15214
-34.4985 80.8335 -1.00562 0.31505 -0.929671 -0.189742
-33.7659 80.9815 -0.431938 0.335185 -0.922818 -0.189888
-32.9155 81.1199 0.190342 0.290533 -0.927293 -0.236047
-32.1805 81.2034 0.767054 0.291656 -0.92793 -0.232089
-31.4319 81.2573 1.39781 0.300233 -0.91435 -0.271707
-30.6372 81.3168 1.98694 0.191077 -0.937719 -0.289758
-29.6022 81.1649 3.11577 0.15166 -0.944188 -0.29142
-29.0217 80.9601 4.00371 0.130795 -0.941873 -0.309394
-28.5175 80.644 5.13801 0.125692 -0.938781 -0.320766
-28.2103 80.3576 6.05407 0.105944 -0.930211 -0.351401
-27.9502 79.9253 7.39168 0.0777565 -0.955615 -0.284171
-27.792 79.631 8.22812 0.0302649 -0.935887 -0.350623
-27.4797 79.2469 9.25641 -0.00231736 -0.925149 -0.376564
-27.2059 78.885 10.0648 -0.0457497 -0.917446 -0.395222
-26.9263 78.3718 11.2934 -0.0558193 -0.924568 -0.376774
-26.7268 77.9003 12.4421 -0.0691015 -0.927506 -0.367365
-26.596 77.4506 13.433 -0.129252 -0.928478 -0.348171
-26.3745 77.0363 14.2909 -0.182259 -0.895443 -0.406157
-26.1874 76.6451 15.0979 -0.160763 -0.900613 -0.402827
-25.9515 76.0001 16.3239 -0.166216 -0.876994 -0.450829
-25.8377 75.4046 17.4461 -0.162784 -0.880562 -0.445097
-25.7536 74.7103 18.7795 -0.16336 -0.877859 -0.450196
-25.8872 74.0774 19.9711 -0.187442 -0.832141 -0.520952
-26.0419 73.5187 20.8993 -0.21543 -0.821678 -0.527663
-26.2492 72.7514 22.1571 -0.183402 -0.828228 -0.529347
-26.4297 72.3087 22.9346 -0.175271 -0.83435 -0.522576
-26.7037 71.8196 23.7758 -0.164318 -0.824258 -0.541847
-27.2337 71.2304 24.8735 -0.165978 -0.846308 -0.506177
-27.6939 70.7942 25.7063 -0.130499 -0.827754 -0.545705
-28.1878 70.3447 26.5202 -0.154308 -0.838012 -0.523189
-28.9668 69.86 27.5407 -0.135127 -0.845977 -0.515794
-29.0697 69.7902 27.6838 -0.136829 -0.847968 -0.512082
-28.2041 69.5281 27.8639 -0.169532 -0.839276 -0.51657
-28.8109 69.0199 28.8613 -0.150903 -0.838796 -0.523115
-29.4653 68.7179 29.6511 -0.189174 -0.854247 -0.483647
-30.2702 68.4394 30.5833 -0.220041 -0.869378 -0.442452
-31.2578 68.1181 31.5603 -0.137941 -0.872551 -0.468643
-31.8935 67.874 32.177 -0.131275 -0.863135 -0.487612
-32.9902 67.6033 32.9407 -0.184983 -0.85161 -0.487031
-33.728 67.4101 33.4581 -0.0868712 -0.875117 -0.47605
-34.7164 67.166 34.0259 -0.0617317 -0.861429 -0.504113
-35.7416 66.8926 34.764 -0.0952568 -0.919253 -0.377819
-36.4516 66.6774 35.4033 -0.042998 -0.931462 -0.361288
-37.2432 66.3225 36.1573 0.0731253 -0.909043 -0.410237
-37.7416 65.9601 36.9337 0.112452 -0.916388 -0.384172
-38.3306 65.4627 37.921 0.116687 -0.899632 -0.420663
-38.9998 64.8578 39.0408 0.11542 -0.926634 -0.35588
-39.5338 64.4927 39.9306 0.11728 -0.929772 -0.347652
-40.0032 64.1119 40.7222 0.156237 -0.92862 -0.335849
-40.9486 63.5957 41.6239 0.166739 -0.921458 -0.350863
-41.6337 63.2031 42.1328 0.249071 -0.887939 -0.38669
-42.5365 62.7377 42.5261 0.271486 -0.854152 -0.442201
-43.5494 62.3811 42.8504 0.134746 -0.906992 -0.399009
-44.6453 62.0511 42.7999 0.313485 -0.848558 -0.426235
-45.5428 61.8117 42.6164 0.312636 -0.848201 -0.427565
-46.9793 61.5839 42.111 0.277024 -0.876512 -0.39368
-48.3694 61.4491 41.3842 0.291007 -0.880672 -0.373498
-49.4377 61.3814 40.6824 0.289834 -0.883783 -0.367312
-50.2287 61.3432 40.1555 0.302072 -0.87987 -0.36659
-50.959 61.3047 39.612 0.321221 -0.884146 -0.339267
-52.2111 61.051 39.0046 0.356752 -0.877452 -0.320635
-53.1384 60.7753 38.7464 0.360182 -0.883203 -0.300368
-54.2805 60.5035 38.211 0.332598 -0.896545 -0.292537
-55.5605 60.2666 37.4764 0.332672 -0.898593 -0.286112
-56.5267 60.1925 36.5965 0.33071 -0.896366 -0.295228
-57.4334 60.2182 35.5183 0.329084 -0.894384 -0.302954
-58.1264 60.3264 34.4916 0.319388 -0.892141 -0.319494
-58.5246 60.4699 33.6798 0.318253 -0.886688 -0.33541
-58.9848 60.5945 32.9047 0.339055 -0.881613 -0.328215
-59.3889 60.85 31.8466 0.335543 -0.876375 -0.345511
-59.7028 61.11 30.8952 0.333199 -0.874285 -0.352994
-59.8554 61.4432 29.9482 0.333736 -0.868578 -0.366324
-59.8622 61.8032 29.0737 0.343196 -0.873613 -0.344732
-60.0113 62.0827 28.22 0.353445 -0.862238 -0.362798
-60.0273 62.5313 27.1231 0.358935 -0.863606 -0.354048
-60.1015 63.1099 25.5852 0.36392 -0.870495 -0.331339
-60.1779 63.4036 24.6751 0.380726 -0.895766 -0.228706
-60.2279 63.6309 23.754 0.394949 -0.890762 -0.224246
-60.561 63.7627 22.5803 0.379883 -0.892965 -0.241458
-60.8969 63.9015 21.6314 0.350294 -0.901744 -0.253045
-61.178 64.0545 20.6815 0.338171 -0.906075 -0.254189
-61.6724 64.2345 19.3305 0.348009 -0.899655 -0.262803
-61.9485 64.4895 18.1131 0.369474 -0.894361 -0.252207
-62.1265 64.7115 16.9934 0.363863 -0.904765 -0.221367
-62.1627 64.9994 15.7682 0.366051 -0.90056 -0.234234
-62.0837 65.3339 14.6126 0.383367 -0.898637 -0.213262
-61.9955 65.586 13.7128 0.39093 -0.897146 -0.20535
-61.7955 65.9108 12.6231 0.407893 -0.892043 -0.194635
-61.5671 66.2939 11.3132 0.409363 -0.893871 -0.182802
-61.351 66.5844 10.373 0.409237 -0.89416 -0.181665
-61.0538 66.9047 9.47943 0.411503 -0.892456 -0.184888
-60.6415 67.3163 8.40461 0.409801 -0.893234 -0.184922
-60.3683 67.6393 7.52042 0.426442 -0.884739 -0.187832
-59.6622 68.1716 6.56075 0.425678 -0.886307 -0.182355
-59.066 68.6599 5.53907 0.426117 -0.889951 -0.162514
-58.5421 69.0678 4.69867 0.431128 -0.886518 -0.167973
-58.0977 69.4169 3.94138 0.431606 -0.890183 -0.145872
-57.4465 69.9586 2.51345 0.430116 -0.891788 -0.140409
-56.6875 70.5139 1.27566 0.441365 -0.88607 -0.140829
-56.1273 70.9358 0.430798 0.448876 -0.884136 -0.129672
-55.232 71.5016 -0.291774 0.452467 -0.881614 -0.134278
-54.2921 72.0716 -0.909101 0.449974 -0.884551 -0.122761
-53.5247 72.5121 -1.24403 0.454002 -0.882795 -0.120645
-52.4766 73.1037 -1.69675 0.45364 -0.883944 -0.113371
-51.5688 73.6171 -2.07132 0.444308 -0.887992 -0.118578
-50.3121 74.3224 -2.61341 0.455849 -0.881573 -0.122181
-49.5609 74.738 -2.86673 0.429748 -0.896945 -0.103953
-48.6507 75.2083 -3.23485 0.419954 -0.902783 -0.0912143
-47.8863 75.615 -3.59787 0.436433 -0.895401 -0.0882093
-47.1113 76.0188 -3.86109 0.429541 -0.898059 -0.0947838
-46.038 76.5556 -4.14133 0.414881 -0.904988 -0.0939182
-44.9178 77.0729 -4.23823 0.410147 -0.906643 -0.098886
-43.777 77.5834 -4.39934 0.388562 -0.917116 -0.0889731
-42.8984 77.9713 -4.55217 0.38952 -0.9168 -0.0880423
-41.9903 78.3376 -4.56709 0.36993 -0.925521 -0.0810021
-40.9427 78.7383 -4.42171 0.359357 -0.929444 -0.0836408
-40.0719 79.0708 -4.39 0.364133 -0.928553 -0.0719643
-38.8563 79.5425 -4.09006 0.382597 -0.921331 -0.0683606
-37.3727 80.1636 -3.65123 0.41878 -0.898716 -0.121586
-36.4764 80.5042 -3.32732 0.392342 -0.904724 -0.165639
-35.6136 80.778 -2.86703 0.381592 -0.906163 -0.182361
-34.8626 80.978 -2.37235 0.356163 -0.914389 -0.19246
-33.7666 81.2514 -1.66092 0.349161 -0.914973 -0.202069
-33.0023 81.3853 -0.984522 0.319813 -0.921849 -0.217029
-32.2389 81.5144 -0.482968 0.301324 -0.921364 -0.245546
-31.4828 81.6205 0.0457247 0.299678 -0.921646 -0.2465
-30.8286 81.6484 0.738428 0.283302 -0.92339 -0.257893
-30.0061 81.6613 1.29895 0.190097 -0.932948 -0.304019
-29.2228 81.5186 2.17746 0.158927 -0.942752 -0.293192
-28.6202 81.3757 2.92895 0.149453 -0.936353 -0.317658
-27.9203 81.0586 4.15557 0.124586 -0.937344 -0.325321
-27.5735 80.7964 5.05849 0.123862 -0.939297 -0.319967
-27.1722 80.3822 6.33596 0.128377 -0.925806 -0.355531
-27.0063 79.989 7.34825 0.0716709 -0.935122 -0.347003
-26.863 79.6844 8.19878 0.0208885 -0.923915 -0.377259
-26.5482 79.2801 9.10055 -0.0203061 -0.914486 -0.404109
-26.2852 78.9258 9.88913 -0.0271343 -0.911561 -0.410157
-26.0158 78.4745 10.8863 -0.0653817 -0.923027 -0.379139
-25.8443 78.0996 11.7848 -0.0637329 -0.926483 -0.370901
-25.7464 77.6668 12.7262 -0.115656 -0.893614 -0.433679
-25.5533 77.2319 13.5578 -0.125043 -0.889511 -0.439471
-25.336 76.7699 14.4358 -0.111143 -0.903308 -0.413739
-25.14 76.3472 15.3543 -0.122579 -0.894603 -0.428795
-24.9859 75.8223 16.3381 -0.11163 -0.885035 -0.451927
-24.8931 75.2784 17.3801 -0.107554 -0.884754 -0.453478
-24.8295 74.7322 18.4083 -0.134653 -0.877581 -0.459501
-24.7964 74.3093 19.2274 -0.155749 -0.880231 -0.448258
-24.939 73.7904 20.0823 -0.141679 -0.815024 -0.56184
-25.1239 73.0953 21.2097 -0.159267 -0.847711 -0.505984
-25.3733 72.4902 22.3018 -0.153843 -0.844896 -0.512257
-25.5987 71.9743 23.2043 -0.148746 -0.841748 -0.518974
-25.9215 71.4513 24.1189 -0.123775 -0.835943 -0.534676
-26.277 70.9638 24.9843 -0.188603 -0.834939 -0.517017
-26.7209 70.5551 25.7971 -0.175774 -0.817775 -0.547736
-27.3651 69.9807 26.8463 -0.166981 -0.834101 -0.525615
-27.7609 69.7379 27.372 -0.174254 -0.837461 -0.517971
-27.8807 69.6701 27.5219 -0.173672 -0.839186 -0.515359
