-44.8444 73.9344 18.8779 0.322467 -0.893584 -0.310855
-44.0786 74.6231 17.6618 0.340562 -0.89675 -0.282466
-44.3286 74.7998 16.7775 0.337665 -0.900096 -0.275336
-44.7541 74.7002 16.577 0.343655 -0.899535 -0.2697
-45.056 74.323 17.4283 0.340392 -0.894531 -0.289718
-45.227 73.9898 18.2588 0.337328 -0.895658 -0.289838
-44.9477 73.8645 18.9709 0.340392 -0.894531 -0.289718
-45.8758 73.439 19.0794 0.36345 -0.874069 -0.322327
-46.0685 73.7229 18.1042 0.349974 -0.884388 -0.307837
-45.8264 74.1665 16.9909 0.344809 -0.895532 -0.281298
-45.458 74.581 16.0777 0.34161 -0.900482 -0.269129
-44.7303 75.1031 15.1036 0.328706 -0.918705 -0.218936
-43.9803 75.4917 14.6074 0.331559 -0.917538 -0.219529
-43.5135 75.4689 15.3709 0.285633 -0.924566 -0.252174
-43.3757 75.2696 16.2535 0.284728 -0.923926 -0.255519
-43.2964 75.0351 17.1898 0.29464 -0.918542 -0.263212
-43.285 74.7561 18.0678 0.285168 -0.904467 -0.316598
-43.7462 74.1514 19.2909 0.296972 -0.895113 -0.332503
-44.5586 73.5032 20.1462 0.304402 -0.877234 -0.371187
-45.3354 73.0801 20.518 0.300307 -0.877742 -0.373342
-45.7562 73.2875 19.6319 0.364255 -0.875026 -0.318823
-45.8542 73.4116 19.1793 0.364257 -0.875024 -0.318826
-46.7095 73.0076 19.2945 0.386249 -0.862034 -0.328172
-46.8822 73.2797 18.3491 0.379607 -0.869424 -0.316229
-46.7952 73.7154 17.1856 0.366558 -0.886929 -0.281056
-46.4242 74.1881 16.0694 0.405047 -0.884845 -0.230031
-45.8045 74.7432 14.9169 0.373724 -0.905959 -0.197691
-45.2221 75.1091 14.2533 0.354399 -0.913795 -0.198391
-44.518 75.4857 13.7782 0.338842 -0.918689 -0.202967
-43.6802 75.8696 13.4391 0.334598 -0.919204 -0.207532
-42.8795 76.0693 13.6997 0.286798 -0.935073 -0.208291
-42.697 75.842 14.882 0.265031 -0.931916 -0.247565
-42.5053 75.5265 16.2478 0.261695 -0.930673 -0.255662
-42.4216 75.1683 17.5718 0.255601 -0.926827 -0.275063
-42.4129 74.8743 18.5156 0.285167 -0.904468 -0.316596
-42.6813 74.4478 19.3646 0.271957 -0.888831 -0.368808
-43.1786 73.9909 20.161 0.248834 -0.893625 -0.371706
-43.941 73.3956 20.8902 0.320961 -0.858972 -0.398937
-44.6237 72.9662 21.3496 0.293232 -0.873834 -0.387702
-45.3574 72.5013 21.8018 0.3022 -0.861816 -0.407368
-46.0856 72.3839 21.4854 0.314374 -0.862356 -0.396876
-46.4028 72.669 20.5447 0.384375 -0.865311 -0.321703
-46.6301 72.9025 19.6606 0.383624 -0.862283 -0.330606
-47.5554 72.5732 19.4337 0.388886 -0.86178 -0.325736
-47.7159 72.863 18.4689 0.415281 -0.856398 -0.305087
-47.7692 73.1312 17.6067 0.450532 -0.849132 -0.275104
-47.5789 73.4882 16.6773 0.443546 -0.867421 -0.225494
-47.2581 73.8779 15.7655 0.419013 -0.879701 -0.224612
-46.8638 74.2744 14.9098 0.413724 -0.889302 -0.194667
-46.2965 74.7195 14.0371 0.406725 -0.893029 -0.192542
-45.4142 75.2677 13.1736 0.363154 -0.911989 -0.190777
-44.2621 75.8258 12.6331 0.364249 -0.915928 -0.168518
-43.2667 76.2552 12.3363 0.338146 -0.920941 -0.193713
-42.4254 76.5495 12.4067 0.308745 -0.932062 -0.186748
-41.9733 76.4708 13.2814 0.261267 -0.932868 -0.247984
-41.8211 76.1697 14.5827 0.271388 -0.930204 -0.247123
-41.6795 75.8564 15.8955 0.266187 -0.929737 -0.254429
-41.5313 75.5216 17.2161 0.261705 -0.924686 -0.276525
-41.4815 75.1785 18.2762 0.192419 -0.921015 -0.338682
-41.488 74.8508 19.1306 0.198553 -0.908353 -0.367923
-41.9544 74.2986 20.1836 0.216397 -0.892004 -0.396538
-42.4839 73.8352 20.888 0.235452 -0.877117 -0.418603
-43.3088 73.2759 21.6067 0.248019 -0.877371 -0.410541
-44.1762 72.747 22.1583 0.29744 -0.865712 -0.402506
-45.0123 72.1937 22.7264 0.30258 -0.866939 -0.396057
-45.7924 71.6982 23.1704 0.32361 -0.854131 -0.407109
-46.6294 71.6597 22.5707 0.33407 -0.853112 -0.400746
-46.9925 72.0225 21.4385 0.407655 -0.840452 -0.357014
-47.2653 72.2622 20.5621 0.40773 -0.840525 -0.356755
-47.4047 72.3863 20.1081 0.386255 -0.862032 -0.328169
-48.1897 71.9279 20.2723 0.417542 -0.838449 -0.350231
-47.9313 71.7062 21.1109 0.412636 -0.839488 -0.353489
-47.653 71.4647 21.9948 0.407899 -0.839376 -0.359255
-47.375 71.1353 23.0347 0.345439 -0.850543 -0.396478
-47.027 70.7711 24.1401 0.344973 -0.853804 -0.389887
-46.2871 70.8581 24.5887 0.331617 -0.857045 -0.394339
-45.5533 71.3346 24.1702 0.328877 -0.859182 -0.391954
-44.788 71.8178 23.6979 0.281235 -0.870126 -0.404708
-43.9696 72.3397 23.1609 0.284641 -0.864912 -0.413409
-43.0258 72.9301 22.5036 0.256331 -0.875464 -0.409703
-42.0326 73.5687 21.7292 0.229376 -0.882653 -0.409998
-41.4611 73.9834 21.1522 0.199644 -0.886698 -0.416609
-40.9244 74.4406 20.3812 0.180319 -0.896893 -0.403817
-40.5831 74.9044 19.4795 0.186179 -0.912667 -0.363755
-40.547 75.2539 18.6022 0.194703 -0.919336 -0.341896
-40.5799 75.6385 17.5607 0.205895 -0.924151 -0.320678
-40.7302 75.9825 16.3525 0.211571 -0.936672 -0.278957
-40.8577 76.2255 15.413 0.241652 -0.933499 -0.263435
-40.9579 76.514 14.2176 0.266404 -0.93391 -0.238413
-41.1079 76.7996 12.9009 0.264925 -0.936691 -0.228964
-41.3593 76.9483 11.9676 0.284753 -0.938802 -0.193178
-41.9622 76.9296 11.2071 0.290373 -0.934213 -0.207192
-42.9336 76.6009 11.2634 0.348669 -0.920325 -0.177271
-43.9253 76.1727 11.5279 0.349164 -0.919652 -0.179792
-45.0523 75.6451 11.9071 0.361413 -0.917175 -0.167808
-46.184 75.0919 12.5207 0.371518 -0.913162 -0.16696
-46.7906 74.69 13.1409 0.399992 -0.893879 -0.202452
-47.3216 74.2759 13.9299 0.413732 -0.8893 -0.194659
-47.8202 73.8462 14.7911 0.42328 -0.88185 -0.207524
-48.156 73.4583 15.632 0.452529 -0.86226 -0.22743
-48.5546 72.9767 16.7259 0.450711 -0.858931 -0.242267
-48.6412 72.6434 17.6716 0.456826 -0.848283 -0.267602
-48.5294 72.3364 18.7636 0.441341 -0.845398 -0.300702
-48.2877 72.0084 19.9625 0.417443 -0.842658 -0.339919
-49.1422 71.5719 19.9515 0.450227 -0.836533 -0.312262
-49.3888 71.9011 18.693 0.460854 -0.838774 -0.289663
-49.4906 72.2298 17.5261 0.459201 -0.843868 -0.277528
-49.3804 72.6011 16.4464 0.47658 -0.847457 -0.233855
-49.0681 73.0123 15.5109 0.461567 -0.860787 -0.213986
-48.7724 73.382 14.6774 0.458154 -0.861279 -0.219758
-48.3806 73.77 13.8793 0.443008 -0.87616 -0.189555
-47.891 74.1723 13.1186 0.445021 -0.873098 -0.199136
-47.4214 74.5809 12.3764 0.4225 -0.883491 -0.200799
-46.7925 74.9783 11.7261 0.385686 -0.90765 -0.165584
-45.9799 75.4107 11.2141 0.356361 -0.919582 -0.165422
-44.937 75.8973 10.8515 0.382634 -0.907028 -0.175763
-44.102 76.2899 10.5745 0.358831 -0.918929 -0.162951
-43.0442 76.7478 10.269 0.34904 -0.920628 -0.174972
-42.006 77.1692 10.1287 0.318932 -0.926265 -0.19708
-40.9322 77.3666 10.6329 0.267735 -0.942071 -0.202038
-40.4135 77.2789 11.7051 0.261368 -0.940924 -0.215102
-40.2072 77.0651 12.8445 0.248194 -0.942151 -0.225083
-40.0848 76.8381 13.845 0.226397 -0.941946 -0.247955
-39.9984 76.6126 14.7584 0.215513 -0.937839 -0.272051
-39.8745 76.2904 15.9676 0.21158 -0.936671 -0.278954
-39.6684 75.9156 17.3097 0.159225 -0.929893 -0.329463
-39.5484 75.4982 18.4264 0.144606 -0.922023 -0.359114
-39.5838 75.1385 19.3597 0.125452 -0.93792 -0.323369
-39.7632 74.7444 20.2262 0.181074 -0.896613 -0.4041
-40.3121 74.1823 21.2282 0.181055 -0.894213 -0.409346
-41.2224 73.5055 22.2837 0.199653 -0.8867 -0.416602
-42.1015 72.9449 22.9805 0.219101 -0.874701 -0.432312
-42.9185 72.4723 23.5491 0.232038 -0.87701 -0.419899
-43.5853 72.0479 24.02 0.25599 -0.866462 -0.428592
-44.6316 71.3883 24.6949 0.269293 -0.862584 -0.428287
-45.2974 70.9431 25.1562 0.275023 -0.857151 -0.435493
-46.041 70.4258 25.6619 0.3059 -0.857526 -0.413612
-46.7844 69.8749 26.2088 0.332392 -0.841533 -0.425837
-47.5706 69.9624 25.3793 0.359311 -0.838806 -0.408798
-47.8686 70.3237 24.3381 0.362503 -0.844272 -0.394698
-48.1267 70.6382 23.4043 0.397805 -0.843922 -0.359927
-48.3966 70.9588 22.3485 0.397024 -0.846257 -0.355276
-48.6936 71.1935 21.4728 0.395436 -0.843819 -0.362767
-48.9512 71.4182 20.6261 0.402408 -0.84915 -0.342071
-48.9787 71.4411 20.5369 0.42627 -0.842801 -0.327343
-49.7632 70.9576 20.7004 0.451075 -0.835838 -0.312898
-49.4877 70.7614 21.6047 0.430226 -0.832782 -0.347448
-49.1747 70.5098 22.5402 0.409783 -0.837238 -0.362091
-48.9002 70.1546 23.6683 0.407646 -0.837788 -0.36323
-48.561 69.6993 25.0122 0.369797 -0.842996 -0.390518
-48.2762 69.2574 26.1981 0.355643 -0.837801 -0.414254
-48.1133 68.8581 27.1509 0.344769 -0.840761 -0.417369
-47.9533 68.4181 28.1565 0.338645 -0.841039 -0.421867
-47.067 68.9694 27.7744 0.336775 -0.839814 -0.425716
-46.4907 69.4716 27.2308 0.330691 -0.8407 -0.428798
-45.8912 69.9886 26.6667 0.302184 -0.84369 -0.443428
-45.1542 70.4856 26.2068 0.314045 -0.857284 -0.407969
-44.0275 71.2258 25.403 0.25618 -0.87663 -0.405304
-42.976 71.9044 24.6739 0.256005 -0.866458 -0.428591
-41.9632 72.4916 23.9712 0.199638 -0.876833 -0.437243
-40.8438 73.1497 23.1672 0.195624 -0.874526 -0.443774
-39.7595 73.8762 22.1154 0.167707 -0.891979 -0.419729
-39.0364 74.5123 21.0151 0.151301 -0.896295 -0.416849
-38.7236 74.9125 20.266 0.127136 -0.91317 -0.384873
-38.6127 75.2535 19.4029 0.113862 -0.933744 -0.338775
-38.5913 75.6109 18.4912 0.134179 -0.916181 -0.377633
-38.6891 75.9309 17.6543 0.126522 -0.924373 -0.359899
-38.8179 76.2675 16.6612 0.157821 -0.943751 -0.290563
-38.9906 76.6325 15.4484 0.180523 -0.936712 -0.298914
-39.1206 76.9666 14.2304 0.191613 -0.942741 -0.272897
-39.2494 77.2127 13.1867 0.226842 -0.941714 -0.24843
-39.4336 77.4562 12.0339 0.234703 -0.946167 -0.222796
-39.641 77.6212 11.0989 0.240801 -0.947675 -0.209115
-39.9699 77.7107 10.2609 0.252184 -0.944797 -0.208982
-40.7209 77.6291 9.50224 0.286571 -0.945363 -0.154076
-41.867 77.3401 9.12315 0.304648 -0.94517 -0.117654
-43.2977 76.8174 9.32449 0.343897 -0.928358 -0.138526
-44.5828 76.2324 9.74802 0.369998 -0.916641 -0.151228
-45.648 75.7475 10.0767 0.376566 -0.911727 -0.163532
-46.7221 75.1968 10.5454 0.409292 -0.900093 -0.149376
-47.553 74.7317 11.0971 0.432314 -0.891461 -0.13565
-48.1974 74.2824 11.8649 0.459009 -0.870644 -0.176889
-48.6609 73.8854 12.6292 0.452583 -0.873744 -0.178155
-49.1034 73.5091 13.3397 0.452265 -0.873194 -0.181628
-49.5375 73.1061 14.1544 0.454119 -0.870216 -0.191043
-49.8757 72.6781 15.0854 0.470502 -0.853646 -0.223412
-50.203 72.2299 16.1129 0.474447 -0.852656 -0.218766
-50.3422 71.9155 17.0256 0.462221 -0.856598 -0.22933
-50.2901 71.4906 18.4477 0.460856 -0.838773 -0.289664
-50.0249 71.1358 19.8349 0.462756 -0.833431 -0.302072
-49.9521 71.0721 20.1223 0.45723 -0.834605 -0.307085
-50.7055 70.5922 20.291 0.463383 -0.833374 -0.30127
-51.0098 70.8711 19.0542 0.464283 -0.832457 -0.302418
-51.1699 71.1468 17.992 0.492801 -0.82895 -0.264445
-51.2186 71.404 17.1128 0.500574 -0.830562 -0.242607
-51.1155 71.704 16.1934 0.488647 -0.84525 -0.215554
-50.8639 72.0874 15.2296 0.500856 -0.844053 -0.191618
-50.5924 72.436 14.4001 0.49969 -0.845238 -0.189427
-50.1818 72.8966 13.4334 0.500043 -0.844337 -0.192491
-49.7747 73.2927 12.7028 0.472995 -0.863112 -0.175484
-49.172 73.8128 11.6834 0.457861 -0.87319 -0.166605
-48.4284 74.3867 10.6232 0.441014 -0.885589 -0.144556
-47.7435 74.8067 10.0469 0.423775 -0.893968 -0.145716
-46.514 75.4817 9.40721 0.408851 -0.899958 -0.151382
-45.4251 76.0132 9.00312 0.370576 -0.917624 -0.143559
-44.2226 76.5605 8.59646 0.372209 -0.917599 -0.13954
-42.9955 77.0767 8.22438 0.325541 -0.932865 -0.152796
-41.8589 77.4955 8.10905 0.313056 -0.935165 -0.165703
-40.8306 77.7857 8.39668 0.307736 -0.936731 -0.166821
-39.8007 78.0196 8.9786 0.306932 -0.93738 -0.164654
-39.0878 78.0468 9.85373 0.266328 -0.936808 -0.226847
-38.6999 77.8343 11.1839 0.241945 -0.945461 -0.218095
-38.5096 77.6721 12.098 0.223695 -0.944389 -0.239378
-38.2837 77.3337 13.5209 0.194307 -0.94587 -0.259776
-38.1299 76.9968 14.8216 0.191613 -0.942741 -0.272896
-37.9161 76.521 16.3269 0.135199 -0.937188 -0.321543
-37.774 76.1536 17.4042 0.124271 -0.929414 -0.347209
-37.6723 75.7844 18.399 0.131836 -0.920887 -0.366636
-37.661 75.3277 19.4679 0.106856 -0.919273 -0.377693
-37.7834 74.9438 20.4438 0.0742572 -0.917944 -0.387627
-38.0686 74.5596 21.2411 0.0516138 -0.908229 -0.415278
-38.462 74.1652 21.9766 0.149891 -0.899674 -0.410023
-39.0108 73.7152 22.7036 0.102802 -0.862435 -0.495619
-39.7611 73.2022 23.4382 0.103935 -0.861435 -0.497119
-40.4822 72.7865 24.0562 0.13767 -0.883709 -0.442867
-41.1432 72.3902 24.5457 0.207327 -0.870455 -0.446456
-42.1185 71.8486 25.1684 0.194906 -0.871012 -0.450877
-42.9351 71.3579 25.7458 0.221874 -0.862926 -0.453361
-43.6621 70.9014 26.2709 0.219388 -0.879989 -0.421294
-44.3652 70.4636 26.8072 0.215039 -0.85685 -0.468075
-45.018 70.005 27.2423 0.31316 -0.835688 -0.451171
-45.7322 69.4326 27.8596 0.286179 -0.837929 -0.46366
-46.3809 68.8515 28.4508 0.288313 -0.819989 -0.494463
-46.9657 68.3827 28.9976 0.321396 -0.842734 -0.431862
-47.625 67.9196 29.4105 0.320738 -0.844799 -0.428281
-48.4347 67.7083 29.1904 0.338841 -0.841758 -0.420275
-48.9518 68.0646 28.0513 0.354527 -0.838526 -0.413745
-49.0086 68.5431 27.0313 0.351316 -0.840884 -0.411691
-49.2603 69.0889 25.678 0.396065 -0.83302 -0.38602
-49.4872 69.4138 24.7025 0.398615 -0.838599 -0.371293
-49.7227 69.7358 23.7099 0.410749 -0.837034 -0.361468
-49.9916 70.0456 22.689 0.409782 -0.837239 -0.36209
-50.2875 70.3032 21.6622 0.450728 -0.828387 -0.332596
-50.6447 70.5489 20.5043 0.463384 -0.833375 -0.301266
-51.4089 70.0552 20.7061 0.459083 -0.835469 -0.302049
-51.6591 70.2331 19.8272 0.461478 -0.835673 -0.297807
-51.858 70.4353 18.9516 0.462879 -0.834066 -0.300114
-52.0004 70.6448 18.0379 0.498311 -0.827794 -0.257764
-52.0656 70.9131 17.0191 0.523429 -0.823664 -0.218068
-51.8951 71.3578 15.6747 0.513831 -0.832043 -0.209004
-51.6284 71.7595 14.6754 0.507502 -0.83934 -0.194613
-51.3615 72.0994 13.8707 0.50035 -0.844763 -0.189804
-50.9668 72.5272 13.0128 0.500236 -0.844361 -0.191882
-50.4748 72.9987 12.1457 0.496464 -0.852811 -0.161977
-50.0625 73.3728 11.4118 0.488878 -0.859463 -0.149406
-49.5845 73.7836 10.6127 0.490742 -0.859615 -0.142042
-48.9267 74.2586 9.76819 0.474653 -0.872037 -0.119398
-47.927 74.8759 9.05177 0.427595 -0.894339 -0.131609
-46.9882 75.3897 8.59019 0.420143 -0.898762 -0.125283
-45.9677 75.9116 8.16205 0.404954 -0.907194 -0.11407
-44.72 76.4916 7.72248 0.373282 -0.916132 -0.146003
-43.7939 76.9226 7.41126 0.365127 -0.918747 -0.149925
-42.9149 77.2922 7.21948 0.343522 -0.92527 -0.159857
-41.6032 77.7532 7.14043 0.320877 -0.93089 -0.174449
-40.4718 78.058 7.52964 0.307728 -0.936735 -0.166818
-39.2143 78.3516 8.19947 0.304873 -0.934179 -0.184842
-38.4657 78.4335 8.9636 0.266557 -0.941637 -0.203127
-38.0552 78.3329 9.82008 0.248224 -0.939873 -0.234572
-37.8234 78.1487 10.8312 0.250859 -0.941212 -0.226252
-37.6459 77.9506 11.753 0.190597 -0.945671 -0.263384
-37.4529 77.6928 12.8281 0.1779 -0.945131 -0.273473
-37.3152 77.4273 13.794 0.155756 -0.949524 -0.272296
-37.1407 77.0435 15.1162 0.131795 -0.941878 -0.309025
-37.0333 76.7625 15.993 0.13359 -0.936552 -0.324075
-36.9018 76.4298 16.9769 0.133867 -0.930611 -0.340651
-36.7493 75.9778 18.1844 0.0893774 -0.93266 -0.349509
-36.7128 75.5843 19.1347 0.0542989 -0.919166 -0.390109
-36.7048 75.2249 19.9869 0.0957127 -0.915615 -0.388718
-36.8769 74.8221 20.8255 0.0556604 -0.905402 -0.420891
-37.1897 74.4433 21.6047 0.0448029 -0.889205 -0.453272
-37.6316 73.9803 22.3906 0.0373775 -0.870397 -0.490929
-38.1334 73.5701 23.0724 0.0387629 -0.867405 -0.49609
-38.7016 73.1679 23.7261 0.0911829 -0.867302 -0.489106
-39.4829 72.6866 24.4175 0.0910332 -0.877812 -0.469707
-40.3155 72.2448 25.1036 0.11211 -0.864528 -0.488636
-41.1003 71.8323 25.5833 0.142692 -0.860871 -0.488266
-41.9314 71.3875 26.1432 0.209573 -0.872801 -0.440793
-42.7093 70.9164 26.7018 0.215898 -0.868207 -0.44677
-43.4731 70.4468 27.2453 0.210792 -0.868108 -0.449358
-44.2731 69.9146 27.8226 0.240044 -0.855698 -0.458432
-44.9167 69.4254 28.3388 0.282578 -0.824169 -0.490811
-45.4907 68.9232 28.8509 0.278632 -0.846502 -0.450647
-46.2793 68.2858 29.6974 0.295169 -0.857873 -0.419351
-46.8998 67.7574 30.2805 0.32009 -0.846858 -0.424705
-47.7476 67.3247 30.5119 0.315684 -0.849395 -0.422932
-48.6473 67.1891 30.0857 0.343973 -0.845441 -0.408535
-49.5048 67.1483 29.442 0.350215 -0.842437 -0.40945
-49.8775 67.6453 28.1077 0.354519 -0.838529 -0.413745
-49.8837 68.1768 26.9601 0.392767 -0.833878 -0.387542
-50.0654 68.6296 25.8432 0.396064 -0.833021 -0.38602
-50.3507 69.0298 24.6309 0.411512 -0.834681 -0.365991
-50.5833 69.3231 23.6875 0.410748 -0.837032 -0.361472
-50.8384 69.6079 22.6584 0.446747 -0.830913 -0.331663
-51.0793 69.8287 21.7802 0.446727 -0.831034 -0.331387
-51.3494 70.0272 20.8739 0.459293 -0.835214 -0.302437
-51.3827 70.0443 20.7759 0.459289 -0.835214 -0.302442
-52.1163 69.5449 21.0412 0.463757 -0.833703 -0.299731
-52.4347 69.7278 20.0268 0.468227 -0.83219 -0.297025
-52.6433 69.9287 19.1028 0.497033 -0.829238 -0.255582
-52.7965 70.1188 18.1878 0.497672 -0.828516 -0.256673
-52.8839 70.3351 17.2179 0.525357 -0.820863 -0.224016
-52.8291 70.6632 16.1155 0.506431 -0.832635 -0.223288
-52.6761 70.9904 15.2097 0.504235 -0.839965 -0.200451
-52.424 71.3648 14.2921 0.508069 -0.837283 -0.202045
-52.1434 71.7262 13.4556 0.508777 -0.839828 -0.189299
-51.7671 72.1348 12.6349 0.504144 -0.842552 -0.189587
-51.3349 72.5539 11.8797 0.485933 -0.858672 -0.162946
-50.8924 72.9627 11.0554 0.492669 -0.856138 -0.155695
-50.3638 73.4094 10.1511 0.492621 -0.85976 -0.13468
-49.8487 73.8084 9.36111 0.480763 -0.868868 -0.118047
-49.2654 74.2115 8.76582 0.472221 -0.873098 -0.121231
-48.4877 74.6998 8.27766 0.470391 -0.874536 -0.11798
-47.5888 75.2141 7.82136 0.423116 -0.897335 -0.125548
-46.7912 75.6309 7.47057 0.404947 -0.905858 -0.123861
-45.9038 76.0772 7.13929 0.407121 -0.903047 -0.136897
-44.7724 76.6341 6.70822 0.384717 -0.912627 -0.13822
-43.5884 77.1785 6.34477 0.361462 -0.917973 -0.163314
-42.7172 77.5448 6.16144 0.343348 -0.926107 -0.15633
-41.6799 77.9189 6.13731 0.326221 -0.928328 -0.178287
-40.6678 78.2197 6.375 0.31193 -0.930975 -0.189629
-39.8704 78.4131 6.75294 0.315258 -0.929473 -0.191554
-38.9515 78.6258 7.24702 0.304874 -0.934178 -0.184843
-37.9636 78.7651 8.08133 0.292476 -0.937693 -0.18758
-37.3386 78.6988 9.06477 0.248258 -0.942763 -0.222635
-37.0434 78.5568 9.95018 0.213569 -0.943396 -0.253637
-36.8125 78.2762 11.1968 0.195726 -0.946479 -0.25644
-36.6152 78.0435 12.1622 0.174937 -0.94149 -0.287478
-36.4363 77.7216 13.3148 0.15684 -0.945202 -0.286346
-36.275 77.3383 14.534 0.0913562 -0.947286 -0.307087
-36.1411 76.993 15.6279 0.0842114 -0.945358 -0.31497
-36.037 76.6825 16.556 0.0660839 -0.931286 -0.358158
-35.8499 76.2031 17.8098 0.0643305 -0.926984 -0.369496
-35.7798 75.718 18.9497 0.05521 -0.917893 -0.392954
-35.7585 75.3707 19.8235 0.0815879 -0.930318 -0.357564
-35.9115 74.8455 20.941 0.0167499 -0.87598 -0.482057
-36.2562 74.2868 21.9499 0.0261601 -0.874098 -0.48488
-36.9505 73.6244 23.075 0.03332 -0.873542 -0.485589
-37.7778 73.0693 24.0285 0.042912 -0.876131 -0.479988
-38.3806 72.6873 24.6238 0.0837382 -0.872876 -0.480703
-39.0984 72.2565 25.2842 0.0797535 -0.874233 -0.478911
-39.8072 71.884 25.8461 0.0772299 -0.861989 -0.500393
-40.5973 71.4912 26.349 0.140468 -0.866801 -0.478461
-41.3437 71.1138 26.8391 0.117677 -0.874486 -0.47056
-42.5142 70.4408 27.6558 0.19082 -0.844234 -0.500856
-43.5186 69.8027 28.3738 0.174787 -0.857801 -0.483349
-44.4026 69.1602 29.1071 0.291512 -0.839148 -0.459185
-45.163 68.5326 29.8585 0.247666 -0.864842 -0.436356
-46.0006 67.7887 30.7846 0.268477 -0.853566 -0.446002
-46.4902 67.321 31.4127 0.287547 -0.851846 -0.437391
-47.6684 66.8801 31.4502 0.308949 -0.844226 -0.437811
-48.5696 66.7485 31.0268 0.330193 -0.839177 -0.43215
-49.7343 66.5834 30.4088 0.348207 -0.8439 -0.408148
-50.4938 66.6671 29.5763 0.368055 -0.842991 -0.392182
-50.6969 67.0687 28.5481 0.387512 -0.827145 -0.40702
-50.7731 67.4706 27.6072 0.396632 -0.837842 -0.375105
-50.7783 67.8617 26.7304 0.396777 -0.831631 -0.388405
-50.92 68.1903 25.9007 0.403868 -0.831647 -0.380782
-51.1842 68.5672 24.7489 0.411514 -0.83468 -0.365991
-51.4055 68.8771 23.6866 0.464705 -0.823744 -0.324802
-51.6421 69.1334 22.7353 0.467124 -0.817958 -0.335751
-51.9251 69.3811 21.728 0.469537 -0.817878 -0.332582
-52.0772 69.5277 21.1479 0.457597 -0.831895 -0.313712
-52.8238 68.9662 21.4529 0.487033 -0.813865 -0.316894
-53.0972 69.1505 20.5469 0.485918 -0.818723 -0.305904
-53.3851 69.3693 19.4106 0.529762 -0.807984 -0.257671
-53.6554 69.6767 17.8275 0.527557 -0.812621 -0.247648
-53.7198 69.9272 16.7993 0.504275 -0.827102 -0.248209
-53.6544 70.2813 15.7523 0.497823 -0.832948 -0.241346
-53.4757 70.6139 14.7928 0.500629 -0.842536 -0.198754
-53.2254 70.9607 13.9437 0.504298 -0.843279 -0.185907
-52.7405 71.544 12.647 0.512571 -0.838253 -0.186019
-52.1457 72.1476 11.5551 0.513861 -0.838577 -0.180879
-51.4935 72.7432 10.2933 0.495567 -0.856892 -0.141947
-50.8558 73.2754 9.20843 0.489362 -0.861889 -0.132937
-50.3155 73.6885 8.42771 0.475524 -0.870468 -0.127132
-49.5568 74.1934 7.78284 0.469874 -0.87409 -0.12323
-48.8466 74.6291 7.38452 0.470141 -0.874341 -0.120399
-48.0934 75.0867 7.00616 0.447649 -0.885536 -0.121591
-47.2249 75.551 6.61921 0.425075 -0.896806 -0.122677
-46.1868 76.0902 6.22181 0.414958 -0.901413 -0.123554
-44.9977 76.6926 5.75835 0.387948 -0.908358 -0.156146
-44.0995 77.121 5.46523 0.373952 -0.914958 -0.151696
-42.9168 77.6457 5.19831 0.360218 -0.918543 -0.162071
-41.6607 78.1172 5.15124 0.325754 -0.92803 -0.180678
-40.7183 78.4233 5.32309 0.325716 -0.924981 -0.195304
-39.8999 78.6241 5.68048 0.315888 -0.929307 -0.19132
-38.821 78.8659 6.2774 0.313504 -0.930308 -0.190373
-37.9146 79.0322 6.81877 0.26999 -0.943997 -0.188557
-37.2141 79.0786 7.50945 0.247529 -0.949387 -0.193325
-36.633 79.0607 8.31904 0.246544 -0.94608 -0.209685
-36.2707 78.9343 9.17175 0.213885 -0.945356 -0.24608
-36.0059 78.6502 10.4343 0.169161 -0.948196 -0.268902
-35.8352 78.4136 11.3909 0.181297 -0.94553 -0.270377
-35.623 78.1222 12.4691 0.168572 -0.937448 -0.30459
-35.4428 77.7208 13.7053 0.101571 -0.932078 -0.347727
-35.319 77.4101 14.5968 0.0877979 -0.946279 -0.311156
-35.2052 77.0512 15.7036 0.0842125 -0.945354 -0.314983
-35.0426 76.6433 16.8413 0.0660832 -0.931286 -0.358158
-34.9133 76.2667 17.8037 0.0604406 -0.925537 -0.373803
-34.8372 75.87 18.7403 0.0544305 -0.911344 -0.408031
-34.805 75.4962 19.5751 0.0540596 -0.910251 -0.410514
-34.8597 75.0009 20.6458 -0.017135 -0.886341 -0.462715
-35.0636 74.5449 21.5178 0.01051 -0.876669 -0.480914
-35.3986 74.0355 22.4346 0.00417464 -0.867066 -0.497941
-35.8517 73.5838 23.2154 -0.0167489 -0.864963 -0.501556
-36.7565 72.9796 24.2499 0.0279126 -0.871659 -0.489317
-37.5207 72.5249 25.0091 0.0370605 -0.867661 -0.495774
-38.1855 72.1155 25.6758 0.0376048 -0.868192 -0.4948
-38.8803 71.7113 26.2599 0.0747086 -0.849751 -0.521864
-39.6845 71.3074 26.808 0.0787184 -0.871785 -0.481613
-40.4094 71.0005 27.2823 0.10507 -0.881036 -0.460464
-41.2483 70.5458 27.8875 0.134489 -0.856824 -0.49776
-42.0705 70.0708 28.4486 0.186441 -0.857542 -0.478723
-42.8328 69.6356 28.9748 0.182071 -0.870852 -0.456582
-43.4408 69.2068 29.4999 0.219267 -0.845569 -0.486759
-44.1792 68.6376 30.2042 0.24233 -0.865013 -0.439145
-44.9888 67.9947 30.9939 0.249793 -0.868633 -0.427779
-45.5688 67.3851 31.8753 0.274904 -0.861355 -0.427194
-46.0579 66.9037 32.5308 0.274964 -0.861244 -0.42738
-47.3365 66.4936 32.5083 0.292834 -0.861587 -0.414318
-48.4934 66.3233 31.9534 0.323934 -0.85348 -0.408213
-49.4591 66.1783 31.4811 0.348187 -0.84388 -0.408207
-50.4758 66.0057 30.9707 0.348203 -0.843887 -0.408178
-51.1892 65.9923 30.3571 0.363791 -0.841043 -0.400379
-51.507 66.3707 29.2393 0.410392 -0.829781 -0.378209
-51.6021 66.8831 28.0179 0.412045 -0.827366 -0.381685
-51.627 67.3311 27.0215 0.408488 -0.828267 -0.383117
-51.7344 67.7136 26.0708 0.39678 -0.831628 -0.388408
-51.9807 68.1173 24.8089 0.454159 -0.825171 -0.335906
-52.2212 68.4489 23.6141 0.456062 -0.830976 -0.318558
-52.4518 68.6725 22.7257 0.457896 -0.825583 -0.329763
-52.6936 68.8702 21.8996 0.478284 -0.815872 -0.324737
-53.4851 68.3917 21.9309 0.48163 -0.819822 -0.309718
-53.7778 68.5711 21.0101 0.500297 -0.811528 -0.300979
-54.0779 68.7772 19.824 0.518684 -0.813013 -0.26453
-54.381 69.0528 18.3932 0.475875 -0.841984 -0.254176
-54.5391 69.2723 17.3627 0.481175 -0.844245 -0.235712
-54.5414 69.5086 16.4864 0.515728 -0.821886 -0.241927
-54.4795 69.8119 15.5579 0.520795 -0.826342 -0.214319
-54.3452 70.1212 14.6912 0.510711 -0.83444 -0.206534
-54.1212 70.4577 13.8033 0.503016 -0.844265 -0.184907
-53.8413 70.7994 13.0043 0.504295 -0.843281 -0.185905
-53.3958 71.2905 11.9829 0.509533 -0.84184 -0.177988
-52.9902 71.701 11.2089 0.515854 -0.838177 -0.177072
-52.4502 72.2004 10.215 0.498972 -0.854984 -0.141526
-52.0048 72.598 9.38347 0.49152 -0.859441 -0.140386
-51.5352 72.9953 8.55525 0.484916 -0.8634 -0.139271
-50.7903 73.5635 7.52382 0.472151 -0.87196 -0.129458
-49.9061 74.1357 6.85196 0.466689 -0.875686 -0.123997
-49.1652 74.5814 6.48328 0.467265 -0.876079 -0.118861
-48.3476 75.0749 6.09502 0.470466 -0.874581 -0.11734
-47.6126 75.4857 5.75884 0.425112 -0.896649 -0.123693
-46.7674 75.9313 5.41903 0.42323 -0.897764 -0.12205
-45.6824 76.4934 4.98063 0.415843 -0.900902 -0.124297
-44.6057 77.0431 4.60727 0.407878 -0.904731 -0.12249
-43.5826 77.5174 4.33776 0.371886 -0.916055 -0.150135
-42.1218 78.14 4.13835 0.367904 -0.917906 -0.148623
-41.254 78.4559 4.21151 0.342714 -0.924427 -0.167279
-40.2834 78.7558 4.45895 0.318139 -0.926452 -0.201117
-39.4506 78.964 4.83542 0.317613 -0.925524 -0.206128
-38.5726 79.1397 5.36877 0.317645 -0.925468 -0.206352
-37.674 79.329 5.87235 0.316172 -0.921707 -0.224704
-36.7381 79.4212 6.61759 0.284914 -0.920089 -0.268813
-36.089 79.4201 7.3298 0.269038 -0.941643 -0.202303
-35.5107 79.2736 8.5001 0.207152 -0.941989 -0.264092
-35.1968 79.0321 9.60996 0.170903 -0.946607 -0.273365
-35.0202 78.7533 10.6908 0.170542 -0.949249 -0.264229
-34.8258 78.4492 11.7924 0.0985975 -0.945997 -0.308769
-34.5983 78.0769 13.0182 0.112268 -0.947214 -0.300301
-34.4816 77.7787 13.8754 0.123288 -0.929405 -0.347859
-34.3123 77.3536 15.1222 0.123527 -0.938428 -0.322636
-34.2223 77.0197 15.987 0.0625798 -0.934271 -0.351028
-34.0512 76.5275 17.2982 0.0575678 -0.927887 -0.368326
-33.9092 76.0723 18.4043 0.0451114 -0.914497 -0.402071
-33.835 75.5874 19.4734 0.0213152 -0.905037 -0.424799
-33.8553 75.0948 20.4674 0.0146583 -0.882128 -0.470782
-33.9942 74.6279 21.3589 -0.00342862 -0.883459 -0.468364
-34.2457 74.2092 22.13 -0.000230373 -0.876475 -0.481417
-34.5448 73.7817 22.8689 0.00459428 -0.859438 -0.511219
-34.9888 73.3286 23.6268 -0.00607414 -0.862205 -0.506381
-35.6727 72.8869 24.4244 -0.00890246 -0.866779 -0.498545
-36.7111 72.3034 25.4517 0.016921 -0.872025 -0.48896
-37.3058 71.9297 26.0705 0.0329956 -0.868041 -0.495365
-38.0587 71.4874 26.7651 0.0871469 -0.885338 -0.456709
-38.8029 71.1312 27.3204 0.0756576 -0.89048 -0.448689
-39.5502 70.8275 27.797 0.0811772 -0.891056 -0.446537
-40.2776 70.4746 28.3023 0.129256 -0.88822 -0.44086
-40.9702 70.1149 28.7718 0.159013 -0.884162 -0.439287
-41.9999 69.5477 29.4804 0.187651 -0.871625 -0.452833
-43.0095 68.8749 30.3371 0.213719 -0.866684 -0.450758
-43.8702 68.2047 31.229 0.211048 -0.87164 -0.442383
-44.4334 67.7138 31.8996 0.245123 -0.873219 -0.421192
-44.9111 67.2284 32.6151 0.252725 -0.866041 -0.430739
-45.4306 66.6866 33.3731 0.274579 -0.867312 -0.414975
-46.0354 66.2398 33.929 0.280687 -0.870944 -0.403327
-47.1195 66.0608 33.57 0.295958 -0.861536 -0.411892
-48.1595 65.9385 33.0277 0.320112 -0.853855 -0.410397
-49.3902 65.762 32.4109 0.341163 -0.849299 -0.402608
-50.4065 65.5614 31.9464 0.348747 -0.843284 -0.408958
-51.2543 65.4186 31.4971 0.362683 -0.839418 -0.40477
-52.1232 65.4935 30.4911 0.397649 -0.836243 -0.377589
-52.3312 65.7885 29.6224 0.410216 -0.829084 -0.379919
-52.4386 66.1393 28.7369 0.415942 -0.827339 -0.377496
-52.5174 66.4893 27.8828 0.421276 -0.82916 -0.367266
-52.5393 66.8575 27.0241 0.42438 -0.819506 -0.385111
-52.6543 67.3556 25.7805 0.449894 -0.823733 -0.344849
-52.8128 67.7079 24.6933 0.452455 -0.827775 -0.331756
-53.0192 67.9914 23.6591 0.45818 -0.830387 -0.317062
-53.2543 68.2203 22.7433 0.469763 -0.822704 -0.319737
-53.312 68.2596 22.5495 0.48163 -0.819823 -0.309714
-54.1056 67.7594 22.6954 0.448699 -0.840536 -0.303591
-53.8584 67.5529 23.6014 0.450088 -0.833484 -0.320419
-53.6757 67.2686 24.6047 0.455035 -0.827257 -0.32953
-53.5541 66.9797 25.4979 0.449437 -0.831737 -0.325815
-53.4107 66.6795 26.3808 0.449898 -0.819186 -0.355706
-53.3212 66.3517 27.2427 0.427136 -0.830274 -0.358048
-53.3092 65.9471 28.1989 0.421268 -0.829164 -0.367265
-53.233 65.5131 29.2592 0.403626 -0.836791 -0.369956
-53.0926 65.09 30.3569 0.402897 -0.834854 -0.375091
-52.4377 64.7973 31.671 0.393691 -0.829973 -0.395162
-51.4796 64.9203 32.3246 0.365107 -0.83993 -0.401486
-50.4044 65.1247 32.8684 0.358378 -0.843139 -0.400851
-49.5177 65.2955 33.2777 0.328102 -0.850112 -0.411888
-48.51 65.4577 33.7418 0.327453 -0.849269 -0.414145
-47.7151 65.5547 34.1526 0.317679 -0.851779 -0.416596
-46.9303 65.6198 34.6301 0.28537 -0.865512 -0.411647
-45.8523 65.7251 35.1768 0.264365 -0.87761 -0.398566
-45.2068 66.1433 34.6552 0.24385 -0.87469 -0.418827
-44.7208 66.5833 34.0287 0.242574 -0.872327 -0.424503
-44.2636 67.0232 33.3679 0.229728 -0.870697 -0.43487
-43.7018 67.5759 32.5647 0.224786 -0.870714 -0.437328
-43.1482 68.0842 31.8196 0.215215 -0.875728 -0.432183
-42.5481 68.5253 31.228 0.21238 -0.869161 -0.446573
-41.7471 69.0619 30.4531 0.146194 -0.883766 -0.444505
-41.0533 69.4922 29.9284 0.157422 -0.854494 -0.494664
-40.3533 69.8874 29.414 0.128393 -0.869235 -0.477437
-39.6199 70.232 28.9209 0.0798445 -0.881144 -0.466058
-38.6011 70.6531 28.2883 0.073826 -0.883282 -0.462993
-37.4611 71.1674 27.4531 0.0352676 -0.87926 -0.475036
-36.8266 71.5223 26.84 0.0276265 -0.882195 -0.470074
-36.0733 71.9428 26.1168 0.0169123 -0.872024 -0.488962
-35.2018 72.4307 25.2375 -0.0143573 -0.880296 -0.473753
-34.5838 72.7341 24.6342 -0.0282843 -0.872225 -0.488123
-34.0421 73.1282 23.9124 -0.034186 -0.867919 -0.495527
-33.6571 73.5625 23.192 -0.0285859 -0.846897 -0.530976
-33.2416 74.1412 22.2063 -0.0431045 -0.867718 -0.495095
-32.919 74.8344 20.9483 -0.0353349 -0.870422 -0.49103
-32.8496 75.2962 20.1213 -0.00960106 -0.876761 -0.480098
-32.8959 75.8997 18.8637 0.0249537 -0.90349 -0.427882
-33.0004 76.3085 17.9517 0.0243881 -0.916169 -0.399919
-33.149 76.7337 16.8936 0.0254836 -0.930124 -0.36636
-33.262 77.0664 16.034 0.0583678 -0.932293 -0.356885
-33.3663 77.4215 15.1217 0.0331223 -0.930848 -0.363902
-33.5439 77.8638 13.9393 0.0765684 -0.938732 -0.336034
-33.6696 78.1813 12.9819 0.0717722 -0.95131 -0.299762
-33.851 78.5006 11.926 0.0784834 -0.943832 -0.320172
-34.0597 78.834 10.8739 0.122678 -0.942387 -0.311219
-34.2599 79.2088 9.57293 0.169769 -0.945869 -0.276546
-34.4607 79.4405 8.66995 0.177267 -0.945431 -0.273245
-35.0214 79.7352 7.2375 0.194232 -0.944411 -0.264929
-35.5343 79.8099 6.50306 0.264036 -0.921957 -0.283337
-36.5285 79.7737 5.57617 0.294578 -0.925064 -0.239749
-37.5702 79.593 4.89314 0.321829 -0.924765 -0.203065
-38.3346 79.4325 4.43107 0.313468 -0.926166 -0.209651
-39.4949 79.1646 3.76882 0.327101 -0.932179 -0.15507
-40.5652 78.8622 3.34151 0.324346 -0.932808 -0.157061
-41.6891 78.4605 3.21654 0.365534 -0.918977 -0.147872
-42.6442 78.0792 3.21653 0.382373 -0.914195 -0.132695
-43.4751 77.7059 3.32487 0.394484 -0.911547 -0.116037
-44.6016 77.1782 3.61426 0.398025 -0.909672 -0.118574
-45.5909 76.6744 3.92187 0.424247 -0.898876 -0.109663
-46.7838 76.0597 4.3761 0.425442 -0.898412 -0.108859
-47.6387 75.61 4.72513 0.436742 -0.893124 -0.107071
-48.6298 75.0444 5.18458 0.469637 -0.875169 -0.116275
-49.577 74.4859 5.58738 0.464201 -0.877909 -0.117425
-50.4589 73.9589 6.03811 0.462166 -0.877952 -0.124915
-51.1649 73.5061 6.55382 0.472289 -0.871616 -0.131255
-51.9742 72.9225 7.46206 0.490343 -0.862244 -0.126878
-52.5158 72.4498 8.48032 0.49813 -0.855479 -0.141495
-53.1029 71.9234 9.5915 0.498497 -0.855122 -0.142365
-53.5465 71.5334 10.3816 0.505347 -0.848492 -0.156205
-54.1244 70.9545 11.486 0.509531 -0.841842 -0.177984
-54.5854 70.4628 12.5029 0.504891 -0.84477 -0.177337
-54.8721 70.1126 13.3253 0.505606 -0.84308 -0.183244
-55.1701 69.7038 14.3826 0.497701 -0.841981 -0.207281
-55.322 69.3294 15.4458 0.489463 -0.842664 -0.224358
-55.3801 68.9868 16.622 0.488091 -0.844296 -0.221203
-55.332 68.7323 17.6591 0.489366 -0.837049 -0.244452
-55.2119 68.5352 18.5519 0.477828 -0.838469 -0.261868
-54.9471 68.3299 19.6592 0.476241 -0.835307 -0.274625
-54.6619 68.1262 20.7573 0.46891 -0.838083 -0.278802
-54.327 67.9349 21.8822 0.457952 -0.839321 -0.292594
-54.2284 67.8645 22.2231 0.448696 -0.840537 -0.303596
-55.0473 67.3451 22.4426 0.465203 -0.839136 -0.281836
-55.395 67.5941 21.1301 0.465763 -0.840756 -0.275951
-55.7443 67.8027 19.8881 0.472976 -0.836777 -0.275859
-56.0914 68.0916 18.2984 0.499901 -0.83026 -0.246509
-56.2167 68.3904 17.0124 0.498104 -0.832781 -0.241597
-56.2035 68.7182 15.8362 0.485869 -0.8443 -0.226002
-56.0945 69.086 14.6782 0.488151 -0.846456 -0.212349
-55.9178 69.3935 13.7934 0.488036 -0.850272 -0.197125
-55.6129 69.795 12.8 0.486908 -0.852418 -0.190538
-55.2881 70.1614 11.9167 0.498379 -0.850476 -0.167394
-54.8955 70.5737 11.0704 0.512205 -0.840979 -0.174346
-54.4498 71.0112 10.2561 0.505891 -0.844973 -0.17348
-53.9594 71.4599 9.39026 0.49378 -0.857024 -0.147278
-53.4131 71.9474 8.34953 0.497013 -0.856661 -0.138193
-52.7813 72.5244 7.03788 0.499275 -0.856387 -0.131629
-52.2508 72.941 6.24646 0.488266 -0.864139 -0.121899
-51.605 73.3859 5.66744 0.486852 -0.8649 -0.122162
-50.8969 73.84 5.18611 0.468317 -0.876374 -0.112463
-50.0189 74.3655 4.72303 0.462681 -0.879596 -0.110458
-49.0475 74.9274 4.33755 0.473021 -0.87403 -0.111008
-48.2756 75.3787 3.9683 0.446552 -0.888684 -0.104075
-47.3812 75.876 3.55681 0.436747 -0.893121 -0.107078
-46.5745 76.2914 3.26519 0.422996 -0.899328 -0.110837
-45.813 76.6833 2.98468 0.419117 -0.901669 -0.106461
-44.6465 77.2688 2.63074 0.414649 -0.904503 -0.0992207
-43.4246 77.8516 2.3168 0.405836 -0.907627 -0.10728
-42.5627 78.2382 2.21523 0.383845 -0.91667 -0.111265
-41.4082 78.7034 2.24923 0.367877 -0.922145 -0.119642
-40.2257 79.1054 2.43717 0.333121 -0.93711 -0.104191
-39.1962 79.4163 2.88269 0.325472 -0.933473 -0.150598
-38.3387 79.6353 3.36904 0.318655 -0.93389 -0.161868
-37.2886 79.8675 4.0159 0.305743 -0.934966 -0.179517
-36.3754 80.0569 4.58773 0.318893 -0.930043 -0.182557
-35.5876 80.1482 5.17033 0.210503 -0.946109 -0.246101
-34.6006 80.1379 6.05701 0.198365 -0.947467 -0.250538
-34.068 79.9915 6.98564 0.184789 -0.947107 -0.262297
-33.6166 79.7525 8.1362 0.179105 -0.946178 -0.269529
-33.2918 79.4493 9.3615 0.17307 -0.94404 -0.280775
-33.1973 79.1385 10.2879 0.127802 -0.94246 -0.308927
-32.9859 78.7798 11.375 0.0959627 -0.934581 -0.342388
-32.8419 78.4712 12.2601 0.0784842 -0.943832 -0.320172
-32.7075 78.1928 13.1765 0.0877769 -0.949781 -0.29993
-32.6035 77.8809 14.033 0.062464 -0.92618 -0.371872
-32.428 77.4627 15.1357 0.0622702 -0.933133 -0.354096
-32.1919 76.8917 16.5605 0.0477667 -0.916359 -0.397498
-32.0498 76.4722 17.6117 0.0179125 -0.919484 -0.392719
-31.9536 76.1229 18.4432 0.0239265 -0.91017 -0.412217
-31.8978 75.6977 19.3242 -0.0144933 -0.888009 -0.458107
-31.8854 75.1635 20.2887 -0.0404172 -0.873625 -0.484917
-31.9735 74.681 21.1493 -0.0338175 -0.869708 -0.492407
-32.2952 73.9848 22.3886 -0.0126596 -0.867181 -0.497833
-32.6264 73.5356 23.1726 -0.0299591 -0.848409 -0.528484
-32.9826 73.078 23.9295 -0.0306018 -0.862139 -0.505117
-33.4099 72.6696 24.6849 -0.0267401 -0.874944 -0.483426
-34.0392 72.2837 25.4329 -0.0299179 -0.881197 -0.471749
-34.7776 71.9673 26.0857 -0.0143581 -0.880296 -0.473752
-35.5693 71.5344 26.8398 -0.000531738 -0.86495 -0.501749
-36.187 71.1919 27.4484 -0.0180991 -0.876817 -0.479975
-36.9231 70.785 28.2056 0.0359356 -0.88128 -0.471223
-37.615 70.4748 28.7361 0.0419065 -0.880517 -0.472104
-38.4025 70.1715 29.2175 0.0486835 -0.881508 -0.469619
-39.2455 69.8437 29.7186 0.0738512 -0.879142 -0.470741
-40.2712 69.3255 30.4385 0.152293 -0.871714 -0.464466
-41.1671 68.8083 31.1741 0.160373 -0.892704 -0.421141
-41.9889 68.2698 31.9784 0.167265 -0.884069 -0.436399
-42.7415 67.6668 32.8615 0.22044 -0.874215 -0.432613
-43.3019 67.1514 33.6128 0.215156 -0.873913 -0.435812
-43.9299 66.5342 34.5594 0.211559 -0.884589 -0.415165
-44.393 66.0839 35.2633 0.240486 -0.877422 -0.415088
-45.0776 65.513 36.0933 0.233064 -0.885747 -0.401414
-46.1187 65.1668 36.1671 0.30317 -0.853972 -0.422826
-47.1236 65.1157 35.5667 0.29705 -0.861775 -0.410844
-47.9878 65.085 34.9504 0.317314 -0.865116 -0.388442
-49.1298 64.9347 34.3367 0.324089 -0.859548 -0.394944
-50.1583 64.747 33.8921 0.360927 -0.845091 -0.394403
-51.2714 64.5082 33.39 0.361902 -0.842527 -0.398948
-52.1484 64.3383 32.9326 0.37308 -0.837609 -0.399026
-52.9548 64.2029 32.4141 0.392932 -0.833944 -0.387428
-53.5237 64.3015 31.6397 0.391135 -0.832078 -0.393268
-53.888 64.5195 30.7838 0.399141 -0.836635 -0.375136
-54.0584 64.882 29.7734 0.413171 -0.833822 -0.366102
-54.1248 65.2269 28.9129 0.413811 -0.833265 -0.366647
-54.1617 65.7393 27.6834 0.416352 -0.837784 -0.353228
-54.2102 66.1783 26.5972 0.420097 -0.835173 -0.354972
-54.4054 66.6501 25.1806 0.443838 -0.836214 -0.32211
-54.6303 66.9672 24.049 0.437935 -0.841076 -0.317254
-54.8299 67.2195 23.1162 0.449164 -0.83962 -0.305433
-55.0244 67.3264 22.5363 0.457959 -0.839316 -0.292598
-55.8105 66.8727 22.6108 0.45746 -0.840456 -0.29019
-56.149 67.0738 21.4425 0.460634 -0.842881 -0.278149
-56.4402 67.247 20.3939 0.473936 -0.838173 -0.26991
-56.6945 67.402 19.437 0.476885 -0.84256 -0.25031
-56.9346 67.5961 18.3155 0.474363 -0.844748 -0.247749
-57.056 67.9212 16.953 0.47459 -0.846153 -0.242467
-57.0305 68.255 15.7821 0.47936 -0.848224 -0.225233
-56.9419 68.6231 14.5562 0.491794 -0.847046 -0.201625
-56.7238 69.0102 13.4448 0.486926 -0.851567 -0.194235
-56.3981 69.4424 12.371 0.488206 -0.851318 -0.192115
-56.0711 69.8051 11.4634 0.484917 -0.859387 -0.162202
-55.4531 70.4123 10.2248 0.492594 -0.848693 -0.192539
-54.8334 70.9815 9.20821 0.492306 -0.855521 -0.160371
-54.4239 71.3499 8.45738 0.488364 -0.861423 -0.139456
-53.9528 71.7785 7.46938 0.489508 -0.860908 -0.138628
-53.3999 72.2837 6.28378 0.492351 -0.859497 -0.137317
-52.8711 72.6966 5.52035 0.484008 -0.865777 -0.127149
-52.0984 73.2286 4.82397 0.483724 -0.866239 -0.125065
-51.2155 73.7888 4.2567 0.468437 -0.876398 -0.111775
-50.289 74.3335 3.80927 0.460471 -0.881441 -0.105017
-49.236 74.9408 3.38093 0.46876 -0.877227 -0.103619
-48.4937 75.377 3.03957 0.466469 -0.87861 -0.102233
-47.5788 75.8908 2.64259 0.432228 -0.895288 -0.10788
-46.7365 76.3329 2.30961 0.421378 -0.90035 -0.108634
-45.8496 76.7863 1.96849 0.419116 -0.90167 -0.10645
-45.0298 77.2047 1.72106 0.422288 -0.898113 -0.122746
-44.0973 77.6556 1.4265 0.402884 -0.908547 -0.110462
-43.1236 78.1158 1.25614 0.411771 -0.903644 -0.117779
-41.8996 78.6344 1.25381 0.381581 -0.916424 -0.120664
-40.5764 79.1283 1.34758 0.350122 -0.926497 -0.137907
-39.4438 79.4961 1.71624 0.347775 -0.92804 -0.133396
-38.2936 79.8046 2.34239 0.305649 -0.943692 -0.126587
-37.0526 80.0966 3.09083 0.297345 -0.945123 -0.135385
-36.2936 80.2719 3.58163 0.30142 -0.939035 -0.165408
-35.2598 80.4191 4.27474 0.209011 -0.964755 -0.159885
-34.478 80.4558 4.85784 0.209189 -0.954817 -0.210196
-33.7657 80.4447 5.53027 0.188726 -0.94669 -0.261042
-33.2945 80.3297 6.29821 0.187902 -0.947916 -0.257193
-32.9076 80.106 7.36232 0.18417 -0.942954 -0.277344
-32.5803 79.8775 8.35605 0.168857 -0.944979 -0.280163
-32.328 79.5193 9.56073 0.103025 -0.933739 -0.342809
-32.2222 79.1914 10.4885 0.104887 -0.934415 -0.340393
-31.9933 78.7974 11.6424 0.099783 -0.935717 -0.338059
-31.8503 78.4978 12.5091 0.108327 -0.940673 -0.320783
-31.7073 78.0831 13.6667 0.0524149 -0.935783 -0.348659
-31.57 77.7466 14.5523 0.0666735 -0.931063 -0.358715
-31.3979 77.3914 15.4936 0.00238495 -0.91795 -0.396067
-31.2355 77.0198 16.3612 -0.00978032 -0.920382 -0.390898
-31.1544 76.6589 17.1949 -0.0567947 -0.909629 -0.409832
-31.0603 76.2348 18.2105 -0.0844698 -0.904246 -0.416289
-30.9429 75.6807 19.2375 -0.0877699 -0.877845 -0.470833
-30.9432 75.2071 20.12 -0.0886965 -0.875687 -0.474654
-31.0022 74.6864 21.0732 -0.0371888 -0.871497 -0.488962
-31.2071 74.1405 22.0695 -0.0286347 -0.874958 -0.483351
-31.4749 73.7217 22.8261 -0.0167661 -0.857444 -0.513943
-31.9255 73.0896 23.8548 -0.0243853 -0.84862 -0.528426
-32.4695 72.5089 24.9239 -0.028891 -0.87312 -0.486616
-33.1714 72.0562 25.7992 -0.0292956 -0.878106 -0.477569
-33.8247 71.7426 26.4346 -0.0400541 -0.882078 -0.469398
-34.6737 71.3304 27.1967 -0.0227625 -0.856695 -0.515321
-35.466 70.8899 27.9873 -0.024976 -0.887864 -0.459418
-36.1085 70.5495 28.6831 -0.00338895 -0.881494 -0.471457
-37.24 70.0662 29.5384 0.0320554 -0.886395 -0.461586
-38.169 69.7287 30.0846 0.0583684 -0.880715 -0.469901
-39.2919 69.2997 30.8177 0.064244 -0.915327 -0.397553
-39.98 68.9262 31.3752 0.159771 -0.892854 -0.421052
-40.6068 68.5598 31.9142 0.160071 -0.892777 -0.421102
-41.3859 68.0309 32.6896 0.166488 -0.88274 -0.439377
-41.9593 67.5919 33.3512 0.172681 -0.885333 -0.431561
-42.4596 67.1515 34.031 0.199865 -0.872961 -0.444964
-43.0828 66.5357 35.0119 0.213917 -0.892376 -0.397371
-43.6941 65.9563 35.9378 0.240491 -0.880072 -0.409386
-44.2791 65.431 36.743 0.236716 -0.885125 -0.400647
-45.0208 64.99 37.2615 0.275254 -0.874564 -0.39846
-46.0175 64.7082 37.1762 0.285823 -0.873638 -0.391715
-46.8348 64.6263 36.7842 0.260012 -0.886404 -0.382433
-47.6029 64.6417 36.2636 0.286515 -0.873449 -0.392205
-48.3593 64.6018 35.7245 0.318878 -0.866861 -0.383235
-49.5753 64.4459 35.0597 0.326133 -0.864163 -0.383223
-50.4142 64.2741 34.6786 0.357032 -0.847534 -0.392686
-51.2354 64.0979 34.3192 0.34155 -0.859252 -0.380828
-52.2441 63.8751 33.8406 0.37552 -0.852331 -0.364028
-53.418 63.6665 33.1398 0.371483 -0.847296 -0.379592
-54.1742 63.7278 32.2601 0.388249 -0.84298 -0.371935
-54.5765 63.9459 31.3188 0.40307 -0.837404 -0.369174
-54.8718 64.2714 30.2563 0.407888 -0.837737 -0.363077
-54.9782 64.6118 29.3513 0.406883 -0.837509 -0.364724
-55.0179 65.0654 28.2777 0.410669 -0.838791 -0.357275
-55.0258 65.4238 27.4105 0.419035 -0.836596 -0.35287
-55.1054 65.9216 26.1307 0.425603 -0.833425 -0.352513
-55.2664 66.2907 24.992 0.426654 -0.84247 -0.328925
-55.4453 66.5517 24.0511 0.432624 -0.847066 -0.308728
-55.6469 66.7678 23.1483 0.450242 -0.843299 -0.293256
-55.7602 66.8382 22.7824 0.45501 -0.837713 -0.301998
-56.6418 66.4056 22.6581 0.456035 -0.84567 -0.277247
-56.3701 66.1781 23.7752 0.439714 -0.847702 -0.296438
-56.1659 65.9633 24.6452 0.436181 -0.843738 -0.312813
-55.9492 65.5253 26.0477 0.421139 -0.84708 -0.32395
-55.885 65.1042 27.1535 0.401824 -0.848222 -0.345041
-55.8895 64.6094 28.3462 0.410671 -0.838793 -0.35727
-55.8586 64.2057 29.3018 0.406891 -0.837506 -0.36472
-55.7315 63.811 30.3674 0.39842 -0.844381 -0.358164
-55.4524 63.5173 31.3394 0.39716 -0.840566 -0.368385
-55.1607 63.2849 32.1851 0.404185 -0.838318 -0.365867
-54.5563 63.1285 33.1955 0.39985 -0.832094 -0.384296
-53.6436 63.1509 34.0578 0.380865 -0.845657 -0.373679
-52.471 63.4128 34.6853 0.379583 -0.849668 -0.366035
-51.6195 63.6088 35.0781 0.343544 -0.860821 -0.375403
-50.7246 63.8117 35.441 0.343442 -0.862981 -0.370549
-49.695 64.0301 35.8799 0.347012 -0.867566 -0.355853
-48.7417 64.1354 36.4736 0.310488 -0.874565 -0.372469
-47.9593 64.1675 37.0505 0.306508 -0.872855 -0.379614
-46.8197 64.2068 37.825 0.264755 -0.892969 -0.364019
-45.7927 64.368 38.2174 0.277017 -0.898048 -0.341719
-44.6598 64.6747 38.2714 0.262683 -0.888395 -0.375712
-43.7041 65.1985 37.6441 0.234325 -0.894289 -0.381027
-43.0141 65.8046 36.672 0.23872 -0.882531 -0.405157
-42.5509 66.2483 35.9152 0.187467 -0.890831 -0.413709
-42.0907 66.6823 35.1762 0.200669 -0.890136 -0.409133
-41.521 67.2203 34.3175 0.188439 -0.881011 -0.433573
-40.8124 67.779 33.4027 0.157365 -0.88828 -0.431271
-39.803 68.4374 32.4101 0.132477 -0.885909 -0.444407
-39.1204 68.8356 31.8417 0.101738 -0.887231 -0.448548
-38.1313 69.253 31.0857 0.0497688 -0.908876 -0.414085
-37.3537 69.5009 30.608 0.0502711 -0.88641 -0.460162
-36.5613 69.7496 30.1568 -0.011414 -0.896305 -0.443292
-35.4837 70.2019 29.3277 -0.00839929 -0.882934 -0.469066
-34.658 70.6163 28.4814 -0.0213926 -0.889674 -0.456094
-33.9251 70.9834 27.7405 -0.0202571 -0.872623 -0.486878
-33.2231 71.3264 27.0863 -0.11118 -0.850391 -0.514271
-32.4112 71.7172 26.2698 -0.107275 -0.848521 -0.518173
-31.7332 72.1141 25.46 -0.0948346 -0.858696 -0.503634
-31.2575 72.5466 24.6438 -0.0825105 -0.849607 -0.520758
-30.7086 73.3 23.4001 -0.0700479 -0.832028 -0.550293
-30.3629 73.8385 22.4651 -0.10786 -0.85996 -0.498834
-30.1204 74.3691 21.4854 -0.0942351 -0.86909 -0.48559
-30.0207 74.9162 20.4825 -0.0916467 -0.872069 -0.480695
-29.9914 75.3862 19.6072 -0.0892486 -0.877089 -0.471964
-30.0507 75.9962 18.4611 -0.0966176 -0.885772 -0.453953
-30.1517 76.4171 17.5926 -0.0567883 -0.909631 -0.409828
-30.2565 77.0307 16.2779 -0.0311538 -0.916487 -0.398849
-30.3891 77.4164 15.4269 -0.00434323 -0.909817 -0.414986
-30.6096 77.7823 14.5529 0.0170172 -0.923715 -0.382579
-30.754 78.1363 13.6944 0.0498396 -0.92794 -0.368424
-30.8518 78.4508 12.8529 0.073452 -0.931333 -0.356683
-30.9992 78.8255 11.8115 0.0723558 -0.936214 -0.343901
-31.2416 79.2468 10.5911 0.0868436 -0.934793 -0.34441
-31.4108 79.5411 9.75227 0.0877467 -0.934157 -0.345907
-31.6601 80.0367 8.35226 0.0953135 -0.933896 -0.344516
-31.9972 80.3508 7.13478 0.175792 -0.942991 -0.282434
-32.2704 80.5371 6.27373 0.184606 -0.948268 -0.258279
-32.7671 80.7415 5.21211 0.204345 -0.939357 -0.275412
-33.4507 80.7889 4.50485 0.225618 -0.944922 -0.236807
-34.5741 80.7142 3.65253 0.251682 -0.941452 -0.22399
-35.6405 80.5858 2.92711 0.268004 -0.942576 -0.197857
-36.5556 80.3873 2.324 0.328929 -0.930942 -0.158599
-37.6065 80.1269 1.66896 0.317595 -0.936157 -0.15013
-38.4287 79.9319 1.19056 0.318508 -0.938257 -0.134152
-39.5262 79.6137 0.642014 0.333538 -0.935698 -0.114983
-40.6618 79.2426 0.355132 0.34315 -0.930801 -0.125155
-41.8252 78.7965 0.268398 0.382608 -0.915847 -0.121801
-42.8385 78.3729 0.270967 0.381581 -0.916424 -0.120664
-44.1273 77.7644 0.441847 0.411902 -0.903609 -0.117593
-45.1555 77.2757 0.750845 0.398611 -0.91036 -0.111122
-46.1476 76.7562 1.08648 0.432389 -0.894181 -0.116106
-47.3792 76.1158 1.55888 0.429818 -0.897126 -0.102085
-48.4805 75.5061 2.01719 0.458876 -0.881003 -0.115184
-49.5064 74.9132 2.43332 0.464003 -0.878536 -0.113377
-50.4565 74.3651 2.82752 0.460897 -0.880883 -0.10779
-51.3252 73.8668 3.17985 0.467691 -0.877689 -0.104486
-52.0568 73.4183 3.61879 0.470621 -0.875333 -0.110945
-52.881 72.888 4.15648 0.483317 -0.866771 -0.122912
-53.5003 72.4503 4.80071 0.48279 -0.866806 -0.124749
-54.1405 71.9397 5.75048 0.494382 -0.859471 -0.129985
-54.7128 71.4208 7.00077 0.49288 -0.860262 -0.130438
-55.192 70.986 8.02455 0.486879 -0.862311 -0.139171
-55.6719 70.5581 8.89744 0.489466 -0.857435 -0.158836
-56.2713 70.022 9.85205 0.478169 -0.858867 -0.182451
-56.6834 69.6471 10.6331 0.463834 -0.868148 -0.17652
-57.1636 69.1057 11.903 0.491004 -0.85097 -0.186453
-57.4994 68.6889 12.9231 0.485824 -0.851725 -0.1963
-57.6972 68.3646 13.8304 0.486891 -0.849878 -0.201571
-57.8517 67.9357 15.2107 0.493269 -0.844335 -0.209246
-57.8874 67.5691 16.5215 0.481149 -0.845297 -0.232313
-57.8786 67.3299 17.4096 0.460825 -0.851216 -0.250953
-57.7741 67.115 18.3548 0.468092 -0.848933 -0.245362
-57.5662 66.952 19.2898 0.46501 -0.848505 -0.252599
-57.2552 66.7714 20.4535 0.468509 -0.843878 -0.261453
-56.9677 66.6023 21.5126 0.463447 -0.844066 -0.269617
-56.7666 66.4908 22.188 0.45646 -0.846327 -0.274545
-57.5752 66.0105 22.3241 0.463956 -0.844159 -0.268405
-57.8689 66.1729 21.2743 0.46919 -0.843002 -0.263058
-58.1185 66.3143 20.3825 0.466881 -0.843829 -0.264528
-58.4894 66.5157 19.0558 0.466822 -0.846658 -0.255408
-58.67 66.7072 18.0873 0.447824 -0.856706 -0.255945
-58.7202 66.9451 17.2013 0.450735 -0.855057 -0.256326
-58.7085 67.2808 15.9976 0.444179 -0.86497 -0.233522
-58.6595 67.7161 14.3813 0.446816 -0.868644 -0.213973
-58.5273 67.9926 13.5204 0.449962 -0.868076 -0.209709
-58.268 68.3978 12.3804 0.455547 -0.868842 -0.193832
-57.9656 68.7482 11.4753 0.465485 -0.86454 -0.188881
-57.6605 69.1037 10.668 0.478021 -0.859694 -0.178956
-57.2206 69.535 9.67817 0.482819 -0.860651 -0.161756
-56.4506 70.1976 8.46106 0.485332 -0.859408 -0.160823
-55.8216 70.7313 7.36303 0.479694 -0.867079 -0.133685
-55.2674 71.2358 6.13444 0.491151 -0.861236 -0.130552
-54.8929 71.5886 5.2512 0.473966 -0.869121 -0.141112
-54.3234 72.0463 4.36246 0.49209 -0.860999 -0.128499
-53.6722 72.5297 3.58335 0.486662 -0.864601 -0.124921
-52.6961 73.1691 2.86958 0.474677 -0.873061 -0.11124
-51.6811 73.7811 2.30716 0.467692 -0.877688 -0.104484
-50.5804 74.4247 1.83426 0.465871 -0.876945 -0.118025
-49.6368 74.9725 1.47622 0.46445 -0.878194 -0.114236
-48.7971 75.4492 1.13572 0.458283 -0.882957 -0.101808
-47.5979 76.1087 0.633693 0.435591 -0.895255 -0.0936996
-46.3004 76.8008 0.128146 0.437908 -0.893064 -0.103081
-45.2572 77.3328 -0.223262 0.411702 -0.906419 -0.0943726
-44.2685 77.8041 -0.51812 0.398682 -0.91286 -0.0871982
-43.3134 78.2469 -0.692398 0.405398 -0.910758 -0.0785639
-42.0349 78.8102 -0.721369 0.391793 -0.916122 -0.0849634
-41.1066 79.1933 -0.649337 0.35878 -0.929499 -0.0818177
-39.9576 79.5865 -0.448273 0.344214 -0.933344 -0.100803
-38.9533 79.9122 -0.112045 0.336069 -0.934023 -0.121075
-38.0929 80.1636 0.331375 0.331838 -0.935581 -0.120715
-37.1728 80.4139 0.877441 0.329135 -0.931064 -0.157448
-35.9165 80.7256 1.66336 0.329196 -0.930946 -0.158015
-35.1396 80.8699 2.1691 0.272509 -0.946192 -0.174525
-34.3364 80.9973 2.72802 0.254735 -0.945215 -0.20138
-33.2319 81.087 3.52451 0.23128 -0.943561 -0.236662
-32.4236 81.1093 4.15803 0.215559 -0.946024 -0.242005
-31.7409 81.0032 5.0261 0.177399 -0.9398 -0.292071
-31.3657 80.7853 6.00913 0.155143 -0.948383 -0.274533
-31.0983 80.5369 6.93501 0.125674 -0.9485 -0.290781
-30.7493 80.2051 8.12298 0.0938022 -0.945232 -0.312631
-30.5791 79.9178 8.95902 0.0922529 -0.932453 -0.349315
-30.4421 79.5953 9.85855 0.0922748 -0.933572 -0.346307
-30.1854 79.1641 11.0502 0.0647419 -0.932631 -0.354719
-29.9708 78.7572 12.2057 0.0381038 -0.934331 -0.353168
-29.836 78.4221 13.0627 0.0183985 -0.927344 -0.373607
-29.7209 78.0815 13.8989 0.0253037 -0.92286 -0.384277
-29.5198 77.5965 14.997 -0.021495 -0.912094 -0.409283
-29.3049 77.1634 15.9722 -0.00429104 -0.910785 -0.412853
-29.2442 76.7413 16.8844 -0.0182471 -0.900365 -0.434539
-29.1281 76.1331 18.0427 -0.0530444 -0.884372 -0.463358
-29.0382 75.4611 19.3002 -0.0775589 -0.871934 -0.483442
-29.0622 74.9928 20.164 -0.0887394 -0.875302 -0.475365
-29.1436 74.3989 21.261 -0.0829242 -0.868455 -0.488741
-29.385 73.7122 22.4843 -0.0773982 -0.858797 -0.506436
-29.7712 73.1208 23.5252 -0.0929273 -0.838487 -0.536939
-30.2252 72.4765 24.6112 -0.0803902 -0.842452 -0.532739
-30.6963 71.9643 25.5017 -0.0964885 -0.849248 -0.518911
-31.2145 71.5827 26.2417 -0.107874 -0.848407 -0.518236
-31.9136 71.2173 26.9854 -0.107578 -0.848469 -0.518197
-32.549 70.9177 27.6376 -0.0993257 -0.868957 -0.484818
-33.5665 70.4834 28.6396 -0.107531 -0.871445 -0.478561
-34.3978 70.0667 29.5394 -0.0214063 -0.888845 -0.457708
-35.1019 69.7197 30.2115 0.00316571 -0.88987 -0.45533
-35.8393 69.4603 30.7517 0.00928899 -0.900919 -0.433888
-36.5975 69.244 31.1869 0.0131668 -0.905757 -0.423467
-37.6831 68.9209 31.8685 0.0326484 -0.910515 -0.411819
-38.3758 68.6121 32.4037 0.0668684 -0.893534 -0.443989
-39.4029 68.0815 33.2516 0.108071 -0.883154 -0.456465
-40.3496 67.4584 34.246 0.139789 -0.890673 -0.432621
-40.9336 66.9752 35.0731 0.150951 -0.89519 -0.41868
-41.4296 66.4717 35.9218 0.171818 -0.888728 -0.425017
-41.9305 66.0186 36.6666 0.175041 -0.895483 -0.408765
-42.479 65.4911 37.6552 0.183046 -0.906513 -0.380432
-42.9647 65.0889 38.3185 0.212752 -0.895017 -0.392023
-43.8878 64.5646 39.0805 0.264796 -0.89622 -0.355623
-44.9937 64.1678 39.3306 0.247551 -0.913921 -0.321663
-45.8847 63.9687 39.1736 0.310987 -0.879522 -0.359898
-47.0085 63.7759 38.6987 0.307786 -0.875273 -0.373049
-47.9494 63.7045 38.1009 0.302375 -0.871179 -0.386803
-48.8761 63.6747 37.4432 0.306511 -0.872855 -0.379614
-49.6394 63.649 36.8696 0.309021 -0.875058 -0.372532
-50.66 63.443 36.3829 0.355897 -0.86944 -0.342626
-51.4731 63.2607 36.0228 0.347444 -0.86069 -0.372149
-52.6265 62.971 35.5586 0.380115 -0.85207 -0.359845
-53.5367 62.7495 35.0933 0.397843 -0.842044 -0.364216
-54.6707 62.5707 34.2907 0.392747 -0.840767 -0.37264
-55.5511 62.6207 33.2628 0.372289 -0.853193 -0.365324
-55.9771 62.7774 32.4574 0.38187 -0.850642 -0.361312
-56.3343 63.0701 31.4142 0.395892 -0.840367 -0.370189
-56.6095 63.3738 30.4254 0.39023 -0.843665 -0.368715
-56.7637 63.7977 29.2814 0.384547 -0.848281 -0.364065
-56.7534 64.3161 28.0685 0.393597 -0.848772 -0.353082
-56.7381 64.8059 26.8949 0.401096 -0.849204 -0.343475
-56.7898 65.1407 25.9849 0.414227 -0.853563 -0.315984
-56.9016 65.4052 25.124 0.421137 -0.84708 -0.323953
-57.1748 65.6932 23.9996 0.427465 -0.855877 -0.289359
-57.4882 65.9419 22.6802 0.456029 -0.845672 -0.277252
-58.2281 65.4474 23 0.462474 -0.85103 -0.248726
-57.9777 65.2388 24.1574 0.427462 -0.855876 -0.289364
-57.7241 64.942 25.2713 0.42 -0.848353 -0.322332
-57.5953 64.5259 26.5951 0.407064 -0.853941 -0.323268
-57.6145 64.038 27.7773 0.396249 -0.850471 -0.345956
-57.6602 63.6268 28.7149 0.390538 -0.850629 -0.351994
-57.6087 63.1836 29.8033 0.387131 -0.844496 -0.370059
-57.3665 62.798 30.9417 0.388655 -0.846368 -0.364112
-56.9889 62.4433 32.1748 0.38187 -0.850642 -0.361312
-56.588 62.1814 33.2319 0.37675 -0.853218 -0.360604
-55.8432 62.0415 34.3007 0.373864 -0.849625 -0.371972
-55.2029 62.0386 34.9584 0.377364 -0.849387 -0.368968
-54.077 62.2009 35.7837 0.36128 -0.872448 -0.329107
-52.9748 62.4785 36.3371 0.3891 -0.846207 -0.364053
-51.9105 62.7824 36.746 0.357124 -0.867397 -0.346533
-50.9416 63.0327 37.1266 0.359534 -0.872833 -0.329997
-50.1143 63.1944 37.5569 0.321726 -0.874856 -0.361741
-49.3047 63.2227 38.1623 0.296528 -0.879653 -0.371864
-48.5871 63.2268 38.7116 0.288302 -0.881782 -0.373286
-47.7509 63.2859 39.2604 0.291593 -0.888369 -0.354646
-46.863 63.3825 39.7811 0.315203 -0.883114 -0.347499
-45.814 63.593 40.1935 0.312135 -0.884151 -0.347633
-44.5151 63.93 40.2975 0.194334 -0.919759 -0.340994
-43.6268 64.2408 40.0515 0.246888 -0.893418 -0.374716
-42.8335 64.6338 39.5666 0.189606 -0.914885 -0.356419
-42.1702 65.0388 38.88 0.193856 -0.918688 -0.343864
-41.6035 65.4825 38.097 0.183053 -0.906514 -0.380425
-41.1308 65.9308 37.2208 0.162083 -0.912003 -0.376803
-40.5184 66.4795 36.2743 0.176538 -0.893154 -0.413478
-40.0873 66.9182 35.4653 0.129771 -0.902282 -0.411153
-39.4826 67.3959 34.6286 0.0905738 -0.901909 -0.422323
-38.5951 67.9376 33.7212 0.073036 -0.890361 -0.447851
-37.9084 68.2367 33.1694 0.0442194 -0.890122 -0.453251
-36.9424 68.6614 32.4239 0.0166658 -0.885529 -0.464285
-36.0789 68.9198 31.8937 0.0209695 -0.902819 -0.429509
-35.2201 69.133 31.4424 -6.26908e-05 -0.905455 -0.424394
-34.3244 69.4482 30.7854 -0.0395824 -0.905465 -0.42036
-33.6871 69.7237 30.0813 -0.0911867 -0.877069 -0.471461
-33.1223 70.0119 29.416 -0.095787 -0.880399 -0.464379
-32.4736 70.2848 28.7631 -0.106425 -0.883082 -0.456984
-31.5476 70.6558 27.8731 -0.117588 -0.863461 -0.490518
-30.8978 70.9654 27.1889 -0.108039 -0.855328 -0.506567
-30.3115 71.2951 26.5253 -0.102273 -0.849409 -0.517709
-29.8387 71.6908 25.8049 -0.101749 -0.840194 -0.532655
-29.3428 72.23 24.8479 -0.108026 -0.844485 -0.524572
-28.9477 72.7541 23.9427 -0.108624 -0.837501 -0.535436
-28.5124 73.4214 22.7978 -0.116257 -0.836641 -0.535272
-28.2649 74.0238 21.7693 -0.0805652 -0.865374 -0.494608
-28.1678 74.4947 20.9292 -0.0784161 -0.870975 -0.484903
-28.1098 75.1497 19.7007 -0.0861521 -0.875095 -0.47611
-28.1093 75.7147 18.6869 -0.0882857 -0.870187 -0.484748
-28.1907 76.2148 17.7951 -0.0877237 -0.873302 -0.479217
-28.3109 76.703 16.9236 -0.0307158 -0.88574 -0.462636
-28.3964 77.1805 15.8815 -0.0281111 -0.914786 -0.402959
-28.5621 77.6211 14.8929 -0.0240028 -0.915577 -0.4014
-28.7691 78.1244 13.7844 -0.0544621 -0.914584 -0.400696
-28.9354 78.572 12.7087 -0.0141875 -0.928317 -0.370673
-29.0771 78.9436 11.7609 0.0326125 -0.927642 -0.372043
-29.3993 79.4814 10.3839 0.0449713 -0.928951 -0.367461
-29.5763 79.8364 9.44104 0.0890844 -0.933337 -0.347753
-29.6915 80.1771 8.49317 0.0859311 -0.934223 -0.346185
-29.9908 80.5194 7.4296 0.119472 -0.941651 -0.314673
-30.296 80.8287 6.36317 0.147877 -0.942477 -0.299783
-30.7145 81.2223 4.98354 0.170671 -0.933488 -0.314503
-31.4195 81.4257 3.79626 0.199629 -0.947829 -0.248534
-32.3814 81.413 3.0129 0.218018 -0.945915 -0.240234
-33.2669 81.3493 2.42855 0.254743 -0.945212 -0.201386
-34.2249 81.2208 1.70416 0.291978 -0.929202 -0.226423
-35.251 81.0666 1.02369 0.294282 -0.937392 -0.183816
-36.1723 80.862 0.409752 0.326613 -0.930001 -0.168209
-37.3511 80.5367 -0.290823 0.35885 -0.921914 -0.145844
-38.3696 80.2159 -0.87276 0.35123 -0.92917 -0.112698
-39.3944 79.9043 -1.30761 0.344367 -0.931709 -0.115144
-40.7839 79.3887 -1.58629 0.357599 -0.932182 -0.0546125
-41.7496 79.0115 -1.68468 0.381171 -0.921465 -0.0749004
-42.7051 78.6114 -1.69925 0.401997 -0.910648 -0.0954877
-44.0865 77.9969 -1.56198 0.390449 -0.913904 -0.110997
-44.8794 77.6275 -1.3325 0.391223 -0.914517 -0.102541
-45.8416 77.1514 -1.05046 0.436828 -0.89534 -0.0868732
-46.753 76.6686 -0.735241 0.443894 -0.891514 -0.0903418
-47.9383 76.0374 -0.265298 0.435002 -0.895481 -0.094274
-48.784 75.5803 0.0884482 0.453209 -0.885577 -0.101756
-49.7304 75.0479 0.488033 0.459073 -0.881629 -0.109307
-50.577 74.5609 0.80617 0.459107 -0.880518 -0.117636
-51.4997 74.0211 1.18594 0.469141 -0.875575 -0.115214
-52.5106 73.4198 1.63856 0.469344 -0.875458 -0.11528
-53.5199 72.7988 2.22323 0.479664 -0.869801 -0.115615
-54.1989 72.3496 2.79412 0.478288 -0.870499 -0.116068
-55.0498 71.7279 3.79717 0.46977 -0.872669 -0.133284
-55.4851 71.3839 4.50925 0.466866 -0.874188 -0.13348
-55.8571 71.044 5.34559 0.468669 -0.870334 -0.151222
-56.4165 70.5377 6.56225 0.463489 -0.874162 -0.144976
-57.0445 70.0124 7.64391 0.481762 -0.861754 -0.158932
-57.7021 69.4613 8.6627 0.477402 -0.864096 -0.159454
-58.1368 69.0571 9.50441 0.468335 -0.867828 -0.165608
-58.4644 68.7296 10.2909 0.461011 -0.869745 -0.176102
-58.8792 68.2993 11.3361 0.449647 -0.874298 -0.182812
-59.2304 67.8616 12.5241 0.445283 -0.872888 -0.199473
-59.4185 67.5282 13.5311 0.449111 -0.86834 -0.21044
-59.5442 67.2555 14.3906 0.449624 -0.868236 -0.209773
-59.6005 67.0044 15.322 0.427195 -0.874814 -0.228482
-59.5985 66.7775 16.2041 0.425062 -0.878085 -0.219743
-59.581 66.4594 17.3537 0.430561 -0.859429 -0.275678
-59.4606 66.1639 18.5434 0.438942 -0.864169 -0.246051
-59.147 65.9396 19.8342 0.428425 -0.863287 -0.266809
-58.8493 65.7858 20.7806 0.46609 -0.844438 -0.263978
-58.5531 65.6426 21.768 0.46548 -0.845586 -0.261364
-58.3662 65.5314 22.4575 0.463471 -0.848326 -0.255905
-59.1132 65.0438 22.7652 0.40019 -0.885551 -0.235896
-59.3856 65.2045 21.732 0.408534 -0.875235 -0.258964
-59.7614 65.3979 20.5403 0.408739 -0.868554 -0.280261
-60.1419 65.5752 19.4605 0.374288 -0.882304 -0.284676
-60.3573 65.7703 18.5189 0.378577 -0.889693 -0.254514
-60.4552 66.0967 17.1955 0.390926 -0.884082 -0.256079
-60.4576 66.3458 16.265 0.415578 -0.883498 -0.215842
-60.4611 66.6274 15.0894 0.422376 -0.881952 -0.207512
-60.3868 66.9149 14.0398 0.405099 -0.889241 -0.212413
-60.1918 67.2933 12.8547 0.428358 -0.877729 -0.213543
-59.9635 67.6497 11.7639 0.45202 -0.872267 -0.186625
-59.5912 68.0793 10.6105 0.452682 -0.875363 -0.169763
-59.2371 68.4235 9.78015 0.456852 -0.872552 -0.172928
-58.7182 68.9296 8.58894 0.444578 -0.877706 -0.178801
-58.2062 69.355 7.72956 0.459471 -0.872386 -0.165538
-57.6972 69.7861 6.95243 0.467802 -0.865518 -0.178994
-57.1719 70.2222 6.11306 0.433847 -0.887786 -0.153662
-56.7919 70.5385 5.35762 0.449575 -0.881471 -0.143198
-56.277 71.0143 4.18389 0.467061 -0.873083 -0.139693
-55.7316 71.4567 3.16879 0.47047 -0.873195 -0.127237
-55.0038 71.9786 2.29488 0.473477 -0.871156 -0.129994
-54.0562 72.6253 1.40141 0.468375 -0.873491 -0.132811
-53.1733 73.1689 0.868538 0.465816 -0.87663 -0.120558
-52.3862 73.633 0.534785 0.464634 -0.877623 -0.117825
-51.6346 74.0843 0.210212 0.471544 -0.873037 -0.124308
-50.7616 74.5989 -0.138757 0.452926 -0.88372 -0.117688
-50.0097 75.0199 -0.437078 0.449145 -0.886609 -0.110382
-48.8851 75.6469 -0.933043 0.446252 -0.888404 -0.107675
-47.9909 76.1268 -1.3024 0.436852 -0.893782 -0.10156
-47.1579 76.5691 -1.65454 0.432375 -0.896209 -0.0993006
-45.9813 77.1839 -2.01321 0.440966 -0.891323 -0.105317
-45.1252 77.633 -2.27599 0.431228 -0.896531 -0.101366
-44.2697 78.0334 -2.52903 0.385235 -0.91808 -0.0933616
-43.1486 78.5198 -2.65821 0.38512 -0.918417 -0.0904612
-42.1777 78.9195 -2.67525 0.375565 -0.922457 -0.0895812
-41.0297 79.3654 -2.62492 0.3464 -0.936384 -0.0563057
-40.1829 79.673 -2.46517 0.369841 -0.927761 -0.049741
-39.1628 80.0711 -2.28082 0.357854 -0.93203 -0.0551914
-37.8733 80.5195 -1.67586 0.38197 -0.91379 -0.138154
-37.0904 80.7738 -1.18347 0.366047 -0.921673 -0.127703
-36.0532 81.0774 -0.582776 0.348266 -0.927776 -0.133951
-35.2715 81.2603 -0.0827316 0.333285 -0.926376 -0.175354
-34.1093 81.4897 0.712522 0.295233 -0.931927 -0.210592
-33.0854 81.65 1.42759 0.30529 -0.921157 -0.241386
-32.0464 81.7542 2.15969 0.252344 -0.92708 -0.277211
-30.9616 81.7994 2.9344 0.236286 -0.924395 -0.299439
-30.278 81.7023 3.7663 0.236358 -0.922827 -0.304178
-29.7129 81.4106 4.89867 0.132791 -0.937647 -0.321224
-29.4828 81.1506 5.75267 0.134113 -0.937965 -0.319737
-29.2803 80.8912 6.59442 0.119931 -0.940469 -0.318017
-28.9738 80.5973 7.54996 0.0821721 -0.932285 -0.352256
-28.7184 80.2627 8.45627 0.0513409 -0.927567 -0.369816
-28.6127 79.9266 9.3393 0.0414485 -0.932113 -0.359789
-28.4457 79.553 10.3197 0.0428802 -0.93011 -0.36475
-28.2164 79.1883 11.2387 -0.000966343 -0.923327 -0.382059
-28.0457 78.7475 12.2408 -0.0192914 -0.910758 -0.41249
-27.9221 78.3773 13.0852 -0.0467049 -0.921256 -0.385855
-27.7442 77.936 14.0721 -0.069228 -0.906246 -0.416536
-27.5401 77.4231 15.107 -0.0937517 -0.910796 -0.400793
-27.4247 76.9738 16.1397 -0.143137 -0.897007 -0.417027
-27.3181 76.4953 17.0441 -0.134521 -0.88235 -0.450887
-27.1727 75.9279 18.1315 -0.112044 -0.879473 -0.461554
-27.1486 75.4555 18.9712 -0.121331 -0.864805 -0.487228
-27.1789 74.9252 19.9398 -0.122352 -0.874859 -0.46867
-27.2281 74.4589 20.7792 -0.199816 -0.837937 -0.507489
-27.3359 73.8516 21.8174 -0.210925 -0.812416 -0.543591
-27.5241 73.3203 22.6761 -0.174726 -0.810472 -0.559112
-27.7575 72.809 23.5353 -0.167039 -0.843635 -0.510272
-28.106 72.3804 24.3138 -0.159117 -0.829533 -0.53526
-28.5692 71.846 25.2802 -0.158339 -0.829802 -0.535123
-28.9497 71.4456 26.0136 -0.158287 -0.831201 -0.532958
-29.4719 71.0112 26.8119 -0.133215 -0.830188 -0.541333
-30.1375 70.5985 27.6442 -0.127757 -0.851623 -0.508346
-30.7816 70.289 28.3318 -0.134221 -0.865825 -0.481819
-31.5653 69.9944 29.1115 -0.125487 -0.876778 -0.463772
-32.4958 69.6419 30.0046 -0.0965996 -0.882692 -0.459841
-33.0497 69.3643 30.6589 -0.0893097 -0.889883 -0.44736
-33.5891 69.1072 31.3535 -0.120011 -0.903318 -0.411842
-34.4321 68.8797 31.9863 -0.00982009 -0.8934 -0.447932
-35.334 68.63 32.4788 -0.0214977 -0.880827 -0.472908
-36.4458 68.3031 33.148 0.00114087 -0.891447 -0.451949
-37.1242 68.0156 33.6811 0.0320181 -0.896136 -0.442622
-37.8956 67.6857 34.2918 0.034462 -0.899172 -0.436168
-38.5846 67.316 34.9943 0.0929488 -0.902723 -0.420062
-39.2075 66.9019 35.7473 0.0867037 -0.905365 -0.415627
-39.6937 66.4419 36.6467 0.134761 -0.903108 -0.407718
-40.3132 65.8728 37.689 0.105486 -0.902755 -0.416736
-40.7835 65.4402 38.5482 0.159563 -0.910666 -0.381087
-41.3275 65.005 39.3591 0.164753 -0.917225 -0.362704
-42.0881 64.5279 40.2071 0.180387 -0.901822 -0.391489
-42.8257 64.1168 40.7506 0.204471 -0.885483 -0.417266
-43.8105 63.7422 41.1009 0.180611 -0.899452 -0.397953
-44.6639 63.4949 41.2452 0.219291 -0.884887 -0.410957
-45.7728 63.2035 41.153 0.305935 -0.8717 -0.382809
-46.8197 62.9967 40.7807 0.309694 -0.870594 -0.382303
-47.6145 62.8837 40.3628 0.301989 -0.884716 -0.354726
-48.4022 62.8243 39.8811 0.289683 -0.887668 -0.357931
-49.3387 62.7646 39.2355 0.295837 -0.887127 -0.354207
-50.0562 62.7779 38.6162 0.290716 -0.887635 -0.357193
-51.2555 62.623 37.8683 0.348286 -0.871277 -0.345268
-52.147 62.3703 37.5491 0.365945 -0.870176 -0.329967
-53.0328 62.0929 37.2792 0.377245 -0.870778 -0.314716
-54.1193 61.8138 36.7895 0.36787 -0.878942 -0.303534
-54.9371 61.6509 36.2974 0.370119 -0.87017 -0.32514
-56.0142 61.5394 35.368 0.330484 -0.89621 -0.295945
-56.6695 61.5464 34.6434 0.321806 -0.896788 -0.303665
-57.3407 61.7179 33.5538 0.368023 -0.85363 -0.368611
-57.7907 61.9929 32.4299 0.363006 -0.866855 -0.341744
-58.0722 62.2178 31.5935 0.343909 -0.871664 -0.348822
-58.3637 62.4934 30.6438 0.353122 -0.86391 -0.359115
-58.5475 62.9548 29.3531 0.368587 -0.854626 -0.365232
-58.5484 63.399 28.2935 0.379807 -0.854047 -0.355458
-58.4769 63.7808 27.453 0.365762 -0.86399 -0.346033
-58.4586 64.2298 26.2773 0.355797 -0.882749 -0.306861
-58.5477 64.5018 25.3991 0.359901 -0.873874 -0.326529
-58.7646 64.7685 24.4747 0.367244 -0.867176 -0.33636
-58.9298 64.9162 23.5759 0.404917 -0.892124 -0.200303
-59.0892 65.0278 22.866 0.40019 -0.885553 -0.235891
-59.8735 64.6333 23.0161 0.405608 -0.884283 -0.231242
-60.1189 64.7599 22.0778 0.409774 -0.879129 -0.242774
-60.3849 64.8909 21.2264 0.405734 -0.875378 -0.262856
-60.8013 65.0695 20.0907 0.388037 -0.871228 -0.300586
-61.134 65.244 19.1493 0.401172 -0.869759 -0.286964
-61.2863 65.5347 17.8683 0.395381 -0.883598 -0.250558
-61.34 65.8059 16.7818 0.408792 -0.88043 -0.240273
-61.3198 66.0423 15.8947 0.401844 -0.888768 -0.220484
-61.3295 66.3842 14.4904 0.400786 -0.891002 -0.213225
-61.1534 66.7461 13.2846 0.405099 -0.889241 -0.212413
-60.9754 67.0636 12.1645 0.428196 -0.884641 -0.184468
-60.7901 67.3466 11.2891 0.421202 -0.884981 -0.19849
-60.539 67.6414 10.4206 0.428115 -0.886322 -0.176158
-60.1692 67.986 9.63401 0.436854 -0.881617 -0.178615
-59.6504 68.4869 8.44414 0.444578 -0.877705 -0.178807
-59.129 68.9397 7.48679 0.441602 -0.880781 -0.170918
-58.4925 69.4438 6.52895 0.454724 -0.873208 -0.174599
-58.0487 69.822 5.83843 0.466183 -0.867547 -0.173308
-57.5246 70.2511 4.91016 0.433284 -0.890733 -0.13733
-57.0986 70.6235 3.90189 0.463467 -0.875331 -0.137252
-56.5842 71.0408 2.87027 0.465797 -0.875803 -0.126385
-55.9413 71.5178 1.97315 0.471427 -0.872664 -0.127332
-55.3647 71.9284 1.33199 0.474551 -0.870201 -0.132482
-54.7498 72.3552 0.732507 0.461672 -0.877012 -0.132935
-54.1209 72.7589 0.217209 0.456327 -0.879893 -0.132488
-52.9204 73.4554 -0.259975 0.463439 -0.878622 -0.115094
-52.1266 73.9251 -0.610179 0.47338 -0.874597 -0.104039
-51.3943 74.3511 -0.929467 0.470538 -0.877594 -0.0917711
-50.3024 74.9853 -1.35117 0.462311 -0.880693 -0.10214
-49.3803 75.499 -1.77793 0.445828 -0.888854 -0.105715
-48.5104 75.9712 -2.16746 0.437602 -0.892979 -0.105254
-47.6967 76.4145 -2.52018 0.435997 -0.892974 -0.111749
-46.8428 76.8635 -2.79606 0.43182 -0.894732 -0.113944
-45.9055 77.3413 -3.01103 0.429169 -0.896885 -0.10659
-45.0859 77.7579 -3.27746 0.429851 -0.898835 -0.0855782
-43.8615 78.3121 -3.58444 0.387007 -0.917834 -0.0880283
-42.7699 78.7737 -3.65634 0.379238 -0.92099 -0.0891026
-41.6593 79.1926 -3.65694 0.340666 -0.938653 -0.0536428
-40.6443 79.5601 -3.56239 0.348004 -0.936 -0.0528817
-39.5169 79.9867 -3.35257 0.373592 -0.926446 -0.0461185
-38.346 80.454 -2.99441 0.404227 -0.912 -0.0696892
-37.4105 80.8147 -2.44774 0.382703 -0.920528 -0.0785291
-36.5711 81.1069 -1.95761 0.376488 -0.915308 -0.142872
-35.6586 81.3741 -1.38998 0.355219 -0.916144 -0.185715
-34.5627 81.6489 -0.728735 0.342784 -0.917644 -0.201067
-33.6956 81.8291 -0.118621 0.328836 -0.917165 -0.225113
-32.6797 82.0161 0.52798 0.306081 -0.922478 -0.235264
-31.9571 82.1011 1.08454 0.256568 -0.925758 -0.277746
-31.0926 82.1526 1.7086 0.228828 -0.927948 -0.292563
-30.3312 82.1415 2.24267 0.207485 -0.935169 -0.286276
-29.6757 82.061 3.01072 0.132223 -0.924082 -0.358594
-29.0376 81.8014 4.00659 0.128265 -0.942877 -0.30746
-28.6479 81.4996 5.07891 0.134113 -0.937965 -0.319737
-28.4217 81.125 6.27961 0.136621 -0.937233 -0.320812
-28.1223 80.8332 7.1549 0.0902669 -0.923272 -0.37339
-27.793 80.4058 8.27148 0.0866711 -0.919604 -0.383167
-27.6794 79.9964 9.24798 0.00082822 -0.915246 -0.400597
-27.4455 79.5498 10.3709 0.0051082 -0.928434 -0.371462
-27.1731 79.0676 11.4286 -0.0374566 -0.900216 -0.431879
-27.0043 78.3906 12.9009 -0.07216 -0.909826 -0.408669
-26.773 77.8203 14.0997 -0.102436 -0.899445 -0.424861
-26.5855 77.3646 15.017 -0.0976451 -0.900639 -0.423456
-26.5008 76.9665 15.8443 -0.128232 -0.894281 -0.427579
-26.3732 76.4555 16.8023 -0.168161 -0.877572 -0.448988
-26.2563 76.0331 17.5908 -0.167242 -0.879571 -0.445405
-26.2003 75.5219 18.559 -0.165328 -0.871509 -0.46167
-26.2355 75.0392 19.4826 -0.14333 -0.868157 -0.474449
-26.2919 74.4779 20.3986 -0.196424 -0.828453 -0.524484
-26.344 73.9503 21.2641 -0.218725 -0.821041 -0.527306
-26.5099 73.3155 22.3114 -0.208115 -0.822624 -0.529129
-26.7672 72.6763 23.4191 -0.190717 -0.833145 -0.519131
-27.1124 72.1577 24.3546 -0.183221 -0.82421 -0.535824
-27.5469 71.7122 25.175 -0.166536 -0.830798 -0.531075
-27.9146 71.317 25.9067 -0.158279 -0.831201 -0.532959
-28.5174 70.7902 26.9123 -0.165098 -0.841405 -0.514136
-29.0854 70.3868 27.7363 -0.125934 -0.852201 -0.507833
-29.7034 70.0547 28.4393 -0.151393 -0.84591 -0.511387
-30.4141 69.728 29.236 -0.16824 -0.859828 -0.48207
-31.0544 69.51 29.8501 -0.184586 -0.882249 -0.433087
-31.8164 69.2908 30.5308 -0.109024 -0.888649 -0.445205
-32.4448 68.917 31.458 -0.108093 -0.904063 -0.413505
-33.1938 68.6549 32.1966 -0.125714 -0.87516 -0.466968
-34.077 68.4283 32.7748 -0.0745394 -0.868418 -0.490197
-35.01 68.1924 33.2845 -0.0259868 -0.882804 -0.469022
-36.0355 67.8774 33.9399 -0.0280951 -0.892097 -0.450814
-36.8969 67.5557 34.6351 -0.0191805 -0.894528 -0.4466
-37.7408 67.1609 35.4309 0.0184852 -0.910701 -0.412652
-38.2953 66.8454 36.0707 0.0793391 -0.901495 -0.425199
-38.9193 66.3275 37.0568 0.0791225 -0.903194 -0.421878
-39.3255 65.902 37.8757 0.105486 -0.902754 -0.416738
-39.8171 65.452 38.7654 0.0963345 -0.911453 -0.399892
-40.3983 65.0213 39.7048 0.100388 -0.9356 -0.33849
-41.2132 64.4877 40.6978 0.151906 -0.917589 -0.367363
-42.0172 64.0078 41.3924 0.224954 -0.893272 -0.38918
-42.822 63.6259 41.8178 0.186877 -0.903172 -0.386425
-43.664 63.3632 42.0342 0.181669 -0.903141 -0.389016
-44.5336 63.1273 42.1422 0.21548 -0.895472 -0.389028
-45.5848 62.8539 42.0923 0.301421 -0.864641 -0.401807
-46.6027 62.624 41.8033 0.298155 -0.869585 -0.393475
-47.7136 62.4645 41.2974 0.295587 -0.881417 -0.368419
-48.7659 62.3857 40.6472 0.295397 -0.882005 -0.367158
-49.6722 62.341 40.0205 0.29838 -0.884366 -0.358886
-50.5478 62.3436 39.2973 0.289577 -0.887999 -0.357215
-51.2922 62.2759 38.7659 0.348169 -0.879922 -0.32329
-52.2947 62.0082 38.394 0.373877 -0.872525 -0.314168
-53.2189 61.6929 38.164 0.352316 -0.875184 -0.331551
-54.1613 61.436 37.8325 0.364957 -0.879599 -0.305124
-54.9909 61.2749 37.3476 0.335031 -0.898084 -0.284954
-55.7575 61.1702 36.7743 0.333998 -0.896761 -0.290223
-56.5351 61.1047 36.106 0.328745 -0.896794 -0.296121
-57.3074 61.1128 35.2443 0.326667 -0.895115 -0.303409
-57.9374 61.2253 34.2548 0.317258 -0.895219 -0.312937
-58.3257 61.3856 33.4581 0.323492 -0.882725 -0.340807
-58.772 61.6459 32.3647 0.32246 -0.882382 -0.342669
-59.1259 61.9493 31.2492 0.334689 -0.879425 -0.33852
-59.3296 62.2176 30.3671 0.332903 -0.868775 -0.366596
-59.4923 62.6014 29.3145 0.340872 -0.871603 -0.35186
-59.4566 63.0576 28.1601 0.347783 -0.870341 -0.34834
-59.3557 63.5014 27.2218 0.370704 -0.857396 -0.356747
-59.3401 63.9483 26.0651 0.362795 -0.876234 -0.316864
-59.4699 64.2236 25.1459 0.352565 -0.880569 -0.316696
-59.6918 64.4933 23.9312 0.40052 -0.893233 -0.20425
-59.7937 64.5806 23.3496 0.400364 -0.889389 -0.22007
-60.5775 64.2269 23.3425 0.403215 -0.885984 -0.228974
-61.0462 64.4285 21.8883 0.343499 -0.902149 -0.260983
-61.4692 64.6202 20.6404 0.344801 -0.9041 -0.252416
-61.9169 64.7378 19.6037 0.345252 -0.904267 -0.251201
-62.116 64.928 18.719 0.369929 -0.891268 -0.261847
-62.239 65.134 17.817 0.38632 -0.885372 -0.258597
-62.2419 65.3916 16.8515 0.384695 -0.893895 -0.230135
-62.1912 65.6705 15.8225 0.389123 -0.895113 -0.217521
-62.2121 65.9334 14.7264 0.396095 -0.892997 -0.213526
-62.1404 66.1677 13.8498 0.403102 -0.89114 -0.208274
-61.9155 66.5398 12.6374 0.403226 -0.895888 -0.18653
-61.7917 66.8406 11.4637 0.402859 -0.895764 -0.187915
-61.5668 67.1277 10.575 0.412533 -0.893364 -0.177816
-61.1497 67.5543 9.41955 0.407596 -0.893953 -0.186286
-60.7228 67.9218 8.63192 0.416117 -0.889128 -0.190521
-60.2906 68.3207 7.70801 0.428869 -0.883357 -0.189084
-59.708 68.8029 6.74094 0.42824 -0.885522 -0.180137
-59.2187 69.1942 5.99357 0.431411 -0.883946 -0.180346
-58.571 69.7146 4.99008 0.462423 -0.868961 -0.176272
-58.0239 70.1644 3.92307 0.428573 -0.892553 -0.140264
-57.6799 70.4664 3.07166 0.430378 -0.890969 -0.144718
-56.9002 71.053 1.76511 0.441576 -0.885899 -0.141567
-56.13 71.6015 0.793096 0.459017 -0.877414 -0.138878
-55.5344 72.0317 0.105415 0.46702 -0.874127 -0.133395
-54.9035 72.4527 -0.444189 0.461677 -0.877008 -0.132945
-53.9914 72.9912 -0.982624 0.453389 -0.883971 -0.114163
-53.194 73.4345 -1.1854 0.462353 -0.878901 -0.117316
-52.3053 73.9466 -1.57718 0.447307 -0.887228 -0.112883
-51.5642 74.3694 -1.90065 0.467178 -0.875153 -0.125292
-50.6967 74.8888 -2.24253 0.475831 -0.871713 -0.117058
-49.9273 75.3235 -2.587 0.442299 -0.890208 -0.10909
-49.0644 75.8006 -2.99664 0.437751 -0.892325 -0.110137
-48.3061 76.2038 -3.26318 0.4379 -0.893377 -0.100503
-47.3422 76.7275 -3.69827 0.440881 -0.892266 -0.097394
-46.3473 77.2454 -4.0419 0.423809 -0.900492 -0.0973267
-45.5447 77.6284 -4.13476 0.4201 -0.902396 -0.0958954
-44.6869 78.0324 -4.33812 0.396927 -0.9138 -0.0858816
-43.3948 78.6075 -4.61788 0.381336 -0.920163 -0.0887665
-42.534 78.9661 -4.65037 0.361398 -0.927294 -0.0951657
-41.3537 79.3725 -4.66273 0.314896 -0.947231 -0.0599548
-40.1075 79.8105 -4.42075 0.341647 -0.937821 -0.0611854
-38.9018 80.2994 -4.23293 0.390286 -0.918237 -0.0672189
-38.1038 80.6273 -3.91315 0.404356 -0.912428 -0.0630257
-37.3121 80.971 -3.4531 0.464024 -0.879348 -0.0839477
-36.5191 81.2871 -2.98431 0.439111 -0.886681 -0.144839
-35.4506 81.6187 -2.30765 0.372314 -0.915923 -0.149895
-34.6071 81.8762 -1.87418 0.352337 -0.91721 -0.185967
-33.8288 82.0683 -1.37069 0.348176 -0.915376 -0.202138
-33.0638 82.2274 -0.836634 0.371455 -0.901426 -0.218183
-32.2759 82.3822 -0.342912 0.318462 -0.916738 -0.241193
-31.4359 82.477 0.309396 0.256618 -0.926127 -0.276471
-30.3274 82.5208 1.1177 0.214401 -0.92188 -0.322549
-29.5377 82.4919 1.77108 0.237027 -0.926764 -0.291422
-28.8825 82.3275 2.5798 0.114536 -0.936359 -0.331544
-28.1909 82.0272 3.62116 0.108616 -0.940067 -0.3224
-27.8337 81.8078 4.43336 0.11247 -0.950119 -0.290543
-27.6193 81.5601 5.35493 0.143326 -0.936641 -0.319628
-27.4066 81.2348 6.3403 0.0851137 -0.911906 -0.401254
-27.0978 80.8675 7.25098 0.0423663 -0.923469 -0.379574
-26.838 80.535 8.14834 -0.00061677 -0.921496 -0.386097
-26.6501 80.0723 9.1092 0.00690672 -0.89819 -0.439554
-26.4722 79.6312 10.172 -0.0357734 -0.92219 -0.383133
-26.2677 79.2062 11.0012 -0.0746011 -0.891393 -0.447049
-26.1213 78.7057 12.0198 -0.0845082 -0.911302 -0.402972
-26.1069 78.2936 12.931 -0.11243 -0.892791 -0.435774
-25.8254 77.6984 14.0834 -0.147455 -0.896859 -0.417014
-25.6207 77.2254 14.9881 -0.158819 -0.887917 -0.431717
-25.4559 76.761 15.8681 -0.165727 -0.876685 -0.451617
-25.4071 76.3275 16.6918 -0.16526 -0.876983 -0.45121
-25.2773 75.7968 17.6874 -0.169497 -0.879024 -0.445631
-25.227 75.3678 18.4992 -0.166589 -0.871174 -0.461848
-25.3031 74.7664 19.6652 -0.165394 -0.872903 -0.459004
-25.3649 74.2788 20.4419 -0.157968 -0.811301 -0.561637
-25.4721 73.5875 21.4803 -0.20705 -0.823911 -0.527543
-25.5913 73.1145 22.3184 -0.17216 -0.839056 -0.516087
-25.6838 72.6617 23.0772 -0.172418 -0.830802 -0.529188
-25.9854 72.0847 24.0814 -0.181565 -0.831973 -0.52416
-26.6389 71.4612 25.2928 -0.164337 -0.836076 -0.523383
-27.26 70.8161 26.492 -0.159796 -0.83105 -0.532747
-27.7869 70.3369 27.4408 -0.169466 -0.85152 -0.49618
-28.4369 69.9509 28.2945 -0.143439 -0.842159 -0.519484
-28.9932 69.6031 28.997 -0.125709 -0.845914 -0.518292
-29.7734 69.242 29.8645 -0.177096 -0.85321 -0.490582
-30.4072 69.087 30.4874 -0.168905 -0.898234 -0.405361
-31.1059 68.8975 31.1389 -0.127506 -0.888711 -0.44038
-31.7018 68.5206 32.0093 -0.128285 -0.870429 -0.475201
-32.4921 68.259 32.7202 -0.139649 -0.870855 -0.471285
-33.2602 68.0722 33.2257 -0.111102 -0.849503 -0.515497
-34.5053 67.7957 33.9421 -0.0805931 -0.861958 -0.49963
-35.4496 67.5093 34.5882 -0.088547 -0.8796 -0.467401
-36.4768 67.1703 35.3864 -0.0204821 -0.893349 -0.448896
-37.1421 66.879 36.1366 0.0330943 -0.920473 -0.389403
-37.9776 66.3748 37.1801 0.0831056 -0.914731 -0.394294
-38.6375 65.6738 38.5504 0.098916 -0.906872 -0.409587
-39.2684 65.1591 39.6848 0.100249 -0.940503 -0.324148
-39.8738 64.7315 40.6682 0.143492 -0.92657 -0.346524
-40.436 64.3767 41.3201 0.169824 -0.919659 -0.3541
-41.3271 63.8646 42.1044 0.225364 -0.889095 -0.398395
-42.0518 63.4097 42.7119 0.20788 -0.896214 -0.391445
-43.1256 63.0885 42.9304 0.188617 -0.912086 -0.363334
-44.2727 62.7977 43.0651 0.197817 -0.922307 -0.331991
-45.2057 62.5413 43.0209 0.295799 -0.861198 -0.413326
-46.2909 62.2721 42.8082 0.283533 -0.867593 -0.408273
-47.3806 62.1065 42.3944 0.282148 -0.880946 -0.379903
-48.2145 62.0161 41.9782 0.288339 -0.882282 -0.37198
-49.0691 61.9537 41.4488 0.286866 -0.885294 -0.365989
-49.9752 61.9111 40.8421 0.286247 -0.889699 -0.355665
-50.7483 61.9086 40.2216 0.28842 -0.889498 -0.35441
-51.5367 61.8909 39.5495 0.348534 -0.87959 -0.3238
-52.663 61.5528 39.193 0.385343 -0.867503 -0.314563
-53.5545 61.264 39.0315 0.334278 -0.895258 -0.29457
-54.8972 60.9022 38.6107 0.331982 -0.895717 -0.295769
-55.8312 60.7829 37.9103 0.334748 -0.89838 -0.284355
-56.6474 60.7126 37.1883 0.325794 -0.900214 -0.288908
-57.7103 60.6837 36.0699 0.331189 -0.895624 -0.296801
-58.6044 60.8023 34.7921 0.315811 -0.895909 -0.312426
-59.1417 60.9459 33.8513 0.311274 -0.894798 -0.320071
-59.5947 61.17 32.8073 0.330241 -0.879996 -0.341392
-60.0033 61.5849 31.3188 0.337113 -0.87955 -0.335766
-60.2517 61.8848 30.3269 0.330121 -0.870456 -0.365139
-60.3706 62.2071 29.4368 0.344981 -0.872554 -0.345694
-60.3971 62.6784 28.1765 0.34732 -0.87591 -0.334889
-60.2756 63.0794 27.3095 0.358248 -0.864165 -0.35338
-60.2151 63.5982 25.9818 0.381743 -0.865522 -0.324259
-60.4537 63.866 24.9822 0.402805 -0.874215 -0.26493
-60.4672 64.0361 24.2638 0.432264 -0.875608 -0.215543
-60.4808 64.0495 24.1824 0.417446 -0.880368 -0.224431
