-44.7768 74.6843 19.121 0.326687 -0.875528 -0.355918
-44.4681 75.1012 18.2787 0.320577 -0.892859 -0.315501
-44.344 75.4655 17.3152 0.308265 -0.909443 -0.277379
-44.9145 75.3402 17.0303 0.337084 -0.898925 -0.279835
-45.3656 74.9318 17.7728 0.337897 -0.890473 -0.304754
-45.3301 74.5808 18.8422 0.335642 -0.891666 -0.303769
-45.2245 74.5547 19.0194 0.333219 -0.873882 -0.35397
-46.1309 74.115 19.2415 0.358455 -0.869453 -0.338869
-45.7742 73.7968 20.4072 0.331031 -0.884463 -0.328851
-45.1327 73.9184 20.6767 0.295943 -0.880668 -0.369921
-44.4009 74.3831 20.1954 0.319441 -0.873371 -0.367522
-43.7976 74.9415 19.3195 0.299121 -0.891104 -0.341264
-43.5225 75.4319 18.1792 0.262657 -0.916556 -0.301555
-43.5302 75.7598 17.1575 0.27471 -0.923616 -0.267156
-43.6486 75.98 16.247 0.269991 -0.927272 -0.259367
-43.7891 76.1608 15.2973 0.307888 -0.918622 -0.247664
-45.0869 75.6403 15.654 0.334577 -0.918072 -0.212609
-45.6969 75.2055 16.4976 0.357811 -0.892032 -0.275604
-46.1938 74.5714 17.8161 0.370163 -0.883725 -0.286164
-46.206 74.2974 18.6588 0.369472 -0.878443 -0.30217
-47.0543 74.0101 18.4358 0.380635 -0.866977 -0.32165
-46.9391 73.6511 19.5357 0.383065 -0.867987 -0.315923
-46.6717 73.3395 20.6975 0.349161 -0.866091 -0.356771
-46.3411 73.0692 21.5945 0.338565 -0.852974 -0.397252
-45.6879 73.0301 22.2351 0.322381 -0.85915 -0.397028
-44.5567 73.751 21.5359 0.301062 -0.872998 -0.383366
-43.8471 74.243 20.9598 0.24729 -0.876636 -0.412744
-43.2763 74.6903 20.3437 0.233636 -0.892398 -0.384971
-42.7178 75.3352 19.1349 0.255111 -0.900419 -0.351329
-42.6022 75.6933 18.2251 0.263706 -0.91214 -0.313246
-42.6363 75.9885 17.2203 0.251715 -0.928499 -0.273001
-42.784 76.3006 15.9899 0.253707 -0.930476 -0.264281
-42.9657 76.5966 14.684 0.259474 -0.93539 -0.240172
-43.7404 76.6049 13.538 0.331996 -0.916383 -0.223652
-44.6598 76.1635 14.0188 0.347655 -0.915531 -0.202332
-45.5872 75.6274 14.8172 0.354343 -0.911893 -0.207105
-46.2192 75.1912 15.6392 0.403785 -0.890452 -0.209888
-46.6878 74.7788 16.449 0.404802 -0.884559 -0.231712
-46.9836 74.4021 17.3171 0.407354 -0.878465 -0.249725
-47.0694 74.1114 18.1437 0.369477 -0.878443 -0.302166
-47.9182 73.7537 17.97 0.438372 -0.855858 -0.274477
-47.8315 74.1001 16.9966 0.408901 -0.879648 -0.242832
-47.4278 74.5642 15.9351 0.42886 -0.870864 -0.239217
-46.9356 75.0209 15.0654 0.382121 -0.89446 -0.232216
-46.423 75.3774 14.3657 0.396375 -0.899751 -0.182578
-45.7413 75.8229 13.6502 0.396274 -0.899419 -0.184413
-44.9737 76.2351 13.073 0.35557 -0.919433 -0.167969
-44.2227 76.6057 12.69 0.338844 -0.922396 -0.18539
-43.1996 77.0468 12.3907 0.344526 -0.919124 -0.191084
-42.3872 77.204 12.8394 0.266174 -0.940049 -0.21285
-42.1585 77.0403 13.7943 0.260699 -0.938579 -0.226039
-42.0416 76.8199 14.8072 0.257777 -0.937285 -0.234622
-41.9272 76.6032 15.7431 0.252985 -0.930974 -0.263221
-41.7807 76.3707 16.7061 0.2537 -0.930476 -0.264287
-41.6929 76.1168 17.622 0.233878 -0.929801 -0.284204
-41.646 75.8118 18.5033 0.18251 -0.939599 -0.289557
-41.746 75.5209 19.3645 0.25511 -0.900419 -0.351328
-42.2949 74.8266 20.612 0.184256 -0.896452 -0.402654
-43.149 74.1544 21.5664 0.242997 -0.878319 -0.411686
-44.0155 73.5888 22.2668 0.24759 -0.881544 -0.401969
-44.75 73.0909 22.7873 0.297765 -0.859684 -0.415066
-45.5253 72.6043 23.2389 0.318634 -0.851862 -0.415098
-46.5111 72.1344 23.4023 0.337659 -0.850243 -0.403823
-46.9562 72.4325 22.3986 0.357334 -0.839911 -0.408487
-47.2788 72.7371 21.4225 0.40385 -0.839113 -0.364093
-47.593 73.0101 20.4494 0.420691 -0.841146 -0.339841
-47.8348 73.2958 19.4257 0.383073 -0.867984 -0.315925
-47.9205 73.657 18.2592 0.434697 -0.852843 -0.289304
-47.9248 73.705 18.1112 0.436536 -0.85435 -0.28189
-48.7676 73.2556 18.1636 0.450237 -0.853275 -0.263063
-48.6923 73.6566 16.9961 0.452416 -0.851981 -0.263529
-48.3991 74.0934 15.9353 0.436937 -0.871344 -0.222851
-48.0406 74.4891 15.1632 0.432156 -0.863816 -0.258966
-47.4722 74.9616 14.2546 0.36969 -0.914857 -0.162378
-46.676 75.5111 13.1675 0.396164 -0.899092 -0.186244
-45.9999 75.9196 12.6006 0.364024 -0.916265 -0.167166
-45.1929 76.337 12.087 0.369797 -0.912269 -0.176056
-44.4391 76.7106 11.7279 0.37276 -0.911622 -0.173166
-43.5855 77.1031 11.4114 0.344661 -0.920103 -0.18606
-42.7098 77.4398 11.2641 0.278772 -0.942017 -0.186788
-41.7275 77.635 11.6931 0.263919 -0.944224 -0.196947
-41.392 77.4253 13.0197 0.248702 -0.940355 -0.232118
-41.2139 77.1775 14.2397 0.241688 -0.94316 -0.228116
-41.1174 76.9849 15.1256 0.221559 -0.942688 -0.248777
-40.9325 76.681 16.3272 0.215938 -0.937735 -0.272075
-40.8172 76.385 17.4649 0.217571 -0.921719 -0.318711
-40.6981 75.9414 18.6804 0.191891 -0.926616 -0.321389
-40.8402 75.5583 19.6642 0.14264 -0.925965 -0.349632
-41.1878 75.0592 20.6169 0.188637 -0.888931 -0.417394
-41.5839 74.6499 21.3532 0.179862 -0.903977 -0.387912
-42.1715 74.2213 21.9886 0.234735 -0.888389 -0.394543
-43.0948 73.6345 22.7306 0.245711 -0.88146 -0.403303
-43.9278 73.1093 23.3277 0.269876 -0.862162 -0.42877
-44.8328 72.5253 23.8915 0.297475 -0.857391 -0.419988
-45.6038 72.0401 24.3234 0.326915 -0.853062 -0.406525
-46.4411 71.4645 24.8793 0.327449 -0.858154 -0.39541
-47.2296 71.3693 24.4128 0.343719 -0.852347 -0.394135
-47.5515 71.7593 23.289 0.35239 -0.846365 -0.399359
-47.8677 72.0956 22.295 0.377443 -0.838038 -0.393089
-48.304 72.4745 20.8905 0.403844 -0.839113 -0.364097
-48.6192 72.8177 19.6097 0.442479 -0.833837 -0.330044
-48.7657 73.2218 18.2689 0.447338 -0.842514 -0.300089
-48.7694 73.2369 18.2212 0.446675 -0.848891 -0.281886
-49.6384 72.8016 18.1552 0.446675 -0.848891 -0.281885
-49.4647 72.3919 19.5475 0.451691 -0.835573 -0.312652
-49.1398 72.0414 20.9007 0.43288 -0.837821 -0.332587
-48.8182 71.7838 21.91 0.419342 -0.834627 -0.357136
-48.5055 71.4651 22.9827 0.402094 -0.829529 -0.387559
-48.1394 71.0492 24.2852 0.366609 -0.844644 -0.390095
-47.8637 70.7093 25.2417 0.357967 -0.836734 -0.414411
-47.5299 70.2505 26.4345 0.345633 -0.835229 -0.427703
-47.0755 70.34 26.6271 0.345338 -0.835463 -0.427483
-46.1839 71.1049 25.8493 0.311752 -0.854556 -0.413534
-45.1729 71.7728 25.1499 0.279038 -0.857175 -0.432884
-44.0817 72.4704 24.4995 0.278749 -0.855524 -0.436236
-43.2086 73.0292 23.9414 0.270179 -0.860206 -0.43247
-42.541 73.4315 23.4778 0.210732 -0.87127 -0.443261
-41.5449 74.0535 22.654 0.16286 -0.89162 -0.42236
-40.9237 74.4763 22.0096 0.156501 -0.891446 -0.425243
-40.4548 74.9 21.2939 0.168182 -0.89771 -0.40658
-39.9354 75.5457 20.0592 0.165629 -0.905643 -0.390143
-39.7786 76.0147 18.9447 0.169266 -0.91987 -0.35378
-39.8761 76.4864 17.6676 0.163299 -0.920047 -0.356157
-40.0062 76.8509 16.4738 0.192537 -0.943326 -0.270307
-40.1408 77.1002 15.5001 0.216259 -0.939544 -0.265475
-40.2956 77.3351 14.5149 0.238042 -0.941994 -0.23642
-40.405 77.5306 13.6408 0.245802 -0.938941 -0.24077
-40.5407 77.7231 12.725 0.248443 -0.940417 -0.232146
-40.7837 77.969 11.3645 0.25554 -0.946018 -0.199094
-41.4278 77.9703 10.4866 0.268394 -0.943942 -0.192195
-42.3185 77.762 10.2424 0.28344 -0.939252 -0.193566
-43.5451 77.3125 10.4014 0.371131 -0.91609 -0.151791
-44.4885 76.8816 10.7113 0.366292 -0.91808 -0.15152
-45.3259 76.4743 11.0704 0.37194 -0.912303 -0.171354
-46.2974 75.9837 11.5953 0.364047 -0.916636 -0.165072
-47.0476 75.5554 12.1952 0.392173 -0.904103 -0.167737
-47.6412 75.1646 12.8343 0.406725 -0.89044 -0.20258
-48.2975 74.6448 13.9018 0.411752 -0.901673 -0.132085
-48.8903 74.0887 14.8794 0.475055 -0.854712 -0.208937
-49.3798 73.5334 16.079 0.46646 -0.858866 -0.211576
-49.5997 73.0809 17.3123 0.46487 -0.849542 -0.248317
-49.619 72.991 17.5719 0.448056 -0.854569 -0.262598
-50.4701 72.5641 17.3948 0.472082 -0.850341 -0.232504
-50.4349 72.1631 18.7252 0.466359 -0.831267 -0.302496
-50.2714 71.9095 19.6712 0.451682 -0.835578 -0.312652
-49.9716 71.6157 20.855 0.454945 -0.830381 -0.321702
-49.6774 71.3903 21.817 0.432616 -0.834035 -0.341793
-49.4052 71.127 22.748 0.421228 -0.834164 -0.355987
-49.1571 70.8361 23.7134 0.411906 -0.836307 -0.361835
-48.9468 70.5641 24.5546 0.410539 -0.830524 -0.376415
-48.7247 70.2417 25.4421 0.35757 -0.837455 -0.413293
-48.5208 69.8676 26.3714 0.351465 -0.834088 -0.425171
-48.3574 69.3517 27.5316 0.341833 -0.838438 -0.424467
-47.968 68.9773 28.5538 0.328205 -0.831632 -0.447042
-47.3008 69.3988 28.3006 0.326585 -0.821304 -0.467607
-46.6022 70.0665 27.5341 0.327586 -0.841179 -0.430239
-45.934 70.6716 26.8958 0.342538 -0.835025 -0.430574
-45.1724 71.2341 26.2777 0.280442 -0.873036 -0.398948
-44.4447 71.6853 25.7688 0.243525 -0.857123 -0.453209
-43.4427 72.3073 25.1537 0.221342 -0.858791 -0.462046
-42.3488 72.9673 24.4412 0.204777 -0.859399 -0.468509
-41.436 73.5415 23.787 0.207758 -0.865333 -0.455887
-40.7989 73.9279 23.2145 0.139422 -0.893074 -0.427763
-39.9909 74.4924 22.3492 0.182651 -0.883521 -0.43116
-39.411 75.022 21.4584 0.170124 -0.895008 -0.412333
-39.0385 75.4824 20.5759 0.156278 -0.910531 -0.382767
-38.8518 75.894 19.5965 0.0972495 -0.930162 -0.354036
-38.8849 76.3438 18.4401 0.0953489 -0.923257 -0.372164
-38.9947 76.7629 17.3164 0.129606 -0.932543 -0.335944
-39.1377 77.1306 16.1569 0.20978 -0.929972 -0.301901
-39.2698 77.4144 15.0967 0.211219 -0.943958 -0.253635
-39.4931 77.7063 13.8209 0.211648 -0.944186 -0.252425
-39.6562 77.9678 12.6584 0.233451 -0.94529 -0.227877
-39.8287 78.2401 11.2732 0.254194 -0.944899 -0.206278
-40.3265 78.358 10.1018 0.255206 -0.946206 -0.198907
-41.0908 78.249 9.54264 0.278355 -0.949061 -0.147657
-42.4986 77.8779 9.22229 0.286303 -0.94765 -0.141386
-43.3447 77.5613 9.36707 0.370317 -0.917149 -0.14732
-44.1515 77.1923 9.61576 0.373859 -0.917295 -0.136929
-44.9758 76.8153 9.90597 0.371406 -0.917582 -0.141775
-45.7847 76.4407 10.2125 0.376471 -0.913375 -0.15497
-46.737 75.9429 10.7247 0.417245 -0.895131 -0.156986
-47.5704 75.4572 11.3606 0.409548 -0.90169 -0.138027
-48.1589 75.0869 11.9945 0.440376 -0.884478 -0.151339
-48.7533 74.5813 12.983 0.457759 -0.872668 -0.170006
-49.399 74.0284 13.9643 0.456592 -0.869204 -0.189741
-49.8262 73.6103 14.782 0.453346 -0.865741 -0.21206
-50.1955 73.1526 15.7726 0.480092 -0.849366 -0.219291
-50.4156 72.7218 16.929 0.476887 -0.847428 -0.233265
-50.4525 72.6241 17.2112 0.472083 -0.850341 -0.232506
-51.2997 72.2137 16.9919 0.476956 -0.84974 -0.224422
-51.3551 71.8774 18.017 0.483994 -0.836593 -0.256636
-51.2606 71.6381 18.8951 0.469863 -0.827289 -0.307839
-50.9875 71.3337 20.103 0.472462 -0.82232 -0.317127
-50.7308 71.1113 21.0929 0.449426 -0.837668 -0.310025
-50.3819 70.8639 22.2099 0.432616 -0.834036 -0.341791
-50.1422 70.5918 23.1373 0.420454 -0.835778 -0.35312
-49.8778 70.2865 24.1516 0.408634 -0.832005 -0.375206
-49.6635 69.9652 25.1006 0.406738 -0.833486 -0.373985
-49.4395 69.5924 26.1098 0.399287 -0.826236 -0.397358
-49.3215 69.2354 26.9608 0.392124 -0.826064 -0.404792
-49.2137 68.7869 27.9457 0.351814 -0.829534 -0.433705
-49.0834 68.3614 28.879 0.354812 -0.833113 -0.4243
-48.5598 68.1984 29.6148 0.343071 -0.840154 -0.419824
-47.6296 68.4596 29.8415 0.321034 -0.845103 -0.427451
-46.8712 69.0362 29.262 0.305011 -0.857003 -0.414853
-46.317 69.592 28.5981 0.285498 -0.825475 -0.486911
-45.773 70.1297 28.0045 0.291769 -0.834395 -0.467607
-44.8597 70.8631 27.188 0.234876 -0.857794 -0.45719
-44.0105 71.4041 26.5726 0.237075 -0.869942 -0.432431
-42.8255 72.0994 25.8268 0.209955 -0.858873 -0.467179
-41.6826 72.7588 25.0694 0.189444 -0.875124 -0.445274
-40.9158 73.2383 24.5118 0.156737 -0.861471 -0.482209
-39.9549 73.8383 23.6766 0.135624 -0.881879 -0.450805
-39.3644 74.2422 23.0558 0.0654492 -0.868109 -0.49204
-38.7539 74.7266 22.2425 0.05045 -0.890495 -0.451313
-38.3103 75.1747 21.3777 0.0773645 -0.894301 -0.440727
-38.0344 75.6215 20.5034 0.0930002 -0.921301 -0.377174
-37.8978 76.201 19.0518 0.0924447 -0.929057 -0.358142
-38.0104 76.6452 17.9063 0.0915595 -0.925099 -0.368521
-38.0964 76.9988 16.9513 0.11995 -0.923981 -0.36314
-38.2317 77.3445 15.9599 0.134518 -0.940027 -0.313455
-38.3931 77.6776 14.7636 0.162053 -0.952297 -0.258592
-38.5962 77.9404 13.7228 0.198866 -0.942406 -0.26799
-38.7273 78.1503 12.853 0.226592 -0.942783 -0.243935
-38.857 78.4157 11.597 0.231009 -0.947307 -0.221909
-38.9699 78.5869 10.7098 0.244868 -0.943791 -0.22165
-39.3029 78.7049 9.84424 0.271042 -0.937233 -0.219385
-39.9769 78.6749 9.11267 0.272262 -0.939532 -0.207734
-41.159 78.4076 8.46895 0.294073 -0.940417 -0.170083
-42.4896 78.0504 8.22656 0.287044 -0.94095 -0.179494
-43.4533 77.6672 8.41589 0.381259 -0.91114 -0.156414
-44.6121 77.1327 8.78169 0.367325 -0.919927 -0.137138
-45.6746 76.6532 9.15027 0.363016 -0.920947 -0.141688
-46.7282 76.1385 9.5897 0.412715 -0.898504 -0.149521
-47.5175 75.6921 10.0713 0.416424 -0.895851 -0.155051
-48.3838 75.1662 10.8245 0.411457 -0.899125 -0.149257
-49.058 74.6672 11.7263 0.463466 -0.87342 -0.149455
-49.5169 74.2793 12.4863 0.457039 -0.872735 -0.171604
-50.084 73.8005 13.3637 0.479658 -0.856715 -0.187492
-50.4634 73.4086 14.1015 0.50644 -0.84079 -0.191287
-50.8221 73.0002 14.9471 0.503336 -0.842628 -0.191358
-51.0947 72.6341 15.8044 0.483252 -0.847456 -0.219741
-51.2615 72.3189 16.6641 0.481829 -0.849139 -0.216341
-52.0531 71.9753 16.1501 0.511056 -0.833153 -0.211369
-52.1809 71.5736 17.3755 0.516818 -0.826048 -0.224819
-52.1822 71.3133 18.258 0.495093 -0.832669 -0.248084
-52.0208 71.0473 19.3059 0.469386 -0.825353 -0.313797
-51.7529 70.8144 20.3666 0.479522 -0.829028 -0.2877
-51.473 70.6011 21.3823 0.451566 -0.828872 -0.330111
-51.0663 70.2559 22.7896 0.456203 -0.825718 -0.331767
-50.854 69.9722 23.7287 0.430687 -0.825456 -0.364871
-50.5792 69.6626 24.7526 0.430493 -0.82538 -0.365272
-50.3692 69.3203 25.7447 0.402929 -0.826207 -0.393695
-50.2183 68.9129 26.7503 0.394819 -0.827099 -0.399992
-50.1041 68.5008 27.7022 0.392053 -0.82618 -0.404625
-50.0198 68.1001 28.6128 0.362682 -0.836699 -0.409966
-49.9083 67.6963 29.5063 0.352733 -0.841267 -0.409472
-49.0467 67.667 30.3131 0.339917 -0.848154 -0.406313
-47.86 67.838 30.889 0.318247 -0.8437 -0.432307
-46.7841 68.3845 30.6175 0.321315 -0.842844 -0.431707
-45.9615 69.1618 29.6414 0.289267 -0.866651 -0.406497
-45.2338 69.8543 28.7805 0.256299 -0.824974 -0.503715
-44.6249 70.37 28.1786 0.185614 -0.858776 -0.477306
-43.972 70.8154 27.6542 0.201266 -0.844271 -0.496391
-43.1688 71.3504 27.1074 0.219578 -0.852331 -0.473544
-42.2461 71.8837 26.5223 0.179274 -0.866512 -0.463617
-41.5598 72.2536 26.0608 0.141775 -0.861314 -0.487873
-40.8261 72.6659 25.5546 0.127628 -0.859605 -0.494465
-40.0319 73.1076 24.921 0.0772479 -0.876159 -0.475792
-39.2034 73.6052 24.1811 0.0641786 -0.860299 -0.505734
-38.4429 74.1092 23.4129 0.0517792 -0.873874 -0.483077
-37.9122 74.5307 22.672 0.0350004 -0.879581 -0.474459
-37.4362 75.0275 21.8121 0.0569474 -0.882435 -0.466172
-37.1555 75.4358 21.0284 0.0699277 -0.890573 -0.449338
-36.9384 75.8908 20.0539 0.0761745 -0.92787 -0.365039
-36.9177 76.2587 19.1333 0.0878526 -0.920347 -0.381108
-37.0817 76.7201 17.9527 0.0940388 -0.925013 -0.368114
-37.1674 77.0829 17.0256 0.100057 -0.924649 -0.367442
-37.2703 77.4035 16.1882 0.0972327 -0.938111 -0.331352
-37.3689 77.7099 15.211 0.10796 -0.943893 -0.312036
-37.6129 78.0366 14.0278 0.177346 -0.943936 -0.278434
-37.8526 78.3913 12.6697 0.185676 -0.945003 -0.268914
-37.9454 78.6734 11.4364 0.226059 -0.94854 -0.221742
-38.0879 78.8888 10.4242 0.243264 -0.942024 -0.231114
-38.5308 79.0731 9.18512 0.25299 -0.944012 -0.211212
-39.1741 79.0314 8.53615 0.266136 -0.943658 -0.196591
-39.9563 78.8835 8.02325 0.31725 -0.931367 -0.178626
-40.7779 78.6828 7.61032 0.312116 -0.934399 -0.171449
-41.7967 78.4362 7.2865 0.281399 -0.944375 -0.170205
-42.685 78.1466 7.26357 0.324303 -0.929523 -0.175541
-43.8169 77.665 7.52998 0.385957 -0.909826 -0.15249
-44.8997 77.1605 7.88516 0.367368 -0.918449 -0.146589
-46.1134 76.6079 8.31848 0.389452 -0.910812 -0.133784
-46.9341 76.1838 8.642 0.415735 -0.900694 -0.126155
-47.8844 75.6654 9.15557 0.431513 -0.893452 -0.124642
-48.6619 75.2029 9.73825 0.468153 -0.8753 -0.121155
-49.4408 74.6501 10.6392 0.461818 -0.874652 -0.147309
-49.8938 74.2825 11.3483 0.47843 -0.865398 -0.148964
-50.3472 73.8958 12.115 0.480697 -0.863233 -0.154139
-50.8915 73.3848 13.0585 0.504471 -0.842962 -0.186881
-51.3486 72.9197 13.9264 0.501122 -0.844238 -0.190098
-51.7277 72.4913 14.8199 0.508 -0.839018 -0.194756
-52.0311 72.0205 16.0254 0.513118 -0.833535 -0.204646
-52.8312 71.6213 15.6224 0.521243 -0.830589 -0.19603
-52.5551 72.0474 14.5474 0.511472 -0.835791 -0.199625
-52.1137 72.5714 13.4436 0.508852 -0.839718 -0.189588
-51.6292 73.0513 12.5853 0.50086 -0.845179 -0.186579
-51.1615 73.4926 11.7322 0.51044 -0.845687 -0.155769
-50.5167 74.056 10.6342 0.485997 -0.863414 -0.135362
-49.7701 74.6327 9.54178 0.479525 -0.86923 -0.120398
-48.9881 75.1633 8.75499 0.46699 -0.876125 -0.119686
-48.2253 75.6252 8.2374 0.440357 -0.891747 -0.104278
-47.2984 76.1346 7.78527 0.416631 -0.900667 -0.12336
-46.0744 76.7679 7.31035 0.397847 -0.908759 -0.123985
-45.12 77.2053 6.96849 0.383274 -0.913007 -0.138234
-44.0098 77.7398 6.59234 0.384384 -0.910326 -0.153462
-43.0771 78.1612 6.36163 0.34294 -0.927042 -0.151608
-42.2252 78.5008 6.2472 0.326473 -0.926574 -0.184341
-41.2766 78.7706 6.40854 0.298302 -0.934737 -0.193086
-40.3352 78.9991 6.78553 0.313939 -0.930477 -0.188825
-39.5319 79.185 7.20487 0.31559 -0.930924 -0.183722
-38.6595 79.3386 7.73747 0.267321 -0.94447 -0.191092
-37.9172 79.4301 8.3239 0.266135 -0.943659 -0.196591
-37.4523 79.3592 9.14658 0.247991 -0.94309 -0.221545
-37.2136 79.1982 10.0388 0.216362 -0.947184 -0.236703
-37.0179 78.938 11.2523 0.205157 -0.947144 -0.246216
-36.9375 78.6925 12.2197 0.186264 -0.948546 -0.256059
-36.8133 78.4177 13.2641 0.185076 -0.941461 -0.281778
-36.6381 78.1268 14.2116 0.115176 -0.946923 -0.300119
-36.424 77.8199 15.2119 0.076098 -0.947231 -0.311389
-36.3367 77.5012 16.1699 0.0920213 -0.930163 -0.355423
-36.2614 77.1816 17.0091 0.069203 -0.924486 -0.374742
-36.1071 76.6767 18.3091 0.0566574 -0.921811 -0.383078
-35.9599 76.1917 19.4488 0.0462197 -0.91703 -0.396131
-36.0492 75.7874 20.4912 0.0276554 -0.930259 -0.365208
-36.3177 75.2282 21.5642 -0.00156877 -0.881641 -0.471917
-36.8896 74.4892 22.8244 0.0421643 -0.87507 -0.482023
-37.6446 73.8939 23.8609 0.0303881 -0.87539 -0.482462
-38.3631 73.4188 24.6309 0.0800788 -0.865556 -0.494369
-39.012 73.0298 25.2293 0.0770912 -0.87602 -0.476073
-39.6834 72.6629 25.7964 0.0770091 -0.876136 -0.475873
-40.4326 72.2486 26.3677 0.119717 -0.868164 -0.481621
-41.2815 71.8101 26.9279 0.137772 -0.862212 -0.487451
-42.4171 71.1869 27.6887 0.141539 -0.853645 -0.501255
-43.3927 70.5525 28.3399 0.214033 -0.843251 -0.492845
-44.0204 70.1224 28.8808 0.184459 -0.866301 -0.464217
-44.6737 69.5705 29.5546 0.251978 -0.852285 -0.458385
-45.3064 68.9913 30.3083 0.230522 -0.855296 -0.463688
-45.9802 68.3299 31.1506 0.24533 -0.841654 -0.480861
-46.7932 67.653 31.9628 0.267064 -0.852479 -0.449276
-47.6398 67.4089 31.8877 0.320078 -0.846967 -0.424367
-48.6578 67.264 31.4157 0.325258 -0.841099 -0.432132
-49.8815 67.0942 30.8104 0.33477 -0.844156 -0.418495
-50.6702 67.036 30.2263 0.358868 -0.843817 -0.398983
-50.9333 67.4233 29.1711 0.376316 -0.836535 -0.39824
-50.9727 67.996 27.8991 0.381692 -0.840538 -0.384458
-51.0275 68.3667 27.0784 0.39358 -0.825321 -0.404896
-51.134 68.7065 26.2384 0.408349 -0.824274 -0.392203
-51.312 69.0288 25.3577 0.422008 -0.834581 -0.354095
-51.5126 69.335 24.3805 0.46668 -0.821229 -0.328306
-51.7365 69.6014 23.4362 0.481 -0.807125 -0.342324
-51.9528 69.8829 22.464 0.48073 -0.807797 -0.341118
-52.3112 70.1531 21.264 0.497302 -0.807578 -0.316928
-52.6133 70.386 20.167 0.489798 -0.818924 -0.298555
-52.9216 70.6212 19.0513 0.52247 -0.803529 -0.283587
-53.0353 70.8546 18.0143 0.524451 -0.81864 -0.234052
-52.9807 71.2287 16.7925 0.524321 -0.820963 -0.22607
-52.9032 71.4546 16.1371 0.515635 -0.83446 -0.194288
-53.6979 71.0336 15.7927 0.529929 -0.820455 -0.214544
-53.5238 71.3781 14.8265 0.511315 -0.838197 -0.189666
-53.2796 71.7227 14.0081 0.526342 -0.827285 -0.196374
-52.7863 72.2995 12.7939 0.521599 -0.834246 -0.178798
-52.2129 72.8427 11.8203 0.506454 -0.847984 -0.156291
-51.7029 73.3115 10.9414 0.508927 -0.848528 -0.14441
-51.2196 73.7335 10.0841 0.507745 -0.851241 -0.132603
-50.6869 74.1742 9.21589 0.477208 -0.869879 -0.124834
-49.8388 74.7766 8.25962 0.477206 -0.869897 -0.124712
-49.2052 75.1857 7.73278 0.467141 -0.876205 -0.118505
-48.4536 75.6369 7.27772 0.455168 -0.880355 -0.133405
-47.1952 76.3279 6.74328 0.419464 -0.899353 -0.123345
-46.4195 76.7313 6.43925 0.420248 -0.898762 -0.124963
-45.6478 77.1195 6.14996 0.404896 -0.90573 -0.125351
-44.7316 77.5632 5.84811 0.383422 -0.912015 -0.145324
-43.6553 78.068 5.49654 0.386353 -0.911961 -0.138002
-42.6786 78.4945 5.33847 0.369783 -0.917923 -0.143795
-41.2663 78.9856 5.4172 0.311557 -0.925701 -0.214501
-39.8411 79.3302 5.99718 0.314091 -0.927062 -0.204416
-39.0592 79.5014 6.43204 0.278057 -0.939028 -0.202262
-38.2386 79.6414 6.91021 0.277884 -0.938935 -0.202931
-37.2479 79.7595 7.62567 0.246356 -0.946143 -0.210052
-36.6141 79.7251 8.52726 0.247379 -0.944631 -0.215489
-36.3579 79.5086 9.57383 0.213319 -0.946142 -0.243387
-36.1248 79.2472 10.7797 0.191537 -0.94831 -0.253014
-36.0121 78.9244 12.0549 0.193653 -0.946281 -0.258942
-35.8478 78.5513 13.2252 0.117607 -0.937814 -0.326532
-35.6734 78.2199 14.2522 0.0882403 -0.934551 -0.344715
-35.4788 77.9022 15.1923 0.0696044 -0.9456 -0.317665
-35.3988 77.5472 16.2554 0.070995 -0.941371 -0.329518
-35.3285 77.1961 17.1575 0.0682259 -0.922843 -0.379085
-35.1981 76.8482 18.0307 0.0566484 -0.921815 -0.383071
-35.0525 76.3674 19.1543 0.0501207 -0.915791 -0.398517
-35.0344 75.9146 20.2035 0.0296962 -0.921838 -0.385766
-35.1834 75.4789 21.0839 -0.0127348 -0.887967 -0.459731
-35.5324 74.8594 22.2496 -0.00152506 -0.881305 -0.472545
-35.9085 74.4057 23.0528 0.0358356 -0.879061 -0.47536
-36.5445 73.8686 23.9865 0.0417789 -0.876201 -0.480132
-37.1427 73.4416 24.6877 -0.00631221 -0.857186 -0.514968
-38.0219 72.9286 25.5569 0.00190357 -0.860224 -0.509912
-38.8854 72.4054 26.3625 0.0813472 -0.84782 -0.524008
-39.677 72.0089 26.9287 0.044296 -0.863202 -0.502911
-40.5059 71.6237 27.4609 0.126105 -0.860628 -0.493373
-41.2107 71.2507 27.9228 0.137986 -0.855161 -0.49963
-41.9243 70.8352 28.4292 0.140043 -0.858923 -0.492509
-42.7279 70.3415 29.0146 0.217417 -0.849911 -0.479981
-43.3873 69.8915 29.572 0.190176 -0.867127 -0.46035
-44.1654 69.2628 30.3893 0.239487 -0.850861 -0.467634
-44.6745 68.809 31.0049 0.237769 -0.868182 -0.435576
-45.203 68.3063 31.6703 0.275408 -0.860191 -0.42921
-45.7475 67.7559 32.424 0.274479 -0.861889 -0.426377
-46.6222 67.1402 33.1143 0.272769 -0.863165 -0.424901
-47.4734 66.9647 32.8838 0.295991 -0.851383 -0.433055
-48.2837 66.8711 32.4962 0.319585 -0.851731 -0.415234
-49.094 66.7553 32.1095 0.319905 -0.851559 -0.41534
-50.2156 66.5769 31.5727 0.349939 -0.838901 -0.416879
-51.1456 66.4499 31.0302 0.366347 -0.838475 -0.403153
-51.6719 66.5766 30.2636 0.376583 -0.836234 -0.39862
-51.8176 66.9461 29.3363 0.40969 -0.829361 -0.379888
-51.8345 67.4772 28.1542 0.418144 -0.825417 -0.379265
-51.8755 67.9168 27.1449 0.428803 -0.82142 -0.375861
-52.0756 68.4779 25.7322 0.444546 -0.816092 -0.368692
-52.2573 68.7686 24.7428 0.466844 -0.82218 -0.325693
-52.4316 69.0175 23.872 0.466512 -0.820277 -0.330926
-52.6636 69.2928 22.8689 0.466806 -0.818564 -0.334732
-52.8799 69.5188 22.0219 0.482811 -0.812069 -0.327444
-53.1675 69.7148 21.0634 0.48638 -0.815873 -0.312707
-53.4833 69.899 20.0424 0.499419 -0.81735 -0.287263
-53.7559 70.1191 18.8732 0.525601 -0.809932 -0.260294
-53.8631 70.4751 17.4742 0.521874 -0.821708 -0.229005
-53.7324 70.949 16.0308 0.529928 -0.820456 -0.214543
-54.5247 70.5839 15.5687 0.505959 -0.834986 -0.216344
-54.6723 70.1274 16.8888 0.517809 -0.821981 -0.237111
-54.681 69.8276 17.8966 0.528501 -0.809909 -0.25443
-54.5477 69.5591 19.0168 0.528018 -0.806375 -0.266273
-54.3185 69.4144 19.8898 0.528839 -0.802754 -0.275502
-53.9913 69.2272 21.0451 0.509836 -0.806521 -0.298195
-53.7274 69.0455 21.9219 0.49169 -0.811389 -0.31605
-53.4814 68.8142 22.8987 0.479249 -0.814978 -0.325386
-53.2428 68.5505 23.8982 0.455442 -0.830488 -0.320722
-53.0797 68.3116 24.7515 0.45514 -0.831104 -0.319551
-52.9311 68.0445 25.6257 0.4575 -0.816468 -0.35224
-52.7733 67.6476 26.7089 0.428808 -0.821416 -0.375862
-52.688 67.2177 27.778 0.422072 -0.826276 -0.372917
-52.7001 66.7455 28.8111 0.413904 -0.830609 -0.372523
-52.6199 66.1985 30.1065 0.409556 -0.830213 -0.378167
-52.1877 65.8816 31.2358 0.389871 -0.829613 -0.399678
-51.2384 65.952 31.9621 0.354824 -0.840167 -0.410146
-50.2087 66.14 32.4666 0.348677 -0.844775 -0.40593
-49.3237 66.2904 32.885 0.324507 -0.848819 -0.41734
-48.5176 66.4044 33.2712 0.31584 -0.851164 -0.419244
-47.3414 66.5303 33.8796 0.289156 -0.861836 -0.416657
-46.5151 66.6118 34.2739 0.277375 -0.86424 -0.419622
-45.4862 67.2202 33.6773 0.270698 -0.864811 -0.422856
-44.723 67.9662 32.5965 0.2357 -0.875134 -0.422595
-44.0109 68.6365 31.6691 0.212172 -0.86501 -0.454688
-43.254 69.2917 30.7719 0.19874 -0.869025 -0.453083
-42.3208 69.9899 29.8304 0.154658 -0.878889 -0.449154
-41.6735 70.3906 29.2902 0.137894 -0.863685 -0.484803
-40.6864 70.92 28.6278 0.136991 -0.862275 -0.487332
-39.9723 71.3151 28.1355 0.0851551 -0.866715 -0.48972
-39.1518 71.6423 27.6226 0.0490946 -0.874423 -0.482633
-38.4157 71.9688 27.1379 0.0752273 -0.847446 -0.525525
-37.5364 72.4668 26.3404 0.000736111 -0.865644 -0.500659
-36.876 72.8536 25.6809 -0.00843772 -0.86383 -0.503713
-35.885 73.4879 24.6197 -0.0335877 -0.835739 -0.548099
-35.1816 74.0727 23.6496 -0.0473104 -0.858244 -0.510712
-34.5798 74.7505 22.4039 -0.0419972 -0.871447 -0.488688
-34.2778 75.3353 21.3418 -0.0128907 -0.884511 -0.466264
-34.0938 75.8387 20.3488 -0.0182444 -0.894845 -0.446005
-34.119 76.4694 19.0588 0.0466939 -0.909692 -0.412006
-34.2527 76.8685 18.1396 0.066721 -0.916713 -0.39371
-34.3865 77.2717 17.1428 0.066432 -0.922441 -0.380374
-34.4484 77.5973 16.2904 0.0620437 -0.938379 -0.339993
-34.5021 77.9254 15.4144 0.0823183 -0.928786 -0.359363
-34.665 78.2647 14.4318 0.11318 -0.932439 -0.343144
-34.8929 78.6577 13.2729 0.112065 -0.935538 -0.334978
-35.0462 79.0046 12.2067 0.118883 -0.946395 -0.300227
-35.164 79.2862 11.241 0.110005 -0.954605 -0.276817
-35.3485 79.636 9.91611 0.20758 -0.942648 -0.26139
-35.525 79.8859 8.92282 0.21827 -0.936357 -0.274413
-35.8694 80.0843 7.80407 0.252467 -0.944522 -0.210092
-36.6663 80.1379 6.83379 0.276462 -0.921614 -0.272128
-37.7606 79.9716 6.15015 0.309721 -0.920437 -0.238312
-38.7191 79.8029 5.59007 0.309175 -0.92405 -0.224267
-39.7347 79.5915 5.01934 0.308539 -0.927437 -0.211337
-40.619 79.3753 4.63805 0.318491 -0.931497 -0.175607
-41.4638 79.1248 4.42156 0.321836 -0.929439 -0.180458
-42.537 78.7136 4.34151 0.384984 -0.909209 -0.158515
-43.6196 78.2382 4.49147 0.38867 -0.910613 -0.140424
-44.4727 77.8407 4.68979 0.410853 -0.901791 -0.133133
-45.3311 77.4059 5.03964 0.410105 -0.904425 -0.117596
-46.2203 76.9748 5.34622 0.402647 -0.907655 -0.118229
-47.0791 76.5263 5.70026 0.421034 -0.89817 -0.126574
-48.1203 75.9713 6.09861 0.454531 -0.882799 -0.118603
-49.108 75.4008 6.54471 0.460881 -0.879042 -0.121869
-50.0109 74.8394 7.13492 0.465414 -0.876553 -0.122659
-50.7016 74.3752 7.75641 0.477579 -0.869747 -0.124333
-51.2751 73.9552 8.45673 0.494501 -0.858054 -0.138282
-51.7991 73.5163 9.25474 0.507415 -0.851851 -0.129898
-52.2535 73.1157 10.0989 0.503845 -0.853519 -0.132836
-52.8153 72.6219 11.0551 0.511123 -0.847156 -0.145188
-53.2936 72.1955 11.8303 0.513482 -0.840874 -0.170216
-53.76 71.7098 12.7318 0.512164 -0.83794 -0.18846
-54.0463 71.3375 13.5824 0.508979 -0.839462 -0.190279
-54.2781 71.0139 14.4119 0.504599 -0.842649 -0.187945
-54.4778 70.6835 15.2937 0.509792 -0.834687 -0.208152
-54.4914 70.6572 15.3634 0.505959 -0.834985 -0.216345
-55.2508 70.3274 14.8079 0.493709 -0.845562 -0.203165
-55.0102 70.6875 13.9094 0.509115 -0.838517 -0.193954
-54.775 71.0218 13.0399 0.504647 -0.842746 -0.187378
-54.3877 71.4795 12.0385 0.515781 -0.83875 -0.174226
-53.9713 71.8956 11.2381 0.513759 -0.843654 -0.155344
-53.5378 72.279 10.5126 0.509039 -0.848339 -0.145581
-52.9396 72.8048 9.49414 0.502376 -0.853593 -0.137737
-52.5024 73.1865 8.74783 0.503309 -0.85136 -0.147876
-52.0565 73.5847 7.96167 0.494503 -0.858053 -0.138281
-51.5153 74.0027 7.23633 0.484261 -0.865582 -0.127234
-50.4761 74.7123 6.27806 0.471673 -0.872954 -0.124183
-49.3367 75.4025 5.62527 0.466682 -0.877324 -0.111854
-48.1732 76.0812 5.13297 0.440071 -0.889795 -0.1197
-47.3554 76.5108 4.82078 0.426764 -0.897522 -0.110976
-46.4502 76.973 4.45651 0.410828 -0.906112 -0.100905
-45.6161 77.4131 4.10985 0.411604 -0.899155 -0.14867
-44.8121 77.8411 3.74754 0.41158 -0.89917 -0.148644
-43.9836 78.229 3.55687 0.387918 -0.91044 -0.143592
-43.0072 78.6706 3.40965 0.393005 -0.907959 -0.145458
-42.1821 79.0292 3.36114 0.37142 -0.919412 -0.129342
-41.1203 79.4204 3.46648 0.327857 -0.932532 -0.14922
-40.1221 79.7046 3.78431 0.329556 -0.928623 -0.170444
-39.2548 79.9286 4.24073 0.319047 -0.928031 -0.190892
-38.4678 80.0934 4.69256 0.316827 -0.924815 -0.210564
-37.265 80.3345 5.41009 0.31107 -0.923599 -0.224054
-36.2536 80.5092 5.97716 0.261299 -0.928937 -0.261996
-35.3648 80.557 6.66822 0.260315 -0.924804 -0.277439
-34.9437 80.4372 7.48325 0.264502 -0.926902 -0.266254
-34.6246 80.153 8.65581 0.160467 -0.945414 -0.283624
-34.4397 79.8882 9.60912 0.146534 -0.941427 -0.303495
-34.2499 79.4897 10.9637 0.139198 -0.943639 -0.300282
-34.112 79.1374 12.0907 0.0767836 -0.945435 -0.316635
-33.9773 78.8555 13.0037 0.078495 -0.952986 -0.292671
-33.7783 78.536 13.9768 0.0620464 -0.930684 -0.356862
-33.5574 78.0221 15.3014 0.0164649 -0.937217 -0.348357
-33.5242 77.6533 16.2712 0.0399998 -0.938812 -0.341831
-33.4406 77.2744 17.2212 0.0235195 -0.921499 -0.387326
-33.2912 76.923 18.0936 0.00911924 -0.919155 -0.393291
-33.1465 76.3606 19.3426 0.0164869 -0.91351 -0.406279
-33.1381 75.9399 20.1909 0.0189137 -0.88904 -0.45744
-33.324 75.2455 21.4861 0.0103648 -0.874428 -0.485044
-33.6129 74.6629 22.5304 -0.024726 -0.861353 -0.507054
-33.9498 74.1457 23.4099 -0.040804 -0.852268 -0.521511
-34.6672 73.5004 24.5229 -0.0353842 -0.861132 -0.506843
-35.4195 72.9598 25.5002 -0.00255713 -0.873278 -0.487216
-36.162 72.5448 26.2142 0.008553 -0.869631 -0.493572
-36.7832 72.1978 26.8388 0.0140201 -0.879488 -0.475499
-37.4332 71.8118 27.5175 0.0281748 -0.880218 -0.473733
-38.2461 71.426 28.1277 0.0593691 -0.87014 -0.488982
-38.9803 71.135 28.5721 0.0547501 -0.879519 -0.472704
-39.8107 70.7747 29.1169 0.0812303 -0.867001 -0.491641
-40.6733 70.313 29.7296 0.16024 -0.858706 -0.486773
-41.4303 69.8866 30.2572 0.124879 -0.87531 -0.466473
-42.1833 69.4093 31.014 0.154648 -0.878891 -0.449153
-42.9174 68.8166 31.8269 0.202043 -0.868965 -0.45175
-43.8144 68.0458 32.9075 0.21311 -0.874621 -0.435455
-44.282 67.5903 33.5917 0.213887 -0.874228 -0.435865
-44.8531 67.015 34.4474 0.209917 -0.869914 -0.4463
-45.4827 66.4086 35.3209 0.241677 -0.881411 -0.405838
-46.5971 66.1424 35.1953 0.288106 -0.864927 -0.410969
-47.6364 66.0533 34.6605 0.284828 -0.862505 -0.418281
-48.6122 65.9575 34.1228 0.309414 -0.861229 -0.403157
-49.6089 65.8105 33.6306 0.330827 -0.852575 -0.404243
-50.7981 65.6002 33.0732 0.358099 -0.84093 -0.405711
-51.7601 65.4149 32.6109 0.372076 -0.834058 -0.406893
-52.8689 65.2955 31.7911 0.385776 -0.833988 -0.394477
-53.33 65.4774 30.9254 0.392137 -0.836454 -0.382849
-53.5286 65.7742 30.0753 0.408828 -0.834271 -0.369825
-53.5857 66.2003 29.032 0.415124 -0.834044 -0.363377
-53.5311 66.7688 27.8094 0.427674 -0.831459 -0.354624
-53.6025 67.0964 26.9659 0.438052 -0.820861 -0.366467
-53.6762 67.4247 26.128 0.439801 -0.825081 -0.354676
-53.8693 67.8173 24.9061 0.460557 -0.827001 -0.322423
-54.1058 68.1358 23.7527 0.449251 -0.832531 -0.324138
-54.4062 68.4405 22.473 0.454576 -0.84265 -0.288619
-54.7844 68.7241 21.0292 0.467979 -0.836928 -0.283809
-55.1904 68.9364 19.7129 0.472012 -0.838372 -0.27263
-55.4526 69.1376 18.5662 0.49545 -0.833728 -0.243321
-55.493 69.4854 17.3569 0.502959 -0.830292 -0.239847
-55.4699 69.8474 16.1309 0.510789 -0.826153 -0.237836
-55.3805 70.0999 15.4392 0.503436 -0.835864 -0.217895
-56.1714 69.7202 15.0432 0.508387 -0.82879 -0.233708
-56.3081 69.366 16.0043 0.495829 -0.83772 -0.228561
-56.3427 69.0019 17.2491 0.502953 -0.830294 -0.239854
-56.3316 68.6998 18.289 0.485145 -0.838359 -0.248481
-56.1613 68.5077 19.3069 0.502484 -0.826888 -0.251854
-55.8751 68.3519 20.3129 0.48492 -0.831095 -0.271959
-55.5299 68.1776 21.4155 0.466395 -0.838829 -0.280788
-55.2186 67.951 22.6067 0.465848 -0.838686 -0.282118
-54.9184 67.6757 23.805 0.450943 -0.831026 -0.325648
-54.6366 67.321 25.1028 0.444649 -0.836677 -0.319626
-54.5259 67.0352 25.9898 0.430416 -0.827376 -0.36082
-54.4555 66.6994 26.8552 0.420328 -0.836311 -0.351988
-54.4095 66.3601 27.7083 0.427671 -0.831459 -0.354626
-54.4666 65.9573 28.5848 0.413692 -0.835327 -0.362017
-54.4318 65.4361 29.8111 0.418722 -0.83188 -0.364209
-54.2341 65.0709 30.8629 0.41296 -0.830649 -0.373479
-53.7602 64.7773 32.0039 0.381773 -0.839959 -0.385416
-53.177 64.7177 32.7119 0.373024 -0.847064 -0.378596
-52.2795 64.8699 33.2636 0.381591 -0.838382 -0.389236
-51.3444 65.0725 33.6968 0.357389 -0.847293 -0.392824
-50.4093 65.2614 34.1423 0.340141 -0.852709 -0.396474
-49.346 65.4652 34.6163 0.336365 -0.855774 -0.393032
-48.212 65.5667 35.2707 0.305711 -0.864487 -0.399003
-46.7628 65.667 36.1144 0.284507 -0.873894 -0.394164
-45.834 65.7383 36.553 0.253153 -0.874423 -0.413743
-44.9841 66.0637 36.3588 0.238916 -0.878691 -0.413304
-44.3927 66.5994 35.551 0.239595 -0.881268 -0.407382
-43.9133 67.0944 34.731 0.207272 -0.869442 -0.448451
-43.3532 67.6803 33.854 0.18969 -0.873389 -0.448201
-42.8807 68.1084 33.211 0.173882 -0.870433 -0.460556
-42.1816 68.6775 32.3761 0.145778 -0.87387 -0.463683
-41.2549 69.3387 31.4021 0.12151 -0.880241 -0.458706
-40.5888 69.756 30.7384 0.144271 -0.873146 -0.464593
-39.6604 70.2392 30.119 0.0852919 -0.885837 -0.45609
-38.8664 70.5979 29.5846 0.0679832 -0.873258 -0.482176
-37.753 71.0458 28.867 0.0461767 -0.878807 -0.474937
-37.0113 71.3759 28.3424 0.0218376 -0.874709 -0.483265
-36.3696 71.6955 27.7637 -0.0023052 -0.875588 -0.483004
-35.7481 72.0741 27.0664 0.00497635 -0.876003 -0.48222
-34.9653 72.4787 26.3574 0.00356537 -0.872481 -0.488589
-34.3161 72.891 25.5856 -0.0328123 -0.871853 -0.488667
-33.7625 73.3084 24.8079 -0.0293387 -0.869705 -0.492699
-33.2308 73.7233 24.0439 -0.0353832 -0.861132 -0.506843
-32.7992 74.2568 23.14 -0.0400632 -0.853678 -0.519247
-32.5374 74.7682 22.257 -0.0559345 -0.860135 -0.50699
-32.3351 75.2863 21.3587 -0.0559801 -0.859151 -0.50865
-32.2096 75.8716 20.2785 -0.09402 -0.883389 -0.459112
-32.2261 76.3674 19.328 -0.0777445 -0.879776 -0.468596
-32.3015 76.7549 18.493 -0.00982582 -0.917194 -0.39832
-32.4599 77.2302 17.3978 -0.0303943 -0.917999 -0.395416
-32.5996 77.6529 16.3551 0.034948 -0.934987 -0.352955
-32.5996 78.0019 15.4369 0.0502083 -0.937937 -0.343153
-32.7376 78.3348 14.5231 0.0437118 -0.927315 -0.371244
-32.9076 78.7238 13.5643 0.0272798 -0.924591 -0.379982
-33.1057 79.0669 12.5441 0.07957 -0.932998 -0.350578
-33.2433 79.4279 11.4824 0.0906342 -0.941432 -0.324767
-33.3608 79.757 10.4821 0.108277 -0.936839 -0.331919
-33.4966 80.0334 9.63473 0.138521 -0.938861 -0.314864
-33.7063 80.3628 8.51098 0.17782 -0.935063 -0.306654
-33.9485 80.678 7.31037 0.185798 -0.947511 -0.260195
-34.3054 80.8548 6.37655 0.19592 -0.94615 -0.257711
-35.18 80.8935 5.58822 0.19211 -0.944547 -0.266318
-35.9815 80.8158 5.08023 0.270982 -0.935293 -0.227585
-37.0352 80.6286 4.51697 0.319624 -0.923338 -0.212311
-37.9412 80.4257 3.96821 0.31872 -0.926298 -0.20072
-38.9439 80.198 3.34472 0.327355 -0.930402 -0.164897
-39.7087 80.0077 2.90718 0.325929 -0.930869 -0.165086
-40.9321 79.6269 2.49213 0.349557 -0.925957 -0.142879
-41.8209 79.3121 2.38725 0.35599 -0.925464 -0.128502
-42.759 78.9427 2.40571 0.375237 -0.914497 -0.149662
-43.6747 78.521 2.53979 0.390467 -0.909198 -0.144519
-44.7387 78.0217 2.72577 0.40982 -0.905319 -0.111554
-45.678 77.5452 3.08525 0.418573 -0.901263 -0.111851
-46.6954 76.9978 3.56001 0.417148 -0.897518 -0.142803
-47.5305 76.5405 3.89464 0.436266 -0.89191 -0.118438
-48.2895 76.1404 4.19568 0.445212 -0.888933 -0.106026
-49.1911 75.6178 4.54987 0.473782 -0.874013 -0.107826
-50.0288 75.1233 4.89894 0.467871 -0.877665 -0.103925
-50.7552 74.6905 5.27124 0.477577 -0.871275 -0.112588
-51.4423 74.2309 5.82113 0.486508 -0.866207 -0.113987
-52.203 73.7002 6.60432 0.488826 -0.864991 -0.113314
-52.8982 73.1578 7.58406 0.497946 -0.855757 -0.139824
-53.2989 72.7897 8.3346 0.492861 -0.857516 -0.147487
-53.7466 72.3997 9.11499 0.492873 -0.857729 -0.146208
-54.3 71.9048 10.0814 0.495645 -0.853606 -0.160292
-54.8808 71.3694 11.071 0.507919 -0.844634 -0.169152
-55.2735 70.9732 11.85 0.517471 -0.837566 -0.175236
-55.588 70.6009 12.6786 0.513076 -0.839211 -0.180119
-55.961 70.0734 14.0921 0.509736 -0.840901 -0.181807
-56.126 69.8262 14.7667 0.503435 -0.835865 -0.217894
-56.9259 69.3746 14.5903 0.4885 -0.846919 -0.20999
-56.7197 69.7219 13.6159 0.490495 -0.850163 -0.191409
-56.4712 70.107 12.542 0.4914 -0.849636 -0.19143
-56.1492 70.5012 11.5973 0.490699 -0.852017 -0.18243
-55.6921 70.9611 10.677 0.491926 -0.85372 -0.170371
-55.2265 71.3932 9.89779 0.508156 -0.845163 -0.165762
-54.5951 71.9622 8.82002 0.493128 -0.857558 -0.146353
-54.1834 72.3295 8.05435 0.492867 -0.857513 -0.147486
-53.7455 72.7165 7.26618 0.49668 -0.857732 -0.132345
-53.0857 73.2491 6.23327 0.498855 -0.858021 -0.122223
-52.4353 73.7206 5.45905 0.487549 -0.865103 -0.117857
-51.5578 74.32 4.68519 0.485398 -0.866217 -0.118564
-50.55 74.948 4.05791 0.461377 -0.880472 -0.109085
-49.8045 75.379 3.76881 0.475207 -0.873734 -0.103721
-48.9504 75.8819 3.42935 0.468626 -0.877611 -0.100693
-48.0862 76.3774 3.08672 0.457338 -0.881299 -0.117847
-47.3357 76.7958 2.77358 0.443501 -0.887722 -0.123518
-46.3298 77.3322 2.32885 0.42633 -0.897611 -0.111964
-45.2402 77.9013 1.86469 0.419535 -0.900157 -0.117077
-44.17 78.4279 1.60033 0.411478 -0.902962 -0.123878
-43.096 78.9412 1.48302 0.415182 -0.90179 -0.119802
-41.923 79.4144 1.40676 0.350102 -0.926917 -0.135106
-40.5653 79.9064 1.57864 0.351123 -0.925937 -0.139054
-39.5958 80.2116 1.88714 0.341631 -0.926633 -0.156973
-38.506 80.4909 2.52529 0.312687 -0.937632 -0.151902
-37.5521 80.712 3.15823 0.318114 -0.934903 -0.157219
-36.6603 80.9166 3.70322 0.31311 -0.935836 -0.16178
-35.5627 81.1227 4.2828 0.264133 -0.939819 -0.216736
-34.3442 81.2035 5.05877 0.185624 -0.951432 -0.245604
-33.4214 81.1634 5.93205 0.208338 -0.942443 -0.261527
-33.0389 80.9314 7.04355 0.190401 -0.946392 -0.260941
-32.825 80.6033 8.28248 0.176609 -0.934263 -0.309754
-32.636 80.319 9.23404 0.172218 -0.918727 -0.355362
-32.4775 79.9917 10.157 0.14821 -0.929443 -0.336326
-32.299 79.5522 11.3903 0.0938856 -0.932826 -0.347852
-32.1438 79.0949 12.6877 0.0795794 -0.932999 -0.350574
-31.9265 78.7038 13.7201 0.0730838 -0.927493 -0.36662
-31.7118 78.2162 15.0045 0.053464 -0.922656 -0.381026
-31.666 77.8657 15.8838 0.0351101 -0.932553 -0.359257
-31.6203 77.4792 16.7742 -0.0251962 -0.904774 -0.425146
-31.4791 77.1001 17.6414 -0.0189324 -0.924251 -0.381317
-31.331 76.6831 18.6343 -0.0356583 -0.896676 -0.438203
-31.2587 76.2 19.5104 -0.0614837 -0.876158 -0.478086
-31.2634 75.6773 20.4664 -0.0724916 -0.875638 -0.477494
-31.3657 75.2355 21.2859 -0.0680778 -0.874279 -0.480627
-31.6457 74.5214 22.5772 -0.0561274 -0.860058 -0.5071
-32.0898 73.7879 23.8564 -0.0548142 -0.855691 -0.514576
-32.736 73.2027 24.9057 -0.059245 -0.856359 -0.512487
-33.2277 72.8155 25.59 -0.0840427 -0.852249 -0.515952
-33.7498 72.4717 26.2786 -0.0969263 -0.862405 -0.496798
-34.5024 72.0316 27.1047 -0.0528712 -0.848531 -0.526497
-35.1704 71.6667 27.7879 -0.0421578 -0.866514 -0.497295
-36.1998 71.1168 28.7951 -0.0058617 -0.872927 -0.487812
-37.0289 70.765 29.443 -0.00150195 -0.877554 -0.479466
-38.1833 70.3143 30.1904 0.0487007 -0.882393 -0.467986
-38.9051 70.0152 30.6803 0.0483104 -0.882584 -0.467666
-39.6834 69.6596 31.2007 0.144262 -0.873147 -0.464594
-40.5494 69.1245 32.0191 0.148406 -0.887254 -0.436757
-41.167 68.7365 32.6001 0.159239 -0.885413 -0.436466
-41.9367 68.1343 33.5037 0.158579 -0.87969 -0.448102
-42.5155 67.6447 34.2521 0.190674 -0.882649 -0.429622
-42.9499 67.2036 34.9757 0.186963 -0.89234 -0.410796
-43.5177 66.6322 35.9724 0.183779 -0.893964 -0.40872
-43.9555 66.1885 36.6866 0.23823 -0.879071 -0.412892
-44.5562 65.7243 37.3274 0.236738 -0.887837 -0.393969
-45.3883 65.3786 37.6364 0.233852 -0.897368 -0.374225
-46.281 65.2458 37.3578 0.255168 -0.892429 -0.372102
-47.2658 65.1942 36.8064 0.265684 -0.888002 -0.375132
-48.126 65.1376 36.2649 0.305268 -0.864435 -0.399455
-49.0682 65.0544 35.7243 0.304183 -0.865303 -0.398396
-49.9243 64.9622 35.2449 0.344597 -0.862297 -0.371075
-50.8476 64.7862 34.8003 0.342775 -0.86717 -0.361148
-51.8626 64.5575 34.378 0.346606 -0.862334 -0.369112
-53.1444 64.2488 33.7931 0.374093 -0.850244 -0.370212
-54.1508 64.1772 32.9617 0.373018 -0.847066 -0.378599
-54.6974 64.3094 32.1077 0.386666 -0.84368 -0.372416
-55.0739 64.5841 31.0657 0.400562 -0.844469 -0.355558
-55.2743 64.9474 29.991 0.405289 -0.838814 -0.363487
-55.3318 65.343 29.0063 0.409798 -0.836364 -0.364051
-55.3109 65.7984 27.9728 0.417629 -0.837464 -0.352478
-55.2769 66.21 27.0354 0.418667 -0.836321 -0.353951
-55.3767 66.6358 25.8956 0.423943 -0.836292 -0.347673
-55.519 66.9431 24.8878 0.436332 -0.842714 -0.315352
-55.6844 67.1793 24.0184 0.437551 -0.843836 -0.310628
-55.9659 67.4281 22.9067 0.446565 -0.846006 -0.291297
-56.2822 67.6441 21.7644 0.46268 -0.840553 -0.281775
-56.6099 67.8207 20.6551 0.47485 -0.841898 -0.256305
-56.9199 67.9606 19.5987 0.472839 -0.844283 -0.2522
-57.1153 68.1555 18.582 0.485483 -0.836269 -0.254874
-57.1949 68.3794 17.6723 0.481455 -0.841041 -0.246615
-57.1878 68.6952 16.5796 0.478518 -0.847076 -0.231262
-57.115 68.976 15.7133 0.48804 -0.844031 -0.222326
-56.9284 69.3701 14.6028 0.488502 -0.84692 -0.209984
-57.7057 69.0247 14.1871 0.489408 -0.848606 -0.200643
-57.8889 68.6859 15.1154 0.489023 -0.844647 -0.217729
-58.0063 68.3206 16.2438 0.486758 -0.84392 -0.225511
-58.0334 68.054 17.181 0.474491 -0.848115 -0.235142
-57.9623 67.7128 18.4706 0.46721 -0.84787 -0.25066
-57.744 67.507 19.5782 0.471256 -0.844788 -0.253479
-57.4968 67.3699 20.4925 0.471106 -0.841891 -0.263193
-57.2195 67.2254 21.4619 0.47342 -0.838893 -0.268447
-56.8162 67.005 22.8321 0.45222 -0.845823 -0.282802
-56.5372 66.7592 23.9408 0.449007 -0.841041 -0.301734
-56.3416 66.5056 24.9189 0.436665 -0.842373 -0.315803
-56.2108 66.228 25.8389 0.437007 -0.842028 -0.316251
-56.1397 65.7353 27.14 0.424267 -0.839147 -0.340338
-56.182 65.3598 27.9834 0.417325 -0.837572 -0.352579
-56.1805 64.7574 29.4317 0.390619 -0.846845 -0.360911
-56.0921 64.422 30.3195 0.387833 -0.848816 -0.3593
-55.9017 64.0758 31.3568 0.396057 -0.843364 -0.362989
-55.6082 63.8183 32.2506 0.396835 -0.838452 -0.373519
-54.9242 63.638 33.3935 0.387006 -0.843746 -0.371754
-54.1335 63.5999 34.2645 0.380853 -0.847979 -0.368357
-53.1809 63.8121 34.7954 0.380018 -0.852906 -0.35786
-52.2509 64.0599 35.1682 0.37369 -0.856923 -0.354989
-51.037 64.3176 35.7456 0.351741 -0.86484 -0.358231
-49.955 64.555 36.1792 0.320453 -0.877095 -0.357166
-48.8299 64.6778 36.8171 0.299181 -0.884024 -0.359155
-47.73 64.7381 37.533 0.2762 -0.883575 -0.378166
-46.811 64.7968 38.0669 0.276861 -0.88224 -0.380777
-45.5597 64.9332 38.5901 0.249499 -0.896136 -0.367002
-44.6112 65.1857 38.5959 0.238341 -0.898144 -0.3695
-43.6095 65.7577 37.814 0.213747 -0.90504 -0.367716
-42.9873 66.2808 36.9588 0.21244 -0.887046 -0.409355
-42.5494 66.7354 36.181 0.183513 -0.89364 -0.40955
-42.0559 67.2516 35.2828 0.189879 -0.89039 -0.413706
-41.6161 67.6863 34.5659 0.181702 -0.886325 -0.425799
-40.9685 68.1974 33.753 0.171883 -0.885456 -0.431636
-40.2601 68.6941 32.9973 0.147442 -0.889929 -0.43161
-39.6151 69.097 32.3815 0.113248 -0.892575 -0.435964
-38.8408 69.5116 31.707 0.0831859 -0.899688 -0.42815
-37.7116 69.9552 30.9359 0.0425062 -0.904357 -0.423473
-36.4679 70.4044 30.1012 -0.00150962 -0.877551 -0.47947
-35.7466 70.6664 29.6192 0.00206991 -0.87924 -0.476374
-34.8751 71.0302 28.8776 -0.0377439 -0.887255 -0.459594
-34.3264 71.3576 28.2429 -0.0505494 -0.867265 -0.495274
-33.7013 71.7226 27.5488 -0.0471638 -0.864352 -0.500671
-32.9239 72.17 26.6475 -0.105444 -0.862001 -0.495819
-32.1441 72.7135 25.592 -0.101323 -0.838441 -0.53549
-31.383 73.3533 24.4603 -0.0904489 -0.839403 -0.535895
-30.9855 73.8226 23.6477 -0.0898437 -0.842803 -0.530671
-30.7217 74.3075 22.8053 -0.0852947 -0.861243 -0.500984
-30.4675 74.9049 21.7439 -0.0824633 -0.858026 -0.506944
-30.3125 75.4606 20.7223 -0.0716196 -0.876436 -0.476163
-30.3016 76.102 19.5431 -0.0872002 -0.87832 -0.46975
-30.4037 76.6599 18.4975 -0.101043 -0.881797 -0.460678
-30.5348 77.0596 17.6157 -0.0459444 -0.916178 -0.397178
-30.6931 77.5186 16.6281 -0.0314017 -0.904576 -0.425153
-30.771 77.9975 15.6135 -0.0318795 -0.905137 -0.423922
-30.8662 78.4183 14.6116 0.034379 -0.916969 -0.397473
-30.9575 78.7598 13.773 0.0689522 -0.928397 -0.365084
-31.1536 79.1621 12.7031 0.0643377 -0.930592 -0.360357
-31.2853 79.5485 11.6779 0.0792331 -0.932709 -0.351414
-31.4286 79.8599 10.8186 0.104227 -0.926127 -0.362526
-31.6297 80.2934 9.67563 0.102851 -0.921369 -0.374834
-31.7956 80.6685 8.65522 0.0924959 -0.934163 -0.344651
-31.9635 80.9679 7.64628 0.176326 -0.943346 -0.281081
-32.21 81.2767 6.43335 0.19349 -0.940608 -0.278961
-32.6643 81.5293 5.28376 0.206203 -0.929126 -0.306927
-33.6043 81.5434 4.48906 0.24444 -0.932298 -0.266589
-34.4793 81.4808 3.87462 0.247922 -0.941093 -0.229742
-35.5435 81.3617 3.26245 0.247313 -0.945993 -0.208157
-36.7278 81.0763 2.64872 0.31311 -0.935836 -0.161779
-37.4517 80.9139 2.13474 0.322656 -0.934125 -0.152653
-38.194 80.74 1.63 0.317673 -0.935878 -0.152277
-39.4329 80.4397 0.895153 0.328832 -0.93179 -0.153075
-40.5038 80.0923 0.562797 0.348044 -0.925654 -0.148424
-41.6422 79.6698 0.436487 0.375736 -0.917776 -0.125185
-42.5661 79.2936 0.462702 0.366207 -0.923134 -0.117112
-43.527 78.8647 0.527452 0.412601 -0.903774 -0.113809
-44.8261 78.2384 0.752007 0.418916 -0.900465 -0.116928
-45.7466 77.7721 1.04205 0.425786 -0.897589 -0.113989
-46.5078 77.3638 1.37762 0.431405 -0.895342 -0.110688
-47.7207 76.7206 1.92641 0.426676 -0.897669 -0.110159
-48.9279 76.0042 2.46119 0.466823 -0.877898 -0.106347
-50.1336 75.3072 2.91984 0.465629 -0.878168 -0.109594
-50.8986 74.8717 3.19397 0.461365 -0.88065 -0.107694
-51.8836 74.2634 3.769 0.490381 -0.864224 -0.112441
-52.8725 73.5931 4.59897 0.48414 -0.866143 -0.124113
-53.6591 73.0286 5.44466 0.490139 -0.86246 -0.126198
-54.2428 72.564 6.34171 0.491271 -0.861617 -0.127546
-54.7988 72.1008 7.2907 0.490282 -0.860649 -0.137503
-55.3193 71.6376 8.28505 0.497435 -0.854823 -0.147658
-55.8219 71.1859 9.14214 0.506325 -0.846996 -0.161962
-56.2846 70.7704 9.86158 0.498471 -0.851342 -0.163336
-56.6672 70.4109 10.6104 0.489137 -0.857279 -0.160594
-57.1775 69.8655 11.7923 0.497272 -0.848297 -0.181953
-57.4336 69.4965 12.788 0.49045 -0.850253 -0.191124
-57.6665 69.1 13.9528 0.490309 -0.850296 -0.191296
-58.4559 68.7329 13.6088 0.467587 -0.861035 -0.199795
-58.6706 68.3884 14.5591 0.458624 -0.859595 -0.225299
-58.8156 68.016 15.6805 0.454589 -0.860348 -0.230545
-58.8707 67.7354 16.6254 0.450655 -0.862564 -0.229931
-58.8898 67.4662 17.5773 0.454249 -0.85704 -0.242956
-58.7784 67.2339 18.579 0.461349 -0.851666 -0.248639
-58.5847 67.0495 19.5514 0.462846 -0.848803 -0.255552
-58.2861 66.8657 20.696 0.469468 -0.842041 -0.265644
-58.0188 66.7262 21.6008 0.474086 -0.83605 -0.276159
-57.7058 66.5797 22.5911 0.475217 -0.839999 -0.261652
-57.4824 66.4322 23.4806 0.435451 -0.848709 -0.300126
-57.2763 66.2312 24.3479 0.435875 -0.848046 -0.301379
-57.0625 65.8858 25.5864 0.426136 -0.846116 -0.32015
-56.9885 65.4988 26.6875 0.393964 -0.85275 -0.342941
-57.045 65.0232 27.8015 0.395911 -0.851548 -0.343679
-57.0809 64.6518 28.6838 0.397346 -0.85146 -0.342246
-57.047 64.2417 29.6942 0.400835 -0.844048 -0.356249
-56.9114 63.875 30.7124 0.398701 -0.844487 -0.357603
-56.7069 63.5655 31.6739 0.377369 -0.849916 -0.367744
-56.2693 63.2458 32.8728 0.373294 -0.854268 -0.361758
-55.5865 63.1001 33.925 0.387007 -0.843744 -0.371757
-54.9381 63.0596 34.6677 0.379841 -0.84485 -0.376763
-53.9975 63.1634 35.4254 0.398567 -0.846002 -0.353917
-52.9745 63.4667 35.8453 0.380318 -0.855016 -0.352519
-51.739 63.8078 36.2879 0.350612 -0.865499 -0.357748
-50.5769 64.0774 36.7516 0.34038 -0.87016 -0.356319
-49.432 64.2189 37.4268 0.304396 -0.873571 -0.379758
-48.5438 64.2611 38.0346 0.300253 -0.872878 -0.384619
-47.5705 64.3046 38.6673 0.290773 -0.887619 -0.357188
-46.3242 64.4285 39.2964 0.251471 -0.894728 -0.369085
-45.0864 64.665 39.5995 0.237254 -0.91323 -0.331068
-44.1968 64.931 39.5273 0.216618 -0.909483 -0.353425
-43.1982 65.4057 38.8791 0.18577 -0.899422 -0.395637
-42.6443 65.8302 38.1741 0.178415 -0.901564 -0.394068
-42.1902 66.2221 37.4472 0.153842 -0.906042 -0.394234
-41.7433 66.6617 36.6383 0.164173 -0.888862 -0.427592
-41.3176 67.1375 35.833 0.17471 -0.886363 -0.428756
-40.8086 67.5986 35.0144 0.123969 -0.905523 -0.405782
-40.2263 68.0521 34.2832 0.109621 -0.886539 -0.449479
-39.4596 68.5574 33.4835 0.111249 -0.882874 -0.456242
-38.7609 68.9722 32.8062 0.0896718 -0.888888 -0.449264
-38.0985 69.3034 32.2774 0.0259119 -0.883513 -0.467308
-37.2181 69.6021 31.6872 0.0121039 -0.901833 -0.431915
-36.4318 69.8775 31.1503 0.0162951 -0.895517 -0.444686
-35.4259 70.1999 30.5092 -0.000407788 -0.899824 -0.436254
-34.5665 70.5209 29.8254 -0.0489438 -0.886364 -0.460395
-33.7818 70.9206 28.9949 -0.0365284 -0.880066 -0.473444
-32.9028 71.3836 27.9779 -0.102109 -0.861159 -0.497796
-32.2017 71.7939 27.1399 -0.10737 -0.855696 -0.506218
-31.5782 72.2256 26.2835 -0.0935617 -0.857832 -0.505341
-30.7793 72.8287 25.1694 -0.0903233 -0.83626 -0.540843
-30.2169 73.3648 24.2372 -0.101154 -0.83764 -0.536748
-29.9251 73.8532 23.4195 -0.0919487 -0.847354 -0.522927
-29.6713 74.3422 22.5605 -0.119345 -0.839692 -0.529189
-29.4714 74.8262 21.7177 -0.0795425 -0.857924 -0.507582
-29.3611 75.2728 20.8933 -0.0928374 -0.875846 -0.473576
-29.3192 75.7919 19.9239 -0.0974356 -0.877344 -0.469865
-29.4591 76.601 18.4212 -0.0768245 -0.878122 -0.471977
-29.5873 77.1448 17.3759 -0.0135506 -0.91053 -0.413222
-29.7264 77.5686 16.4503 -0.0291549 -0.906835 -0.420438
-29.8207 78.0978 15.3442 -0.0206385 -0.905256 -0.424283
-29.9375 78.6101 14.19 0.00293562 -0.920647 -0.390383
-30.1412 79.1597 12.8891 0.0335015 -0.925573 -0.375538
-30.2814 79.5239 11.9377 0.0796486 -0.925446 -0.370414
-30.4486 79.8774 11.0172 0.0807385 -0.926471 -0.367604
-30.6048 80.2131 10.1435 0.0895222 -0.925092 -0.368969
-30.764 80.6249 9.05039 0.0914945 -0.930834 -0.353672
-30.9532 81.0105 7.97108 0.0989872 -0.930737 -0.352037
-31.1752 81.4061 6.68761 0.156823 -0.929724 -0.333196
-31.4456 81.6938 5.58861 0.200739 -0.931307 -0.303783
-31.9265 81.8929 4.63799 0.19447 -0.937644 -0.288106
-32.697 81.9044 4.00422 0.227698 -0.941037 -0.250207
-33.5493 81.8473 3.4167 0.248857 -0.938165 -0.240223
-34.325 81.7648 2.88188 0.258905 -0.935384 -0.240555
-35.4213 81.5772 2.3284 0.287234 -0.940772 -0.177063
-36.2276 81.3975 1.88705 0.312285 -0.926855 -0.20837
-37.0784 81.2121 1.30817 0.338504 -0.921697 -0.189426
-37.9943 80.9837 0.650387 0.367804 -0.917308 -0.152531
-38.8361 80.7617 0.11112 0.335829 -0.934176 -0.120558
-39.7059 80.4977 -0.251394 0.328009 -0.936935 -0.120679
-40.7281 80.1566 -0.477933 0.363133 -0.929017 -0.0704955
-41.6749 79.7629 -0.529732 0.376816 -0.920035 -0.106145
-42.7676 79.3187 -0.488673 0.392917 -0.916301 -0.0764473
-43.8913 78.8052 -0.382051 0.410917 -0.908118 -0.0804254
-44.7716 78.3905 -0.224073 0.418189 -0.901976 -0.10703
-45.7051 77.924 0.0239168 0.42493 -0.897543 -0.117498
-46.8715 77.2944 0.498295 0.444041 -0.89016 -0.102191
-47.713 76.8356 0.870522 0.442305 -0.892016 -0.093133
-48.4663 76.414 1.20541 0.460246 -0.882315 -0.0984551
-49.2226 75.968 1.56576 0.461394 -0.879291 -0.118165
-49.9524 75.5393 1.89509 0.464205 -0.877192 -0.122668
-50.8782 74.9929 2.21583 0.477744 -0.872014 -0.105908
-51.6564 74.542 2.48448 0.477278 -0.873481 -0.0961104
-52.4169 74.0546 3.04803 0.485342 -0.867054 -0.112372
-53.1249 73.5951 3.57953 0.480304 -0.869882 -0.112306
-53.8885 73.0741 4.241 0.490119 -0.862505 -0.125971
-54.4614 72.6461 4.94293 0.490129 -0.862482 -0.126085
-54.9725 72.2303 5.78431 0.491852 -0.861294 -0.127493
-55.407 71.8732 6.52052 0.491856 -0.861292 -0.127491
-55.8509 71.4867 7.37023 0.495826 -0.856238 -0.144552
-56.2999 71.0831 8.14971 0.500412 -0.852429 -0.151463
-56.8357 70.6108 9.03729 0.48497 -0.859934 -0.159115
-57.3518 70.1428 9.98593 0.491119 -0.854346 -0.169654
-57.8565 69.6243 11.058 0.49684 -0.849325 -0.178311
-58.122 69.2913 11.9222 0.475584 -0.861629 -0.177243
-58.3716 68.896 13.1146 0.474095 -0.857026 -0.201845
-58.4296 68.7876 13.4384 0.474096 -0.857025 -0.201844
-59.2843 68.3913 13.1718 0.461076 -0.865046 -0.197749
-59.4662 68.0899 14.0439 0.463825 -0.860102 -0.212346
-59.6679 67.7034 15.1502 0.457823 -0.860887 -0.221973
-59.7125 67.4081 16.1915 0.451737 -0.86327 -0.225165
-59.7193 67.0278 17.5492 0.458941 -0.852212 -0.251214
-59.6117 66.8186 18.4556 0.460143 -0.851941 -0.249923
-59.4147 66.58 19.6018 0.466384 -0.846328 -0.257323
-59.171 66.4376 20.5011 0.465462 -0.84506 -0.263094
-58.8692 66.2818 21.5353 0.4647 -0.845864 -0.261855
-58.5851 66.1501 22.4328 0.450603 -0.850255 -0.272071
-58.2526 65.9274 23.7604 0.44655 -0.859593 -0.248006
-58.0338 65.7261 24.6701 0.43629 -0.847388 -0.30263
-57.8828 65.4917 25.5361 0.423243 -0.85056 -0.31196
-57.8642 65.0731 26.7401 0.407165 -0.853874 -0.323351
-57.9263 64.6998 27.5922 0.388979 -0.854496 -0.344228
-57.9677 64.3317 28.4659 0.38203 -0.856191 -0.347792
-57.9025 63.7319 29.9772 0.377636 -0.854697 -0.356207
-57.7422 63.3842 30.9768 0.385509 -0.8533 -0.351088
-57.5052 63.0786 31.9799 0.377179 -0.86087 -0.341194
-57.1867 62.8254 32.9178 0.371414 -0.856865 -0.35754
-56.7406 62.6613 33.7601 0.372713 -0.852748 -0.365932
-56.1213 62.559 34.6144 0.369141 -0.849882 -0.376078
-55.5175 62.541 35.2898 0.351753 -0.875032 -0.332343
-54.5305 62.6457 36.124 0.373006 -0.870947 -0.319872
-53.2075 62.9873 36.7497 0.375054 -0.874021 -0.308903
-52.2682 63.305 36.9857 0.355923 -0.870298 -0.339898
-51.0661 63.5716 37.5656 0.338562 -0.878679 -0.336595
-50.0346 63.7236 38.1098 0.286941 -0.880865 -0.376485
-49.1077 63.7868 38.6976 0.289666 -0.888332 -0.356292
-48.2967 63.8332 39.2447 0.29211 -0.886651 -0.358499
-47.0988 63.9488 39.9397 0.305643 -0.885149 -0.350587
-46.2278 64.12 40.3033 0.296776 -0.896921 -0.326055
-44.9626 64.3566 40.523 0.219538 -0.906638 -0.360291
-43.9922 64.5968 40.4578 0.188821 -0.910726 -0.36732
-43.2028 64.8935 40.1288 0.185694 -0.911422 -0.367169
-42.2906 65.3968 39.3271 0.185713 -0.913105 -0.362952
-41.4895 66.0742 38.1172 0.143943 -0.912958 -0.379828
-40.9104 66.608 37.0934 0.169185 -0.910058 -0.37838
-40.3968 67.1745 36.077 0.116369 -0.905844 -0.4073
-39.7377 67.6936 35.1177 0.115598 -0.897187 -0.425831
-39.0325 68.1885 34.3101 0.0896055 -0.894942 -0.43616
-38.3933 68.5479 33.6701 0.0446373 -0.882053 -0.46903
-37.7345 68.8679 33.1108 0.0071965 -0.884977 -0.465579
-36.7685 69.216 32.4508 -0.00448175 -0.888629 -0.458575
-35.9362 69.499 31.8962 0.00388765 -0.884061 -0.467355
-35.1393 69.764 31.3977 -0.0349758 -0.894195 -0.44484
-34.1593 70.0473 30.6765 -0.0598893 -0.88729 -0.457094
-33.3906 70.3989 29.8904 -0.108673 -0.87856 -0.465104
-32.6455 70.7518 29.052 -0.106086 -0.870669 -0.480179
-32.0423 71.0772 28.3426 -0.116988 -0.863692 -0.490255
-31.5147 71.4005 27.6554 -0.109796 -0.862043 -0.494799
-31.0114 71.753 26.9515 -0.106444 -0.848346 -0.518632
-30.2576 72.2815 25.9493 -0.0851168 -0.848429 -0.52242
-29.6795 72.7331 25.1335 -0.0951174 -0.838405 -0.536643
-29.0741 73.4129 23.9467 -0.123522 -0.834963 -0.535705
-28.8589 73.8734 23.1345 -0.130756 -0.850472 -0.50951
-28.6187 74.3734 22.3063 -0.107927 -0.828919 -0.548857
-28.4406 74.8567 21.4823 -0.0938696 -0.875963 -0.473156
-28.3768 75.3004 20.6472 -0.0998702 -0.879857 -0.464512
-28.3474 75.7623 19.7519 -0.10611 -0.873789 -0.474422
-28.4465 76.2542 18.8779 -0.0950643 -0.872092 -0.480019
-28.5622 76.8225 17.8866 -0.0980307 -0.866779 -0.488963
-28.6714 77.3028 16.9978 -0.012153 -0.909733 -0.415009
-28.8202 77.7325 16.0646 -0.010751 -0.908934 -0.416802
-28.8495 78.1715 15.1309 -0.0226353 -0.908677 -0.416886
-28.9967 78.7245 13.9151 -0.0266427 -0.914198 -0.40341
-29.1462 79.1177 12.9921 0.0111077 -0.911039 -0.41217
-29.2931 79.5044 12.112 0.0319043 -0.92618 -0.37573
-29.5103 79.9633 10.9773 0.0465946 -0.917016 -0.396091
-29.6675 80.3785 9.95642 0.0895226 -0.925092 -0.368969
-29.8401 80.8287 8.78225 0.103636 -0.926125 -0.362479
-29.9912 81.1357 7.92351 0.114735 -0.924495 -0.363248
-30.1771 81.4847 6.91962 0.134476 -0.932887 -0.334122
-30.3569 81.8135 5.91121 0.126589 -0.938436 -0.321423
-30.6329 82.098 4.92517 0.224624 -0.917046 -0.329501
-31.2475 82.2583 3.9952 0.256111 -0.918374 -0.301655
-32.1116 82.2553 3.27709 0.246679 -0.922232 -0.29772
-33.0462 82.1869 2.65952 0.269722 -0.927386 -0.259233
-33.9673 82.0937 2.0369 0.274988 -0.929876 -0.243752
-34.9037 81.9194 1.59736 0.286204 -0.925555 -0.247863
-35.7719 81.7282 1.10735 0.328819 -0.922793 -0.200291
-36.6312 81.5306 0.514066 0.333011 -0.926796 -0.173644
-37.5649 81.2821 -0.1783 0.360475 -0.922426 -0.13852
-38.3266 81.0523 -0.69681 0.338475 -0.932714 -0.124418
-39.1791 80.7999 -1.12379 0.369205 -0.924578 -0.0690358
-40.1832 80.4294 -1.39818 0.326028 -0.945116 -0.0214757
-41.1735 80.0575 -1.50992 0.375822 -0.924148 -0.0684125
-42.2192 79.6265 -1.49204 0.378953 -0.923137 -0.0649043
-43.3224 79.1514 -1.41528 0.402738 -0.911214 -0.0865538
-44.3535 78.6853 -1.28148 0.403668 -0.90932 -0.100941
-45.1811 78.2987 -1.13119 0.421048 -0.902154 -0.0938695
-46.1162 77.8274 -0.827741 0.434606 -0.894928 -0.099996
-46.9682 77.3616 -0.504498 0.44347 -0.889531 -0.10985
-47.8156 76.8981 -0.13524 0.440861 -0.891239 -0.106463
-48.6395 76.4375 0.2298 0.455239 -0.884014 -0.106192
-49.4355 75.9874 0.609854 0.45286 -0.884201 -0.11382
-50.2318 75.5154 1.00547 0.46858 -0.875006 -0.121296
-51.0443 75.0182 1.35341 0.480056 -0.868445 -0.123895
-51.9903 74.4657 1.62745 0.465605 -0.877456 -0.115254
-52.8126 73.9465 2.21591 0.47711 -0.871134 -0.116148
-53.5332 73.491 2.66272 0.47774 -0.87066 -0.117118
-54.2716 73.0047 3.26191 0.481367 -0.867236 -0.126954
-55.1554 72.3564 4.26279 0.48704 -0.863494 -0.131011
-55.7898 71.8215 5.41143 0.484846 -0.864452 -0.132759
-56.3068 71.397 6.29724 0.483883 -0.86389 -0.139678
-56.752 70.9996 7.15148 0.488631 -0.858673 -0.154234
-57.1908 70.6272 7.87797 0.478681 -0.86438 -0.153986
-57.6774 70.2061 8.68162 0.482958 -0.860357 -0.162894
-58.2256 69.7156 9.66785 0.477354 -0.861755 -0.170984
-58.5876 69.3536 10.4103 0.470075 -0.863347 -0.183312
-58.8546 69.0392 11.2388 0.464261 -0.866823 -0.18186
-59.1705 68.5763 12.6426 0.455257 -0.86895 -0.193677
-59.2704 68.4164 13.0942 0.458164 -0.865635 -0.20183
-60.0798 68.0723 12.7521 0.433585 -0.877556 -0.203212
-59.899 68.3513 11.9042 0.448752 -0.873849 -0.187111
-59.6461 68.7338 10.693 0.452306 -0.87359 -0.179553
-59.3003 69.1141 9.73683 0.455733 -0.87149 -0.181143
-58.7453 69.6005 8.71372 0.442134 -0.880997 -0.168322
-58.2428 70.0563 7.79197 0.484073 -0.859597 -0.163605
-57.7321 70.4809 7.03007 0.479874 -0.863316 -0.156226
-57.2773 70.8725 6.23024 0.463299 -0.87345 -0.149637
-56.7083 71.3601 5.19539 0.464607 -0.87096 -0.159901
-56.1644 71.822 4.22135 0.465159 -0.875411 -0.130269
-55.6264 72.2461 3.2888 0.475583 -0.869339 -0.134426
-54.9011 72.7726 2.42409 0.479223 -0.869556 -0.119239
-54.0162 73.3537 1.72474 0.475726 -0.871413 -0.119667
-53.1921 73.8743 1.2061 0.472244 -0.873136 -0.120907
-52.6038 74.2875 0.508838 0.474679 -0.872229 -0.117815
-51.7979 74.7167 0.587467 0.472726 -0.872144 -0.126078
-50.7025 75.3765 0.147108 0.47667 -0.870783 -0.120512
-49.6793 75.9765 -0.326298 0.445224 -0.889176 -0.105554
-48.6945 76.5345 -0.815544 0.451842 -0.885064 -0.111805
-47.5882 77.1455 -1.24692 0.442265 -0.890039 -0.110599
-46.7592 77.5978 -1.57103 0.441091 -0.890916 -0.108157
-45.484 78.2657 -2.04631 0.425119 -0.897731 -0.115555
-44.3397 78.7987 -2.24871 0.40319 -0.909484 -0.101376
-43.3321 79.2447 -2.38811 0.386854 -0.917403 -0.0932822
-42.1205 79.7365 -2.48186 0.372944 -0.925352 -0.0677263
-41.0131 80.1551 -2.47815 0.345985 -0.938223 -0.00566399
-40.1137 80.4735 -2.38346 0.330609 -0.943719 -0.00956531
-38.8588 80.9539 -2.0795 0.39992 -0.916449 -0.0136457
-37.5796 81.4337 -1.31751 0.379841 -0.914192 -0.141331
-36.8363 81.6577 -0.769758 0.372934 -0.91575 -0.149101
-36.1337 81.8481 -0.226123 0.34652 -0.924686 -0.156162
-35.3806 82.0243 0.306585 0.340279 -0.924034 -0.174272
-34.5409 82.2311 0.798592 0.348088 -0.917211 -0.192787
-33.7179 82.3802 1.22415 0.280868 -0.925757 -0.252898
-32.8991 82.5012 1.68803 0.269716 -0.92739 -0.259225
-31.6679 82.6588 2.39458 0.257247 -0.925027 -0.278688
-30.7652 82.661 3.04377 0.215455 -0.927973 -0.304049
-30.1556 82.535 3.83434 0.0673387 -0.947413 -0.308809
-29.5742 82.2544 4.90406 0.118044 -0.940282 -0.319134
-29.4079 81.9769 5.80788 0.125275 -0.940191 -0.316734
-29.2573 81.6841 6.71807 0.126188 -0.937884 -0.323188
-29.0505 81.301 7.82031 0.120429 -0.919214 -0.374889
-28.8474 80.8249 9.03785 0.0586235 -0.924133 -0.377547
-28.7541 80.4564 9.90711 0.00955299 -0.910952 -0.411393
-28.6058 80.0314 10.9239 -0.00521369 -0.916852 -0.398871
-28.3773 79.6058 11.9113 -0.0249877 -0.916137 -0.399957
-28.2053 79.1333 12.9483 -0.026625 -0.911095 -0.411335
-28.0651 78.6674 13.93 -0.0562158 -0.908531 -0.414018
-27.9506 78.1757 15.0197 -0.0525776 -0.917807 -0.393531
-27.8636 77.67 16.1175 -0.108668 -0.898223 -0.425309
-27.6801 76.9599 17.4566 -0.106352 -0.868321 -0.484467
-27.5853 76.4737 18.301 -0.132086 -0.87318 -0.468583
-27.4767 76.0383 19.0928 -0.0809686 -0.875678 -0.476059
-27.4392 75.4057 20.2566 -0.0810381 -0.878819 -0.470223
-27.4871 74.9511 21.116 -0.126608 -0.85372 -0.502722
-27.5871 74.4221 21.9712 -0.156658 -0.829418 -0.536195
-27.7934 73.9597 22.7394 -0.173591 -0.818776 -0.54681
-28.0407 73.4525 23.5942 -0.158577 -0.830481 -0.533938
-28.2733 72.9665 24.4151 -0.148881 -0.830384 -0.536926
-28.7918 72.4517 25.3737 -0.132653 -0.846685 -0.515295
-29.4149 71.9735 26.277 -0.113072 -0.828811 -0.547851
-29.9514 71.6092 26.9375 -0.120672 -0.831519 -0.542047
-30.4679 71.2081 27.7227 -0.131029 -0.851587 -0.50746
-31.0933 70.8174 28.5624 -0.139153 -0.855422 -0.498881
-31.8338 70.4278 29.4559 -0.146307 -0.865064 -0.47964
-32.5181 70.1135 30.2251 -0.113468 -0.878448 -0.464152
-33.1132 69.8372 30.8974 -0.0994351 -0.890285 -0.444416
-33.741 69.6124 31.5105 -0.112396 -0.895086 -0.431495
-34.7562 69.3259 32.2119 -0.0112384 -0.882775 -0.469661
-35.5075 69.0989 32.6566 -0.00367718 -0.883418 -0.468509
-36.4709 68.7706 33.3165 -0.00913333 -0.893356 -0.449257
-37.2908 68.47 33.8869 0.01298 -0.889925 -0.45591
-37.9792 68.1635 34.4735 0.00935928 -0.891712 -0.452507
-38.6599 67.7748 35.2254 0.00764675 -0.904241 -0.425938
-39.4717 67.1743 36.3423 0.11596 -0.904936 -0.409441
-39.9651 66.6731 37.313 0.0987127 -0.901282 -0.421819
-40.4093 66.1918 38.1982 0.132695 -0.894594 -0.426725
-40.8187 65.8189 38.9392 0.106551 -0.921633 -0.373148
-41.3748 65.4225 39.7261 0.170336 -0.914618 -0.366431
-42.0352 64.9797 40.5176 0.18562 -0.914244 -0.360128
-42.9277 64.5246 41.1517 0.196993 -0.903694 -0.380173
-43.8342 64.2546 41.3801 0.187791 -0.907168 -0.376525
-44.7568 64.0313 41.4511 0.199223 -0.903692 -0.378884
-45.8042 63.813 41.3481 0.227815 -0.899664 -0.372431
-46.7087 63.6253 41.1097 0.315321 -0.880597 -0.353725
-47.7983 63.4724 40.5479 0.302138 -0.882048 -0.36153
-48.964 63.3878 39.8119 0.285527 -0.886 -0.365346
-50.1939 63.2994 39.0313 0.29275 -0.888617 -0.353068
-51.1735 63.1738 38.4977 0.334494 -0.87812 -0.342023
-52.2865 62.9527 37.9224 0.361245 -0.875093 -0.322047
-53.4001 62.5845 37.6556 0.370546 -0.873598 -0.315374
-54.4124 62.2955 37.265 0.36764 -0.87765 -0.307525
-55.1767 62.1507 36.7544 0.371304 -0.87769 -0.302974
-56.1096 62.0583 35.9688 0.334111 -0.893572 -0.299831
-56.8822 62.0822 35.06 0.354321 -0.881851 -0.311121
-57.6097 62.2089 33.9524 0.32079 -0.88295 -0.342772
-58.1159 62.4312 32.9251 0.348505 -0.862867 -0.366067
-58.4007 62.6865 32.0107 0.368841 -0.868442 -0.331307
-58.6141 62.9627 31.0614 0.342173 -0.872038 -0.349673
-58.8129 63.4162 29.7889 0.340862 -0.866464 -0.364748
-58.879 63.9159 28.4885 0.382024 -0.856194 -0.34779
-58.8314 64.313 27.5473 0.383216 -0.85763 -0.34295
-58.7264 64.6846 26.6911 0.399721 -0.861949 -0.311875
-58.719 65.0211 25.7619 0.398199 -0.863693 -0.308985
-58.8897 65.3393 24.6395 0.399671 -0.864224 -0.305581
-59.13 65.5412 23.5535 0.437931 -0.866419 -0.239862
-59.3841 65.6916 22.5451 0.437887 -0.867279 -0.235154
-59.7451 65.8445 21.4252 0.437371 -0.858928 -0.266194
-60.0417 65.9764 20.4686 0.436436 -0.866156 -0.243512
-60.3779 66.1953 19.2749 0.377751 -0.87306 -0.308335
-60.5739 66.4847 18.094 0.394968 -0.883996 -0.250104
-60.6113 66.7626 17.0098 0.414021 -0.882948 -0.221333
-60.604 67.0866 15.7611 0.419213 -0.87791 -0.231377
-60.5028 67.4142 14.5761 0.452222 -0.865015 -0.217236
-60.2484 67.8251 13.5019 0.416929 -0.880334 -0.224718
-60.1477 67.9777 13.0324 0.411927 -0.888881 -0.200513
-61.0131 67.6416 12.6979 0.427547 -0.888004 -0.169271
-60.7345 67.9673 11.7238 0.430595 -0.884707 -0.178551
-60.5494 68.2589 10.7512 0.439078 -0.879513 -0.183087
-60.3313 68.5845 9.72407 0.42935 -0.883086 -0.189252
-59.7043 69.1601 8.4945 0.449679 -0.875465 -0.176873
-59.2826 69.5263 7.66525 0.440763 -0.882628 -0.16339
-58.4556 70.1926 6.46919 0.467639 -0.864407 -0.1847
-58.0092 70.5901 5.68913 0.449166 -0.880223 -0.153158
-57.441 71.0715 4.64327 0.466754 -0.871045 -0.152839
-56.9721 71.4547 3.76079 0.45721 -0.881163 -0.120461
-56.555 71.7808 2.99514 0.47813 -0.868617 -0.129984
-55.8197 72.3335 1.97249 0.477355 -0.869928 -0.123928
-55.2453 72.7304 1.39896 0.479363 -0.866288 -0.140553
-54.55 73.1972 0.872613 0.456572 -0.879011 -0.137412
-53.8982 73.6119 0.385472 0.455712 -0.881235 -0.124857
-52.8467 74.2585 -0.251697 0.471217 -0.874193 -0.11722
-51.9177 74.8029 -0.516458 0.474802 -0.872198 -0.117601
-51.1163 75.2785 -0.822956 0.476248 -0.871672 -0.115618
-49.999 75.921 -1.22088 0.461878 -0.881441 -0.0986433
-49.1891 76.3842 -1.62415 0.451748 -0.885143 -0.111561
-48.2588 76.9104 -2.03441 0.446925 -0.887633 -0.111074
-47.1316 77.5181 -2.45133 0.439982 -0.891791 -0.105474
-46.3426 77.943 -2.77843 0.436403 -0.893649 -0.10461
-45.4828 78.3831 -3.03452 0.408544 -0.906846 -0.103286
-44.5756 78.8024 -3.1776 0.403046 -0.908809 -0.107797
-43.6532 79.2013 -3.32935 0.38399 -0.918806 -0.0913063
-42.6306 79.6159 -3.51052 0.32895 -0.943158 -0.0473729
-41.1988 80.1125 -3.49267 0.326471 -0.943981 -0.0481333
-39.9836 80.5578 -3.34807 0.370426 -0.925952 -0.0734658
-38.7995 81.0183 -3.13668 0.375439 -0.923952 -0.0732038
-38.0246 81.3611 -2.76736 0.474639 -0.879939 -0.020617
-37.3108 81.6781 -2.2254 0.391649 -0.9139 -0.106765
-36.5744 81.9091 -1.69406 0.378567 -0.914697 -0.141476
-35.704 82.1535 -1.01196 0.369219 -0.916089 -0.15639
-34.892 82.3617 -0.421124 0.348997 -0.91485 -0.2031
-33.8795 82.6445 0.124542 0.324317 -0.915726 -0.231435
-32.7436 82.807 0.79018 0.289445 -0.919677 -0.26536
-31.683 82.9495 1.39549 0.270208 -0.922867 -0.274415
-30.5042 83.0398 2.09884 0.217818 -0.921736 -0.320872
-29.7481 82.9686 2.74426 0.0693444 -0.923581 -0.375699
-29.2097 82.7144 3.49037 0.0673491 -0.947413 -0.308806
-28.6945 82.5236 4.42391 0.122514 -0.950456 -0.284067
-28.4374 82.2231 5.42996 0.111296 -0.944201 -0.309996
-28.3136 81.8288 6.6869 0.137434 -0.936862 -0.32156
-28.0924 81.4222 7.85058 0.105792 -0.908277 -0.403
-27.9072 80.9719 8.8239 0.0706686 -0.911263 -0.404441
-27.8077 80.5071 9.83889 0.0166782 -0.899392 -0.436825
-27.7167 80.1315 10.6747 -0.0128416 -0.91119 -0.411787
-27.4843 79.7178 11.5989 -0.0249873 -0.916137 -0.399957
-27.3063 79.2004 12.7414 -0.0275697 -0.911672 -0.409989
-27.1795 78.6744 13.7945 -0.0510235 -0.900998 -0.430403
-27.0484 78.2221 14.6794 -0.11162 -0.897279 -0.426688
-26.9477 77.7604 15.6426 -0.127607 -0.897435 -0.422288
-26.7961 77.0401 17.052 -0.163086 -0.875778 -0.454331
-26.6712 76.5129 17.9834 -0.119283 -0.883809 -0.452387
-26.5584 76.0494 18.8593 -0.114634 -0.880504 -0.459873
-26.5233 75.3053 20.1425 -0.149813 -0.846525 -0.510833
-26.59 74.6341 21.2775 -0.195786 -0.821294 -0.535858
-26.7534 73.9629 22.3736 -0.206201 -0.817369 -0.53795
-27.0314 73.3068 23.4896 -0.184692 -0.838173 -0.513182
-27.3176 72.7956 24.3922 -0.164448 -0.83236 -0.529276
-27.6302 72.3803 25.1425 -0.16269 -0.832109 -0.530209
-28.0767 71.994 25.8846 -0.160278 -0.834277 -0.527534
-28.6426 71.5628 26.7171 -0.120673 -0.831519 -0.542047
-29.2587 71.1793 27.4724 -0.129304 -0.848871 -0.512542
-29.8316 70.7376 28.3485 -0.125993 -0.849011 -0.513122
-30.5825 70.2965 29.3183 -0.141572 -0.857642 -0.494363
-31.1928 69.9795 30.0887 -0.14392 -0.870363 -0.470871
-31.9178 69.6973 30.8893 -0.133718 -0.89703 -0.421255
-32.5341 69.4137 31.6162 -0.104828 -0.889757 -0.4442
-33.5028 69.1214 32.4697 -0.111892 -0.896225 -0.429257
-34.8219 68.7527 33.2707 -0.0171521 -0.877302 -0.479633
-35.7745 68.4634 33.8915 -0.0389165 -0.88615 -0.461761
-36.8728 68.0794 34.6662 0.0118526 -0.891378 -0.453105
-37.5748 67.7554 35.2861 0.00764653 -0.904243 -0.425935
-38.2943 67.3423 36.2236 0.0446567 -0.909033 -0.412238
-38.8702 66.8643 37.1454 0.0815078 -0.906868 -0.413458
-39.3603 66.3102 38.2237 0.102094 -0.900218 -0.423294
-39.8444 65.8342 39.2187 0.102357 -0.932868 -0.344799
-40.4426 65.4395 40.0542 0.12242 -0.927481 -0.35326
-41.0729 65.0026 40.8864 0.15938 -0.916133 -0.36783
-41.64 64.6556 41.5048 0.15938 -0.916132 -0.367831
-42.4916 64.2443 42.0437 0.198051 -0.89746 -0.393852
-43.527 63.9343 42.2996 0.178819 -0.908638 -0.377308
-44.4649 63.689 42.4154 0.209185 -0.901566 -0.378684
-45.7662 63.4283 42.2976 0.238306 -0.892433 -0.382785
-46.6373 63.2658 42.0816 0.297206 -0.882805 -0.363763
-47.6619 63.0984 41.6318 0.300511 -0.890441 -0.341767
-48.5059 63.008 41.1234 0.280663 -0.894186 -0.348092
-49.6276 62.9678 40.3791 0.283614 -0.898175 -0.335346
-50.9064 62.8543 39.5589 0.312624 -0.882581 -0.350569
-52.201 62.6512 38.8345 0.334497 -0.878118 -0.342025
-53.3976 62.2466 38.6007 0.358989 -0.879412 -0.31267
-54.7172 61.8698 38.159 0.347721 -0.893684 -0.282757
-55.4834 61.7421 37.6426 0.340528 -0.899296 -0.274321
-56.3744 61.6293 36.9524 0.335397 -0.893552 -0.298447
-57.1562 61.6111 36.1383 0.332311 -0.894254 -0.299797
-57.7319 61.6588 35.3831 0.325961 -0.894878 -0.304862
-58.2709 61.7632 34.5195 0.317712 -0.895011 -0.313074
-58.7685 61.9359 33.5688 0.319034 -0.884371 -0.340743
-59.1633 62.1741 32.5573 0.335407 -0.881886 -0.331331
-59.4404 62.4693 31.511 0.340799 -0.877688 -0.336926
-59.6524 62.9246 30.1758 0.33818 -0.86654 -0.367074
-59.7502 63.2713 29.2389 0.355402 -0.876092 -0.325305
-59.7926 63.5904 28.2994 0.372057 -0.867779 -0.329003
-59.6877 64.0665 27.2027 0.384648 -0.861636 -0.331103
-59.5593 64.5037 26.1399 0.372432 -0.875265 -0.308552
-59.7159 64.925 24.7768 0.377449 -0.871278 -0.3137
-59.9436 65.1086 23.7584 0.40966 -0.878563 -0.245515
-60.1668 65.25 22.7832 0.431209 -0.877488 -0.209938
-60.4878 65.3434 21.8364 0.402567 -0.879386 -0.251151
-60.7868 65.4742 20.9196 0.402304 -0.874901 -0.266339
-61.0827 65.6392 20.0387 0.368176 -0.883651 -0.289149
-61.3635 65.8711 18.9962 0.36838 -0.881783 -0.294534
-61.5647 66.118 17.8161 0.398173 -0.883 -0.248534
-61.5341 66.3855 16.848 0.391157 -0.894937 -0.214671
-61.5423 66.6206 15.8529 0.392322 -0.895022 -0.212159
-61.3987 66.9802 14.5932 0.395607 -0.893991 -0.210416
-61.1826 67.3546 13.5662 0.409674 -0.878138 -0.246668
-61.0656 67.554 13.0247 0.419733 -0.888444 -0.184892
-61.9984 67.1245 12.9732 0.417251 -0.892933 -0.169033
-62.2102 66.7537 14.0271 0.405662 -0.887931 -0.215773
-62.3282 66.4735 15.0059 0.389969 -0.896126 -0.211814
-62.5401 66.0786 16.2942 0.392316 -0.895025 -0.212158
-62.446 65.8959 17.1745 0.400113 -0.883666 -0.242991
-62.3929 65.5998 18.3424 0.405526 -0.882437 -0.238076
-62.3162 65.3728 19.2914 0.382168 -0.883729 -0.268703
-61.9503 65.2086 20.2747 0.351705 -0.896783 -0.268407
-61.5686 65.09 21.1538 0.346272 -0.900779 -0.261905
-61.2922 64.8623 22.4028 0.376868 -0.89895 -0.22317
-60.7638 64.7553 23.6588 0.404057 -0.878091 -0.256239
-60.5839 64.513 24.7994 0.409887 -0.876048 -0.253969
-60.4276 64.2873 25.7031 0.379382 -0.872413 -0.308163
-60.5536 63.8242 26.8687 0.358161 -0.876003 -0.322339
-60.6678 63.4387 27.7535 0.343664 -0.876379 -0.337424
-60.6863 63.1147 28.6477 0.330793 -0.891377 -0.309875
-60.5844 62.7161 29.8168 0.337953 -0.869054 -0.361236
-60.4214 62.2795 31.0563 0.325448 -0.884449 -0.334415
-60.2013 61.9041 32.2562 0.316808 -0.890196 -0.327388
-59.8518 61.6751 33.2194 0.315279 -0.892088 -0.323669
-59.4427 61.4688 34.2166 0.309775 -0.898163 -0.311904
-58.9399 61.3293 35.1074 0.306516 -0.899604 -0.311064
-58.2486 61.2156 36.1611 0.306092 -0.904143 -0.298049
-57.5904 61.1898 36.9647 0.314745 -0.911328 -0.265362
-56.7764 61.2296 37.7692 0.311393 -0.909241 -0.276251
-56.0286 61.3162 38.3701 0.338719 -0.906482 -0.251374
-55.042 61.4784 39.0397 0.329867 -0.900036 -0.28482
-53.8173 61.7882 39.4789 0.329405 -0.900311 -0.284486
-52.894 62.0878 39.6351 0.363309 -0.880057 -0.305789
-51.8838 62.3833 39.8824 0.305308 -0.896959 -0.319769
-50.7882 62.4827 40.6233 0.301822 -0.892818 -0.334328
-50.0174 62.5443 41.1584 0.292283 -0.890909 -0.347222
-49.2991 62.5348 41.7238 0.272154 -0.890597 -0.364376
-48.3784 62.5935 42.2731 0.296773 -0.877845 -0.375918
-47.4934 62.7035 42.7289 0.30415 -0.878081 -0.369414
-46.5182 62.8848 43.0276 0.229908 -0.886222 -0.401633
-45.637 63.0558 43.1907 0.251961 -0.877004 -0.409075
-44.6707 63.2617 43.3288 0.210588 -0.90285 -0.374852
-43.7004 63.4955 43.2696 0.171042 -0.906339 -0.386048
-42.8326 63.7061 43.1378 0.158948 -0.906576 -0.390942
-41.9184 64.0059 42.8459 0.19938 -0.891239 -0.407358
-41.0745 64.4305 42.3289 0.189518 -0.904201 -0.381537
-40.4249 64.8554 41.563 0.180961 -0.917101 -0.355217
-39.612 65.3813 40.4824 0.122093 -0.936365 -0.327489
-38.8916 65.8042 39.5536 0.0962792 -0.941649 -0.322534
-38.4941 66.1932 38.672 0.0765245 -0.904502 -0.419547
-38.1674 66.625 37.7919 0.0711236 -0.906164 -0.416896
-37.4838 67.1845 36.6232 0.0219317 -0.919899 -0.391542
-36.9404 67.513 35.8727 -0.0135103 -0.927546 -0.373464
-35.9184 67.8491 35.1297 -0.017447 -0.892676 -0.449627
-35.0176 68.1561 34.4221 -0.0603885 -0.8906 -0.450264
-34.1377 68.4105 33.8676 -0.079907 -0.862882 -0.498432
-33.0708 68.676 33.2256 -0.119739 -0.846505 -0.518123
-32.222 68.8841 32.5746 -0.149137 -0.885396 -0.440264
-31.4069 69.247 31.6618 -0.114059 -0.88062 -0.459887
-30.4401 69.5785 30.6074 -0.172451 -0.887357 -0.42762
-29.7586 69.9516 29.6596 -0.16366 -0.861929 -0.479204
-28.8623 70.5141 28.4891 -0.120056 -0.846105 -0.51932
-28.368 70.8436 27.8125 -0.132505 -0.855649 -0.500186
-27.6949 71.2694 26.9094 -0.16051 -0.830365 -0.533602
-27.1531 71.6942 26.073 -0.163729 -0.832265 -0.529648
-26.715 72.124 25.2506 -0.173917 -0.8292 -0.531207
-26.4164 72.5558 24.4789 -0.18797 -0.831466 -0.522546
-26.0347 73.1904 23.3054 -0.202101 -0.831344 -0.517709
-25.8404 73.6838 22.4545 -0.195228 -0.819733 -0.538446
-25.7146 74.3108 21.4467 -0.204307 -0.820522 -0.53385
-25.6078 75.0406 20.2994 -0.18231 -0.829984 -0.526408
-25.6016 75.5129 19.5114 -0.167768 -0.844991 -0.507784
-25.6393 76.0216 18.6091 -0.174186 -0.877411 -0.447
-25.7659 76.5106 17.6985 -0.168187 -0.875304 -0.453294
-25.8875 77.0472 16.7104 -0.164822 -0.875643 -0.453963
-26.0181 77.6577 15.5727 -0.14988 -0.887984 -0.434161
-26.1861 78.3587 14.1842 -0.121777 -0.887298 -0.444731
-26.3515 78.8846 13.1648 -0.115091 -0.889797 -0.441606
-26.506 79.5447 11.8342 -0.0839375 -0.908296 -0.40982
-26.6874 80.0102 10.9137 -0.0105467 -0.911083 -0.412088
-26.8364 80.3988 10.1012 0.00884651 -0.888187 -0.458656
-27.0332 81.15 8.55755 0.0279771 -0.89947 -0.435995
-27.1741 81.5329 7.7428 0.036943 -0.898828 -0.436663
-27.3519 81.9708 6.68878 0.15433 -0.928071 -0.338919
-27.4058 82.3787 5.48383 0.218494 -0.929686 -0.296555
-27.5318 82.616 4.56117 0.151997 -0.945324 -0.284419
-27.9866 82.8314 3.64249 0.135161 -0.954825 -0.264507
-28.629 83.165 2.52312 0.0686682 -0.915634 -0.396105
-29.6728 83.4099 1.53431 0.197875 -0.917873 -0.344028
-30.9162 83.3726 0.861779 0.254912 -0.911995 -0.31939
-32.3557 83.1824 0.0717933 0.31078 -0.897778 -0.311653
-33.1744 83.064 -0.446742 0.355253 -0.89696 -0.255388
-34.2445 82.7616 -1.09246 0.36268 -0.911488 -0.194042
-35.281 82.4853 -1.79732 0.381447 -0.90348 -0.195503
-36.3026 82.1601 -2.59745 0.377705 -0.915252 -0.140189
-37.017 81.9188 -3.09751 0.451527 -0.886808 -0.0851813
-38.0255 81.4079 -3.91989 0.482962 -0.874356 -0.0474285
-38.887 81.0687 -4.12453 0.40579 -0.910403 -0.0139698
-39.8483 80.6297 -4.34473 0.407876 -0.91288 0.0169296
-40.9711 80.2141 -4.5327 0.285542 -0.958323 -0.00911202
-42.282 79.8036 -4.56355 0.315065 -0.945026 -0.0875206
-43.5842 79.3269 -4.35506 0.369242 -0.926335 -0.0728646
-44.7027 78.8439 -4.14048 0.36977 -0.924419 -0.0917747
-45.6593 78.4103 -4.02345 0.414043 -0.904882 -0.0987768
-46.415 78.0246 -3.78915 0.43615 -0.893929 -0.103266
-47.2454 77.575 -3.39456 0.43422 -0.894669 -0.104981
-48.2478 77.0462 -3.08036 0.437208 -0.892406 -0.111625
-49.367 76.4149 -2.65439 0.455807 -0.884174 -0.102353
-50.0865 75.9897 -2.18779 0.465587 -0.876569 -0.120998
-51.0146 75.4692 -1.889 0.465194 -0.878641 -0.107431
-52.281 74.7273 -1.43444 0.473957 -0.872953 -0.115405
-53.2414 74.1598 -1.10238 0.471167 -0.874218 -0.11724
-53.9766 73.7069 -0.679477 0.462975 -0.878854 -0.114786
-54.8345 73.1833 -0.0390133 0.467159 -0.87671 -0.113998
-55.8391 72.5204 0.671559 0.47875 -0.86648 -0.141457
-56.5276 72.0422 1.37442 0.457814 -0.877123 -0.145124
-57.2599 71.511 2.32889 0.436355 -0.888174 -0.144011
-57.7666 71.1166 3.21782 0.446866 -0.884545 -0.132737
-58.1453 70.809 3.98711 0.431815 -0.891453 -0.13729
-58.5507 70.4772 4.76109 0.447306 -0.880863 -0.154912
-58.938 70.1299 5.5852 0.455025 -0.874566 -0.165674
-59.5588 69.6625 6.27753 0.431946 -0.8848 -0.174791
-60.0908 69.2381 7.11135 0.43216 -0.885007 -0.1732
-60.5225 68.8496 8.00602 0.436261 -0.883829 -0.168888
-61.2111 68.2873 9.1147 0.429357 -0.883084 -0.18925
-61.3508 67.9265 10.5155 0.415942 -0.890589 -0.183965
-61.6102 67.585 11.5484 0.4179 -0.888189 -0.190996
-61.8403 67.3393 12.2288 0.413624 -0.893456 -0.174939
-61.8994 67.2763 12.4159 0.417255 -0.892932 -0.169028
