-45.7121 74.9663 19.7152 0.348397 -0.870459 -0.344596
-45.8163 75.3175 18.5782 0.373226 -0.876399 -0.304349
-45.4226 75.8025 17.6018 0.333982 -0.900633 -0.278056
-44.9266 76.1581 16.9845 0.316914 -0.921761 -0.223341
-44.6814 75.9473 17.9557 0.308433 -0.901456 -0.303721
-44.8165 75.4827 19.1772 0.311975 -0.89781 -0.310819
-45.3376 74.9565 20.0526 0.31695 -0.868012 -0.382179
-44.6168 74.9402 20.6774 0.308821 -0.869673 -0.385095
-45.5365 74.3409 21.272 0.338968 -0.865493 -0.368812
-46.2255 74.3273 20.7149 0.32604 -0.860584 -0.391272
-46.6133 74.6792 19.434 0.373795 -0.875539 -0.30612
-46.5572 75.1212 18.2111 0.383616 -0.878073 -0.286055
-46.2465 75.5449 17.3246 0.38332 -0.878665 -0.28463
-45.8454 75.9517 16.4725 0.351733 -0.911381 -0.213702
-44.9485 76.5549 15.2784 0.333435 -0.921986 -0.196884
-44.1643 76.8753 15.0613 0.304965 -0.926863 -0.21879
-43.8792 76.6989 16.1995 0.311296 -0.924197 -0.221256
-43.7931 76.3851 17.4572 0.277739 -0.92558 -0.257222
-43.7704 76.1163 18.3375 0.28955 -0.909802 -0.297358
-43.8963 75.7424 19.3115 0.32063 -0.884727 -0.338311
-44.2664 75.2617 20.2307 0.302006 -0.881887 -0.361167
-44.5634 74.979 20.6327 0.30882 -0.869673 -0.385096
-43.8555 74.9416 21.2228 0.245703 -0.883882 -0.397974
-44.5262 74.4929 21.7634 0.299589 -0.866169 -0.399537
-45.3433 73.9631 22.3107 0.299725 -0.870945 -0.388455
-46.455 73.4935 22.4223 0.331534 -0.863992 -0.378702
-46.7961 73.7039 21.5868 0.35026 -0.854893 -0.381753
-47.1736 74.0041 20.631 0.355419 -0.863869 -0.353949
-47.4673 74.3798 19.2475 0.378191 -0.871706 -0.311508
-47.433 74.7411 18.2166 0.380548 -0.878313 -0.289358
-47.198 75.1003 17.3571 0.419353 -0.872006 -0.251988
-46.7192 75.6767 16.2068 0.37162 -0.895781 -0.241018
-46.1855 76.072 15.3827 0.352761 -0.912407 -0.207539
-45.6449 76.4336 14.6673 0.339534 -0.919522 -0.19787
-44.6241 76.9808 13.871 0.336499 -0.918932 -0.20575
-43.6149 77.432 13.4476 0.321851 -0.924086 -0.206098
-43.2463 77.3668 14.3154 0.321809 -0.924114 -0.20604
-43.0359 77.1229 15.5552 0.304527 -0.924884 -0.227325
-42.9587 76.8852 16.5067 0.262432 -0.92742 -0.2665
-42.9188 76.5588 17.7483 0.248154 -0.932797 -0.261103
-42.9297 76.2713 18.6363 0.249752 -0.918708 -0.305941
-43.0611 75.8261 19.7563 0.226784 -0.888568 -0.398684
-43.4624 75.2715 20.7326 0.247296 -0.882323 -0.400425
-43.7375 75.0402 21.0767 0.2457 -0.883884 -0.397971
-43.0345 74.9319 21.7195 0.236203 -0.88134 -0.409202
-43.8378 74.4152 22.3703 0.235191 -0.881229 -0.410025
-44.5825 73.9396 22.905 0.274668 -0.880423 -0.386539
-45.6926 73.2071 23.6383 0.30982 -0.844416 -0.437004
-46.5017 72.7139 23.9835 0.368329 -0.83475 -0.409229
-47.1864 72.779 23.2454 0.370719 -0.831017 -0.414699
-47.4601 73.1445 22.2511 0.375517 -0.837023 -0.397969
-47.8034 73.4412 21.2484 0.41873 -0.834181 -0.358896
-48.0805 73.7126 20.2942 0.408505 -0.847559 -0.337688
-48.2906 73.9587 19.266 0.435689 -0.852442 -0.288995
-48.3035 74.3049 18.2209 0.442848 -0.851936 -0.279447
-48.0732 74.7252 17.2214 0.421567 -0.873755 -0.242557
-47.676 75.2227 16.1884 0.423652 -0.864762 -0.269641
-47.0836 75.789 15.0692 0.364077 -0.909228 -0.20187
-46.5419 76.1476 14.3021 0.382635 -0.910526 -0.15663
-45.8635 76.5684 13.5732 0.374355 -0.911159 -0.171464
-45.1695 76.9302 13.0893 0.360038 -0.917406 -0.169526
-44.3072 77.3629 12.6023 0.347785 -0.920541 -0.177902
-43.2907 77.8056 12.1907 0.322103 -0.927496 -0.189738
-42.5225 77.8568 13.1691 0.249258 -0.944611 -0.212993
-42.3589 77.6823 14.0807 0.250308 -0.941011 -0.227478
-42.1934 77.4329 15.2526 0.239822 -0.93949 -0.244631
-42.0826 77.1238 16.5149 0.243361 -0.935173 -0.257346
-42.0406 76.8819 17.4167 0.230879 -0.934803 -0.269686
-42.0429 76.5194 18.5945 0.239997 -0.923745 -0.298489
-42.102 76.0831 19.7135 0.202411 -0.895835 -0.395135
-42.2742 75.6899 20.5074 0.226773 -0.888571 -0.398685
-42.6618 75.257 21.233 0.231973 -0.884798 -0.40413
-42.9379 75.0088 21.61 0.23741 -0.880944 -0.409359
-42.3107 74.8636 22.2937 0.23929 -0.884358 -0.400814
-43.0962 74.3492 22.953 0.242269 -0.880759 -0.406874
-43.974 73.8123 23.5787 0.255003 -0.874774 -0.411866
-44.9189 73.1889 24.2114 0.296864 -0.847497 -0.440023
-45.8888 72.5043 24.8492 0.31233 -0.841167 -0.441461
-46.5226 72.0247 25.3193 0.315576 -0.854953 -0.410751
-47.5715 71.6933 25.1288 0.341118 -0.841094 -0.419522
-47.8848 72.1144 23.9833 0.353955 -0.842551 -0.405984
-48.1861 72.629 22.6502 0.38611 -0.833268 -0.394156
-48.5218 72.9494 21.545 0.423966 -0.830862 -0.360447
-48.8326 73.2253 20.5006 0.458231 -0.830816 -0.315862
-49.0617 73.436 19.6142 0.451734 -0.838871 -0.303259
-49.1711 73.8478 18.2493 0.444358 -0.847123 -0.291425
-48.9801 74.2563 17.3003 0.453417 -0.852907 -0.257361
-48.6841 74.6592 16.3488 0.439941 -0.863725 -0.244847
-48.216 75.2286 15.2957 0.470446 -0.849411 -0.236301
-47.6444 75.7015 14.2495 0.407361 -0.903973 -0.12996
-47.1354 76.023 13.5765 0.377584 -0.913067 -0.153947
-46.1515 76.633 12.5941 0.382238 -0.908154 -0.170523
-45.4029 77.0261 12.1402 0.371241 -0.912047 -0.173736
-44.4735 77.489 11.6415 0.350282 -0.917586 -0.187985
-43.6272 77.8695 11.2969 0.319687 -0.930813 -0.176808
-42.615 78.2463 11.107 0.316423 -0.933893 -0.166497
-41.858 78.3498 11.6452 0.247256 -0.952366 -0.178334
-41.6384 78.1969 12.6956 0.249255 -0.944611 -0.213
-41.5304 78.0072 13.6045 0.241873 -0.943925 -0.224727
-41.3761 77.7699 14.7632 0.239229 -0.944262 -0.226141
-41.263 77.499 15.9185 0.226866 -0.938938 -0.257696
-41.1859 77.2613 16.806 0.20695 -0.940121 -0.27082
-41.138 76.9118 17.9231 0.17109 -0.923261 -0.343972
-41.1242 76.5507 18.9495 0.147655 -0.933168 -0.327317
-41.174 76.2084 19.8582 0.163021 -0.914166 -0.369259
-41.3884 75.6905 20.9055 0.172785 -0.893357 -0.4148
-42.0173 75.0945 21.9522 0.163416 -0.893049 -0.419034
-42.0677 75.0576 22.0108 0.196319 -0.888284 -0.412801
-41.2543 74.9412 22.5489 0.155518 -0.890581 -0.427394
-42.0771 74.4291 23.346 0.181081 -0.889406 -0.41867
-42.7669 74.0186 23.8534 0.223886 -0.878642 -0.421227
-43.6928 73.4354 24.4954 0.218367 -0.853522 -0.473031
-44.6287 72.8112 25.0994 0.287717 -0.839833 -0.460325
-45.4025 72.2735 25.6372 0.296121 -0.845558 -0.443858
-46.1586 71.713 26.2218 0.289577 -0.862644 -0.414718
-47.0415 70.9863 26.9763 0.360881 -0.828001 -0.429161
-48.1311 70.6016 26.8135 0.350913 -0.832826 -0.42809
-48.2993 71.0614 25.7811 0.356421 -0.835576 -0.417894
-48.6063 71.5764 24.4563 0.366009 -0.835056 -0.410754
-48.8192 71.8891 23.551 0.417899 -0.823815 -0.382999
-49.0273 72.1943 22.659 0.423495 -0.825391 -0.37334
-49.327 72.5105 21.6096 0.439599 -0.826514 -0.351108
-49.596 72.7485 20.6426 0.459978 -0.830379 -0.31447
-49.8913 73.0017 19.548 0.45943 -0.829212 -0.318326
-50.0174 73.3763 18.3291 0.462721 -0.842144 -0.275828
-49.8997 73.7343 17.3547 0.480353 -0.843823 -0.239213
-49.636 74.1231 16.4583 0.475092 -0.85231 -0.218761
-49.2233 74.6244 15.3539 0.482284 -0.851054 -0.207159
-48.8098 75.0758 14.4662 0.485599 -0.857422 -0.170354
-48.2775 75.5187 13.5366 0.404046 -0.900489 -0.158252
-47.479 76.086 12.4807 0.395295 -0.901327 -0.177066
-46.6925 76.5459 11.8277 0.378425 -0.91107 -0.163544
-45.7625 77.0313 11.2777 0.376562 -0.912784 -0.158069
-44.9386 77.4403 10.8447 0.373377 -0.915042 -0.1526
-43.9737 77.893 10.4124 0.363229 -0.921302 -0.138805
-43.1508 78.2176 10.1694 0.330812 -0.931073 -0.15345
-42.2707 78.5107 10.1641 0.269388 -0.949653 -0.159968
-41.2692 78.6973 10.6597 0.259805 -0.946533 -0.191245
-40.8561 78.6347 11.5228 0.247456 -0.946706 -0.205765
-40.731 78.4527 12.5267 0.223708 -0.954816 -0.195654
-40.5691 78.1479 13.9653 0.213683 -0.949766 -0.228559
-40.4405 77.8736 15.2205 0.196725 -0.94765 -0.25128
-40.2805 77.5792 16.3944 0.206699 -0.940634 -0.269221
-40.2357 77.1694 17.7158 0.174069 -0.935835 -0.306452
-40.2044 76.6697 19.0227 0.163182 -0.920848 -0.35365
-40.2402 76.3531 19.8718 0.14356 -0.92206 -0.358737
-40.3764 75.8891 20.875 0.144133 -0.898882 -0.413807
-40.6763 75.4464 21.7165 0.151684 -0.88957 -0.430836
-41.047 75.1048 22.2867 0.157681 -0.888954 -0.429997
-40.1348 75.0831 22.655 0.155173 -0.893637 -0.421111
-41.0561 74.4707 23.6472 0.120594 -0.899252 -0.418753
-41.8799 73.9955 24.3234 0.209381 -0.865828 -0.453678
-42.597 73.5464 24.8073 0.217645 -0.851401 -0.477202
-43.356 73.0595 25.3388 0.214538 -0.857405 -0.467792
-44.4162 72.3598 26.0519 0.251106 -0.833184 -0.492696
-45.3805 71.671 26.7667 0.234424 -0.853778 -0.464875
-46.1511 71.075 27.4589 0.299797 -0.839431 -0.45238
-46.8238 70.4322 28.1359 0.324368 -0.825081 -0.46263
-47.6371 69.7442 28.8629 0.301951 -0.840872 -0.449175
-48.4569 69.3944 28.9129 0.350335 -0.830786 -0.432484
-48.7739 69.6699 28.1354 0.345186 -0.833276 -0.431802
-48.9116 70.1116 27.1497 0.343184 -0.839572 -0.421121
-49.0789 70.4744 26.29 0.365316 -0.832783 -0.415267
-49.2317 70.832 25.4103 0.394303 -0.826056 -0.402688
-49.4649 71.2305 24.3322 0.418902 -0.828931 -0.370623
-49.8086 71.6957 22.8637 0.428446 -0.826287 -0.365526
-50.0443 71.9463 22.0278 0.450985 -0.826858 -0.336034
-50.2719 72.2007 21.0963 0.453105 -0.824511 -0.338909
-50.5432 72.412 20.1641 0.44948 -0.834259 -0.319342
-50.7634 72.6182 19.2943 0.48016 -0.826119 -0.294912
-50.8531 72.9484 18.1579 0.483051 -0.835718 -0.261221
-50.7167 73.3343 17.1197 0.483559 -0.84301 -0.235594
-50.4174 73.79 16.0554 0.479506 -0.849622 -0.219582
-50.0332 74.2606 15.019 0.470188 -0.858246 -0.205758
-49.581 74.7424 14.0051 0.469154 -0.862927 -0.187752
-49.1871 75.1246 13.2359 0.466147 -0.866317 -0.179155
-48.7087 75.5095 12.5691 0.463675 -0.870749 -0.163565
-48.1744 75.8866 11.8609 0.40999 -0.899946 -0.148344
-47.4917 76.3076 11.2146 0.401558 -0.903441 -0.149746
-46.7669 76.6933 10.7638 0.39647 -0.904069 -0.158969
-45.9988 77.0861 10.3433 0.365078 -0.918543 -0.150989
-45.2354 77.4644 9.94335 0.37311 -0.916839 -0.142004
-44.4008 77.851 9.57715 0.362596 -0.921405 -0.139777
-43.545 78.225 9.27361 0.344752 -0.928289 -0.139376
-42.6792 78.5722 9.12043 0.319272 -0.932177 -0.165587
-41.4157 78.9009 9.36658 0.279304 -0.944385 -0.173572
-40.5816 79.0447 9.87417 0.282134 -0.938818 -0.196532
-40.0428 79.0301 10.6402 0.256906 -0.945858 -0.198217
-39.8933 78.8322 11.7419 0.243521 -0.945016 -0.218274
-39.8267 78.6373 12.66 0.233611 -0.949916 -0.206966
-39.7074 78.4175 13.6678 0.212383 -0.948523 -0.23494
-39.5651 78.1721 14.7579 0.210315 -0.945809 -0.247412
-39.4766 77.9506 15.6716 0.177112 -0.945057 -0.273718
-39.3748 77.6048 16.8489 0.156541 -0.94032 -0.302149
-39.3319 77.229 18.0042 0.0551381 -0.940572 -0.335046
-39.2873 76.8734 18.9134 0.087656 -0.924557 -0.370825
-39.3265 76.4543 19.9494 0.110633 -0.920391 -0.374278
-39.4724 75.8742 21.2148 0.139958 -0.896768 -0.419784
-39.8987 75.3148 22.2504 0.150431 -0.891915 -0.426385
-39.9948 75.2044 22.4491 0.155174 -0.893637 -0.421111
-39.0564 75.1672 22.7562 0.0426411 -0.903273 -0.426942
-39.7601 74.6222 23.6942 0.0462541 -0.857848 -0.511817
-40.4461 74.2138 24.3019 0.0755273 -0.87927 -0.46837
-41.2622 73.7286 25.0026 0.121242 -0.844111 -0.520836
-42.0019 73.2727 25.5074 0.155075 -0.844022 -0.513247
-42.8898 72.7514 26.1124 0.213785 -0.85615 -0.470429
-43.6564 72.2436 26.6248 0.241226 -0.834453 -0.495477
-44.3153 71.7968 27.0815 0.230691 -0.862691 -0.449599
-45.0442 71.282 27.6783 0.248651 -0.862675 -0.440414
-45.74 70.7161 28.3443 0.265286 -0.841213 -0.470988
-46.3825 70.1208 29.0008 0.313108 -0.833289 -0.455352
-47.1658 69.3998 29.8217 0.302856 -0.839704 -0.450749
-48.0107 68.9168 30.1535 0.30442 -0.841159 -0.446968
-48.8455 68.7408 29.8639 0.350133 -0.833556 -0.427308
-49.4642 68.8404 29.1549 0.3631 -0.831357 -0.420703
-49.6717 69.3112 28.0676 0.375451 -0.820196 -0.431642
-49.743 69.7497 27.1237 0.387195 -0.826207 -0.409221
-49.9032 70.1277 26.1987 0.394044 -0.826414 -0.402205
-50.069 70.4501 25.3738 0.407055 -0.82616 -0.389126
-50.3144 70.8472 24.225 0.424463 -0.827016 -0.36853
-50.5568 71.1729 23.1847 0.426373 -0.830629 -0.358137
-50.9093 71.5675 21.7909 0.457108 -0.82472 -0.333001
-51.2159 71.8598 20.6308 0.459306 -0.827161 -0.323795
-51.5058 72.084 19.5869 0.477752 -0.827874 -0.2939
-51.6812 72.3236 18.6234 0.485441 -0.832336 -0.266597
-51.645 72.653 17.5857 0.496737 -0.831562 -0.248508
-51.4138 73.1496 16.3436 0.507439 -0.831926 -0.223548
-51.0338 73.646 15.1726 0.500829 -0.843858 -0.192547
-50.6821 74.0652 14.298 0.507648 -0.839999 -0.191283
-50.3074 74.4553 13.4976 0.502533 -0.84707 -0.17301
-49.8979 74.8498 12.7098 0.463681 -0.870747 -0.163561
-49.3141 75.3242 11.8037 0.461007 -0.874369 -0.151321
-48.778 75.718 11.1165 0.448402 -0.882721 -0.139976
-47.8827 76.2772 10.3454 0.425221 -0.893455 -0.143498
-47.1325 76.7033 9.85874 0.400627 -0.899987 -0.171818
-46.2575 77.1481 9.39806 0.352933 -0.922378 -0.157025
-45.4299 77.53 9.00788 0.365496 -0.919202 -0.146562
-44.4781 77.9693 8.59755 0.355146 -0.923025 -0.147976
-43.2522 78.5088 8.20095 0.358107 -0.919914 -0.159744
-42.1358 78.9069 8.16568 0.280436 -0.94444 -0.171433
-41.0769 79.1722 8.48484 0.302917 -0.934799 -0.18528
-40.0318 79.3637 9.09284 0.263171 -0.943778 -0.200061
-39.3181 79.4201 9.76395 0.257385 -0.941294 -0.218324
-39.0358 79.2604 10.8195 0.243476 -0.948053 -0.204733
-38.9629 79.0656 11.7099 0.228682 -0.946999 -0.225535
-38.8919 78.7944 12.9351 0.223712 -0.948477 -0.224374
-38.7807 78.5484 13.9964 0.204626 -0.941932 -0.263995
-38.6571 78.3172 14.8837 0.162891 -0.949976 -0.266481
-38.5332 78.0213 15.9796 0.143415 -0.939645 -0.308976
-38.4459 77.5598 17.2529 0.128331 -0.922646 -0.363669
-38.3744 77.1354 18.4153 0.0542809 -0.938837 -0.340057
-38.3317 76.8149 19.285 0.0876895 -0.924592 -0.370729
-38.4203 76.2893 20.5277 0.0618899 -0.919742 -0.387614
-38.4918 75.8598 21.358 0.0512604 -0.888587 -0.455331
-38.7727 75.4353 22.2176 0.0433135 -0.902666 -0.428157
-38.8165 75.3863 22.3167 0.042641 -0.903273 -0.426942
-37.9292 75.2477 22.6885 0.0332608 -0.876204 -0.480731
-37.6093 75.6958 21.8334 0.0734886 -0.897216 -0.435435
-37.4793 76.1988 20.8706 0.0758583 -0.888669 -0.452189
-37.4407 76.5693 20.0153 0.0834885 -0.920142 -0.382582
-37.4304 76.9268 19.1484 0.0832546 -0.930521 -0.355286
-37.4572 77.3357 18.1219 0.109347 -0.922446 -0.37032
-37.5228 77.6779 17.252 0.106099 -0.923434 -0.368773
-37.5832 77.9963 16.3961 0.120869 -0.936059 -0.330431
-37.6982 78.3963 15.1862 0.116137 -0.942091 -0.314606
-37.8456 78.6885 14.1044 0.164552 -0.948131 -0.271677
-37.9546 78.9833 13.0268 0.18335 -0.948097 -0.25676
-38.0302 79.2579 11.8268 0.212851 -0.947883 -0.237056
-38.1067 79.5113 10.7277 0.220662 -0.944803 -0.24195
-38.3096 79.7389 9.57813 0.257375 -0.941298 -0.218319
-39.1803 79.7264 8.56509 0.261718 -0.943464 -0.203279
-39.944 79.6034 8.1015 0.273871 -0.941179 -0.197933
-40.9917 79.3893 7.48684 0.30569 -0.935297 -0.178247
-41.8382 79.1844 7.19253 0.286031 -0.939798 -0.186991
-42.7683 78.8811 7.18113 0.349493 -0.921241 -0.170165
-43.8411 78.4557 7.34652 0.358708 -0.914734 -0.185313
-44.8149 77.9792 7.72754 0.364271 -0.916237 -0.165474
-45.7764 77.5295 8.1471 0.367056 -0.918273 -0.148449
-46.7657 77.0594 8.60747 0.399895 -0.910085 -0.108761
-47.5246 76.6556 8.98206 0.435341 -0.889839 -0.136617
-48.284 76.2174 9.42233 0.443273 -0.886071 -0.135598
-48.9258 75.8119 9.99928 0.439857 -0.888553 -0.130382
-49.6401 75.3303 10.7333 0.465373 -0.873603 -0.142288
-50.2073 74.8784 11.5332 0.487284 -0.858908 -0.157158
-50.8787 74.2746 12.7095 0.505214 -0.847226 -0.164218
-51.4032 73.7318 13.8125 0.510675 -0.840408 -0.181454
-51.7446 73.3482 14.625 0.511542 -0.837418 -0.192489
-52.0677 72.9287 15.5865 0.51543 -0.833032 -0.200742
-52.3943 72.3996 16.8839 0.521895 -0.824607 -0.217907
-52.4957 72.105 17.7351 0.532355 -0.818683 -0.215306
-52.4351 71.7766 18.9275 0.483608 -0.826588 -0.287881
-52.2078 71.534 19.9755 0.484933 -0.816287 -0.313717
-51.8753 71.2872 21.123 0.492252 -0.810136 -0.318379
-51.642 71.0498 22.0567 0.481066 -0.811929 -0.330677
-51.3523 70.7304 23.2623 0.483174 -0.809578 -0.333331
-51.0746 70.3142 24.5455 0.42446 -0.827018 -0.36853
-50.8978 69.9675 25.5572 0.400962 -0.833466 -0.379372
-50.6304 69.4937 26.7499 0.413401 -0.817298 -0.400324
-50.5845 69.0427 27.752 0.391362 -0.82536 -0.40696
-50.497 68.6001 28.7323 0.37274 -0.830097 -0.414733
-50.1873 68.1648 29.8849 0.345182 -0.850866 -0.396076
-49.2535 68.2022 30.5772 0.328275 -0.841444 -0.42916
-48.3982 68.3375 30.9765 0.330541 -0.839392 -0.431454
-47.3921 68.5492 31.2888 0.304455 -0.850144 -0.429608
-46.694 69.0515 30.8033 0.284323 -0.852299 -0.43903
-45.9585 69.8077 29.8453 0.283388 -0.841304 -0.46027
-45.4087 70.3047 29.2629 0.276588 -0.840138 -0.466468
-44.7606 70.8173 28.6779 0.229805 -0.847482 -0.478501
-43.9211 71.4389 27.9372 0.206274 -0.84949 -0.484695
-43.0663 71.9936 27.3265 0.23996 -0.831969 -0.500248
-42.1492 72.5789 26.6778 0.124038 -0.858085 -0.498204
-41.3692 72.9945 26.1665 0.150733 -0.850671 -0.503625
-40.6548 73.369 25.6897 0.0830606 -0.850857 -0.518791
-39.8649 73.8405 25.0114 0.061135 -0.860478 -0.505806
-39.253 74.2215 24.4306 0.0533596 -0.86785 -0.493952
-38.5866 74.6726 23.7158 0.0328178 -0.867937 -0.49502
-38.2063 74.987 23.1539 0.0241408 -0.878675 -0.476783
-37.5059 74.6975 23.7299 0.0274579 -0.877756 -0.47832
-36.9585 75.2251 22.8043 0.0427833 -0.873096 -0.48564
-36.6467 75.7204 21.9281 0.0279315 -0.885766 -0.463286
-36.521 76.4019 20.6185 0.0768845 -0.905188 -0.416314
-36.476 76.976 19.1885 0.0599176 -0.928416 -0.36668
-36.4969 77.3351 18.3409 0.0564945 -0.91781 -0.392975
-36.5948 77.7317 17.3766 0.0803243 -0.923807 -0.373592
-36.6532 78.0468 16.5358 0.0701635 -0.938552 -0.33793
-36.7423 78.4114 15.4516 0.0822985 -0.948114 -0.307095
-36.8652 78.7328 14.4333 0.0835981 -0.946199 -0.312601
-37.0052 79.0974 13.1808 0.160274 -0.943911 -0.288694
-37.0847 79.415 12.0274 0.192963 -0.95101 -0.241546
-37.1824 79.7121 10.8086 0.226406 -0.941315 -0.250333
-37.2591 79.9262 9.90125 0.235577 -0.943939 -0.231254
-37.4231 80.1005 9.0301 0.245153 -0.943705 -0.221603
-38.1384 80.0956 8.18657 0.256 -0.943614 -0.209887
-39.1041 79.9551 7.57061 0.26542 -0.943848 -0.196733
-40.0633 79.7854 7.00843 0.304377 -0.933798 -0.187853
-40.9809 79.5993 6.48229 0.302073 -0.932753 -0.196784
-42.2285 79.2715 6.15787 0.290898 -0.937249 -0.192059
-43.2291 78.8726 6.2813 0.349487 -0.921242 -0.170171
-44.0884 78.5034 6.44674 0.377375 -0.914926 -0.143176
-45.0405 78.0492 6.79661 0.38578 -0.910536 -0.148655
-45.9668 77.5999 7.20034 0.373941 -0.916949 -0.139186
-46.7718 77.1826 7.56099 0.399687 -0.90996 -0.11056
-47.6459 76.7429 8.01998 0.416974 -0.902454 -0.106478
-48.3913 76.3149 8.37071 0.45244 -0.883855 -0.118737
-49.1917 75.8269 8.98154 0.458293 -0.881253 -0.115175
-50.0246 75.2663 9.73953 0.475543 -0.870833 -0.124533
-50.7246 74.7366 10.6911 0.511471 -0.848253 -0.137225
-51.1609 74.3507 11.415 0.507362 -0.850422 -0.138986
-51.7336 73.822 12.4512 0.496545 -0.851685 -0.167558
-52.0906 73.4477 13.2148 0.507337 -0.842832 -0.179566
-52.5345 72.9277 14.3484 0.512503 -0.837146 -0.191119
-52.9371 72.3919 15.5487 0.528833 -0.826506 -0.192934
-53.1402 72.0637 16.3687 0.521894 -0.824608 -0.217907
-53.3224 71.647 17.4424 0.535023 -0.813563 -0.227517
-53.3078 71.4081 18.3307 0.547995 -0.805506 -0.225525
-53.1424 71.1311 19.4713 0.51765 -0.801448 -0.29952
-52.7785 70.8726 20.7806 0.504996 -0.805595 -0.30944
-52.4103 70.5503 22.1653 0.486626 -0.810774 -0.325238
-52.14 70.2358 23.3128 0.485284 -0.807225 -0.335987
-51.8535 69.8353 24.6386 0.466819 -0.816962 -0.338604
-51.626 69.3304 26.0972 0.448029 -0.797938 -0.40065
-51.4944 68.9266 27.0497 0.414854 -0.82962 -0.373665
-51.4224 68.4728 28.1248 0.404779 -0.829087 -0.385213
-51.3192 68.0629 29.0762 0.367788 -0.834876 -0.40953
-51.0794 67.6015 30.2605 0.375389 -0.838444 -0.395089
-50.396 67.5819 30.9388 0.345365 -0.83884 -0.419958
-49.5848 67.6983 31.3184 0.32187 -0.845008 -0.427029
-48.3793 67.88 31.8766 0.327817 -0.839394 -0.433536
-47.0582 68.1015 32.3503 0.272913 -0.840421 -0.4682
-46.1625 68.7201 31.7223 0.237562 -0.853267 -0.464219
-45.7308 69.2064 31.0692 0.238811 -0.84713 -0.474701
-45.1575 69.7717 30.3348 0.226587 -0.847466 -0.480063
-44.5133 70.3003 29.7094 0.229764 -0.845691 -0.48168
-43.9018 70.766 29.1116 0.164653 -0.87025 -0.464278
-43.0669 71.3467 28.4225 0.199817 -0.836266 -0.510619
-42.136 71.9234 27.7635 0.133552 -0.853532 -0.503355
-41.2927 72.3988 27.1864 0.130042 -0.851839 -0.507328
-40.5175 72.8228 26.6627 0.122547 -0.86346 -0.489305
-39.7903 73.2058 26.1376 0.0685979 -0.872561 -0.483665
-38.9609 73.6701 25.4222 0.0698812 -0.870802 -0.486642
-38.2296 74.1724 24.6237 0.0457776 -0.868102 -0.49427
-37.835 74.4414 24.1809 0.0274578 -0.877756 -0.47832
-37.0181 74.258 24.5662 0.0228452 -0.864584 -0.501204
-36.4651 74.6862 23.8132 0.0292791 -0.877971 -0.477817
-35.8967 75.233 22.8951 0.0464011 -0.871362 -0.488426
-35.627 75.7099 22.0117 0.028758 -0.886552 -0.461735
-35.5979 76.1566 21.1588 0.0132957 -0.892047 -0.451277
-35.5614 76.5573 20.3356 0.0115193 -0.911878 -0.408912
-35.525 77.0478 19.1447 0.0395652 -0.916546 -0.397195
-35.576 77.51 18.0686 0.0577666 -0.920027 -0.387507
-35.6987 77.9137 17.0983 0.0715258 -0.917288 -0.391748
-35.7351 78.2325 16.2105 0.0704188 -0.938607 -0.337723
-35.8269 78.5783 15.1818 0.0775185 -0.946653 -0.312701
-36.0362 79.0288 13.8369 0.118552 -0.933252 -0.339095
-36.116 79.3978 12.7706 0.150415 -0.936822 -0.313702
-36.187 79.6779 11.7288 0.201348 -0.94608 -0.253753
-36.2797 79.9395 10.6908 0.198418 -0.944731 -0.260984
-36.3376 80.1779 9.76866 0.203351 -0.947946 -0.244669
-36.5009 80.41 8.6805 0.219114 -0.941632 -0.254559
-36.9952 80.4921 7.90981 0.268781 -0.929835 -0.251325
-37.8122 80.4016 7.31334 0.282467 -0.932573 -0.224766
-38.7312 80.2544 6.78313 0.281373 -0.925747 -0.252629
-39.6899 80.0836 6.2117 0.322074 -0.923691 -0.207518
-40.536 79.9185 5.68071 0.30736 -0.928692 -0.20751
-41.6399 79.6425 5.23626 0.309642 -0.930934 -0.19293
-42.5291 79.3506 5.19595 0.393416 -0.903526 -0.169893
-43.5414 78.8926 5.35404 0.367694 -0.920715 -0.130711
-44.732 78.3466 5.65725 0.383166 -0.914973 -0.126522
-46.0273 77.7285 6.19976 0.384647 -0.91268 -0.137599
-46.8002 77.3275 6.50127 0.426075 -0.896906 -0.118405
-47.6043 76.8923 6.89058 0.43594 -0.892528 -0.114831
-48.3934 76.4587 7.29723 0.452559 -0.883661 -0.119726
-49.1416 76.0226 7.68232 0.464457 -0.87789 -0.116544
-49.7731 75.617 8.2139 0.466951 -0.876923 -0.113854
-50.4553 75.158 8.85387 0.475468 -0.870822 -0.124899
-51.2831 74.5154 9.95053 0.510393 -0.849703 -0.132301
-51.9822 73.9127 11.1271 0.502701 -0.853837 -0.135108
-52.4136 73.5411 11.8641 0.50194 -0.847259 -0.17356
-52.8467 73.0858 12.7413 0.52442 -0.833433 -0.174281
-53.25 72.5932 13.8242 0.527375 -0.827383 -0.193165
-53.5951 72.1436 14.8087 0.525216 -0.828853 -0.192697
-53.849 71.7847 15.6704 0.521593 -0.831204 -0.192462
-54.0256 71.4174 16.5749 0.542463 -0.808388 -0.228557
-54.1234 71.0854 17.5134 0.545528 -0.806259 -0.228791
-54.0824 70.8092 18.5876 0.544574 -0.801378 -0.246502
-53.849 70.5411 19.8659 0.517617 -0.807735 -0.281223
-53.5856 70.3792 20.7616 0.499783 -0.813044 -0.298585
-53.2407 70.1171 21.9957 0.488493 -0.812494 -0.318164
-52.9533 69.8047 23.19 0.474535 -0.812092 -0.339593
-52.7179 69.5227 24.1987 0.471154 -0.814669 -0.338124
-52.4644 69.0508 25.6416 0.43611 -0.823154 -0.363627
-52.3364 68.4929 27.0594 0.429486 -0.824028 -0.369374
-52.2959 68.1198 27.9177 0.419785 -0.825459 -0.3773
-52.1683 67.5727 29.2534 0.413503 -0.824922 -0.385381
-52.0827 67.222 30.1068 0.389621 -0.833692 -0.391009
-51.6337 66.9289 31.1398 0.377472 -0.836833 -0.396489
-50.782 67.0334 31.6932 0.370276 -0.831171 -0.41479
-49.8168 67.218 32.0998 0.32287 -0.847659 -0.420957
-48.9162 67.3652 32.503 0.324964 -0.848933 -0.416786
-47.7136 67.5237 33.0728 0.308317 -0.845706 -0.435572
-46.7123 67.6531 33.445 0.265145 -0.867805 -0.420253
-45.7891 68.2587 32.7873 0.267119 -0.858808 -0.436885
-45.0859 68.9908 31.7889 0.247891 -0.859914 -0.446205
-44.5604 69.5393 31.0423 0.225801 -0.854729 -0.467389
-43.9556 70.024 30.4139 0.168085 -0.855794 -0.489249
-43.3642 70.4739 29.8146 0.16521 -0.861732 -0.47961
-42.6057 70.9986 29.1575 0.184186 -0.852905 -0.488496
-41.7719 71.5284 28.5469 0.174841 -0.843726 -0.506994
-41.0551 71.9061 28.0821 0.117164 -0.859331 -0.497817
-40.2625 72.324 27.5928 0.137049 -0.845594 -0.515853
-39.3472 72.7865 26.9046 0.0329318 -0.871973 -0.488445
-38.4082 73.275 26.162 0.00676771 -0.861829 -0.507076
-37.8181 73.6341 25.5694 0.0363233 -0.858111 -0.512179
-37.2823 74.0317 24.9162 0.00237939 -0.847795 -0.529847
-37.1481 74.1523 24.7335 0.0188608 -0.846328 -0.532246
-36.2099 73.9406 25.1005 0.0213098 -0.841458 -0.539902
-36.8696 73.4164 25.9142 -0.00838081 -0.861931 -0.50666
-37.4667 73.0797 26.5076 0.00558595 -0.86458 -0.502326
-38.3031 72.6596 27.193 0.0147177 -0.85961 -0.510738
-39.2106 72.2308 27.8714 0.0221107 -0.855743 -0.516929
-39.9413 71.8811 28.3874 0.126299 -0.850218 -0.51073
-40.9554 71.3716 29.0187 0.116499 -0.855489 -0.504546
-42.0127 70.7551 29.7912 0.12967 -0.857781 -0.497152
-42.7608 70.2432 30.4677 0.185541 -0.867914 -0.46076
-43.2979 69.8237 31.0552 0.184736 -0.871969 -0.453368
-44.0982 69.132 31.9987 0.204182 -0.865221 -0.457932
-44.7649 68.4716 32.9333 0.216564 -0.868269 -0.446328
-45.2402 67.9926 33.6337 0.217141 -0.867999 -0.446573
-45.8939 67.4042 34.4329 0.25171 -0.857952 -0.44784
-46.8047 67.1307 34.4227 0.251312 -0.86502 -0.433954
-47.8854 67.0514 33.8927 0.304734 -0.858636 -0.412123
-48.8242 66.9418 33.4383 0.310403 -0.854343 -0.416737
-50.0327 66.7509 32.8902 0.323142 -0.853058 -0.409721
-51.2088 66.5182 32.3747 0.357098 -0.839389 -0.409764
-52.3303 66.3587 31.6867 0.378361 -0.838431 -0.392272
-52.9351 66.6354 30.487 0.40265 -0.832155 -0.381301
-53.007 67.0728 29.4508 0.403344 -0.83421 -0.376041
-53.0669 67.4581 28.5224 0.427803 -0.825955 -0.367117
-53.1509 67.8324 27.5856 0.430065 -0.824415 -0.367944
-53.1991 68.2086 26.6705 0.42942 -0.827472 -0.361784
-53.2656 68.5887 25.7268 0.45137 -0.821836 -0.346895
-53.4332 68.977 24.5426 0.453322 -0.828405 -0.328909
-53.6922 69.3112 23.3452 0.470259 -0.815965 -0.336242
-53.9406 69.5649 22.3334 0.48766 -0.813394 -0.31714
-54.2134 69.7894 21.2953 0.511041 -0.804196 -0.303489
-54.4828 69.9422 20.41 0.520794 -0.80992 -0.269504
-54.7016 70.0924 19.5021 0.536527 -0.801048 -0.265427
-54.8689 70.2925 18.5755 0.527251 -0.805799 -0.269617
-54.9368 70.5163 17.6802 0.524006 -0.81522 -0.246548
-54.8561 70.8807 16.5813 0.525037 -0.818846 -0.232006
-54.6837 71.2869 15.5125 0.520717 -0.821909 -0.230832
-54.3317 71.8105 14.2664 0.518929 -0.832049 -0.195978
-53.9859 72.2454 13.3052 0.527328 -0.828113 -0.190114
-53.6371 72.6722 12.3645 0.515433 -0.840254 -0.168232
-53.2169 73.092 11.5018 0.532348 -0.834552 -0.141873
-52.5563 73.6764 10.4073 0.512906 -0.848379 -0.131045
-52.0541 74.1207 9.51705 0.511346 -0.848952 -0.133425
-51.4097 74.6569 8.55658 0.509714 -0.850116 -0.132269
-50.8635 75.058 7.95859 0.483339 -0.866932 -0.121702
-50.2442 75.4755 7.39217 0.468439 -0.875697 -0.117099
-49.4713 75.9619 6.81972 0.462824 -0.878946 -0.115098
-48.6659 76.4457 6.36412 0.450255 -0.884519 -0.121112
-47.889 76.8799 5.98312 0.424138 -0.897786 -0.118686
-47.0205 77.3487 5.54812 0.423493 -0.898706 -0.113797
-45.9101 77.9079 5.11712 0.397287 -0.911531 -0.106182
-44.8391 78.4405 4.70993 0.399278 -0.90551 -0.143355
-43.9245 78.874 4.4665 0.396889 -0.906245 -0.145575
-43.0699 79.2785 4.29176 0.399075 -0.905483 -0.144355
-42.1502 79.6802 4.24002 0.339326 -0.926451 -0.159194
-41.3021 79.9566 4.31116 0.318554 -0.929314 -0.186813
-40.2787 80.2118 4.79172 0.320432 -0.921063 -0.221284
-39.1911 80.4254 5.48946 0.32402 -0.920157 -0.219825
-38.4089 80.5734 5.98485 0.293093 -0.925378 -0.239596
-37.4639 80.7275 6.50005 0.292556 -0.921275 -0.256248
-36.6551 80.8348 6.99255 0.254232 -0.93362 -0.252298
-35.8418 80.8726 7.63944 0.26163 -0.929861 -0.258218
-35.5129 80.5772 8.92549 0.226607 -0.934358 -0.275001
-35.4151 80.3325 9.88436 0.167324 -0.951265 -0.259032
-35.3478 80.0471 10.9379 0.141114 -0.949541 -0.279634
-35.2511 79.8108 11.8385 0.117833 -0.950671 -0.285619
-35.1662 79.3957 13.0972 0.102381 -0.939394 -0.327195
-35.0568 79.0212 14.1762 0.0859837 -0.936243 -0.340474
-34.9238 78.6857 15.1198 0.0953156 -0.937692 -0.333911
-34.8126 78.345 16.0654 0.0559321 -0.941883 -0.331251
-34.7903 78.0405 16.9352 0.0525519 -0.941479 -0.33293
-34.6916 77.7033 17.772 0.0560729 -0.91917 -0.389849
-34.6044 77.1106 19.1304 0.0555646 -0.908451 -0.414281
-34.6191 76.7146 20.0114 0.011526 -0.911878 -0.408913
-34.651 76.1487 21.1528 -0.0176771 -0.894985 -0.445746
-34.68 75.6833 22.0401 -0.0169627 -0.881471 -0.471929
-34.9622 75.1127 23.1031 -0.0228108 -0.874785 -0.483974
-35.3473 74.6947 23.8519 -0.0113097 -0.868517 -0.495531
-35.8951 74.2186 24.6651 0.0164034 -0.851199 -0.524586
-36.1274 74.0219 24.9771 0.018858 -0.846332 -0.532239
-35.2002 73.8725 25.2473 -0.00746154 -0.845692 -0.532615
-34.7087 74.2009 24.5563 -0.0738583 -0.857202 -0.507883
-34.2086 74.7104 23.7153 -0.0674176 -0.843821 -0.532158
-33.7528 75.2664 22.7206 -0.0539728 -0.863034 -0.502171
-33.7116 75.7247 21.917 -0.0438886 -0.872823 -0.486059
-33.6782 76.3303 20.7813 0.0192807 -0.887025 -0.461319
-33.67 76.7389 19.9765 0.00754119 -0.920956 -0.389593
-33.6591 77.0901 19.1463 -0.0063786 -0.915685 -0.401396
-33.7054 77.684 17.9039 -0.0140799 -0.895255 -0.445331
-33.8449 78.1957 16.6374 0.0261178 -0.946328 -0.320993
-33.8854 78.5239 15.6932 0.0161948 -0.933457 -0.358316
-34.0294 78.956 14.5788 0.0144349 -0.928244 -0.371691
-34.1853 79.3431 13.4869 0.0768155 -0.93482 -0.346714
-34.259 79.6731 12.5809 0.0761856 -0.934956 -0.346486
-34.3706 80.0496 11.3823 0.090196 -0.947682 -0.306198
-34.4428 80.3804 10.3178 0.119167 -0.946943 -0.297231
-34.5222 80.7181 9.12231 0.187356 -0.942388 -0.277133
-34.6145 81.0891 7.92797 0.206118 -0.934104 -0.290341
-35.0781 81.2982 6.93612 0.251797 -0.925361 -0.281536
-36.1342 81.1813 6.23178 0.261631 -0.92986 -0.258218
-37.1776 81.0538 5.64822 0.29223 -0.922097 -0.251016
-38.1283 80.8712 5.10895 0.302324 -0.9282 -0.216762
-39.2129 80.6697 4.41249 0.308176 -0.928588 -0.206678
-40.18 80.4537 3.80388 0.322603 -0.930582 -0.173042
-41.0077 80.2498 3.35493 0.324841 -0.927084 -0.186947
-41.9877 79.8813 3.27335 0.3601 -0.923589 -0.131574
-42.9085 79.4958 3.32784 0.38862 -0.911926 -0.131778
-44.1813 78.9099 3.5544 0.394707 -0.907004 -0.146797
-45.6395 78.1908 4.00477 0.409772 -0.901514 -0.139135
-46.6682 77.6551 4.40142 0.421461 -0.898055 -0.125437
-47.4678 77.2457 4.7113 0.420633 -0.899768 -0.11605
-48.1905 76.8552 5.08786 0.431844 -0.894876 -0.112355
-48.9502 76.4121 5.4756 0.462875 -0.87894 -0.114938
-49.8116 75.8967 5.9487 0.469954 -0.875641 -0.110992
-50.5408 75.4376 6.44773 0.475796 -0.873243 -0.105187
-51.171 75.0211 7.02273 0.503246 -0.856476 -0.114818
-51.9605 74.454 7.7954 0.500125 -0.856475 -0.126936
-52.4511 74.0575 8.45429 0.502028 -0.853087 -0.142148
-53.0814 73.4971 9.56993 0.503658 -0.85188 -0.143629
-53.5105 73.1132 10.3367 0.506109 -0.849653 -0.148081
-54.0858 72.6152 11.2073 0.514485 -0.843553 -0.153736
-54.5422 72.107 12.3571 0.526355 -0.83139 -0.177861
-54.9466 71.6209 13.3994 0.522034 -0.833615 -0.180463
-55.2996 71.1846 14.4012 0.505903 -0.84128 -0.19055
-55.5459 70.7749 15.4091 0.516931 -0.823038 -0.235351
-55.676 70.3161 16.7406 0.512972 -0.825994 -0.233571
-55.7088 69.9544 17.9144 0.514988 -0.820404 -0.248383
-55.6145 69.7028 18.9259 0.505107 -0.821811 -0.263618
-55.41 69.5284 19.8611 0.510357 -0.818894 -0.262508
-55.071 69.3122 21.1156 0.517751 -0.804052 -0.291989
-54.7891 69.1284 22.0952 0.510051 -0.807785 -0.295519
-54.5402 68.9106 23.1161 0.454295 -0.840796 -0.294412
-54.337 68.6678 24.0633 0.45287 -0.831195 -0.322528
-54.1544 68.2974 25.2464 0.449834 -0.827792 -0.335275
-54.0334 67.7998 26.5886 0.445698 -0.821602 -0.35542
-53.9628 67.3464 27.7339 0.43043 -0.826649 -0.362411
-53.902 66.7991 29.0456 0.425619 -0.828798 -0.363238
-53.8344 66.3618 30.125 0.422853 -0.829501 -0.364861
-53.7299 66.0018 31.0573 0.393323 -0.833939 -0.386985
-53.165 65.7798 32.0846 0.390318 -0.830755 -0.39685
-52.3843 65.8655 32.6794 0.392079 -0.83472 -0.386673
-51.4137 66.0372 33.1814 0.358234 -0.839502 -0.408535
-50.3383 66.2721 33.6461 0.341258 -0.846333 -0.40852
-49.4712 66.4139 34.0228 0.316306 -0.860418 -0.399064
-48.2403 66.5767 34.6323 0.301827 -0.867303 -0.395834
-47.0972 66.6625 35.2339 0.237524 -0.883012 -0.404812
-46.1932 66.7168 35.6462 0.237881 -0.883007 -0.404613
-45.392 67.0403 35.4504 0.257537 -0.872666 -0.414883
-44.6905 67.6881 34.5175 0.214453 -0.873472 -0.4371
-44.0791 68.3202 33.5582 0.215676 -0.87009 -0.44317
-43.5342 68.8558 32.7813 0.192827 -0.876464 -0.440485
-43.0308 69.3131 32.1131 0.171961 -0.859308 -0.481683
-42.4739 69.7828 31.4613 0.163529 -0.864668 -0.474982
-41.7411 70.2965 30.7269 0.116143 -0.879697 -0.461134
-40.8934 70.7974 30.0256 0.134022 -0.864682 -0.48411
-40.0929 71.1938 29.4661 0.0749371 -0.861464 -0.500445
-39.2782 71.5813 28.9616 0.0472257 -0.851364 -0.521728
-38.223 72.0606 28.2024 0.0374093 -0.86419 -0.501638
-37.2797 72.4763 27.5307 0.0234768 -0.867672 -0.496582
-36.6077 72.8386 26.9322 0.00558673 -0.864581 -0.502325
-35.9303 73.2669 26.1755 -0.00143672 -0.869768 -0.493458
-35.5238 73.5814 25.6935 0.0252425 -0.845471 -0.533425
-34.7909 73.2768 26.1639 -0.0401588 -0.845916 -0.531803
-35.4482 72.828 26.9308 -0.00974146 -0.858201 -0.513221
-36.2066 72.3505 27.7749 -0.0211784 -0.868762 -0.494777
-37.0433 71.951 28.4692 0.019535 -0.874063 -0.48542
-37.9082 71.5846 29.0627 0.0477413 -0.866531 -0.496834
-38.6931 71.2521 29.5919 0.058374 -0.882301 -0.466906
-39.4392 70.9408 30.0634 0.0752223 -0.880373 -0.468199
-40.1606 70.5996 30.5416 0.0985042 -0.865324 -0.491438
-40.9005 70.192 31.1335 0.113835 -0.877586 -0.465709
-41.7664 69.6079 32.0054 0.117261 -0.87262 -0.474115
-42.2894 69.1619 32.6476 0.171512 -0.872152 -0.45736
-42.9093 68.6239 33.4852 0.144836 -0.876681 -0.45865
-43.4353 68.1058 34.2801 0.175004 -0.869497 -0.461896
-44.0819 67.4537 35.3081 0.165807 -0.88303 -0.439052
-44.5742 66.9927 36.0019 0.232032 -0.8715 -0.432009
-45.1502 66.5108 36.6588 0.21182 -0.881582 -0.420983
-46.4242 66.2203 36.6057 0.242082 -0.887986 -0.390996
-47.5915 66.1923 35.9239 0.283564 -0.865546 -0.412822
-48.6086 66.1163 35.3602 0.301959 -0.867259 -0.395831
-49.6223 65.9905 34.8622 0.307967 -0.868246 -0.388872
-50.7507 65.7791 34.356 0.346226 -0.854587 -0.387051
-51.6206 65.5836 33.99 0.358053 -0.853127 -0.379436
-52.5055 65.3984 33.5755 0.366131 -0.855887 -0.364538
-53.3567 65.2319 33.0865 0.379038 -0.845361 -0.376424
-54.2235 65.3002 32.0527 0.379904 -0.847757 -0.370109
-54.6561 65.6962 30.6954 0.418668 -0.832935 -0.361852
-54.7003 66.0541 29.8211 0.423186 -0.830031 -0.363262
-54.7526 66.4525 28.8505 0.415662 -0.833163 -0.36478
-54.7675 66.8791 27.8393 0.417358 -0.836666 -0.354686
-54.851 67.3555 26.6141 0.433828 -0.830736 -0.348801
-54.9646 67.6798 25.6738 0.45193 -0.832193 -0.320947
-55.081 68.0422 24.6009 0.461227 -0.824239 -0.328482
-55.2454 68.3307 23.6447 0.470639 -0.822227 -0.319813
-55.4476 68.5659 22.6552 0.467446 -0.837469 -0.283092
-55.6844 68.7298 21.7555 0.465339 -0.842125 -0.272554
-55.9564 68.8742 20.8282 0.475871 -0.834247 -0.278217
-56.2497 69.0411 19.8329 0.492071 -0.833888 -0.249995
-56.4917 69.2224 18.7527 0.49119 -0.834522 -0.249611
-56.6021 69.5318 17.5153 0.495715 -0.830921 -0.25266
-56.4995 69.8572 16.5881 0.496054 -0.836522 -0.232725
-56.4189 70.2334 15.4294 0.517634 -0.826 -0.222613
-56.1194 70.7339 14.1232 0.525045 -0.833849 -0.170319
-55.7054 71.237 12.9702 0.525016 -0.831545 -0.181359
-55.2532 71.7678 11.8076 0.52703 -0.83314 -0.167682
-54.828 72.2339 10.7989 0.519708 -0.838748 -0.162499
-54.3072 72.7129 9.90149 0.506076 -0.850333 -0.144293
-53.8284 73.1365 9.08057 0.50527 -0.850957 -0.143436
-53.3125 73.6025 8.14759 0.497644 -0.854865 -0.146824
-52.69 74.1012 7.25684 0.493165 -0.861986 -0.117337
-52.0424 74.5704 6.55626 0.503168 -0.856896 -0.112035
-51.366 75.0442 5.90791 0.494652 -0.862908 -0.103483
-50.5018 75.6017 5.29345 0.476322 -0.871766 -0.114633
-49.3944 76.2854 4.67083 0.4738 -0.873434 -0.112371
-48.3178 76.9111 4.10879 0.439297 -0.891824 -0.108021
-46.9093 77.6783 3.48957 0.426512 -0.89444 -0.134409
-46.1135 78.1012 3.18904 0.410631 -0.900768 -0.141394
-45.3205 78.5109 2.89373 0.411491 -0.900022 -0.143655
-44.4637 78.9399 2.64389 0.393385 -0.906654 -0.152404
-43.4524 79.4165 2.42237 0.39365 -0.906455 -0.152904
-42.3061 79.9066 2.32302 0.369612 -0.916151 -0.155087
-41.1279 80.3743 2.35266 0.349688 -0.923645 -0.155677
-40.2855 80.6219 2.67206 0.331984 -0.930564 -0.154392
-39.5009 80.8106 3.15082 0.326753 -0.92918 -0.172737
-38.7113 80.9935 3.68184 0.319302 -0.928904 -0.18667
-37.6774 81.1957 4.34522 0.320244 -0.925201 -0.203563
-36.7051 81.3987 4.93145 0.29223 -0.922096 -0.251017
-35.8298 81.5189 5.40109 0.278803 -0.92007 -0.275209
-34.9833 81.6288 5.83572 0.192228 -0.949241 -0.248979
-33.9791 81.6283 6.57427 0.180371 -0.94939 -0.257148
-33.7397 81.4139 7.46131 0.197291 -0.938895 -0.282051
-33.6266 81.0993 8.51665 0.197986 -0.92835 -0.314593
-33.5582 80.7451 9.59172 0.133057 -0.940133 -0.313762
-33.4789 80.3615 10.7079 0.12922 -0.929538 -0.345343
-33.4166 80.0802 11.5727 0.0918965 -0.946971 -0.307899
-33.2948 79.5645 13.0607 0.0345071 -0.934624 -0.353959
-33.0954 79.1256 14.2008 0.0264653 -0.923902 -0.381714
-32.9049 78.7114 15.2475 0.0147585 -0.932837 -0.359995
-32.8566 78.3185 16.2922 0.0183343 -0.936971 -0.348925
-32.7998 77.8895 17.4194 -0.0489905 -0.900925 -0.4312
-32.7179 77.4888 18.2309 -0.0435258 -0.8967 -0.440493
-32.6949 77.1049 19.1248 0.00182619 -0.921457 -0.388475
-32.7478 76.6741 20.1464 -0.0456307 -0.9019 -0.424893
-32.7466 76.2438 20.9497 -0.0104134 -0.878645 -0.477361
-32.7332 75.692 21.8876 -0.0355215 -0.864914 -0.500326
-32.7946 75.2195 22.7025 -0.0550831 -0.85541 -0.515014
-33.0659 74.726 23.5408 -0.0525702 -0.851347 -0.521962
-33.5624 74.1809 24.4844 -0.0236414 -0.860116 -0.509551
-34.1205 73.7396 25.2883 -0.0669939 -0.871762 -0.484681
-34.6155 73.4073 25.9431 -0.0401617 -0.845918 -0.531799
-33.7116 73.1644 26.2199 -0.101879 -0.838932 -0.534528
-34.3092 72.7273 26.9852 -0.0523012 -0.846861 -0.529037
-34.9675 72.3477 27.6951 -0.050642 -0.855902 -0.514464
-35.6515 71.901 28.4804 -0.0564689 -0.86555 -0.496584
-36.5531 71.535 29.2018 -0.010219 -0.86458 -0.502391
-37.5919 71.1481 29.9046 0.00125678 -0.873632 -0.486586
-38.4153 70.8236 30.4286 0.0688027 -0.874658 -0.47976
-39.1651 70.5087 30.8844 0.0696529 -0.87062 -0.487001
-40.0059 70.086 31.5063 0.0836236 -0.880863 -0.465927
-40.9184 69.5253 32.3844 0.123411 -0.877496 -0.463354
-41.5608 69.0269 33.1501 0.138106 -0.874961 -0.464017
-42.0589 68.5831 33.8393 0.145108 -0.881107 -0.450105
-42.5543 68.1049 34.6156 0.160056 -0.875304 -0.455997
-43.0179 67.6158 35.3925 0.183991 -0.878784 -0.440226
-43.6782 66.9985 36.4304 0.179508 -0.894989 -0.408377
-44.3285 66.4116 37.284 0.223077 -0.883711 -0.410071
-45.3419 65.9262 37.9379 0.208748 -0.915336 -0.344361
-46.2842 65.793 37.6713 0.237559 -0.893221 -0.381712
-47.1085 65.7716 37.2168 0.235675 -0.892167 -0.38535
-48.2877 65.7269 36.4778 0.272497 -0.885442 -0.376481
-49.0743 65.6505 36.0403 0.29722 -0.873242 -0.386145
-50.193 65.5009 35.4892 0.33421 -0.86199 -0.380853
-51.4348 65.2295 34.9612 0.345192 -0.862046 -0.371101
-52.4362 65.0035 34.5545 0.345395 -0.861587 -0.371981
-53.2473 64.8009 34.1943 0.38687 -0.850182 -0.357104
-54.2534 64.6717 33.4451 0.378509 -0.844273 -0.379387
-54.97 64.7861 32.4638 0.380143 -0.847665 -0.370076
-55.47 65.1143 31.1506 0.394653 -0.8484 -0.352798
-55.5864 65.4186 30.3048 0.403628 -0.840147 -0.362263
-55.5942 65.8871 29.2042 0.404364 -0.840779 -0.359974
-55.6028 66.2821 28.2577 0.42014 -0.839271 -0.344997
-55.6291 66.7375 27.1364 0.426907 -0.834322 -0.348793
-55.7538 67.1155 26.0717 0.43689 -0.835985 -0.33148
-55.8678 67.5677 24.6988 0.43879 -0.841837 -0.314254
-55.9874 67.8455 23.7788 0.480006 -0.820078 -0.311554
-56.1731 68.0787 22.8525 0.478913 -0.82683 -0.29494
-56.4273 68.2482 21.9684 0.472228 -0.835049 -0.281816
-56.7194 68.3992 20.9836 0.467438 -0.842473 -0.267844
-57.005 68.5361 20.0428 0.478678 -0.841995 -0.24876
-57.3286 68.7597 18.6527 0.491198 -0.834517 -0.249612
-57.458 69.0846 17.3067 0.493471 -0.832843 -0.250691
-57.3438 69.3918 16.4616 0.496699 -0.835733 -0.234174
-57.2422 69.7668 15.2773 0.501239 -0.838807 -0.212505
-57.0425 70.1247 14.3075 0.498176 -0.845109 -0.193809
-56.7471 70.5097 13.3553 0.493582 -0.848843 -0.189318
-56.3668 70.9954 12.2546 0.508945 -0.837404 -0.199324
-55.8993 71.545 11.0036 0.508855 -0.842059 -0.178897
-55.5206 71.9473 10.1525 0.506078 -0.847004 -0.162462
-54.8739 72.5052 9.16289 0.499226 -0.853875 -0.147207
-54.3706 72.962 8.25073 0.506273 -0.848846 -0.152142
-53.7957 73.4715 7.20151 0.49737 -0.859113 -0.120614
-53.1329 73.9692 6.37525 0.494109 -0.860805 -0.121943
-52.5225 74.4078 5.72785 0.489264 -0.863984 -0.118964
-51.8675 74.8682 5.09602 0.490191 -0.863107 -0.121486
-51.0934 75.37 4.56419 0.480643 -0.869879 -0.110871
-50.2129 75.9159 4.05756 0.472351 -0.875208 -0.104303
-49.489 76.3597 3.637 0.475666 -0.873615 -0.102661
-48.7149 76.8276 3.25142 0.468152 -0.87696 -0.108076
-47.682 77.4147 2.79168 0.43328 -0.891163 -0.134314
-46.6341 77.9721 2.38326 0.425129 -0.895863 -0.129207
-45.6198 78.5216 1.98027 0.422576 -0.895649 -0.137968
-44.4595 79.1063 1.64931 0.411975 -0.899341 -0.146496
-43.4968 79.5601 1.44984 0.396529 -0.90511 -0.153393
-42.6697 79.9291 1.31878 0.369613 -0.915793 -0.157193
-41.791 80.2905 1.28034 0.365437 -0.918103 -0.153389
-40.8338 80.647 1.37971 0.339847 -0.927142 -0.157831
-39.8255 80.9323 1.83243 0.328155 -0.93068 -0.161707
-38.9025 81.1487 2.46379 0.328414 -0.930082 -0.164563
-37.9743 81.3599 3.0984 0.323727 -0.930891 -0.16924
-36.8634 81.5962 3.81223 0.315649 -0.927619 -0.199559
-35.5644 81.8249 4.55106 0.261148 -0.935336 -0.238638
-34.4351 81.9511 5.08435 0.197373 -0.940581 -0.276318
-33.5515 82.0154 5.55456 0.216223 -0.922103 -0.320894
-32.9158 81.8778 6.46876 0.197128 -0.942261 -0.270711
-32.7947 81.5939 7.52257 0.197056 -0.938958 -0.282003
-32.7173 81.3302 8.38893 0.194311 -0.925366 -0.325361
-32.645 81.0107 9.31618 0.180542 -0.919923 -0.348062
-32.5954 80.6225 10.3271 0.128085 -0.925812 -0.355366
-32.5137 80.3105 11.191 0.116175 -0.926644 -0.357369
-32.448 79.9322 12.2537 0.0665061 -0.933823 -0.349549
-32.3169 79.561 13.1655 0.0488517 -0.927878 -0.369023
-32.142 79.1811 14.1486 0.060991 -0.929798 -0.362981
-31.9978 78.8286 15.0713 0.0602119 -0.928077 -0.367489
-31.9648 78.1841 16.7041 0.0360438 -0.926897 -0.372763
-31.8058 77.722 17.654 -0.0405604 -0.912345 -0.406292
-31.707 77.2753 18.7302 -0.0128601 -0.920805 -0.389352
-31.7293 76.6823 19.9251 -0.0930893 -0.882345 -0.461304
-31.7952 76.1857 20.9514 -0.113689 -0.875421 -0.469403
-31.7717 75.5861 21.9645 -0.0746181 -0.852579 -0.517243
-31.9599 74.8992 23.1453 -0.064662 -0.85623 -0.512436
-32.2793 74.3835 24.0166 -0.054297 -0.8498 -0.524302
-32.6787 73.9388 24.8136 -0.0616748 -0.862497 -0.502289
-33.3835 73.4062 25.7886 -0.0973499 -0.834741 -0.541969
-33.4881 73.3283 25.9275 -0.0973502 -0.834741 -0.541969
-32.7303 72.9634 26.3533 -0.095797 -0.834626 -0.54242
-32.1499 73.3757 25.6187 -0.0960561 -0.836795 -0.539003
-31.4762 74.0061 24.514 -0.090546 -0.841931 -0.531888
-31.1929 74.4361 23.7733 -0.0907605 -0.846817 -0.524067
-30.9235 75.0673 22.6927 -0.088613 -0.851813 -0.516297
-30.8182 75.7539 21.4935 -0.104092 -0.869585 -0.482579
-30.8078 76.2815 20.5145 -0.114356 -0.884475 -0.452356
-30.7411 76.8605 19.3949 -0.0841547 -0.880554 -0.466415
-30.7929 77.4846 18.0897 -0.0837608 -0.912373 -0.4007
-30.9076 77.8537 17.2718 -0.04999 -0.899323 -0.434404
-30.9904 78.3755 16.2087 -0.048319 -0.898118 -0.437092
-31.0664 78.8276 15.1562 0.0119342 -0.925742 -0.377968
-31.1949 79.1989 14.263 0.0616938 -0.929671 -0.363189
-31.3535 79.5759 13.3059 0.0736895 -0.919049 -0.387156
-31.5128 79.968 12.3303 0.0708612 -0.92494 -0.373283
-31.594 80.3982 11.2219 0.0756564 -0.919901 -0.384103
-31.7104 80.9299 9.88359 0.137257 -0.920598 -0.365588
-31.7639 81.369 8.7884 0.152794 -0.91336 -0.377397
-31.8559 81.7508 7.65065 0.2119 -0.93363 -0.288292
-31.954 82.1042 6.43611 0.228584 -0.930689 -0.2856
-32.4014 82.4005 5.2158 0.212301 -0.922844 -0.321384
-33.6493 82.34 4.46075 0.249424 -0.926362 -0.282209
-34.9435 82.1665 3.85735 0.254253 -0.931812 -0.259003
-36.0721 81.9662 3.27573 0.322021 -0.92603 -0.195187
-36.9481 81.7858 2.7303 0.31513 -0.932589 -0.17558
-38.0181 81.5482 2.00206 0.335109 -0.925175 -0.177915
-39.0006 81.3245 1.25045 0.336722 -0.92632 -0.16859
-40.0737 81.0492 0.638119 0.329473 -0.930847 -0.158021
-41.1262 80.7088 0.331224 0.368642 -0.918404 -0.143316
-42.5351 80.1436 0.34463 0.359814 -0.922654 -0.13872
-43.7228 79.6176 0.539301 0.398265 -0.903919 -0.155931
-44.724 79.1251 0.746935 0.422637 -0.896967 -0.129726
-45.9416 78.4828 1.10071 0.442682 -0.888428 -0.121359
-46.7954 78.0241 1.43722 0.429488 -0.895561 -0.116232
-47.7535 77.5122 1.8298 0.446721 -0.886419 -0.119829
-48.7221 76.9438 2.24861 0.461649 -0.879813 -0.112902
-49.5093 76.4771 2.60102 0.469156 -0.875138 -0.118433
-50.4447 75.911 3.07106 0.469748 -0.875619 -0.112186
-51.1422 75.483 3.45561 0.48691 -0.865733 -0.115866
-51.8585 75.0248 3.90894 0.481015 -0.870815 -0.101518
-52.6507 74.5002 4.53308 0.493392 -0.862095 -0.115566
-53.2202 74.0909 5.15567 0.491978 -0.862922 -0.115414
-54.0409 73.494 6.03413 0.496689 -0.85949 -0.120739
-54.5493 73.0945 6.7521 0.499597 -0.857728 -0.121214
-54.9862 72.7191 7.55772 0.507368 -0.850297 -0.139303
-55.4174 72.3225 8.37637 0.499263 -0.854013 -0.146281
-56.0155 71.8053 9.30188 0.508307 -0.847383 -0.15351
-56.5465 71.3019 10.2669 0.513913 -0.84192 -0.16451
-56.87 70.9364 11.1097 0.502846 -0.845074 -0.181525
-57.1808 70.559 12.0095 0.508444 -0.840103 -0.188652
-57.624 70.009 13.3138 0.49359 -0.848839 -0.189317
-57.9681 69.5006 14.6225 0.479806 -0.851058 -0.212984
-58.1212 69.1056 15.8251 0.490133 -0.843728 -0.21879
-58.2189 68.7629 16.8734 0.48875 -0.840703 -0.233114
-58.2457 68.5166 17.7457 0.476721 -0.845823 -0.238699
-58.108 68.2045 19.0425 0.4668 -0.84755 -0.2525
-57.8566 68.0285 20.1144 0.479392 -0.840086 -0.253849
-57.53 67.9162 21.0782 0.471213 -0.840761 -0.266608
-57.2316 67.8018 21.9695 0.470944 -0.841002 -0.26439
-56.953 67.6089 22.988 0.446064 -0.84914 -0.282824
-56.7279 67.2417 24.3783 0.436679 -0.845245 -0.307961
-56.6238 66.9235 25.3797 0.43582 -0.843401 -0.31422
-56.5155 66.5821 26.3954 0.441363 -0.831865 -0.336451
-56.469 66.1346 27.5733 0.413372 -0.844219 -0.3412
-56.4727 65.7814 28.4322 0.41492 -0.839321 -0.351258
-56.4702 65.3966 29.388 0.392655 -0.85069 -0.349273
-56.4288 64.9075 30.5875 0.386891 -0.849867 -0.35783
-56.2227 64.5355 31.7074 0.390455 -0.85022 -0.353087
-55.787 64.3162 32.7036 0.378481 -0.848935 -0.368688
-55.1834 64.1832 33.6034 0.37533 -0.847747 -0.374679
-54.5362 64.1627 34.3298 0.380101 -0.851842 -0.360401
-53.5842 64.3188 34.977 0.387197 -0.851115 -0.354506
-52.4164 64.6088 35.4909 0.343823 -0.863973 -0.367866
-51.3441 64.8602 35.9065 0.343934 -0.862973 -0.370118
-50.2374 65.1012 36.3652 0.306109 -0.886149 -0.347904
-49.0312 65.2575 36.988 0.298488 -0.880591 -0.368055
-47.8599 65.3215 37.7381 0.271753 -0.885052 -0.377934
-46.8467 65.3419 38.382 0.239455 -0.894272 -0.378072
-45.873 65.4108 38.8439 0.246137 -0.89684 -0.367439
-44.8591 65.6737 38.8849 0.222639 -0.90117 -0.370867
-43.7176 66.2419 38.0578 0.216083 -0.90594 -0.363211
-43.1836 66.667 37.3826 0.209328 -0.896945 -0.388662
-42.6179 67.1873 36.4891 0.184617 -0.893979 -0.408312
-42.1182 67.6817 35.6559 0.176431 -0.884799 -0.430957
-41.3926 68.3957 34.4547 0.163721 -0.886063 -0.43369
-40.8963 68.8392 33.7099 0.135964 -0.88968 -0.43587
-40.3241 69.2578 33.035 0.125644 -0.883399 -0.451059
-39.7068 69.6577 32.4083 0.0889902 -0.888631 -0.449906
-38.9243 70.0711 31.7477 0.0696647 -0.899516 -0.430256
-37.7936 70.5226 31.0323 0.0578 -0.864474 -0.499343
-37.053 70.7725 30.5805 0.000733671 -0.875753 -0.482738
-36.2508 71.0532 30.0625 -0.0146426 -0.877993 -0.478449
-35.5435 71.3199 29.5515 -0.0124312 -0.871287 -0.490419
-34.7463 71.6481 28.8471 -0.0348612 -0.882276 -0.469265
-34.1477 72.0593 28.0942 -0.050642 -0.855903 -0.514464
-33.5038 72.4207 27.3781 -0.098675 -0.855862 -0.507674
-32.8802 72.8529 26.5504 -0.101882 -0.838934 -0.534525
-32.1673 72.4645 27.0441 -0.109056 -0.853322 -0.509852
-32.855 72.0183 27.9338 -0.0988659 -0.861907 -0.49728
-33.6375 71.5804 28.878 -0.109239 -0.872319 -0.476577
-34.313 71.2256 29.6175 -0.044936 -0.891406 -0.450821
-35.0469 70.9429 30.2696 -0.0203517 -0.890536 -0.45351
-36.1751 70.5397 31.0521 0.0189727 -0.896453 -0.442452
-37.1711 70.2054 31.6448 0.0345655 -0.890967 -0.452712
-38.2285 69.8402 32.3431 0.0696639 -0.899516 -0.430256
-39.1172 69.3717 33.0828 0.088098 -0.884962 -0.457254
-40.0203 68.8178 34.0189 0.0801513 -0.891149 -0.446575
-40.5975 68.2981 34.8914 0.116066 -0.884061 -0.452731
-41.0693 67.8647 35.6519 0.115 -0.897622 -0.425499
-41.6233 67.3038 36.6135 0.150454 -0.88933 -0.431805
-42.1586 66.7902 37.5341 0.156246 -0.910458 -0.382954
-42.725 66.3211 38.4046 0.196406 -0.905484 -0.376196
-43.4086 65.852 39.1876 0.191868 -0.907994 -0.37247
-44.3789 65.401 39.7756 0.197389 -0.902508 -0.382775
-45.2279 65.1513 39.9326 0.199875 -0.911189 -0.360254
-46.6354 64.9326 39.5038 0.256895 -0.895959 -0.362263
-47.5155 64.8911 38.9676 0.25911 -0.889331 -0.376384
-48.464 64.8805 38.3265 0.289742 -0.879638 -0.37721
-49.2895 64.832 37.7965 0.295738 -0.881573 -0.367913
-50.6167 64.6819 37.0992 0.299554 -0.884353 -0.35783
-51.7414 64.3983 36.6497 0.354659 -0.875823 -0.327328
-53.0205 64.0573 36.231 0.364547 -0.858836 -0.359006
-53.9796 63.8107 35.7875 0.376601 -0.859523 -0.345531
-54.7786 63.6925 35.2286 0.380425 -0.866096 -0.324277
-55.6149 63.6511 34.4126 0.376189 -0.854187 -0.358953
-56.3079 63.7448 33.4745 0.388724 -0.846197 -0.364478
-56.7815 63.9145 32.5661 0.381617 -0.852139 -0.357841
-57.1751 64.1991 31.4812 0.38097 -0.856635 -0.347527
-57.2979 64.4914 30.6273 0.395708 -0.845578 -0.358348
-57.3157 64.8946 29.6564 0.389793 -0.845858 -0.36403
-57.3198 65.2998 28.6365 0.392897 -0.854908 -0.338768
-57.3126 65.8017 27.3709 0.405063 -0.849776 -0.337136
-57.3482 66.2723 26.1423 0.421931 -0.848276 -0.319697
-57.4487 66.5814 25.1559 0.431482 -0.847361 -0.30952
-57.5644 66.8713 24.1959 0.444016 -0.846917 -0.292543
-57.6973 67.103 23.3235 0.444862 -0.846339 -0.292928
-57.9329 67.2794 22.3248 0.495829 -0.832862 -0.245956
-58.4195 67.4642 20.929 0.472034 -0.838559 -0.271668
-58.7506 67.6012 19.87 0.469199 -0.845711 -0.254217
-58.9762 67.8136 18.7439 0.469104 -0.846073 -0.253184
-59.0491 68.1235 17.4996 0.468401 -0.855669 -0.220069
-58.9844 68.3951 16.5947 0.487404 -0.842886 -0.227919
-58.9363 68.6933 15.5768 0.493053 -0.841228 -0.221886
-58.8464 68.9688 14.7233 0.486942 -0.845862 -0.217716
-58.6683 69.3206 13.7642 0.479797 -0.851063 -0.212987
-58.3878 69.6738 12.8668 0.47953 -0.858792 -0.180351
-57.9125 70.2518 11.4449 0.491448 -0.852751 -0.176903
-57.4589 70.7909 10.1449 0.499023 -0.849128 -0.173081
-56.8777 71.3365 9.04279 0.501394 -0.851563 -0.152932
-56.2924 71.8512 8.12203 0.505546 -0.849886 -0.148718
-55.8528 72.2377 7.36645 0.501483 -0.854106 -0.137901
-55.2754 72.7406 6.29004 0.49724 -0.858574 -0.124917
-54.8372 73.0986 5.56662 0.501789 -0.85651 -0.120813
-54.2744 73.5133 4.95567 0.49573 -0.859442 -0.124946
-53.7266 73.9142 4.32461 0.490567 -0.863747 -0.115264
-52.9889 74.429 3.58517 0.484786 -0.866784 -0.116908
-52.3106 74.8755 3.08593 0.485632 -0.866401 -0.116227
-51.5408 75.3712 2.61745 0.484636 -0.867519 -0.111856
-50.8267 75.8142 2.23788 0.481942 -0.869605 -0.107329
-50.1204 76.2522 1.84213 0.469853 -0.874755 -0.118499
-49.2269 76.7721 1.45777 0.464723 -0.879436 -0.103082
-48.4506 77.2272 1.13435 0.472066 -0.875521 -0.103034
-47.4685 77.7904 0.704615 0.435248 -0.894154 -0.105108
-46.6838 78.2099 0.385051 0.440443 -0.890494 -0.113655
-45.7307 78.7308 0.0591463 0.442455 -0.88836 -0.122675
-44.9264 79.146 -0.167063 0.427746 -0.897978 -0.103293
-44.1369 79.5349 -0.357638 0.412995 -0.905322 -0.0980497
-43.2665 79.9397 -0.524602 0.406571 -0.909594 -0.0856615
-42.0576 80.4561 -0.613729 0.381639 -0.921083 -0.0765947
-40.9414 80.9028 -0.575222 0.36481 -0.92497 -0.106509
-39.9138 81.2529 -0.309099 0.331434 -0.941405 -0.0581836
-38.9223 81.5366 0.185237 0.340128 -0.927028 -0.157671
-37.928 81.7814 0.954959 0.346119 -0.92341 -0.165548
-37.0673 81.9757 1.58278 0.354164 -0.913342 -0.200933
-36.2123 82.1757 2.13931 0.340753 -0.917025 -0.20725
-35.1428 82.3974 2.74507 0.267362 -0.935972 -0.229072
-34.1106 82.5617 3.26682 0.268161 -0.926835 -0.262749
-33.1523 82.7011 3.75605 0.259952 -0.925001 -0.276392
-31.9462 82.8473 4.33899 0.245069 -0.915474 -0.318107
-31.2611 82.7246 5.16131 0.247199 -0.907236 -0.340317
-31.0503 82.437 6.10783 0.242542 -0.924403 -0.294369
-30.9836 82.1455 7.07819 0.235565 -0.927547 -0.289981
-30.9095 81.7538 8.12527 0.118182 -0.924531 -0.362319
-30.8252 81.4227 8.97798 0.109867 -0.915934 -0.385638
-30.7817 81.0322 9.892 0.0961149 -0.916133 -0.389129
-30.6629 80.6193 10.9195 0.0883055 -0.916427 -0.390089
-30.6169 80.195 11.9135 0.0658542 -0.928776 -0.364745
-30.5141 79.8551 12.7997 0.0708676 -0.924942 -0.373278
-30.2851 79.3524 14.0245 0.0667076 -0.923455 -0.377507
-30.1671 78.9637 14.8915 -0.0305782 -0.907639 -0.418637
-30.0706 78.535 15.7996 -0.0306818 -0.901183 -0.432344
-29.9931 78.0275 16.8476 -0.0289185 -0.900493 -0.433908
-29.8529 77.5136 17.9311 -0.0230019 -0.903906 -0.427113
-29.7812 77.0894 18.7844 -0.0923188 -0.880092 -0.46574
-29.8102 76.4321 20.0249 -0.0889096 -0.880612 -0.465405
-29.884 75.8707 21.0934 -0.0978363 -0.874548 -0.474953
-29.9039 75.3359 22.0738 -0.0920722 -0.86232 -0.497449
-30.0348 74.7649 23.0318 -0.0967916 -0.848555 -0.520179
-30.2589 74.2328 23.9248 -0.10682 -0.844548 -0.524717
-30.6047 73.7071 24.839 -0.0905475 -0.841931 -0.531887
-31.0206 73.2874 25.5588 -0.0932424 -0.83521 -0.541968
-31.6305 72.8473 26.3401 -0.0949452 -0.834018 -0.543507
-31.992 72.5793 26.8144 -0.101996 -0.843672 -0.526677
-31.2361 72.2449 27.2124 -0.105984 -0.856784 -0.504619
-31.8235 71.8594 27.9975 -0.102915 -0.860251 -0.499376
-32.4605 71.4927 28.7824 -0.102626 -0.865053 -0.491033
-32.9923 71.1909 29.4428 -0.109693 -0.871659 -0.47768
-33.5734 70.8957 30.1129 -0.107231 -0.870515 -0.480314
-34.2925 70.6239 30.7628 -0.111475 -0.882064 -0.456926
-35.2209 70.3298 31.4724 -0.0311294 -0.886005 -0.462629
-36.2986 69.9915 32.1273 0.0355075 -0.888292 -0.457904
-37.1554 69.7104 32.6508 0.00459104 -0.892461 -0.450713
-38.1209 69.2982 33.3858 0.0327525 -0.878324 -0.476942
-38.8259 68.9161 34.0376 0.08036 -0.891479 -0.445879
-39.4799 68.4669 34.8185 0.0802233 -0.891651 -0.445559
-40.0635 67.9373 35.7695 0.113343 -0.896978 -0.427297
-40.6208 67.4227 36.7442 0.138162 -0.901315 -0.409387
-41.2876 66.7819 37.9026 0.159013 -0.908091 -0.387409
-41.8971 66.2629 38.9014 0.14678 -0.91517 -0.375393
-42.6554 65.7274 39.8534 0.178739 -0.899913 -0.397755
-43.6999 65.2421 40.5357 0.18625 -0.91078 -0.368497
-44.6292 64.9215 40.846 0.19988 -0.911192 -0.360245
-46.0847 64.6279 40.7766 0.227596 -0.912266 -0.338775
-47.2553 64.4727 40.1566 0.285021 -0.888742 -0.358153
-48.1213 64.4499 39.5913 0.273741 -0.884394 -0.378018
-49.3404 64.4276 38.7312 0.281581 -0.88598 -0.368445
-50.7733 64.2832 37.9315 0.292966 -0.882585 -0.367715
-51.6752 64.0841 37.5649 0.348356 -0.872048 -0.343231
-52.5551 63.8388 37.2719 0.350068 -0.878014 -0.326411
-53.4997 63.5492 36.9971 0.379664 -0.86791 -0.320291
-54.4547 63.3179 36.5437 0.355853 -0.878696 -0.318217
-55.1942 63.2228 35.9956 0.370298 -0.86644 -0.334592
-55.9527 63.1519 35.2939 0.380999 -0.865842 -0.324279
-56.7771 63.2037 34.2626 0.37723 -0.857481 -0.349736
-57.5212 63.398 33.0485 0.365091 -0.858204 -0.360772
-57.9133 63.6239 32.0959 0.36587 -0.865699 -0.341325
-58.1464 64.0219 30.7982 0.394156 -0.850807 -0.347298
-58.1687 64.3976 29.9081 0.383881 -0.846139 -0.369709
-58.2024 64.8294 28.7999 0.392952 -0.854858 -0.338831
-58.1584 65.3096 27.631 0.39476 -0.855419 -0.335295
-58.1558 65.6606 26.7105 0.417239 -0.850832 -0.319368
-58.1942 65.986 25.7556 0.426471 -0.849984 -0.309273
-58.2929 66.285 24.7977 0.438634 -0.850349 -0.28979
-58.5541 66.6483 23.2842 0.462288 -0.838819 -0.287528
-58.7899 66.8055 22.2759 0.456018 -0.849159 -0.266128
-59.1554 66.9715 21.1734 0.441873 -0.850973 -0.283526
-59.4595 67.0948 20.2472 0.458179 -0.85091 -0.256951
-59.7826 67.3652 18.7638 0.460045 -0.850996 -0.253305
-59.86 67.7321 17.3265 0.450753 -0.861845 -0.232475
-59.8176 67.993 16.4364 0.452074 -0.862577 -0.227135
-59.7544 68.3281 15.2897 0.453599 -0.861567 -0.227915
-59.6144 68.7021 14.1013 0.461922 -0.860984 -0.212918
-59.3626 69.0904 13.0678 0.475537 -0.860887 -0.180935
-59.0497 69.467 12.1065 0.468795 -0.86478 -0.179779
-58.6765 69.917 10.9675 0.475514 -0.860994 -0.180424
-58.3255 70.3256 9.95471 0.482896 -0.856751 -0.181078
-57.7234 70.898 8.76979 0.483791 -0.860378 -0.1603
-57.0766 71.4514 7.75896 0.495572 -0.854176 -0.157453
-56.5585 71.9083 6.86332 0.496539 -0.855859 -0.144757
-55.9428 72.4318 5.74472 0.488207 -0.864138 -0.122146
-55.1782 73.0393 4.60449 0.495959 -0.857651 -0.135864
-54.5778 73.4935 3.90405 0.489868 -0.862557 -0.126589
-53.8109 74.0422 3.06345 0.482947 -0.868186 -0.114088
-52.9546 74.6113 2.37222 0.484353 -0.867094 -0.116402
-51.9039 75.2754 1.76224 0.482483 -0.869289 -0.107457
-51.1403 75.7471 1.37341 0.483036 -0.868229 -0.113209
-50.2015 76.3363 0.901175 0.467144 -0.875976 -0.118619
-49.2258 76.8909 0.463678 0.448297 -0.88454 -0.128489
-48.4378 77.352 0.121891 0.471379 -0.876046 -0.101712
-47.5385 77.8719 -0.278106 0.440434 -0.890498 -0.113656
-46.3385 78.5353 -0.716982 0.444037 -0.887602 -0.122435
-45.4076 79.0138 -0.980732 0.427397 -0.896573 -0.116144
-44.3704 79.5192 -1.28114 0.405367 -0.909792 -0.0891928
-43.5205 79.9143 -1.44886 0.400498 -0.912634 -0.0812787
-42.6907 80.266 -1.54992 0.376709 -0.923615 -0.0708319
-41.5916 80.7195 -1.57871 0.35835 -0.931983 -0.0318936
-40.6508 81.055 -1.51371 0.337163 -0.941431 0.00509522
-39.7859 81.3675 -1.3184 0.325309 -0.94427 -0.0314162
-38.7731 81.7258 -0.82119 0.401752 -0.912318 -0.0791924
-37.9828 81.9588 -0.271794 0.357627 -0.921555 -0.149861
-36.9369 82.2361 0.601464 0.366152 -0.917131 -0.157492
-35.847 82.5007 1.30155 0.342092 -0.916398 -0.20781
-34.7491 82.7276 1.94839 0.291623 -0.926851 -0.236441
-33.8778 82.8894 2.36894 0.279814 -0.923852 -0.260865
-32.9285 83.0336 2.85319 0.284026 -0.918864 -0.273894
-31.7906 83.2111 3.33792 0.256378 -0.920513 -0.294827
-30.7942 83.2362 4.09368 0.121951 -0.927888 -0.334027
-30.2426 82.9309 5.18287 0.122866 -0.938473 -0.322758
-30.067 82.4571 6.60145 0.117785 -0.935466 -0.332788
-30.0043 81.9554 7.94425 0.136322 -0.920765 -0.365525
-29.8604 81.3964 9.30353 0.129 -0.903325 -0.4091
-29.7758 80.993 10.2452 0.112446 -0.919041 -0.377782
-29.7232 80.5803 11.1739 0.0575952 -0.911406 -0.407458
-29.6691 80.1798 12.1054 0.0550387 -0.92994 -0.363569
-29.4825 79.6702 13.2888 0.0193222 -0.903637 -0.427863
-29.2522 79.0813 14.5816 -0.0171495 -0.902619 -0.430098
-29.1281 78.4693 15.8663 -0.0324451 -0.901874 -0.43078
-29.0642 78.0751 16.6798 -0.0538816 -0.897513 -0.437437
-28.9284 77.6203 17.6239 -0.0682537 -0.889827 -0.450277
-28.8349 77.1138 18.5505 -0.0923212 -0.88009 -0.465743
-28.8513 76.5042 19.6851 -0.114905 -0.873361 -0.473325
-28.9069 75.9734 20.6874 -0.114858 -0.876265 -0.467938
-28.9296 75.5214 21.5163 -0.118705 -0.851603 -0.510371
-28.9691 75.0363 22.3486 -0.131169 -0.853669 -0.504027
-29.0917 74.5583 23.1696 -0.168951 -0.824966 -0.539151
-29.3554 73.9633 24.1747 -0.102805 -0.842316 -0.52905
-29.7389 73.391 25.1628 -0.110652 -0.840377 -0.530587
-30.209 72.9455 25.9425 -0.104189 -0.827987 -0.55085
-30.7467 72.577 26.6025 -0.103951 -0.830145 -0.547626
-31.1122 72.3314 27.0412 -0.102003 -0.84367 -0.526679
-30.3094 71.9572 27.4629 -0.135746 -0.85144 -0.506581
-29.6853 72.4155 26.622 -0.113066 -0.830944 -0.544688
-29.0691 72.8766 25.8043 -0.158556 -0.824632 -0.542293
-28.6701 73.3201 24.9693 -0.177621 -0.830183 -0.528438
-28.3175 73.8805 23.9685 -0.178705 -0.829748 -0.528754
-28.0796 74.7198 22.6329 -0.16911 -0.825948 -0.53764
-27.9742 75.2219 21.8123 -0.106183 -0.849474 -0.516836
-27.9673 75.6946 20.9844 -0.111747 -0.877616 -0.466157
-27.9484 76.1394 20.1425 -0.121666 -0.878085 -0.462659
-27.888 76.6341 19.2302 -0.0962857 -0.871415 -0.481005
-27.9347 77.1938 18.2294 -0.0962737 -0.868243 -0.486708
-28.0344 77.6652 17.3997 -0.0682535 -0.889828 -0.450276
-28.1807 78.2605 16.2203 -0.0420556 -0.896864 -0.440174
-28.2469 78.7881 15.1009 -0.0500977 -0.905176 -0.422074
-28.3542 79.2083 14.2372 -0.0571932 -0.89916 -0.433867
-28.5642 79.7755 13.0848 -0.052318 -0.901104 -0.430434
-28.7267 80.1827 12.2406 0.0371845 -0.916788 -0.395716
-28.7779 80.5684 11.3341 0.0600717 -0.913885 -0.401443
-28.8707 81.2165 9.97086 0.0894052 -0.908894 -0.405599
-29.0154 81.7636 8.7267 0.0567341 -0.908113 -0.414621
-29.1009 82.1152 7.87168 0.136006 -0.918416 -0.371503
-29.1341 82.4565 6.92557 0.141887 -0.937067 -0.319019
-29.1425 82.7812 5.96794 0.147943 -0.934886 -0.322565
-29.2475 83.1319 4.97179 0.127523 -0.92998 -0.344783
-29.6848 83.3889 3.82361 0.0600232 -0.940247 -0.325197
-30.4258 83.6113 3.08704 0.216349 -0.930161 -0.295517
-31.3417 83.584 2.54013 0.238455 -0.923903 -0.29774
-32.347 83.4327 2.10584 0.261847 -0.924178 -0.278049
-33.648 83.2028 1.55289 0.28269 -0.917381 -0.280176
-34.6846 82.9947 0.980968 0.31401 -0.913797 -0.255604
-35.5885 82.7952 0.432876 0.343384 -0.91591 -0.207837
-36.4456 82.5566 -0.127408 0.36425 -0.918197 -0.155681
-37.3988 82.3065 -0.944731 0.370321 -0.918225 -0.140448
-38.3802 81.9577 -1.66457 0.412866 -0.908354 -0.0629961
-39.3231 81.5825 -2.18823 0.389145 -0.919449 -0.0563943
-40.4496 81.1221 -2.45491 0.363964 -0.930149 -0.0255527
-41.8171 80.6455 -2.55276 0.328237 -0.944498 -0.0135916
-43.1357 80.1566 -2.44729 0.36257 -0.930348 -0.0431679
-43.9734 79.7891 -2.32921 0.391501 -0.915831 -0.0880296
-45.0226 79.311 -2.06044 0.396369 -0.913554 -0.0911625
-46.2099 78.7215 -1.722 0.439874 -0.891536 -0.108045
-47.4359 78.0617 -1.33225 0.446239 -0.887447 -0.115353
-48.3149 77.5722 -0.956957 0.450338 -0.884242 -0.123348
-49.0379 77.1529 -0.617709 0.444544 -0.885226 -0.136953
-49.9741 76.6177 -0.203193 0.465517 -0.875112 -0.130225
-50.7775 76.1145 0.179451 0.484125 -0.866613 -0.120846
-51.8267 75.4627 0.710005 0.474931 -0.871235 -0.124054
-52.7585 74.8852 1.17097 0.485138 -0.866173 -0.119938
-53.472 74.428 1.5868 0.484682 -0.866653 -0.118291
-54.3462 73.8445 2.3013 0.483274 -0.867833 -0.115368
-54.9973 73.3859 2.97922 0.489592 -0.864244 -0.115681
-55.6378 72.9142 3.71703 0.490891 -0.860466 -0.136349
-56.3389 72.3683 4.67156 0.48444 -0.864575 -0.13347
-56.7675 72.0051 5.49737 0.472795 -0.87095 -0.133302
-57.2441 71.616 6.27481 0.484943 -0.861877 -0.148233
-57.7568 71.1656 7.19908 0.479434 -0.864143 -0.152971
-58.2413 70.7665 7.91226 0.483897 -0.860316 -0.160315
-58.7616 70.3133 8.77345 0.485644 -0.858824 -0.162973
-59.1804 69.8831 9.76832 0.48509 -0.857074 -0.173338
-59.7106 69.276 11.3064 0.447455 -0.874748 -0.185955
-59.9872 68.9641 12.1186 0.463739 -0.868586 -0.174657
-60.2311 68.6571 12.9619 0.454519 -0.864459 -0.214712
-60.5284 68.1219 14.4695 0.459142 -0.862942 -0.210977
-60.6143 67.8327 15.4779 0.452169 -0.864503 -0.219184
-60.68 67.4736 16.758 0.420293 -0.87961 -0.222661
-60.7046 67.1957 17.7727 0.423409 -0.876741 -0.228087
-60.5833 66.9067 18.9932 0.418283 -0.869565 -0.262481
-60.3441 66.6854 20.12 0.420302 -0.87092 -0.254647
-60.0624 66.5379 21.1094 0.436101 -0.858915 -0.267513
-59.6333 66.3525 22.2931 0.435535 -0.857393 -0.273577
-59.3284 66.2014 23.3311 0.468396 -0.84931 -0.24296
-59.1387 66.0006 24.2823 0.450789 -0.85072 -0.270306
-59.0575 65.7449 25.2477 0.386179 -0.874166 -0.293748
-58.9992 65.3805 26.3548 0.418156 -0.853893 -0.309691
-59.0153 65.0054 27.4114 0.385781 -0.872549 -0.299718
-59.0692 64.4676 28.7445 0.376718 -0.86238 -0.338116
-59.0169 63.9371 30.1334 0.360645 -0.863924 -0.351207
-58.9399 63.5235 31.237 0.351002 -0.87319 -0.338138
-58.6881 63.1602 32.4173 0.367757 -0.859849 -0.354139
-58.306 62.9449 33.3286 0.339315 -0.871975 -0.35137
-57.7139 62.759 34.374 0.315321 -0.893094 -0.32043
-57.172 62.6869 35.1635 0.322147 -0.897353 -0.301626
-56.5362 62.6768 35.8789 0.351668 -0.883231 -0.308165
-55.6676 62.7532 36.7003 0.376116 -0.867818 -0.324654
-54.3479 62.9757 37.608 0.366309 -0.87946 -0.302638
-53.2014 63.3074 38.0105 0.354336 -0.880974 -0.313423
-52.246 63.5986 38.2564 0.351364 -0.878983 -0.322384
-50.9486 63.8811 38.7579 0.312644 -0.890581 -0.330322
-50.1612 63.9722 39.1865 0.282591 -0.897997 -0.337259
-48.9343 64.0133 40.0396 0.247813 -0.906013 -0.343117
-48.0609 64.022 40.6475 0.246898 -0.905069 -0.346238
-47.2805 64.0782 41.1763 0.298381 -0.893891 -0.334557
-46.1294 64.2238 41.6699 0.218013 -0.913848 -0.342567
-45.2522 64.3926 41.7926 0.200843 -0.903707 -0.378108
-44.3687 64.6111 41.7352 0.198681 -0.903254 -0.380341
-43.4803 64.8931 41.503 0.186777 -0.907573 -0.376067
-42.5142 65.2696 41.0197 0.147346 -0.924403 -0.351807
-41.6699 65.7226 40.2447 0.139365 -0.907969 -0.395183
-41.0242 66.2089 39.3417 0.125248 -0.915836 -0.38131
-40.5789 66.5902 38.5676 0.123375 -0.89818 -0.421961
-40.1128 67.0268 37.7745 0.106604 -0.90242 -0.417074
-39.6666 67.4403 36.9686 0.0904351 -0.905049 -0.415581
-39.2304 67.8379 36.1992 0.0772135 -0.906851 -0.412351
-38.6162 68.364 35.163 0.0709598 -0.885776 -0.458656
-37.9012 68.8179 34.3263 0.0137578 -0.886205 -0.463088
-36.8508 69.28 33.4658 -0.00224535 -0.880726 -0.473621
-35.9343 69.569 32.8734 -0.0454073 -0.875914 -0.479774
-34.8483 69.8916 32.2485 -0.0259754 -0.862519 -0.505358
-33.7539 70.2219 31.4471 -0.117235 -0.893844 -0.432779
-32.8181 70.5815 30.5121 -0.108755 -0.870741 -0.479564
-32.1569 70.9165 29.7404 -0.145662 -0.871499 -0.468264
-31.4638 71.2855 28.9023 -0.123868 -0.853757 -0.505723
-30.8508 71.6319 28.1547 -0.137297 -0.847516 -0.512651
-30.6998 71.7281 27.9524 -0.135744 -0.851442 -0.506576
-30.0069 71.3046 28.4611 -0.129245 -0.847648 -0.514452
-29.4395 71.643 27.7637 -0.124693 -0.841702 -0.52506
-28.9002 72.0253 27.0407 -0.131411 -0.832519 -0.538186
-28.2489 72.5255 26.0968 -0.162942 -0.834075 -0.526998
-27.816 72.9736 25.2367 -0.160565 -0.838426 -0.520817
-27.4328 73.5288 24.2414 -0.164229 -0.832161 -0.529658
-27.2363 74.1412 23.2471 -0.161073 -0.823067 -0.544601
-27.0738 74.6835 22.3583 -0.174078 -0.831444 -0.527634
-27.0327 75.5052 21.0936 -0.162818 -0.850268 -0.497297
-27.0467 75.9411 20.2751 -0.113674 -0.865752 -0.487393
-26.938 76.6635 18.9605 -0.117817 -0.870239 -0.478263
-27.0362 77.2304 17.947 -0.126186 -0.867989 -0.480283
-27.1769 77.7266 17.0707 -0.13373 -0.872804 -0.469393
-27.2673 78.3207 15.8616 -0.115557 -0.90015 -0.419973
-27.306 78.7254 15.0262 -0.0927617 -0.882538 -0.461002
-27.419 79.1885 14.1454 -0.0767569 -0.895052 -0.439307
-27.5648 79.625 13.2786 -0.0535181 -0.899736 -0.433129
-27.7617 80.1411 12.24 -0.0430924 -0.89758 -0.438741
-27.8241 80.6809 11.1079 -0.00539935 -0.895713 -0.444601
-27.9151 81.101 10.2432 0.0111736 -0.894695 -0.446537
-28.0157 81.5542 9.33257 0.0318121 -0.904329 -0.424465
-28.111 81.943 8.47675 0.0610096 -0.90226 -0.426855
-28.2217 82.385 7.52654 0.09851 -0.910338 -0.399178
-28.2235 82.7722 6.4278 0.153999 -0.932707 -0.326102
-28.2199 83.1669 5.29369 0.153653 -0.933718 -0.32336
-28.4016 83.4514 4.30025 0.131542 -0.970014 -0.203241
-29.0227 83.8089 3.00219 0.00657331 -0.892028 -0.451933
-30.0441 83.9716 2.27484 0.18945 -0.931028 -0.311923
-31.249 83.9131 1.59569 0.250056 -0.907528 -0.337438
-32.727 83.6802 0.975376 0.297497 -0.907087 -0.297806
-33.9156 83.4304 0.447695 0.353059 -0.900682 -0.252501
-34.9674 83.18 -0.200783 0.377717 -0.900235 -0.21658
-35.7109 82.9728 -0.690501 0.425167 -0.89335 -0.145457
-36.6163 82.7048 -1.45069 0.377045 -0.915332 -0.141433
-37.3885 82.4597 -2.06392 0.44052 -0.895532 -0.0581088
-38.3151 82.0638 -2.72355 0.421088 -0.905759 -0.0478154
-39.1068 81.671 -3.19139 0.421012 -0.90603 0.0230261
-39.9752 81.2997 -3.3954 0.362376 -0.931981 0.00975471
-41.3095 80.8206 -3.51392 0.311538 -0.950102 0.0158171
-42.5879 80.4012 -3.462 0.31421 -0.946826 -0.0692329
-43.7566 79.9767 -3.31451 0.3544 -0.932915 -0.0638004
-44.6273 79.6001 -3.1313 0.394164 -0.913464 -0.101086
-45.6444 79.1275 -2.83616 0.411643 -0.905573 -0.100842
-46.4317 78.725 -2.62085 0.439135 -0.891136 -0.114177
-47.5826 78.1103 -2.27371 0.444828 -0.888427 -0.113237
-48.3678 77.675 -1.98179 0.47068 -0.876029 -0.105042
-49.5733 76.9656 -1.38116 0.46367 -0.881158 -0.0925666
-50.3504 76.5192 -1.03657 0.475886 -0.873186 -0.103764
-51.365 75.8813 -0.538653 0.488247 -0.865122 -0.114802
-52.3101 75.2982 -0.0673859 0.481914 -0.86946 -0.108619
-53.1218 74.7987 0.316294 0.48354 -0.868462 -0.109372
-54.0213 74.2303 0.835356 0.475915 -0.871392 -0.119079
-54.8161 73.7127 1.42671 0.478259 -0.868953 -0.127235
-55.8078 73.016 2.43396 0.476155 -0.869783 -0.129384
-56.4447 72.5607 3.15149 0.476687 -0.868479 -0.136063
-57.0594 72.0708 4.1206 0.457345 -0.878017 -0.14103
-57.5818 71.6524 5.00173 0.472619 -0.869198 -0.14461
-58.1696 71.1362 6.12704 0.46455 -0.87197 -0.15447
-58.8608 70.5459 7.23797 0.481671 -0.860973 -0.163452
-59.5138 70.0072 8.26377 0.450774 -0.878994 -0.155476
-60.0051 69.5275 9.43702 0.449183 -0.874546 -0.182675
-60.3474 69.1349 10.4382 0.447447 -0.874751 -0.185963
-60.7564 68.6706 11.6667 0.443773 -0.876756 -0.185365
-61.0992 68.2521 12.8569 0.435207 -0.881676 -0.182323
-61.3719 67.7246 14.3662 0.411685 -0.879681 -0.238069
-61.4514 67.4365 15.3981 0.419205 -0.883588 -0.20866
-61.5323 67.1258 16.5122 0.420298 -0.881306 -0.215981
-61.5656 66.8352 17.587 0.414697 -0.881 -0.227738
-61.4096 66.4752 19.1182 0.40629 -0.873493 -0.268214
-61.1884 66.2693 20.1495 0.425796 -0.866487 -0.260414
-60.9164 66.0998 21.1393 0.431292 -0.862053 -0.266181
-60.4751 65.9141 22.3268 0.435536 -0.857392 -0.273579
-60.1322 65.7776 23.4849 0.415195 -0.883407 -0.217266
-59.9117 65.5103 24.7687 0.395328 -0.876172 -0.275749
-59.8265 65.1527 25.9745 0.376333 -0.873097 -0.309953
-59.8432 64.6582 27.3567 0.380703 -0.873297 -0.303932
-59.9533 64.0238 28.8952 0.348604 -0.882332 -0.315303
-59.909 63.6221 30.025 0.298959 -0.89413 -0.333399
-59.8211 63.2361 31.0977 0.334497 -0.88228 -0.331195
-59.6121 62.8058 32.4595 0.333294 -0.883802 -0.328345
-59.2583 62.5821 33.3877 0.317865 -0.887159 -0.334532
-58.7733 62.4197 34.2772 0.315327 -0.893093 -0.320428
-57.9825 62.2718 35.5326 0.318903 -0.897998 -0.303131
-57.3624 62.2346 36.3224 0.3233 -0.899302 -0.294505
-56.6297 62.2699 37.0183 0.323182 -0.901809 -0.286748
-55.41 62.4386 37.9632 0.342508 -0.901466 -0.264663
-54.3251 62.6668 38.5757 0.329387 -0.89718 -0.294232
-53.054 63.043 38.9047 0.345871 -0.882723 -0.318077
-52.0612 63.3374 39.17 0.332643 -0.884966 -0.325253
-51.1102 63.509 39.6029 0.311352 -0.89022 -0.332517
-50.1908 63.5874 40.1823 0.28022 -0.897483 -0.340589
-49.4515 63.6052 40.7437 0.264014 -0.901749 -0.341853
-48.5296 63.6064 41.3929 0.257583 -0.90411 -0.340624
-47.6911 63.6517 41.9496 0.283782 -0.898992 -0.333227
-46.5006 63.8112 42.5343 0.253746 -0.903082 -0.344469
-45.3502 63.9904 42.7138 0.196393 -0.9073 -0.371802
-44.474 64.1905 42.689 0.196809 -0.907154 -0.371937
-43.6213 64.434 42.5314 0.170717 -0.903641 -0.39278
-42.6708 64.7632 42.1816 0.179221 -0.903203 -0.389894
-41.7858 65.1457 41.6795 0.16239 -0.923508 -0.347426
-41.0911 65.5084 41.0604 0.169883 -0.92044 -0.352028
-40.2907 66.049 39.9768 0.126144 -0.926375 -0.354757
-39.7326 66.516 38.9826 0.120754 -0.921208 -0.3697
-39.2434 66.963 38.1043 0.0898344 -0.90666 -0.412186
-38.8067 67.3777 37.2922 0.0723437 -0.908708 -0.410672
-38.294 67.8068 36.3728 0.0438707 -0.919198 -0.391343
-37.7511 68.2308 35.4881 0.00481601 -0.896825 -0.44236
-37.1442 68.5954 34.7747 0.00331672 -0.887197 -0.461255
-36.2911 68.9375 34.1001 -0.00469201 -0.884454 -0.466528
-35.554 69.1589 33.6204 -0.051722 -0.886304 -0.460207
-34.6459 69.3903 33.0974 -0.0242642 -0.87478 -0.483384
-33.8291 69.6428 32.595 -0.0963822 -0.871 -0.481735
-32.9946 69.9041 31.9266 -0.106453 -0.89941 -0.423943
-32.3169 70.1363 31.2657 -0.105301 -0.899479 -0.424085
-31.5405 70.4306 30.4348 -0.168277 -0.877756 -0.447072
-30.9076 70.8031 29.569 -0.139565 -0.859002 -0.492557
-30.204 71.1886 28.7064 -0.142981 -0.854378 -0.499573
-30.1441 71.2247 28.6277 -0.142426 -0.847954 -0.510479
-29.3145 70.852 29.0594 -0.120511 -0.854727 -0.504894
-30.0804 70.4341 29.9845 -0.139158 -0.861569 -0.488194
-30.5663 70.0761 30.7642 -0.168276 -0.877756 -0.447071
-31.4556 69.8155 31.6945 -0.155669 -0.882294 -0.442973
-32.8117 69.413 32.8601 -0.0953234 -0.885038 -0.454609
-34.0132 69.0387 33.7329 -0.0433543 -0.883146 -0.466768
-35.0462 68.7822 34.3061 -0.044233 -0.889097 -0.455576
-35.8907 68.5774 34.7991 -0.0242303 -0.891568 -0.451678
-36.8209 68.1246 35.7391 -0.000198751 -0.904649 -0.425769
-37.2538 67.7677 36.4933 -0.00171192 -0.921188 -0.389114
-37.7894 67.4414 37.2727 0.0200695 -0.915791 -0.400234
-38.3824 66.9142 38.4112 0.0684369 -0.914074 -0.398637
-38.7993 66.4757 39.3232 0.0852331 -0.930882 -0.355237
-39.3071 66.1061 40.1697 0.0991885 -0.935601 -0.338086
-39.938 65.6717 41.1587 0.159037 -0.936476 -0.312602
-40.5068 65.3429 41.7801 0.17141 -0.921242 -0.349185
-41.1916 64.9895 42.3794 0.184255 -0.908951 -0.37275
-42.1696 64.5073 43.0012 0.181154 -0.898501 -0.39985
-42.9919 64.1915 43.3564 0.171345 -0.902151 -0.395935
-44.0096 63.9033 43.5779 0.16908 -0.903035 -0.394893
-44.8926 63.7157 43.6267 0.1923 -0.909156 -0.369388
-46.2472 63.4681 43.5271 0.193288 -0.910043 -0.36669
-47.1933 63.3327 43.2109 0.27348 -0.89442 -0.353868
-48.3228 63.2278 42.5741 0.290729 -0.891296 -0.347947
-49.4616 63.1754 41.8274 0.256174 -0.899102 -0.354947
-50.1567 63.2028 41.2547 0.275283 -0.904059 -0.32695
-51.3627 63.1311 40.419 0.290666 -0.902186 -0.318595
-52.1769 63.0149 39.9895 0.285971 -0.905965 -0.312166
-53.3521 62.6635 39.7664 0.341286 -0.902013 -0.264379
-54.6615 62.3008 39.3969 0.322737 -0.908628 -0.265022
-55.4719 62.133 39.0152 0.322056 -0.912956 -0.249961
-56.3532 61.9794 38.3702 0.326868 -0.915418 -0.234836
-57.075 61.8829 37.7867 0.312589 -0.911629 -0.266874
-58.014 61.8257 36.9138 0.301562 -0.911849 -0.278512
-58.9249 61.8985 35.7047 0.302308 -0.90832 -0.288976
-59.4095 61.992 34.9255 0.30538 -0.905766 -0.293787
-59.997 62.1609 33.8494 0.298879 -0.898594 -0.321248
-60.4023 62.3648 32.8709 0.317558 -0.890505 -0.325818
-60.6977 62.7627 31.4705 0.332831 -0.886004 -0.322708
-60.8211 63.0778 30.5466 0.324211 -0.873839 -0.362343
-60.8426 63.4146 29.6964 0.350286 -0.878249 -0.324739
-60.8921 63.7499 28.645 0.339437 -0.892716 -0.29638
-60.7671 64.1505 27.6936 0.365956 -0.875271 -0.315513
-60.6475 64.5093 26.7821 0.374132 -0.878597 -0.296805
-60.6531 64.8148 25.9113 0.390325 -0.87274 -0.292663
-60.7903 65.2408 24.3624 0.396565 -0.875662 -0.275595
-61.1511 65.4541 22.9208 0.393419 -0.894766 -0.211224
-61.5484 65.5691 21.879 0.364685 -0.897594 -0.247648
-61.8842 65.7196 20.8969 0.367142 -0.88615 -0.282744
-62.1617 66.01 19.5216 0.393625 -0.882432 -0.257521
-62.3603 66.189 18.6272 0.405671 -0.878683 -0.251175
-62.4154 66.5244 17.2563 0.409783 -0.882847 -0.229476
-62.3787 66.7771 16.3721 0.391188 -0.895776 -0.211086
-62.3303 67.0357 15.3705 0.390585 -0.894198 -0.218728
-62.1924 67.4014 14.1081 0.410771 -0.883952 -0.222212
-62.063 67.6983 13.2378 0.430246 -0.877552 -0.210171
-61.688 68.1939 11.7505 0.431384 -0.883063 -0.184682
-61.2604 68.7062 10.3221 0.434241 -0.880974 -0.187934
-60.9577 69.0371 9.45998 0.442264 -0.876437 -0.190421
-60.5959 69.4131 8.48589 0.445366 -0.878828 -0.171203
-60.0131 69.9314 7.29542 0.438068 -0.883971 -0.163378
-59.3799 70.4229 6.42332 0.457141 -0.87041 -0.182782
-58.9152 70.816 5.69877 0.460646 -0.874198 -0.15352
-58.2469 71.4063 4.38591 0.462334 -0.872665 -0.157172
-57.8471 71.7686 3.44791 0.457348 -0.878015 -0.141027
-57.3504 72.128 2.76595 0.461075 -0.877117 -0.134146
-56.6275 72.6645 1.79904 0.473705 -0.871458 -0.127142
-55.9949 73.0889 1.25659 0.477664 -0.868899 -0.129813
-55.1124 73.6923 0.447599 0.474988 -0.870994 -0.125502
-53.9949 74.3923 -0.254606 0.473207 -0.873284 -0.11588
-53.2026 74.8841 -0.684108 0.476722 -0.871327 -0.116288
-52.3169 75.4222 -1.07022 0.47982 -0.869743 -0.115409
-51.5957 75.8746 -1.42763 0.485112 -0.865392 -0.12555
-50.5039 76.5542 -1.977 0.465956 -0.877273 -0.114351
-49.5256 77.1148 -2.46319 0.455921 -0.883378 -0.107646
-48.6457 77.6367 -2.87908 0.467741 -0.876814 -0.111423
-47.866 78.078 -3.14216 0.443972 -0.889062 -0.111613
-46.8017 78.6516 -3.49154 0.433871 -0.89453 -0.10716
-45.9196 79.0988 -3.73913 0.421533 -0.901334 -0.099074
-44.8569 79.5935 -3.98361 0.394151 -0.913858 -0.0975081
-44.0361 79.946 -4.17552 0.360735 -0.928771 -0.0833392
-42.7934 80.389 -4.39022 0.301384 -0.951724 -0.0574633
-41.7505 80.7213 -4.50981 0.277661 -0.959496 -0.0476692
-40.6564 81.0025 -4.40541 0.264842 -0.958881 0.0801273
-39.7009 81.357 -4.32991 0.341521 -0.932528 0.117281
-38.8861 81.7695 -4.13591 0.460355 -0.885324 0.0525416
-38.1545 82.1436 -3.77069 0.448719 -0.893524 0.0163318
-37.4266 82.5317 -3.25173 0.464072 -0.884401 -0.0266521
-36.6814 82.8887 -2.86098 0.417922 -0.900973 -0.102167
-35.6961 83.151 -1.77692 0.416781 -0.89821 -0.139664
-34.9785 83.4001 -1.17778 0.402934 -0.898505 -0.167742
-33.7005 83.7707 -0.401924 0.381954 -0.890983 -0.242107
-32.8965 83.9936 -0.0408826 0.329778 -0.894868 -0.295937
-31.9075 84.1835 0.311003 0.283314 -0.903814 -0.320321
-30.9936 84.2996 0.72063 0.228163 -0.918057 -0.324211
-30.0636 84.2972 1.33211 0.184045 -0.923202 -0.336875
-29.2046 84.3334 1.71808 0.191195 -0.928388 -0.318653
-28.3729 84.244 2.16739 0.030293 -0.914963 -0.394752
-27.7184 83.7623 3.11313 0.0620909 -0.933596 -0.319802
-27.3732 83.6252 4.1399 0.154361 -0.973267 -0.170071
-27.3054 83.4441 5.04895 0.136609 -0.968162 -0.209764
-27.3033 82.9427 6.50221 0.219896 -0.924682 -0.310806
-27.2735 82.457 7.6307 0.141513 -0.828502 -0.54181
-27.1919 82.0547 8.46693 0.116748 -0.892355 -0.435972
-27.094 81.5749 9.33213 0.0245772 -0.89309 -0.449206
-26.9813 81.0916 10.2991 0.0124002 -0.889754 -0.456046
-26.8531 80.6138 11.1875 -0.025827 -0.885495 -0.462872
-26.7849 80.1913 12.0209 -0.0521076 -0.88402 -0.463736
-26.6087 79.7772 12.8344 -0.067318 -0.890883 -0.449217
-26.5232 79.334 13.7004 -0.0961689 -0.883867 -0.45672
-26.408 78.874 14.5468 -0.114551 -0.879167 -0.462541
-26.3592 78.2457 15.7301 -0.133855 -0.887774 -0.4393
-26.2864 77.7056 16.8289 -0.163728 -0.874697 -0.456144
-26.1239 77.1735 17.7793 -0.160891 -0.873009 -0.460401
-26.0326 76.5505 18.9105 -0.152026 -0.868772 -0.4713
-26.0794 75.9924 19.9066 -0.18592 -0.855092 -0.483996
-26.1012 75.317 21.0358 -0.203057 -0.818429 -0.537513
-26.0775 74.7631 21.8755 -0.206941 -0.816427 -0.539068
-26.2255 74.1275 22.8975 -0.218612 -0.816717 -0.534024
-26.3437 73.6155 23.7333 -0.220013 -0.818188 -0.53119
-26.6714 73.0515 24.754 -0.182402 -0.830419 -0.526435
-26.9497 72.5612 25.6322 -0.168127 -0.838912 -0.517611
-27.4298 72.1341 26.4574 -0.16244 -0.830673 -0.532538
-28.099 71.7092 27.3367 -0.142015 -0.84863 -0.509567
-28.5883 71.2947 28.1465 -0.117975 -0.850881 -0.511941
-28.9604 71.0112 28.7055 -0.120073 -0.853216 -0.507538
-29.1201 70.9589 28.8321 -0.120508 -0.854727 -0.504896
