-45.5546 76.6253 17.5099 0.299582 -0.910633 -0.28204
-46.0155 76.01 18.7545 0.374538 -0.87646 -0.302553
-45.9465 75.586 19.9754 0.346848 -0.876923 -0.33272
-45.0658 76.0271 19.6974 0.322105 -0.889268 -0.32473
-44.9335 76.5235 18.4355 0.322617 -0.895589 -0.306332
-44.9866 76.8173 17.4442 0.283955 -0.925504 -0.250623
-45.3367 76.7892 17.1516 0.295493 -0.925583 -0.235856
-46.0247 76.6992 16.5042 0.35164 -0.910169 -0.218956
-45.4071 77.1015 15.7199 0.304304 -0.928861 -0.211226
-44.42 77.5636 15.1291 0.310638 -0.928446 -0.203696
-44.1518 77.433 16.1065 0.315167 -0.924348 -0.21506
-44.1249 77.2121 16.9688 0.287919 -0.924063 -0.251407
-44.1074 76.8042 18.4009 0.278396 -0.916175 -0.288304
-44.1298 76.4834 19.3673 0.295487 -0.89958 -0.320789
-44.3254 76.0814 20.237 0.283312 -0.877088 -0.387881
-44.9938 75.4693 21.1138 0.311756 -0.861996 -0.398842
-45.7972 74.966 21.5105 0.334533 -0.855564 -0.395042
-46.5926 75.0708 20.5547 0.341618 -0.864206 -0.369386
-46.8035 75.3533 19.6702 0.39481 -0.868046 -0.300993
-46.7703 75.8522 18.2775 0.37454 -0.87646 -0.302551
-46.2814 76.492 16.9398 0.39239 -0.879675 -0.268704
-46.2473 76.5235 16.8769 0.351639 -0.91017 -0.218956
-46.9491 76.3871 16.3046 0.382048 -0.891196 -0.242546
-47.4525 75.8191 17.4236 0.396588 -0.878172 -0.267453
-47.636 75.4392 18.3147 0.420233 -0.862202 -0.282863
-47.6733 75.0794 19.319 0.39481 -0.868046 -0.300993
-47.502 74.8321 20.2721 0.367636 -0.867162 -0.332959
-47.1992 74.4783 21.3764 0.342262 -0.862928 -0.37177
-46.7903 74.098 22.5804 0.33975 -0.862693 -0.374429
-46.1781 74.1599 23.0062 0.330737 -0.869741 -0.366284
-45.2162 74.7855 22.4177 0.337625 -0.862423 -0.377141
-44.2927 75.4356 21.6835 0.264821 -0.867459 -0.421171
-43.7823 75.8887 21.0694 0.285254 -0.874306 -0.392665
-43.343 76.3461 20.2591 0.20946 -0.896559 -0.390267
-43.241 76.7859 19.2728 0.240427 -0.905707 -0.345655
-43.2486 77.0796 18.3554 0.278589 -0.916164 -0.288151
-43.2644 77.5022 16.8674 0.256992 -0.933619 -0.249621
-43.2707 77.8529 15.513 0.270402 -0.937535 -0.21766
-43.3348 78.0851 14.364 0.283835 -0.933655 -0.218259
-44.0493 77.9775 13.8725 0.32519 -0.918562 -0.22471
-44.9771 77.5587 14.242 0.320831 -0.923932 -0.207542
-45.9504 77.0717 14.9637 0.324633 -0.926091 -0.192274
-46.5515 76.6929 15.6905 0.35101 -0.909917 -0.221004
-46.7668 76.5294 16.0219 0.359141 -0.907039 -0.219593
-47.3855 76.4543 15.2917 0.367272 -0.904162 -0.218178
-46.7172 76.8778 14.4195 0.371609 -0.918003 -0.138204
-46.085 77.2205 13.8208 0.371325 -0.911457 -0.177099
-45.3262 77.6149 13.3667 0.350002 -0.919639 -0.17822
-44.4311 78.0273 12.9968 0.34894 -0.920621 -0.175174
-43.6529 78.3518 12.6635 0.279915 -0.947947 -0.150914
-42.7489 78.6471 12.4889 0.305912 -0.934053 -0.184292
-42.499 78.518 13.607 0.271753 -0.942461 -0.191242
-42.3789 78.2323 14.9471 0.2492 -0.940551 -0.230777
-42.3893 77.9738 15.9793 0.239089 -0.939976 -0.243052
-42.376 77.7125 16.9712 0.24713 -0.934903 -0.254722
-42.3703 77.3372 18.2879 0.224386 -0.926648 -0.300317
-42.3487 77.0326 19.1882 0.210205 -0.912188 -0.349956
-42.3727 76.5504 20.3093 0.207921 -0.897236 -0.389339
-42.8452 75.9353 21.4433 0.202456 -0.893143 -0.401631
-43.7403 75.2427 22.4226 0.221382 -0.883387 -0.412707
-44.9333 74.4867 23.3494 0.245636 -0.875083 -0.416851
-45.6889 73.9378 23.9019 0.321563 -0.853326 -0.410404
-46.537 73.3123 24.4872 0.327794 -0.838497 -0.435066
-47.2255 73.2876 23.9463 0.362359 -0.834392 -0.415314
-47.5204 73.5952 23.0709 0.380997 -0.833614 -0.399148
-47.9112 74.0032 21.7788 0.404664 -0.832338 -0.378697
-48.195 74.3065 20.8046 0.431313 -0.828077 -0.356772
-48.4451 74.5733 19.6738 0.449255 -0.846118 -0.2868
-48.5277 74.861 18.7331 0.430909 -0.856015 -0.285579
-48.4498 75.2032 17.8253 0.425565 -0.859111 -0.284223
-48.1384 75.7129 16.676 0.455752 -0.850538 -0.262278
-47.6965 76.215 15.7598 0.382049 -0.891196 -0.242546
-48.4523 75.9538 15.2889 0.487025 -0.854132 -0.179744
-48.9085 75.4209 16.2849 0.455754 -0.850537 -0.262277
-49.1673 75.0446 17.0987 0.448285 -0.857502 -0.25245
-49.3457 74.6657 18.0261 0.442462 -0.856021 -0.26731
-49.3677 74.3789 18.8792 0.436078 -0.84645 -0.305545
-49.2377 74.0653 19.9336 0.436997 -0.846114 -0.305162
-48.9765 73.8129 20.9651 0.453135 -0.82627 -0.334585
-48.7414 73.5626 21.8503 0.416226 -0.829223 -0.372947
-48.3341 73.2025 23.0758 0.399642 -0.832833 -0.382982
-48.0741 72.885 24.0147 0.363672 -0.830177 -0.422467
-47.8575 72.5127 24.9145 0.370461 -0.822867 -0.430822
-47.6565 72.147 25.7926 0.366194 -0.826822 -0.426928
-47.0383 72.3179 25.9906 0.365139 -0.827315 -0.426876
-46.329 72.8782 25.4751 0.308796 -0.846295 -0.434085
-45.4647 73.5367 24.8475 0.324762 -0.833222 -0.447516
-44.7085 74.0839 24.3029 0.241875 -0.862833 -0.443415
-43.9779 74.5607 23.757 0.245639 -0.875081 -0.416854
-43.1158 75.1126 23.0653 0.233935 -0.883023 -0.406872
-42.463 75.559 22.4493 0.228281 -0.888527 -0.398005
-41.7358 76.2003 21.4074 0.165336 -0.891208 -0.422389
-41.4829 76.6742 20.4742 0.188928 -0.898198 -0.396806
-41.4478 77.107 19.508 0.155878 -0.916481 -0.366061
-41.469 77.4825 18.3848 0.149779 -0.938244 -0.311872
-41.4845 77.8528 17.2093 0.157882 -0.947632 -0.277608
-41.5084 78.2355 15.804 0.228866 -0.939958 -0.253177
-41.5228 78.5762 14.4223 0.220756 -0.95167 -0.213519
-41.5956 78.8212 13.2612 0.221046 -0.951089 -0.215797
-41.6684 79.0119 12.2481 0.236001 -0.958694 -0.158746
-41.9497 79.0882 11.3832 0.233481 -0.959019 -0.16053
-42.9288 78.8014 11.3775 0.304918 -0.935987 -0.175917
-44.01 78.3766 11.7836 0.298559 -0.938881 -0.171364
-44.8803 78.009 12.187 0.347875 -0.921606 -0.172123
-45.6625 77.6506 12.4966 0.366521 -0.916227 -0.160623
-46.625 77.1603 13.0069 0.369192 -0.911814 -0.179702
-47.4057 76.6913 13.7937 0.371368 -0.915654 -0.153832
-47.934 76.358 14.517 0.38337 -0.911439 -0.148882
-48.2889 76.0889 15.034 0.477907 -0.865111 -0.152275
-48.9682 75.8258 14.4349 0.471721 -0.864821 -0.17194
-49.4494 75.3629 15.3266 0.478981 -0.853203 -0.206449
-49.8297 74.9245 16.2302 0.483467 -0.848823 -0.213916
-50.131 74.4137 17.4151 0.480702 -0.83823 -0.257483
-50.2022 74.0837 18.4151 0.487119 -0.838141 -0.245372
-50.158 73.7943 19.3145 0.460251 -0.828374 -0.31932
-49.9599 73.507 20.3519 0.460711 -0.829809 -0.314901
-49.6678 73.2529 21.4184 0.459107 -0.825455 -0.328398
-49.4113 73.0329 22.2647 0.423531 -0.824385 -0.375496
-48.9977 72.5984 23.6571 0.416546 -0.826418 -0.378766
-48.7991 72.2767 24.5429 0.372678 -0.8244 -0.425917
-48.59 71.914 25.4433 0.367801 -0.827935 -0.423355
-48.4278 71.4735 26.4627 0.358503 -0.836464 -0.414493
-48.2022 71.127 27.3312 0.349171 -0.829454 -0.435967
-47.7116 71.132 27.7147 0.34916 -0.829458 -0.435969
-46.7915 71.863 26.995 0.311674 -0.844857 -0.43483
-45.8122 72.6568 26.2171 0.289845 -0.834602 -0.468433
-44.9858 73.2722 25.6177 0.272129 -0.839821 -0.469719
-44.2541 73.7884 25.0941 0.233207 -0.860458 -0.453019
-43.5492 74.2573 24.5709 0.234574 -0.855992 -0.460708
-42.7767 74.7639 23.9598 0.196542 -0.874242 -0.443927
-42.0235 75.252 23.3151 0.176187 -0.898385 -0.40232
-41.3597 75.6923 22.6358 0.161361 -0.895558 -0.414655
-40.8508 76.1771 21.8007 0.164211 -0.889857 -0.425664
-40.591 76.6276 20.9452 0.161413 -0.894886 -0.416083
-40.5473 77.2517 19.4605 0.13217 -0.932742 -0.335446
-40.5557 77.591 18.4969 0.147399 -0.939978 -0.307715
-40.5804 77.979 17.2815 0.149916 -0.94077 -0.30406
-40.5965 78.2703 16.3769 0.187833 -0.934082 -0.30366
-40.6062 78.6896 14.8286 0.200796 -0.946953 -0.250922
-40.6212 78.8994 13.9109 0.212383 -0.951381 -0.223083
-40.7496 79.2013 12.4879 0.232282 -0.95359 -0.188779
-40.8019 79.3826 11.3499 0.25871 -0.949315 -0.178391
-41.3396 79.4184 10.4393 0.250989 -0.949622 -0.187677
-42.263 79.2113 10.2376 0.283516 -0.946614 -0.153432
-43.3161 78.8391 10.4793 0.305864 -0.93769 -0.164881
-44.2964 78.4372 10.8837 0.347687 -0.928077 -0.133366
-45.5608 77.8696 11.3787 0.370774 -0.917108 -0.146418
-46.3438 77.5005 11.7213 0.363852 -0.920639 -0.141545
-47.0787 77.1424 12.1085 0.404926 -0.904884 -0.130973
-47.8986 76.6412 12.902 0.379142 -0.909921 -0.167383
-48.5906 76.1419 13.8479 0.456083 -0.877916 -0.145777
-48.7435 76.0197 14.0758 0.471723 -0.86482 -0.171944
-49.4272 75.7685 13.4633 0.475913 -0.862522 -0.171873
-48.5617 76.4289 12.277 0.450746 -0.87836 -0.159094
-47.8665 76.8743 11.5255 0.404932 -0.904882 -0.130967
-46.7498 77.4689 10.8548 0.390536 -0.907457 -0.1548
-45.6669 77.9925 10.3349 0.367353 -0.917905 -0.149912
-44.8251 78.3555 10.0735 0.350011 -0.927171 -0.133566
-43.8296 78.7945 9.65714 0.353308 -0.925215 -0.138384
-42.9986 79.1327 9.36379 0.285448 -0.944438 -0.162672
-41.9189 79.4926 9.19556 0.292417 -0.940256 -0.174285
-40.9904 79.7025 9.48881 0.251905 -0.94717 -0.198529
-40.0391 79.7801 10.3738 0.256798 -0.948685 -0.18453
-39.8592 79.5985 11.5818 0.224939 -0.953863 -0.194422
-39.8149 79.3432 12.7618 0.191549 -0.958867 -0.209482
-39.764 79.1367 13.715 0.212384 -0.951381 -0.223078
-39.7234 78.9183 14.6513 0.148907 -0.952891 -0.264241
-39.7032 78.6476 15.6426 0.147718 -0.95332 -0.263362
-39.6771 78.3576 16.6077 0.144799 -0.939566 -0.309879
-39.6552 77.9118 17.9592 0.135281 -0.935769 -0.324411
-39.6408 77.5605 18.9147 0.115759 -0.931703 -0.344282
-39.5902 77.0525 20.2449 0.0810923 -0.920174 -0.38302
-39.6325 76.6414 21.1397 0.0674438 -0.892215 -0.446547
-39.892 76.1814 22.0532 0.0599325 -0.906495 -0.417941
-40.427 75.6907 22.965 0.13958 -0.886175 -0.441828
-41.2721 75.1321 23.8798 0.123968 -0.904762 -0.407476
-42.1893 74.5679 24.6478 0.226174 -0.870631 -0.436861
-42.8598 74.1187 25.1662 0.18713 -0.851336 -0.489534
-43.5396 73.6601 25.6713 0.210485 -0.847907 -0.486569
-44.2494 73.1853 26.175 0.243228 -0.836668 -0.490742
-45.0564 72.6175 26.7309 0.253249 -0.821006 -0.511643
-45.8012 72.0279 27.2987 0.250782 -0.831485 -0.495252
-46.6619 71.295 28.1275 0.262635 -0.837999 -0.478309
-47.4346 70.5637 28.9549 0.322793 -0.833174 -0.448422
-48.1222 70.061 29.4393 0.335016 -0.839631 -0.427016
-48.8571 70.0839 28.7787 0.350111 -0.829431 -0.435083
-49.1137 70.5957 27.6342 0.340081 -0.830204 -0.441624
-49.2147 70.9477 26.8023 0.380554 -0.834475 -0.398535
-49.3422 71.3095 25.9595 0.388729 -0.825538 -0.409072
-49.5742 71.8005 24.7569 0.414584 -0.818801 -0.395892
-49.8053 72.1581 23.7106 0.435847 -0.815019 -0.381812
-50.1569 72.5258 22.505 0.443723 -0.812565 -0.377952
-50.5453 72.8766 21.1366 0.467551 -0.818931 -0.332785
-50.8971 73.1706 19.8633 0.466114 -0.832203 -0.299615
-50.9993 73.416 18.9776 0.494745 -0.818391 -0.292341
-51.0156 73.7131 18.0536 0.490705 -0.835359 -0.247756
-50.9544 74.0266 17.1386 0.480157 -0.838455 -0.257765
-50.6666 74.516 15.9451 0.499322 -0.840144 -0.211744
-50.358 74.8895 15.1752 0.481218 -0.851016 -0.210183
-49.921 75.3192 14.331 0.485285 -0.855787 -0.179239
-49.6581 75.562 13.8521 0.480098 -0.860226 -0.171806
-50.2484 75.3765 13.1263 0.480681 -0.860245 -0.170073
-50.8368 74.82 14.1878 0.505142 -0.844727 -0.176826
-51.3209 74.2961 15.2437 0.511158 -0.83797 -0.19111
-51.6415 73.8532 16.2917 0.51422 -0.833049 -0.202893
-51.795 73.4399 17.4498 0.507681 -0.821698 -0.258983
-51.8422 73.1278 18.386 0.490585 -0.833112 -0.254679
-51.7233 72.7424 19.7668 0.476339 -0.834424 -0.276999
-51.3629 72.4533 21.0256 0.469192 -0.820007 -0.32776
-50.972 72.0924 22.4669 0.467553 -0.818928 -0.332789
-50.5903 71.7025 23.7875 0.432765 -0.825301 -0.362662
-50.406 71.4039 24.6756 0.41538 -0.831645 -0.368545
-50.2401 71.0525 25.6113 0.393977 -0.8253 -0.404551
-50.0817 70.6767 26.5327 0.39366 -0.825862 -0.403712
-49.9017 70.1459 27.7929 0.385817 -0.822167 -0.418264
-49.7282 69.6022 28.9795 0.376527 -0.822925 -0.425443
-48.9031 69.3406 30.1988 0.340925 -0.828221 -0.444094
-47.5152 69.7794 30.3409 0.291525 -0.831762 -0.472425
-46.9464 70.2784 29.8042 0.28313 -0.836713 -0.468736
-46.432 70.7778 29.2081 0.273137 -0.850493 -0.449507
-45.812 71.3268 28.5364 0.257495 -0.85252 -0.454794
-44.9756 72.0186 27.7329 0.250269 -0.846005 -0.47064
-43.7909 72.8765 26.9266 0.212711 -0.831774 -0.511474
-42.9301 73.4318 26.3328 0.210371 -0.848039 -0.48639
-42.1558 73.9214 25.7428 0.163777 -0.854765 -0.492498
-41.4688 74.3728 25.2192 0.123994 -0.846226 -0.515346
-40.4541 74.9519 24.3739 0.0596634 -0.860767 -0.505491
-39.6962 75.4614 23.5523 0.0338981 -0.886516 -0.460673
-39.135 75.9128 22.6913 0.0493703 -0.893066 -0.447209
-38.7703 76.3285 21.8951 0.0636844 -0.899355 -0.432244
-38.6308 76.8665 20.8142 0.0469911 -0.897708 -0.438079
-38.6859 77.342 19.7157 0.0536684 -0.919321 -0.389833
-38.7255 77.8506 18.4216 0.092856 -0.934373 -0.343983
-38.748 78.1834 17.5117 0.0942601 -0.93316 -0.346866
-38.7817 78.4773 16.6275 0.129921 -0.944529 -0.301637
-38.8145 78.7551 15.7434 0.132571 -0.942301 -0.307327
-38.8317 79.1306 14.3988 0.163232 -0.948917 -0.269966
-38.8585 79.3995 13.3639 0.185369 -0.959537 -0.211961
-38.9119 79.6441 12.21 0.190747 -0.957603 -0.215788
-38.9529 79.8892 11.2026 0.223048 -0.945048 -0.239028
-39.0772 80.1047 10.0716 0.25538 -0.94166 -0.219103
-39.9826 80.0911 9.02551 0.269426 -0.939936 -0.209427
-40.9915 79.9236 8.43219 0.263997 -0.943155 -0.201477
-42.3129 79.5555 8.20632 0.298169 -0.935438 -0.189854
-43.1837 79.2535 8.39557 0.315127 -0.933555 -0.168106
-44.0418 78.878 8.70636 0.349911 -0.921134 -0.170512
-44.7992 78.5222 9.07426 0.362222 -0.917289 -0.164853
-45.58 78.1761 9.35844 0.346804 -0.927664 -0.138444
-46.3953 77.8184 9.65167 0.375545 -0.914143 -0.152166
-47.4951 77.2645 10.1733 0.390539 -0.907458 -0.154791
-48.2673 76.827 10.6577 0.436231 -0.888131 -0.144661
-48.871 76.4451 11.2133 0.4307 -0.891845 -0.138238
-49.5424 75.9598 12.0564 0.460928 -0.873711 -0.155482
-50.07 75.5338 12.8349 0.480682 -0.860244 -0.170074
-50.7528 75.2511 12.244 0.50395 -0.848306 -0.162514
-50.2398 75.6834 11.4784 0.477719 -0.867245 -0.13968
-49.7098 76.077 10.7945 0.467535 -0.872531 -0.141776
-49.0833 76.5161 10.1058 0.436672 -0.888271 -0.142432
-48.2447 77.0188 9.53503 0.437118 -0.888407 -0.140215
-46.9142 77.7355 8.87379 0.380348 -0.9101 -0.164478
-46.1362 78.088 8.56013 0.352768 -0.925621 -0.136878
-45.2437 78.4974 8.17095 0.374538 -0.913444 -0.15919
-44.3201 78.9405 7.77648 0.359198 -0.920072 -0.155331
-43.2369 79.4004 7.45227 0.347097 -0.923083 -0.165595
-41.9396 79.8808 7.18979 0.298168 -0.935438 -0.189856
-40.7249 80.1881 7.52907 0.287194 -0.939666 -0.185871
-39.9223 80.3324 7.97766 0.276961 -0.94 -0.199232
-39.1727 80.4401 8.48824 0.261548 -0.940224 -0.218109
-38.2553 80.4864 9.38866 0.260704 -0.940985 -0.215812
-38.1062 80.3083 10.2966 0.238655 -0.944642 -0.225158
-38.0587 80.0234 11.4618 0.212723 -0.941132 -0.262067
-37.9953 79.7196 12.6999 0.196107 -0.955671 -0.219624
-37.9434 79.3524 14.1687 0.165445 -0.947195 -0.274681
-37.9402 79.0382 15.2708 0.148119 -0.945354 -0.28914
-37.8994 78.746 16.1662 0.132573 -0.942299 -0.307332
-37.8489 78.446 17.058 0.0956697 -0.931948 -0.349742
-37.8145 78.1178 17.9417 0.0942584 -0.933161 -0.346863
-37.7944 77.7811 18.7923 0.0521039 -0.921229 -0.385516
-37.7573 77.3636 19.7926 0.0502293 -0.917376 -0.394789
-37.6965 76.9748 20.6959 0.0632271 -0.905456 -0.418866
-37.7942 76.4152 21.8332 0.0496372 -0.898267 -0.436639
-38.0599 75.9458 22.7191 0.0299354 -0.893525 -0.448013
-38.7296 75.3722 23.7609 0.0171094 -0.875159 -0.483491
-39.4779 74.8273 24.6763 0.0403694 -0.861817 -0.505611
-40.1177 74.44 25.2853 0.0500151 -0.861294 -0.505547
-40.8045 74.0657 25.8181 0.0700721 -0.853487 -0.516382
-41.4914 73.6853 26.3319 0.0862757 -0.845151 -0.527519
-42.2445 73.2103 26.9051 0.153425 -0.844397 -0.513278
-42.9225 72.7792 27.3889 0.180365 -0.838149 -0.514729
-43.637 72.3412 27.8611 0.212711 -0.831773 -0.511475
-44.3916 71.8216 28.3971 0.224047 -0.862604 -0.453561
-45.1529 71.2135 29.1318 0.257037 -0.856526 -0.447544
-45.7303 70.6893 29.7821 0.242314 -0.84181 -0.48182
-46.2638 70.151 30.4244 0.263604 -0.835801 -0.481612
-47.1021 69.3915 31.3183 0.290659 -0.842252 -0.453709
-48.045 68.9861 31.4348 0.30278 -0.842709 -0.445135
-49.1605 68.8041 30.9877 0.318232 -0.835633 -0.447711
-50.1036 68.727 30.3934 0.357725 -0.840939 -0.406023
-50.5459 69.1038 29.2232 0.370113 -0.837735 -0.401285
-50.7097 69.6665 27.9691 0.397622 -0.816125 -0.419329
-50.8704 70.1412 26.8591 0.39366 -0.825862 -0.403712
-51.0431 70.5542 25.8462 0.42393 -0.81314 -0.397449
-51.1727 70.9094 24.9272 0.415273 -0.830192 -0.37191
-51.3908 71.2379 23.8983 0.432019 -0.82897 -0.355202
-51.6468 71.5373 22.8825 0.473298 -0.81932 -0.32358
-52.0673 71.9088 21.351 0.484436 -0.812978 -0.322823
-52.3225 72.1216 20.394 0.494705 -0.809114 -0.317096
-52.6013 72.3798 19.2571 0.507051 -0.809046 -0.297226
-52.6635 72.7379 18.041 0.495802 -0.835801 -0.235833
-52.5103 73.2012 16.6611 0.532635 -0.822431 -0.199767
-52.3398 73.5218 15.7954 0.532889 -0.823512 -0.194506
-52.092 73.8794 14.9451 0.521968 -0.829671 -0.197978
-51.6855 74.3616 13.9359 0.508471 -0.844542 -0.167948
-51.3075 74.7363 13.1971 0.508958 -0.844264 -0.167869
-50.8377 75.1731 12.3881 0.503996 -0.848315 -0.162327
-51.4605 74.9244 11.7419 0.516202 -0.84242 -0.15448
-52.1484 74.2782 12.9561 0.503102 -0.84652 -0.174049
-52.6558 73.7381 14.0411 0.523098 -0.829775 -0.19453
-53.0533 73.1842 15.3118 0.52564 -0.827003 -0.19942
-53.3188 72.7054 16.5868 0.538409 -0.814032 -0.216632
-53.4612 72.2114 17.9912 0.557101 -0.799168 -0.225635
-53.3425 71.8011 19.4962 0.52829 -0.800021 -0.284115
-53.0606 71.5903 20.5947 0.50428 -0.805534 -0.311155
-52.8148 71.3936 21.5024 0.507427 -0.800512 -0.318758
-52.4799 71.0883 22.7524 0.506365 -0.795961 -0.331724
-52.143 70.7325 24.0977 0.477672 -0.802955 -0.356501
-51.9406 70.3892 25.1047 0.461941 -0.801965 -0.378756
-51.7976 70.0709 25.9477 0.462966 -0.800426 -0.380763
-51.6423 69.6196 27.0745 0.45255 -0.805814 -0.381919
-51.5554 69.277 27.9162 0.427116 -0.823081 -0.374311
-51.4524 68.7357 29.1249 0.380322 -0.828869 -0.410282
-51.3998 68.2913 30.1094 0.382929 -0.834526 -0.396145
-51.0148 68.0834 30.9169 0.372444 -0.833883 -0.407142
-50.1524 68.1874 31.3969 0.324736 -0.850993 -0.412744
-48.9814 68.3579 31.9638 0.328333 -0.83922 -0.433483
-48.0371 68.5083 32.352 0.299581 -0.845063 -0.442853
-47.1364 68.6816 32.5979 0.266564 -0.847661 -0.458599
-46.527 69.1403 32.1234 0.275075 -0.843643 -0.461084
-45.8382 69.7687 31.3718 0.238985 -0.850751 -0.467069
-45.0358 70.5201 30.398 0.219545 -0.846555 -0.484917
-44.4719 71.0472 29.7363 0.194431 -0.849953 -0.48877
-43.9164 71.4871 29.156 0.1746 -0.846664 -0.50236
-43.1088 72.0414 28.5309 0.171235 -0.840242 -0.51445
-42.3462 72.4975 28.046 0.127248 -0.849272 -0.510219
-41.5829 72.9475 27.4669 0.0997305 -0.826329 -0.554287
-40.8011 73.4142 26.8792 0.084264 -0.838717 -0.537867
-40.0715 73.8 26.353 0.0597094 -0.853215 -0.51813
-39.0965 74.3042 25.6054 0.0438801 -0.860826 -0.507004
-38.5338 74.6794 25.011 0.0242278 -0.868918 -0.49386
-37.9502 75.1025 24.2633 0.00684449 -0.8703 -0.492474
-37.4328 75.4987 23.5763 0.0235247 -0.865683 -0.500039
-37.039 75.9218 22.824 0.0356558 -0.885587 -0.463103
-36.8353 76.4579 21.8406 0.0314875 -0.880492 -0.472951
-36.782 76.9341 20.9 0.0590242 -0.894707 -0.442737
-36.8096 77.3135 20.0598 0.0626944 -0.919325 -0.388472
-36.8563 77.7273 19.0704 0.0646949 -0.920595 -0.385122
-36.9068 78.288 17.7116 0.0714549 -0.927655 -0.366064
-36.9475 78.6599 16.7142 0.0762959 -0.935631 -0.344524
-37.0015 79.048 15.5685 0.0815478 -0.946428 -0.312448
-37.0394 79.3941 14.4616 0.0761298 -0.953003 -0.29324
-37.0663 79.7299 13.342 0.14117 -0.940548 -0.308936
-37.1247 79.9726 12.421 0.216479 -0.944277 -0.246009
-37.1852 80.2948 11.2619 0.228168 -0.939532 -0.255066
-37.1917 80.6155 9.97734 0.240621 -0.943207 -0.229002
-37.4329 80.8481 8.78527 0.24894 -0.942028 -0.224735
-38.2187 80.8029 8.05542 0.263767 -0.934785 -0.236789
-39.1777 80.6817 7.40225 0.285764 -0.930885 -0.227578
-40.4312 80.4671 6.65321 0.293597 -0.932092 -0.212133
-41.291 80.2819 6.27511 0.30254 -0.932355 -0.197949
-42.4232 79.9066 6.24643 0.322611 -0.925784 -0.197095
-43.305 79.5428 6.53001 0.350352 -0.921391 -0.168203
-44.3926 79.0713 6.78183 0.374556 -0.915366 -0.14769
-45.3112 78.6355 7.1568 0.377999 -0.914645 -0.143189
-46.191 78.1993 7.56806 0.383111 -0.915016 -0.123815
-47.3693 77.6763 8.04859 0.403412 -0.908951 -0.0968486
-48.2987 77.1467 8.4834 0.458437 -0.8815 -0.113106
-49.1152 76.6634 8.94816 0.456107 -0.883167 -0.109464
-49.977 76.1071 9.6421 0.47417 -0.871176 -0.127337
-50.5951 75.6456 10.4593 0.488445 -0.862179 -0.134366
-51.1564 75.1951 11.2794 0.502459 -0.852681 -0.142196
-51.1845 75.1707 11.3214 0.515707 -0.84342 -0.150576
-51.8829 74.8338 10.8071 0.515201 -0.844425 -0.146675
-52.4107 74.3813 11.5846 0.497702 -0.855488 -0.142945
-52.8835 73.943 12.4614 0.517767 -0.836935 -0.176475
-53.3007 73.4769 13.3611 0.535935 -0.822776 -0.189244
-53.6202 73.0779 14.2046 0.530098 -0.828231 -0.181741
-53.8651 72.7097 15.1336 0.527006 -0.826417 -0.19824
-54.0654 72.3426 16.0789 0.544399 -0.808626 -0.222681
-54.1795 71.911 17.2948 0.537178 -0.811243 -0.230752
-54.279 71.4919 18.5523 0.528333 -0.816925 -0.231298
-54.1139 71.2526 19.6284 0.536499 -0.799275 -0.270792
-53.8472 71.1088 20.5667 0.513362 -0.806223 -0.293367
-53.604 70.9172 21.4289 0.51057 -0.795492 -0.326361
-53.377 70.691 22.3427 0.479998 -0.819669 -0.312629
-53.0589 70.4236 23.5661 0.48527 -0.808833 -0.330999
-52.7892 70.0779 24.7046 0.478627 -0.805853 -0.348459
-52.5864 69.6009 26.0054 0.445264 -0.810475 -0.380618
-52.4235 69.1158 27.2771 0.432001 -0.821764 -0.371591
-52.3239 68.6018 28.5237 0.427065 -0.823014 -0.374518
-52.3109 67.9829 29.8743 0.38748 -0.832433 -0.396126
-52.1734 67.5831 30.8525 0.384183 -0.834037 -0.395932
-51.5375 67.4986 31.6365 0.372448 -0.833883 -0.407139
-50.593 67.67 32.1171 0.343627 -0.842765 -0.413813
-49.3056 67.87 32.69 0.313382 -0.850255 -0.422916
-48.4563 67.9993 33.0577 0.307278 -0.84948 -0.42891
-47.4708 68.0961 33.5044 0.260942 -0.85873 -0.440722
-46.5359 68.3573 33.5478 0.241178 -0.866864 -0.436325
-45.8581 68.9558 32.8209 0.239201 -0.845187 -0.477956
-45.1123 69.6326 31.9349 0.209668 -0.853575 -0.476915
-44.5665 70.1419 31.2708 0.192781 -0.849794 -0.489831
-43.9691 70.6919 30.523 0.1651 -0.853838 -0.49366
-43.3034 71.2484 29.7793 0.164778 -0.855158 -0.491478
-42.6244 71.7306 29.2033 0.169882 -0.842151 -0.511783
-41.6999 72.2286 28.6108 0.0878032 -0.862108 -0.499003
-41.0097 72.6086 28.0883 0.133033 -0.851893 -0.50628
-40.3122 73.0357 27.5793 0.137449 -0.843445 -0.519335
-39.359 73.5069 26.9095 0.0558097 -0.849611 -0.524448
-38.3297 74.021 26.1131 0.0138392 -0.847255 -0.531007
-37.721 74.4281 25.4467 -0.0166565 -0.854739 -0.51879
-36.9902 74.9785 24.5222 0.0487949 -0.866757 -0.496338
-36.4064 75.4557 23.7385 0.0382016 -0.875022 -0.482423
-36.0669 75.8949 22.9425 0.0280547 -0.881207 -0.471898
-35.878 76.3667 22.0677 0.0267408 -0.883539 -0.467594
-35.8496 76.7918 21.256 0.0282809 -0.88859 -0.45783
-35.8595 77.2267 20.3846 0.0143043 -0.909469 -0.414526
-35.9282 77.7403 19.169 0.0245809 -0.920751 -0.389374
-35.9642 78.0871 18.3329 0.0263046 -0.923776 -0.382029
-35.9937 78.4594 17.4308 0.0414821 -0.918003 -0.393884
-36.0159 78.7815 16.573 0.0711984 -0.938481 -0.337912
-36.0497 79.0838 15.7084 0.0778737 -0.949184 -0.304806
-36.1365 79.4646 14.4672 0.0751505 -0.952472 -0.295204
-36.1783 79.791 13.516 0.113131 -0.933801 -0.339436
-36.2369 80.1885 12.3063 0.139811 -0.946041 -0.291354
-36.2988 80.4852 11.2215 0.151877 -0.95599 -0.250784
-36.2729 80.8718 9.83558 0.19951 -0.944331 -0.259046
-36.3083 81.0845 8.94049 0.237688 -0.9356 -0.261067
-37.1454 81.2047 7.71251 0.244633 -0.93668 -0.250568
-38.3063 81.0665 6.93938 0.290928 -0.928938 -0.228987
-39.0988 80.952 6.41029 0.310266 -0.918562 -0.244844
-39.9385 80.8077 5.90684 0.304973 -0.920301 -0.245027
-40.8764 80.604 5.44912 0.309827 -0.92484 -0.220631
-41.8216 80.3456 5.16015 0.342381 -0.920274 -0.188933
-42.8094 79.9582 5.28065 0.335212 -0.926305 -0.172025
-43.8423 79.4841 5.62173 0.361728 -0.920287 -0.149079
-45.0218 78.9268 5.98876 0.377901 -0.916612 -0.130435
-45.804 78.5587 6.30649 0.380329 -0.91497 -0.134741
-46.5721 78.1694 6.67816 0.39959 -0.905829 -0.140721
-47.6036 77.6501 7.12931 0.440201 -0.893696 -0.0867827
-48.3689 77.2419 7.45474 0.460632 -0.880709 -0.110315
-49.4304 76.6171 8.00814 0.457976 -0.881991 -0.111093
-50.183 76.1533 8.52945 0.472395 -0.87394 -0.114059
-50.7665 75.7454 9.15038 0.497645 -0.858839 -0.121298
-51.3761 75.2706 10.0264 0.488445 -0.862179 -0.134366
-51.695 74.9971 10.527 0.515201 -0.844425 -0.146677
-52.2652 74.7664 9.80574 0.522768 -0.841017 -0.139299
-51.6056 75.3156 8.7508 0.49764 -0.85884 -0.121306
-50.9628 75.7977 8.02074 0.4876 -0.864173 -0.123524
-50.1379 76.319 7.37938 0.468742 -0.87666 -0.108386
-49.4487 76.7416 6.94127 0.464578 -0.878754 -0.109254
-48.5055 77.2928 6.47896 0.460773 -0.880619 -0.110443
-47.7535 77.6926 6.17432 0.425531 -0.89796 -0.112214
-46.8492 78.1635 5.77003 0.415015 -0.903432 -0.10758
-45.7086 78.7432 5.21281 0.391686 -0.913286 -0.111765
-44.769 79.2106 4.84795 0.399761 -0.904107 -0.150934
-43.7956 79.6557 4.67551 0.375857 -0.913052 -0.157313
-42.9326 80.1012 4.27096 0.362604 -0.916059 -0.16879
-41.7261 80.5803 4.19003 0.342382 -0.920274 -0.188931
-40.5275 80.9225 4.60417 0.319909 -0.924633 -0.205895
-39.7427 81.0936 5.01829 0.318788 -0.922726 -0.216681
-38.7082 81.2905 5.64561 0.315557 -0.916822 -0.244664
-37.6047 81.4425 6.37571 0.257147 -0.933392 -0.250309
-36.3104 81.5734 7.17486 0.24902 -0.932424 -0.261867
-35.5454 81.5415 7.98911 0.238821 -0.929129 -0.281325
-35.366 81.2688 9.13051 0.220727 -0.936589 -0.271685
-35.3731 80.9367 10.1942 0.209884 -0.932593 -0.29363
-35.3933 80.655 11.115 0.145808 -0.954001 -0.261948
-35.3282 80.3356 12.2582 0.151779 -0.939472 -0.307175
-35.2761 79.9446 13.3877 0.111834 -0.931386 -0.346349
-35.1796 79.4813 14.6766 0.105988 -0.9312 -0.348761
-35.1099 79.1651 15.6424 0.0520618 -0.948723 -0.31134
-35.0818 78.8076 16.6797 0.0558962 -0.941182 -0.333056
-35.0681 78.4471 17.5876 0.0566719 -0.912234 -0.40573
-35.0394 78.0611 18.4596 0.0414822 -0.918004 -0.393883
-34.998 77.6964 19.3301 0.0237493 -0.921167 -0.388443
-34.9443 77.2087 20.4282 -0.00118169 -0.898169 -0.439626
-34.9122 76.7138 21.4364 -0.0121407 -0.891002 -0.453552
-34.9571 76.2627 22.2718 -0.000722759 -0.875794 -0.482684
-35.3047 75.5761 23.5833 0.0146554 -0.884358 -0.466343
-35.6699 75.1503 24.306 -0.0416243 -0.849555 -0.525846
-36.3935 74.5543 25.2425 0.0195238 -0.844052 -0.535905
-37.0468 74.0453 26.0556 -0.0016459 -0.853602 -0.520703
-37.9445 73.5001 26.958 0.0110038 -0.857194 -0.514805
-38.7603 73.1371 27.5514 0.00236496 -0.856406 -0.51629
-39.4999 72.8126 28.0516 0.0400112 -0.861574 -0.506052
-40.5502 72.2481 28.8371 0.128618 -0.860341 -0.493224
-41.4788 71.7139 29.5431 0.0981509 -0.8578 -0.504526
-42.3105 71.2328 30.1135 0.16452 -0.839791 -0.517381
-43.1829 70.5575 31.0157 0.151324 -0.870163 -0.467866
-43.9943 69.8575 32.0026 0.182206 -0.86564 -0.466335
-44.6718 69.2466 32.8172 0.20639 -0.860983 -0.464579
-45.2228 68.7214 33.5371 0.220954 -0.863534 -0.453207
-45.8855 68.1096 34.3994 0.241189 -0.866862 -0.436322
-47.1219 67.6285 34.6691 0.252721 -0.865872 -0.43157
-47.9793 67.596 34.2098 0.258607 -0.867918 -0.424076
-48.9087 67.5111 33.7215 0.309046 -0.861751 -0.402337
-49.966 67.3575 33.2433 0.307387 -0.860774 -0.405686
-51.1035 67.1291 32.7682 0.358897 -0.840824 -0.405226
-52.149 66.918 32.2645 0.378354 -0.833999 -0.401595
-52.7848 66.9461 31.5984 0.380864 -0.834091 -0.399042
-53.1368 67.3759 30.3421 0.387373 -0.833396 -0.394194
-53.1629 67.7714 29.4381 0.414011 -0.831679 -0.370006
-53.1599 68.1832 28.5182 0.4274 -0.828948 -0.360796
-53.2481 68.7008 27.2425 0.427191 -0.825181 -0.369572
-53.3721 69.0988 26.193 0.44137 -0.822425 -0.358901
-53.4797 69.4514 25.2255 0.467324 -0.816241 -0.339401
-53.7629 69.8595 23.8656 0.496182 -0.796288 -0.346019
-54.0603 70.1418 22.7378 0.480342 -0.820506 -0.309904
-54.3622 70.3993 21.5637 0.537645 -0.790595 -0.293081
-54.7786 70.6155 20.1904 0.539787 -0.794687 -0.277568
-54.989 70.7809 19.2869 0.538417 -0.799828 -0.26523
-55.0796 71.1373 17.9677 0.539584 -0.808669 -0.233976
-54.9943 71.4435 17.0675 0.531501 -0.816283 -0.22625
-54.8955 71.7457 16.2089 0.537175 -0.811245 -0.230753
-54.7438 72.0956 15.2864 0.525315 -0.820542 -0.225289
-54.5445 72.4426 14.4129 0.523246 -0.832252 -0.183172
-54.2946 72.7886 13.5697 0.526751 -0.82946 -0.185816
-53.9491 73.1909 12.7684 0.534186 -0.825063 -0.18407
-53.5949 73.5918 11.9587 0.534671 -0.826805 -0.1747
-53.2078 73.9628 11.213 0.521854 -0.842741 -0.131765
-52.6441 74.4365 10.3757 0.519124 -0.843541 -0.137577
-52.5481 74.5193 10.2365 0.522768 -0.841017 -0.139298
-53.1112 74.2893 9.5202 0.516506 -0.845505 -0.135435
-52.6391 74.7016 8.73574 0.512371 -0.847716 -0.137311
-52.1798 75.0828 8.01684 0.5041 -0.856013 -0.114564
-51.5077 75.5708 7.30078 0.502881 -0.85755 -0.108247
-50.8544 76.0048 6.76126 0.479104 -0.871359 -0.105793
-49.8898 76.6057 6.12261 0.470433 -0.876104 -0.105518
-49.0372 77.1164 5.69315 0.458198 -0.880831 -0.119131
-48.1337 77.6144 5.32975 0.432325 -0.895988 -0.101493
-47.1838 78.1216 4.89577 0.419377 -0.899945 -0.119254
-46.3387 78.578 4.45815 0.411595 -0.899942 -0.143284
-45.5187 78.9971 4.13667 0.401193 -0.903476 -0.150908
-44.6698 79.4123 3.90018 0.400926 -0.902984 -0.154469
-43.8466 79.817 3.62866 0.386252 -0.909682 -0.152455
-43.0595 80.2055 3.3256 0.391215 -0.908297 -0.14815
-42.1387 80.605 3.17141 0.363662 -0.918428 -0.155211
-41.0499 80.9987 3.30331 0.351657 -0.921649 -0.164012
-40.152 81.2408 3.75074 0.327444 -0.922895 -0.202598
-39.2542 81.4332 4.30042 0.321914 -0.923574 -0.208283
-38.1917 81.6399 4.96802 0.322755 -0.916423 -0.23664
-37.3013 81.7641 5.54939 0.260827 -0.924903 -0.27663
-36.3371 81.8617 6.13112 0.268389 -0.92318 -0.274953
-34.9837 82.0422 6.91846 0.262169 -0.92184 -0.284373
-34.5167 81.7317 8.23067 0.199494 -0.932725 -0.300368
-34.4726 81.454 9.14424 0.152191 -0.945132 -0.289073
-34.466 81.1288 10.1332 0.147841 -0.934022 -0.325185
-34.4713 80.8278 11.0483 0.162177 -0.947522 -0.275501
-34.4299 80.5187 12.1359 0.152815 -0.950826 -0.269143
-34.3673 80.2022 13.0052 0.114895 -0.928704 -0.352575
-34.3358 79.8409 13.9731 0.107377 -0.932635 -0.344442
-34.2219 79.4975 14.8736 0.0105552 -0.927187 -0.374449
-34.1682 79.1586 15.7616 0.0206091 -0.944288 -0.328475
-34.1531 78.8559 16.6332 0.020517 -0.944336 -0.328343
-34.1436 78.5091 17.5117 0.000634359 -0.917398 -0.397457
-34.1161 78.1183 18.3732 0.00682597 -0.904317 -0.426807
-34.0665 77.7168 19.2247 -0.0116833 -0.913253 -0.406182
-34.0252 77.1762 20.441 -0.0406943 -0.90588 -0.421576
-33.9663 76.6184 21.5862 -0.00281757 -0.885235 -0.465136
-34.0425 76.1798 22.3885 -0.0667005 -0.853535 -0.516458
-34.255 75.5662 23.4709 -0.0675277 -0.858035 -0.509065
-34.7809 74.9772 24.5153 -0.0547212 -0.850956 -0.522148
-35.5221 74.3814 25.5435 -0.0511637 -0.851852 -0.521226
-36.3051 73.762 26.5329 0.0116179 -0.851 -0.525037
-36.8695 73.3992 27.1436 0.00198019 -0.861448 -0.507816
-37.5635 73.0171 27.7596 0.0150202 -0.853305 -0.521196
-38.2848 72.7089 28.26 -0.00106761 -0.856595 -0.515988
-39.2422 72.2889 28.9293 0.0316092 -0.851879 -0.522759
-40.139 71.7737 29.702 0.0689524 -0.849765 -0.521496
-41.1399 71.279 30.3601 0.127808 -0.857551 -0.498268
-41.7965 70.8698 30.8832 0.151317 -0.870163 -0.467869
-42.4262 70.4526 31.497 0.157166 -0.884228 -0.439817
-43.0254 69.9424 32.2302 0.187762 -0.86536 -0.464647
-43.6008 69.4228 32.9639 0.15443 -0.872427 -0.463706
-44.2731 68.8262 33.8094 0.223234 -0.867415 -0.4447
-44.9279 68.2119 34.6881 0.218294 -0.871148 -0.439829
-45.3997 67.7572 35.3545 0.209802 -0.87409 -0.438121
-46.091 67.3022 35.9179 0.236016 -0.876452 -0.419496
-46.9906 67.1798 35.6819 0.228103 -0.882156 -0.412032
-47.9459 67.1485 35.1622 0.262042 -0.877125 -0.402474
-49.279 67.0511 34.4216 0.309472 -0.861572 -0.402393
-50.1116 66.9315 34.0383 0.318882 -0.861361 -0.395154
-51.0044 66.7394 33.6644 0.344492 -0.858927 -0.378907
-51.8243 66.5564 33.3296 0.357329 -0.8552 -0.37538
-52.7825 66.3424 32.8894 0.379497 -0.849442 -0.366121
-53.5901 66.3327 32.107 0.383671 -0.833039 -0.398551
-53.9409 66.6707 31.0419 0.399794 -0.831692 -0.385099
-54.0116 67.0035 30.1984 0.421245 -0.832038 -0.360922
-54.0149 67.5374 28.9874 0.428562 -0.827703 -0.362271
-53.9959 68.0428 27.8505 0.427959 -0.82861 -0.36091
-54.0941 68.3706 26.9768 0.441173 -0.823169 -0.357434
-54.2165 68.793 25.8299 0.456352 -0.822242 -0.340089
-54.3378 69.1205 24.874 0.459166 -0.823126 -0.334058
-54.663 69.4794 23.5186 0.467806 -0.817342 -0.336135
-54.9059 69.7173 22.5028 0.500791 -0.810655 -0.303392
-55.1688 69.869 21.5147 0.526744 -0.803478 -0.276406
-55.4455 69.9974 20.6386 0.504901 -0.812677 -0.287642
-55.6862 70.163 19.7783 0.481101 -0.834576 -0.266893
-55.8159 70.4034 18.7623 0.51192 -0.821201 -0.252113
-55.8481 70.6879 17.7768 0.513489 -0.819811 -0.253454
-55.7961 70.9989 16.839 0.51689 -0.822343 -0.237837
-55.6958 71.3173 15.943 0.51554 -0.827513 -0.222351
-55.4686 71.8051 14.654 0.520427 -0.824028 -0.22382
-55.1025 72.3282 13.3209 0.535141 -0.826122 -0.17636
-54.7838 72.7332 12.4059 0.531707 -0.827574 -0.180024
-54.3561 73.1858 11.5413 0.530093 -0.834469 -0.150291
-53.8287 73.6787 10.5754 0.520884 -0.841356 -0.144223
-53.3803 74.0654 9.88985 0.517529 -0.844948 -0.135007
-54.0889 73.7218 9.34563 0.515126 -0.845652 -0.139706
-54.661 73.1974 10.3598 0.523214 -0.839176 -0.148335
-55.1864 72.6982 11.2936 0.534445 -0.830552 -0.156689
-55.6949 72.1294 12.4758 0.5365 -0.823959 -0.182372
-55.9839 71.7485 13.3772 0.530328 -0.830813 -0.168764
-56.2256 71.4156 14.2754 0.529183 -0.827074 -0.188221
-56.451 70.9544 15.5118 0.529698 -0.82202 -0.209041
-56.6079 70.5247 16.714 0.50877 -0.82608 -0.242375
-56.6512 70.2196 17.6631 0.50556 -0.829426 -0.237524
-56.5831 69.87 18.9578 0.495139 -0.830206 -0.256088
-56.436 69.6349 20.0519 0.509822 -0.821671 -0.254585
-56.0608 69.4082 21.35 0.464172 -0.837243 -0.289081
-55.7193 69.2252 22.4798 0.474259 -0.832975 -0.28473
-55.4397 68.9831 23.6217 0.492791 -0.819361 -0.292924
-55.1602 68.6787 24.8048 0.470721 -0.823101 -0.317453
-55.0347 68.3956 25.6972 0.45544 -0.823416 -0.338465
-54.9364 67.9616 26.8584 0.442716 -0.825343 -0.350288
-54.8533 67.6549 27.706 0.436272 -0.829469 -0.348738
-54.8712 67.2683 28.5886 0.432011 -0.828013 -0.357402
-54.8818 66.8974 29.4346 0.41106 -0.838902 -0.356754
-54.868 66.4877 30.4012 0.41334 -0.83597 -0.36096
-54.7511 66.0936 31.4255 0.410602 -0.828901 -0.379907
-54.4139 65.7833 32.4881 0.377509 -0.845779 -0.376994
-53.7665 65.7096 33.2911 0.378077 -0.849769 -0.367125
-52.8675 65.9161 33.7903 0.3795 -0.849445 -0.366112
-51.8311 66.1608 34.213 0.35324 -0.854856 -0.380055
-50.6235 66.4307 34.6901 0.332737 -0.855727 -0.396254
-49.5463 66.6098 35.1838 0.302331 -0.865028 -0.40034
-48.6951 66.6853 35.6507 0.299648 -0.863061 -0.406616
-47.8658 66.7189 36.1422 0.262884 -0.873253 -0.410269
-46.851 66.7425 36.7135 0.226884 -0.885567 -0.405329
-45.6064 66.9346 36.9864 0.221837 -0.886691 -0.405647
-44.6744 67.6056 36.0056 0.187081 -0.888091 -0.419875
-44.2333 68.0611 35.3069 0.18693 -0.870299 -0.455672
-43.7344 68.5198 34.6053 0.162092 -0.876524 -0.45295
-43.2264 68.9535 33.9706 0.156461 -0.870928 -0.465828
-42.7136 69.3895 33.322 0.154394 -0.872298 -0.46396
-42.1948 69.878 32.6402 0.161883 -0.855275 -0.492239
-41.5299 70.4006 31.8493 0.100939 -0.875706 -0.472176
-40.6824 70.92 31.1008 0.127237 -0.86429 -0.486636
-39.9497 71.2925 30.5823 0.0447244 -0.872805 -0.486016
-39.0617 71.7306 29.8842 0.04821 -0.871225 -0.488511
-38.0689 72.1869 29.15 0.0295886 -0.867991 -0.495698
-37.2388 72.5089 28.6116 -0.00215183 -0.873431 -0.486943
-36.5563 72.8518 28.0431 -0.0365011 -0.856657 -0.514593
-35.9334 73.2079 27.429 -0.0243405 -0.846142 -0.532402
-35.3625 73.5896 26.7917 -0.0303716 -0.842853 -0.537262
-34.7966 74.0147 26.0788 -0.0525205 -0.855582 -0.514995
-34.2141 74.5094 25.2142 -0.0642419 -0.852455 -0.518543
-33.4953 75.125 24.086 -0.0661276 -0.849004 -0.524119
-33.1843 75.7762 22.9684 -0.0613653 -0.865861 -0.496508
-33.0422 76.2902 22.0888 -0.0659785 -0.844602 -0.531314
-33.0032 76.888 21.0571 -0.00624137 -0.892351 -0.451299
-33.0961 77.277 20.2211 0.0165798 -0.915714 -0.401488
-33.1263 77.6326 19.3756 -0.026138 -0.912006 -0.407893
-33.2109 78.2493 18.0989 -0.0477429 -0.900372 -0.432494
-33.2149 78.6103 17.2399 -0.0161273 -0.923776 -0.382594
-33.2274 78.9725 16.3557 0.0206088 -0.944288 -0.328475
-33.2459 79.359 15.2439 0.015628 -0.935714 -0.351528
-33.3771 79.8814 13.9668 0.0208283 -0.923947 -0.381953
-33.4203 80.2545 13.0458 0.0418402 -0.931339 -0.360938
-33.5076 80.6665 11.9371 0.0644015 -0.931834 -0.357123
-33.5438 80.9492 11.0276 0.115461 -0.939301 -0.320793
-33.5591 81.273 10.1283 0.156341 -0.935766 -0.316068
-33.5694 81.6905 8.93972 0.186341 -0.923126 -0.335844
-33.5751 81.9943 8.03521 0.197468 -0.932705 -0.301773
-33.5886 82.2885 7.11694 0.20858 -0.929252 -0.3047
-34.2828 82.4285 6.20357 0.201007 -0.934245 -0.294589
-35.4563 82.2845 5.60821 0.279471 -0.920265 -0.273869
-36.4626 82.1423 5.06654 0.268395 -0.923178 -0.274954
-37.6338 81.9762 4.32261 0.291744 -0.936134 -0.19631
-38.6323 81.7866 3.66107 0.30851 -0.929746 -0.200983
-39.587 81.584 3.02652 0.329759 -0.930133 -0.161592
-40.4306 81.3711 2.49891 0.337656 -0.92822 -0.15619
-41.2682 81.1036 2.21678 0.34806 -0.923788 -0.159577
-42.6197 80.5689 2.25161 0.372893 -0.911802 -0.171953
-43.6023 80.1155 2.48818 0.381246 -0.911128 -0.156516
-44.5103 79.6741 2.80439 0.394854 -0.905519 -0.155324
-45.2968 79.282 3.05298 0.401598 -0.902003 -0.158462
-46.3933 78.6995 3.48249 0.421504 -0.896044 -0.139357
-47.3948 78.1494 3.97707 0.427568 -0.893341 -0.138304
-48.1984 77.7127 4.34187 0.44163 -0.888284 -0.12615
-49.0742 77.2342 4.68051 0.445261 -0.88841 -0.110312
-49.8561 76.7648 5.03869 0.474634 -0.872443 -0.116472
-50.6442 76.2772 5.47157 0.478595 -0.871061 -0.110381
-51.3798 75.8115 5.98079 0.48863 -0.865844 -0.106831
-52.3539 75.1374 6.82338 0.501294 -0.858044 -0.111646
-52.8901 74.7405 7.46347 0.501788 -0.857417 -0.114212
-53.4371 74.2881 8.30829 0.51365 -0.846918 -0.137456
-53.7975 73.9738 8.89401 0.515128 -0.84565 -0.139709
-54.4247 73.7094 8.18961 0.509549 -0.849731 -0.135188
-54.8879 73.3065 8.93448 0.51156 -0.847736 -0.140181
-55.3572 72.8686 9.79483 0.511658 -0.845632 -0.151649
-55.825 72.4332 10.6092 0.519282 -0.837047 -0.172336
-56.2895 71.9495 11.6049 0.5192 -0.838903 -0.163318
-56.7151 71.3941 12.8947 0.511616 -0.839643 -0.182249
-56.9628 71.0489 13.819 0.514783 -0.838525 -0.178498
-57.1568 70.6999 14.7354 0.513227 -0.829161 -0.221564
-57.3564 70.2261 16.0762 0.529178 -0.820796 -0.215091
-57.4741 69.9251 16.9416 0.495233 -0.838505 -0.22704
-57.4712 69.6784 17.8298 0.502352 -0.832769 -0.232675
-57.4121 69.4118 18.8363 0.496043 -0.82864 -0.259417
-57.2779 69.1777 19.8404 0.502734 -0.826917 -0.251712
-57.0221 69.0135 20.8485 0.498706 -0.826421 -0.261381
-56.7578 68.8733 21.7653 0.48841 -0.823245 -0.289226
-56.4018 68.6532 22.9624 0.480526 -0.824279 -0.29943
-56.1835 68.4413 23.9174 0.452786 -0.840311 -0.297525
-56.0005 68.2202 24.7745 0.463973 -0.829904 -0.30982
-55.8507 67.8818 25.8458 0.445834 -0.832548 -0.328325
-55.7652 67.5485 26.8138 0.428406 -0.83376 -0.3483
-55.6935 67.2223 27.6839 0.436271 -0.82947 -0.348738
-55.7195 66.8467 28.5778 0.414634 -0.843579 -0.341252
-55.734 66.4476 29.5103 0.41277 -0.838779 -0.355058
-55.7272 66.0806 30.3739 0.395051 -0.845798 -0.358552
-55.576 65.5743 31.7395 0.395514 -0.846472 -0.356446
-55.2083 65.2447 32.8933 0.381463 -0.844874 -0.375065
-54.4951 65.1585 33.8292 0.382613 -0.852847 -0.35533
-53.6704 65.306 34.3686 0.384428 -0.851057 -0.357655
-52.6442 65.5693 34.797 0.351613 -0.858135 -0.374128
-51.7964 65.783 35.1058 0.352527 -0.857634 -0.374418
-50.4488 66.0756 35.6408 0.322536 -0.865155 -0.38395
-49.0226 66.2396 36.3845 0.289336 -0.873747 -0.390961
-47.788 66.2836 37.1526 0.25418 -0.884206 -0.391883
-46.562 66.3259 37.8329 0.225519 -0.898352 -0.37686
-45.6892 66.453 38.0662 0.221103 -0.901349 -0.372286
-44.4968 66.9998 37.4035 0.204059 -0.906754 -0.368996
-43.8637 67.5456 36.4935 0.186965 -0.888149 -0.419805
-43.3104 68.0996 35.6119 0.176265 -0.876828 -0.447071
-42.7659 68.5524 34.9053 0.1611 -0.883854 -0.439122
-42.2579 68.9806 34.2395 0.1519 -0.872358 -0.46467
-41.6356 69.5352 33.4297 0.166364 -0.862556 -0.477828
-40.99 70.0812 32.5906 0.101185 -0.88853 -0.447522
-40.0886 70.6313 31.7209 0.0536391 -0.861712 -0.504554
-39.3009 71.0161 31.1327 0.0430058 -0.86912 -0.492728
-38.6322 71.3462 30.6277 0.0654653 -0.872804 -0.48366
-37.7272 71.7404 29.9769 0.0183483 -0.8837 -0.467694
-36.8506 72.0755 29.3833 -0.0194252 -0.869852 -0.492929
-36.1035 72.3901 28.7974 -0.0203921 -0.870394 -0.491934
-35.4567 72.7153 28.1951 -0.0431169 -0.868787 -0.492779
-34.8458 73.116 27.4962 -0.0370612 -0.844529 -0.534132
-34.2548 73.5163 26.8165 -0.0929001 -0.837636 -0.53805
-33.6385 74.0265 25.9165 -0.0966696 -0.828936 -0.550883
-33.0043 74.5175 25.001 -0.0761757 -0.846621 -0.526226
-32.5123 75.0411 24.1155 -0.0580752 -0.846974 -0.528453
-32.2361 75.6883 22.9958 -0.0770175 -0.866335 -0.493489
-32.0782 76.1987 22.093 -0.0788437 -0.850625 -0.519703
-32.0507 76.8283 21.0066 -0.10597 -0.874501 -0.473305
-32.1735 77.3073 20.1182 -0.0745508 -0.903349 -0.419738
-32.2334 77.7107 19.1779 -0.0221667 -0.92129 -0.387802
-32.2791 78.1974 18.1048 -0.0474167 -0.900101 -0.433094
-32.2702 78.6929 17.0008 -0.0152847 -0.923355 -0.383641
-32.308 79.1815 15.7623 -0.000263844 -0.943699 -0.330804
-32.3404 79.5181 14.9284 0.0354978 -0.923774 -0.381251
-32.4438 80.0196 13.6859 0.0479025 -0.924307 -0.378486
-32.4857 80.4086 12.762 0.0544892 -0.918847 -0.390833
-32.577 80.7942 11.7683 0.0752887 -0.920757 -0.381624
-32.623 81.1672 10.8152 0.123174 -0.928001 -0.351627
-32.6568 81.5134 9.86266 0.165034 -0.928416 -0.332287
-32.6781 81.8424 8.99384 0.190062 -0.915683 -0.354121
-32.6804 82.1815 8.08772 0.190315 -0.922817 -0.334947
-32.6145 82.5318 7.04323 0.208899 -0.935754 -0.284122
-32.6514 82.7949 6.16177 0.247129 -0.901057 -0.35573
-33.3973 82.8183 5.6036 0.215238 -0.919346 -0.329357
-34.3727 82.7123 5.16389 0.237237 -0.930309 -0.279721
-35.284 82.5889 4.72466 0.276018 -0.926324 -0.256284
-36.1892 82.4597 4.23785 0.290946 -0.927368 -0.233303
-37.177 82.2779 3.60916 0.302295 -0.929222 -0.21252
-37.924 82.1403 3.11281 0.30854 -0.929688 -0.201205
-38.6549 81.9942 2.59735 0.335952 -0.927829 -0.162077
-39.4061 81.8195 2.04035 0.332859 -0.928981 -0.161831
-40.5786 81.5089 1.38118 0.338781 -0.925292 -0.170477
-41.6254 81.1518 1.20063 0.346136 -0.921972 -0.173658
-42.9717 80.5833 1.33095 0.389533 -0.905348 -0.168811
-43.8487 80.1708 1.56449 0.382864 -0.910609 -0.155572
-44.7884 79.7146 1.88041 0.394322 -0.904727 -0.161183
-45.5574 79.3091 2.14662 0.419257 -0.894592 -0.154687
-46.3404 78.8907 2.44402 0.419873 -0.895313 -0.148603
-47.1208 78.4648 2.78024 0.428831 -0.892985 -0.136678
-47.9454 78.0056 3.19779 0.42822 -0.89326 -0.136804
-48.7294 77.5513 3.55066 0.448584 -0.886714 -0.111852
-49.6396 77.0327 3.90287 0.476487 -0.871544 -0.115637
-50.5628 76.4719 4.32954 0.477553 -0.87114 -0.114259
-51.4925 75.8807 4.92538 0.487481 -0.86585 -0.112372
-52.3584 75.3011 5.54796 0.493763 -0.861417 -0.118991
-53.0927 74.7811 6.25108 0.500246 -0.858677 -0.111485
-53.6487 74.3626 6.96138 0.508104 -0.853383 -0.116481
-54.1172 73.9696 7.70681 0.516923 -0.845948 -0.131005
-54.3023 73.8128 7.98893 0.51244 -0.848793 -0.130101
-54.9589 73.508 7.41702 0.507955 -0.85164 -0.129196
-55.4563 73.086 8.19848 0.51346 -0.846495 -0.1407
-55.9923 72.6157 9.0982 0.510471 -0.84932 -0.13444
-56.5079 72.1324 10.0152 0.51723 -0.838388 -0.171983
-56.9494 71.6669 10.9734 0.515969 -0.84016 -0.167052
-57.3249 71.2305 11.9709 0.50918 -0.839618 -0.189149
-57.586 70.8537 12.9406 0.502852 -0.843884 -0.186912
-57.8804 70.4349 14.0431 0.48125 -0.857472 -0.180719
-58.0508 70.0647 15.0941 0.493055 -0.842064 -0.218691
-58.1858 69.7365 16.0522 0.49311 -0.841951 -0.218999
-58.2883 69.3314 17.3335 0.48613 -0.841804 -0.234338
-58.2662 69.0343 18.4625 0.471357 -0.847203 -0.244761
-58.1488 68.7956 19.4667 0.470921 -0.844827 -0.253882
-57.8943 68.5802 20.6169 0.469721 -0.839636 -0.272715
-57.6382 68.4356 21.5061 0.466379 -0.844191 -0.264214
-57.3168 68.2701 22.5864 0.461561 -0.844324 -0.272123
-57.0016 68.0212 23.8591 0.452783 -0.840313 -0.297524
-56.8179 67.79 24.7426 0.437531 -0.84565 -0.305684
-56.6596 67.4311 25.9314 0.436871 -0.841465 -0.317932
-56.574 67.0113 27.1227 0.415891 -0.844803 -0.336664
-56.5662 66.6337 28.0744 0.415468 -0.843504 -0.340421
-56.6062 66.1846 29.137 0.398022 -0.849376 -0.346612
-56.5824 65.6537 30.4387 0.395089 -0.845789 -0.358532
-56.4302 65.1437 31.8277 0.382432 -0.854527 -0.351468
-56.221 64.8759 32.7067 0.382429 -0.854564 -0.351381
-55.7808 64.7118 33.5849 0.372459 -0.858172 -0.353128
-55.1585 64.6693 34.3487 0.361644 -0.872255 -0.32922
-54.308 64.7699 35.004 0.349695 -0.874854 -0.335178
-53.3359 65.007 35.4397 0.367564 -0.854846 -0.365748
-52.343 65.2512 35.8101 0.351716 -0.865093 -0.357197
-51.3815 65.5048 36.1355 0.347011 -0.869867 -0.350591
-50.3569 65.7012 36.563 0.303466 -0.88066 -0.363793
-49.2244 65.8151 37.2009 0.28713 -0.881948 -0.373798
-48.4638 65.8444 37.7092 0.27071 -0.882176 -0.385164
-47.7014 65.8539 38.2016 0.259822 -0.885545 -0.385101
-46.5363 65.912 38.8394 0.242915 -0.891069 -0.383391
-45.3773 66.099 39.0797 0.20535 -0.898733 -0.387442
-44.4137 66.5076 38.6341 0.182201 -0.904285 -0.385899
-43.7805 66.8729 38.0531 0.17195 -0.906651 -0.385249
-43.2649 67.2565 37.3772 0.169629 -0.907386 -0.384547
-42.8297 67.7148 36.5866 0.168502 -0.888626 -0.426392
-42.2672 68.2208 35.7497 0.158 -0.885143 -0.437666
-41.6077 68.768 34.8834 0.15596 -0.884847 -0.439002
-41.0476 69.2229 34.1604 0.110568 -0.872267 -0.476092
-40.5371 69.6741 33.4601 0.0903063 -0.876183 -0.473089
-39.7436 70.1959 32.5622 0.0596011 -0.886912 -0.458077
-38.9452 70.5793 31.9313 0.0574643 -0.873509 -0.482753
-38.1841 70.9726 31.3372 0.056488 -0.864067 -0.500198
-37.446 71.2839 30.8165 -0.00453384 -0.873679 -0.486479
-36.261 71.724 29.9887 -0.0179092 -0.87671 -0.480686
-35.553 72.0149 29.4384 -0.0431108 -0.868787 -0.492779
-34.772 72.3695 28.7112 -0.0658342 -0.867176 -0.493631
-34.0017 72.8468 27.8213 -0.080536 -0.853103 -0.51549
-33.397 73.2268 27.1053 -0.105526 -0.841364 -0.530067
-32.7969 73.7216 26.2334 -0.0909196 -0.827295 -0.554361
-32.3253 74.1492 25.5038 -0.0723317 -0.840217 -0.537203
-31.8398 74.5291 24.8305 -0.0894239 -0.842932 -0.530488
-31.4677 75.1054 23.8366 -0.0948764 -0.847519 -0.522196
-31.2222 75.7052 22.8078 -0.0868814 -0.857966 -0.505988
-31.0971 76.3498 21.6757 -0.109322 -0.871415 -0.477868
-31.1316 76.7923 20.8583 -0.119897 -0.873453 -0.471916
-31.2455 77.2499 20.0008 -0.119285 -0.886579 -0.446933
-31.3269 77.7901 18.8954 -0.0425711 -0.919697 -0.390315
-31.3371 78.2946 17.7911 -0.0536544 -0.899361 -0.433903
-31.3293 78.7485 16.8144 -0.0315918 -0.921176 -0.387861
-31.3592 79.1593 15.8738 0.0163641 -0.910478 -0.411848
-31.4005 79.5426 14.9618 0.0399273 -0.917585 -0.395529
-31.4622 79.8976 14.132 0.0490445 -0.920311 -0.38791
-31.5419 80.3344 13.0746 0.0596035 -0.920091 -0.387142
-31.6494 80.8914 11.7569 0.0902971 -0.909757 -0.405201
-31.7065 81.3862 10.5583 0.130887 -0.923423 -0.360552
-31.7557 81.7755 9.57677 0.134408 -0.915276 -0.379743
-31.783 82.1428 8.68177 0.147447 -0.910238 -0.386631
-31.7561 82.5188 7.75181 0.236631 -0.906137 -0.350601
-31.6384 82.913 6.52813 0.242225 -0.93142 -0.269832
-31.8641 83.3453 5.31452 0.247129 -0.901057 -0.355729
-33.1874 83.1894 4.70485 0.239386 -0.910808 -0.335309
-34.4693 82.992 4.15158 0.254239 -0.924031 -0.284908
-35.6498 82.8054 3.56432 0.323724 -0.904337 -0.275505
-36.5734 82.6235 2.98363 0.332208 -0.907649 -0.256498
-37.4577 82.4647 2.41899 0.329573 -0.910311 -0.250295
-38.1844 82.2958 1.88504 0.368881 -0.910782 -0.18258
-38.9907 82.1182 1.24814 0.342914 -0.92371 -0.170791
-40.1065 81.8357 0.545261 0.338773 -0.925295 -0.170474
-41.2021 81.4846 0.277503 0.342226 -0.923689 -0.172219
-42.1302 81.1273 0.245512 0.363613 -0.917696 -0.160065
-42.9581 80.7763 0.369301 0.369726 -0.919924 -0.130543
-43.7771 80.3851 0.57045 0.387639 -0.904205 -0.179267
-44.7365 79.9192 0.867382 0.40277 -0.900882 -0.159518
-45.9028 79.2959 1.28911 0.424792 -0.892611 -0.15076
-46.6737 78.8695 1.57679 0.438262 -0.887188 -0.144301
-47.5744 78.3747 1.94845 0.428124 -0.893324 -0.136684
-48.7732 77.6789 2.54274 0.462852 -0.875708 -0.137489
-49.5993 77.1912 2.87385 0.47721 -0.871262 -0.114771
-50.6491 76.5555 3.32948 0.477936 -0.870977 -0.113912
-51.3444 76.1163 3.74207 0.487864 -0.865961 -0.109654
-52.1162 75.6134 4.23032 0.496233 -0.861588 -0.10686
-52.9227 75.0773 4.82182 0.494058 -0.861749 -0.115022
-53.6059 74.5895 5.47609 0.498056 -0.858967 -0.118812
-54.1427 74.1811 6.15744 0.505404 -0.854241 -0.121796
-54.8617 73.5902 7.25713 0.50796 -0.851636 -0.129198
-55.6214 73.1992 6.85219 0.511677 -0.849171 -0.130648
-56.1598 72.7383 7.70629 0.515871 -0.84581 -0.135877
-56.6335 72.3331 8.46103 0.502257 -0.854119 -0.134981
-57.0798 71.9384 9.23975 0.517397 -0.838341 -0.171711
-57.5086 71.4905 10.1345 0.504955 -0.846039 -0.170359
-58.0245 70.9384 11.3846 0.508897 -0.842501 -0.176178
-58.2653 70.6174 12.1995 0.496523 -0.848151 -0.184675
-58.5697 70.2106 13.3202 0.464102 -0.868734 -0.172948
-58.7708 69.8592 14.2864 0.486491 -0.843539 -0.227526
-58.9577 69.4205 15.5523 0.476762 -0.851802 -0.217099
-59.1234 68.9676 16.9382 0.481707 -0.847522 -0.222853
-59.1515 68.6437 18.0687 0.477635 -0.8469 -0.233721
-59.091 68.4354 18.9472 0.471358 -0.847204 -0.244759
-58.8804 68.2322 19.9644 0.477968 -0.836927 -0.266645
-58.5178 67.9927 21.3524 0.469842 -0.841388 -0.266982
-58.1912 67.8317 22.4593 0.466382 -0.844187 -0.264221
-57.9006 67.6339 23.5616 0.455377 -0.847726 -0.272014
-57.6677 67.4151 24.5499 0.447655 -0.841112 -0.303539
-57.5124 67.1633 25.4649 0.441442 -0.838975 -0.318194
-57.4393 66.8734 26.3278 0.440187 -0.838913 -0.320092
-57.4152 66.4365 27.5251 0.413368 -0.852554 -0.319613
-57.4687 66.0477 28.4467 0.409491 -0.847816 -0.336933
-57.5129 65.5795 29.5683 0.399473 -0.853601 -0.334124
-57.462 65.2552 30.4192 0.389623 -0.849763 -0.355102
-57.3307 64.7707 31.7396 0.390059 -0.852568 -0.347823
-57.0261 64.3819 33.0262 0.373172 -0.856202 -0.357055
-56.5756 64.2273 33.89 0.385774 -0.854431 -0.34798
-55.9774 64.1855 34.6696 0.38681 -0.856338 -0.342144
-55.1701 64.236 35.4559 0.384969 -0.862755 -0.327399
-54.3621 64.3715 35.9881 0.3497 -0.875038 -0.334692
-53.5021 64.586 36.3218 0.345738 -0.875503 -0.33758
-52.6471 64.8222 36.5931 0.347802 -0.872177 -0.343955
-51.3958 65.1496 37.0056 0.343405 -0.877242 -0.335188
-50.4549 65.3093 37.4181 0.30128 -0.87832 -0.371193
-49.6043 65.3887 37.915 0.28436 -0.880384 -0.379501
-48.826 65.402 38.4537 0.274998 -0.886532 -0.371688
-47.9369 65.4185 39.0567 0.261873 -0.88989 -0.373521
-47.1417 65.4618 39.5244 0.255552 -0.898373 -0.356906
-46.1305 65.5624 39.9654 0.222305 -0.901445 -0.370336
-45.0315 65.7632 40.0556 0.199188 -0.909117 -0.365828
-43.8988 66.2551 39.4689 0.182209 -0.904286 -0.385893
-43.1196 66.6876 38.7921 0.158426 -0.915158 -0.370037
-42.5318 67.0887 38.067 0.150383 -0.906927 -0.393534
-42.0037 67.6159 37.096 0.155533 -0.890003 -0.428608
-41.3333 68.2383 36.0559 0.134523 -0.891061 -0.432735
-40.8051 68.6565 35.3287 0.113555 -0.883653 -0.454162
-40.3152 69.0574 34.6713 0.0911243 -0.888159 -0.449808
-39.7803 69.4869 33.9233 0.0643759 -0.879575 -0.471385
-39.0272 69.9953 33.0438 0.0588623 -0.886242 -0.459465
-38.3333 70.3356 32.4724 0.0531068 -0.885931 -0.460767
-37.545 70.6726 31.9109 0.0108621 -0.878382 -0.477451
-36.5639 71.0499 31.2511 0.0163275 -0.885645 -0.463964
-35.5771 71.4313 30.5358 0.00705158 -0.885739 -0.464129
-34.8598 71.6881 29.9661 -0.0581002 -0.889607 -0.453017
-34.1828 71.9757 29.3563 -0.0495039 -0.879312 -0.473666
-33.4175 72.4152 28.4251 -0.0931898 -0.855811 -0.508628
-32.7897 72.7885 27.6983 -0.0968369 -0.84778 -0.521432
-32.1942 73.1586 26.9861 -0.0982841 -0.845752 -0.524432
-31.6871 73.6734 26.1297 -0.0856426 -0.82786 -0.554358
-31.0476 74.2436 25.1489 -0.0893495 -0.837035 -0.539783
-30.6503 74.6999 24.339 -0.0972358 -0.844994 -0.525835
-30.2807 75.4338 23.0857 -0.0907568 -0.850841 -0.517525
-30.1835 76.0259 22.0436 -0.0948748 -0.87042 -0.483081
-30.1952 76.5493 21.0877 -0.106657 -0.880274 -0.462323
-30.3221 77.1633 19.9569 -0.0942048 -0.877657 -0.469939
-30.4089 77.5993 19.1332 -0.0948799 -0.896781 -0.432183
-30.3817 78.007 18.2813 -0.0687249 -0.908239 -0.411249
-30.3903 78.3949 17.4678 -0.0529285 -0.898891 -0.434965
-30.4039 78.8395 16.5229 -0.0183961 -0.910621 -0.411792
-30.452 79.3141 15.5431 -0.0143407 -0.900932 -0.433621
-30.4942 79.7282 14.6215 0.0383348 -0.917905 -0.394944
-30.5756 80.1942 13.5636 0.0540116 -0.91258 -0.40478
-30.6893 80.7912 12.1369 0.0659166 -0.91772 -0.39172
-30.7538 81.1649 11.2914 0.065362 -0.905486 -0.419062
-30.8002 81.577 10.3916 0.11396 -0.921033 -0.372439
-30.8529 82.1028 9.15308 0.145906 -0.902593 -0.404593
-30.8598 82.4893 8.27565 0.160202 -0.899471 -0.406555
-30.8372 82.9294 7.31081 0.198414 -0.902804 -0.37858
-30.7467 83.2353 6.46105 0.310985 -0.904298 -0.29246
-30.5599 83.74 5.25646 0.259602 -0.896151 -0.359889
-31.1357 83.8438 4.55447 0.27474 -0.903893 -0.327864
-32.3925 83.6643 4.08019 0.276707 -0.901875 -0.331079
-33.6828 83.4276 3.57558 0.284122 -0.90646 -0.312374
-34.8116 83.2433 3.01565 0.296367 -0.910173 -0.289399
-35.7848 83.0668 2.50012 0.359457 -0.894634 -0.265367
-36.7079 82.878 1.88808 0.334491 -0.909893 -0.245331
-37.7391 82.6463 1.16542 0.396305 -0.899732 -0.182605
-38.5693 82.4224 0.459464 0.366275 -0.913263 -0.17681
-39.4333 82.2151 -0.154141 0.355272 -0.921851 -0.153011
-40.2502 81.9531 -0.523506 0.341413 -0.931354 -0.126555
-41.1245 81.6146 -0.702228 0.364509 -0.92796 -0.0693422
-42.1955 81.2356 -0.705918 0.351819 -0.929679 -0.10387
-43.0366 80.8725 -0.574627 0.38777 -0.917978 -0.0833766
-44.083 80.4019 -0.304973 0.412574 -0.905616 -0.0958683
-45.2169 79.8225 0.0414067 0.423089 -0.897207 -0.125726
-46.1718 79.294 0.35505 0.45151 -0.883284 -0.126282
-47.0665 78.7997 0.694324 0.4454 -0.887341 -0.119353
-47.8091 78.3817 1.03733 0.442844 -0.88905 -0.116103
-48.7411 77.8364 1.4858 0.470794 -0.874824 -0.114176
-49.4687 77.4008 1.81486 0.475932 -0.872115 -0.113593
-50.5199 76.7719 2.22468 0.479705 -0.870001 -0.113907
-51.4409 76.1899 2.71011 0.491751 -0.863041 -0.115508
-52.218 75.6815 3.2005 0.493057 -0.862991 -0.110042
-53.0531 75.1358 3.76612 0.490433 -0.864701 -0.108475
-53.8476 74.5924 4.46061 0.50175 -0.856628 -0.120052
-54.3972 74.1859 5.04579 0.505657 -0.854581 -0.118331
-54.8833 73.8045 5.72596 0.505227 -0.854391 -0.121449
-55.3569 73.4209 6.43135 0.506994 -0.852579 -0.126713
-56.0686 73.0741 5.95517 0.491808 -0.862014 -0.122706
-56.6073 72.6219 6.80601 0.497796 -0.85491 -0.146037
-57.1603 72.1557 7.66712 0.494921 -0.856396 -0.147103
-57.7187 71.676 8.58082 0.498587 -0.855259 -0.14104
-58.1453 71.2496 9.49629 0.492513 -0.853736 -0.169011
-58.5972 70.7854 10.5026 0.490411 -0.853983 -0.17381
-58.9698 70.343 11.586 0.483212 -0.855834 -0.184172
-59.3193 69.9014 12.8084 0.490768 -0.852345 -0.179647
-59.529 69.5649 13.7446 0.496852 -0.842166 -0.208558
-59.6677 69.2565 14.6252 0.478466 -0.851584 -0.214184
-59.8095 68.9258 15.629 0.46606 -0.856177 -0.223043
-59.9425 68.563 16.7412 0.46567 -0.856255 -0.223561
-59.9955 68.286 17.6678 0.469313 -0.852208 -0.23127
-59.9286 68.0142 18.7656 0.478154 -0.840979 -0.253223
-59.6617 67.7493 20.0796 0.45586 -0.852356 -0.254603
-59.4612 67.5967 20.9675 0.443189 -0.861384 -0.248196
-59.1518 67.4427 21.9669 0.477941 -0.837376 -0.265279
-58.7673 67.2331 23.332 0.478291 -0.838378 -0.261459
-58.4973 66.9768 24.5486 0.444091 -0.844715 -0.298729
-58.3178 66.6934 25.5825 0.442863 -0.838591 -0.317234
-58.2855 66.3981 26.4752 0.411488 -0.857277 -0.309442
-58.3222 65.9938 27.5208 0.41538 -0.847831 -0.329609
-58.3628 65.6399 28.4098 0.390524 -0.861903 -0.323349
-58.4 65.1658 29.5985 0.390347 -0.854597 -0.342245
-58.3044 64.7795 30.6316 0.36935 -0.86249 -0.344916
-58.2083 64.4081 31.6989 0.363141 -0.870429 -0.332389
-58.0654 64.1228 32.6036 0.364581 -0.864307 -0.346143
-57.6882 63.8645 33.5935 0.364088 -0.857792 -0.362811
-56.9281 63.7074 34.7912 0.387201 -0.855836 -0.342958
-56.1506 63.7192 35.6886 0.387879 -0.86628 -0.314816
-55.0476 63.8504 36.6087 0.35958 -0.870784 -0.335303
-54.2526 64.0256 37.0093 0.35776 -0.878944 -0.315191
-53.2889 64.2998 37.3062 0.349086 -0.881013 -0.319305
-52.443 64.5419 37.5493 0.343928 -0.881688 -0.323016
-51.1739 64.8459 37.9753 0.304797 -0.883414 -0.355919
-50.3098 64.9467 38.4364 0.288865 -0.887204 -0.359757
-49.5436 64.9796 38.9704 0.278637 -0.89073 -0.358947
-48.4656 64.9832 39.723 0.261805 -0.889906 -0.373531
-47.6437 65.0278 40.2291 0.270221 -0.893784 -0.357953
-46.7986 65.111 40.6469 0.232358 -0.899943 -0.368603
-45.644 65.2453 41.0087 0.211929 -0.902995 -0.373422
-44.6355 65.474 40.9883 0.198361 -0.909154 -0.366185
-43.8579 65.7809 40.6448 0.18827 -0.910848 -0.367197
-43.1286 66.1392 40.1115 0.176453 -0.91316 -0.367427
-42.3376 66.5695 39.398 0.141045 -0.921976 -0.360646
-41.6982 67.0083 38.5608 0.150512 -0.911864 -0.381905
-41.2263 67.4897 37.6401 0.137398 -0.892302 -0.429632
-40.761 67.9508 36.8111 0.111179 -0.901536 -0.417845
-40.1895 68.375 36.0528 0.0989139 -0.892144 -0.44079
-39.4818 68.9764 34.9631 0.0803133 -0.89555 -0.437652
-38.9676 69.3716 34.2495 0.0665269 -0.886122 -0.458418
-38.2002 69.8146 33.4741 0.0428772 -0.885422 -0.462806
-37.4894 70.1573 32.9256 0.0295328 -0.876997 -0.478786
-36.783 70.4335 32.4214 0.000345645 -0.877772 -0.479078
-35.7 70.8228 31.6829 -0.031471 -0.870577 -0.491025
-34.9418 71.0904 31.1203 -0.0918927 -0.876119 -0.473176
-34.0491 71.4081 30.3768 -0.101872 -0.873506 -0.47586
-33.3531 71.6914 29.7002 -0.110281 -0.868378 -0.483486
-32.664 72.0926 28.8341 -0.123071 -0.856066 -0.502001
-31.936 72.4835 28.0014 -0.116676 -0.852697 -0.50921
-31.2424 72.9528 27.1351 -0.0864329 -0.82696 -0.555578
-30.7352 73.3943 26.3905 -0.141629 -0.812471 -0.565537
-30.2726 73.7664 25.6947 -0.144313 -0.831341 -0.536699
-29.8644 74.2102 24.9811 -0.101918 -0.82942 -0.548365
-29.5501 74.654 24.1858 -0.178767 -0.830675 -0.527278
-29.3608 75.1021 23.4181 -0.172435 -0.835418 -0.52175
-29.2447 75.7497 22.3451 -0.131923 -0.849495 -0.508953
-29.2308 76.2251 21.479 -0.107763 -0.873911 -0.473989
-29.3069 76.748 20.5323 -0.100299 -0.87684 -0.470119
-29.4805 77.3887 19.3561 -0.107721 -0.879093 -0.464311
-29.4864 77.9891 18.1863 -0.0577059 -0.893079 -0.446171
-29.4589 78.6137 16.9224 -0.0386999 -0.897981 -0.438304
-29.4774 79.0209 16.0985 -0.0367042 -0.896225 -0.442079
-29.5348 79.5447 15.008 -0.0240229 -0.903167 -0.428617
-29.6104 79.9646 14.121 -0.0390975 -0.905991 -0.421486
-29.6641 80.3511 13.2958 -0.026324 -0.898935 -0.436791
-29.7479 80.76 12.3528 0.0399705 -0.921034 -0.387426
-29.846 81.3718 11.0257 0.101097 -0.899296 -0.425494
-29.9126 81.8129 10.0778 0.0877645 -0.89976 -0.427257
-29.9519 82.2541 9.10784 0.128426 -0.900753 -0.414909
-29.9348 82.6552 8.23932 0.138694 -0.904873 -0.402453
-29.8932 83.0977 7.20601 0.122883 -0.924073 -0.361924
-29.6908 83.5961 5.92765 0.115702 -0.934187 -0.337503
-29.4523 83.9558 5.07085 0.0872395 -0.93123 -0.353837
-29.9373 84.2558 4.03535 0.134235 -0.943209 -0.299614
-30.8152 84.2547 3.66306 0.180117 -0.930301 -0.316539
-31.6865 84.1061 3.387 0.258693 -0.917027 -0.303545
-32.5434 83.9597 3.10123 0.257831 -0.91712 -0.303996
-33.451 83.792 2.72417 0.34661 -0.896038 -0.277448
-34.5624 83.5707 2.17269 0.283153 -0.925358 -0.251725
-35.549 83.3843 1.64294 0.324786 -0.920276 -0.218189
-36.3592 83.2219 1.10519 0.349793 -0.903595 -0.246981
-37.118 83.0231 0.556691 0.37267 -0.913421 -0.163641
-37.9097 82.8122 -0.0815682 0.391286 -0.903148 -0.176625
-38.58 82.6278 -0.685431 0.396456 -0.912246 -0.096446
-39.469 82.3254 -1.26872 0.339893 -0.938468 -0.061238
-40.2843 82.0135 -1.56508 0.365736 -0.930713 -0.00327236
-41.6176 81.5026 -1.70882 0.354672 -0.93411 -0.040566
-42.9499 80.9801 -1.56346 0.367499 -0.92912 -0.0409788
-44.198 80.4358 -1.26278 0.400117 -0.91294 -0.0802936
-45.2634 79.9246 -0.948499 0.421701 -0.899662 -0.113033
-46.1655 79.4402 -0.658044 0.451291 -0.883789 -0.123506
-46.9907 78.9843 -0.380547 0.443776 -0.887457 -0.124432
-47.7583 78.5556 -0.0586969 0.44366 -0.887555 -0.124146
-48.7257 77.9881 0.44896 0.459667 -0.877475 -0.136908
-49.6257 77.44 0.861607 0.479714 -0.868502 -0.12433
-50.369 76.9974 1.14823 0.478894 -0.870174 -0.115921
-51.2263 76.4775 1.47488 0.486697 -0.866074 -0.114038
-52.2072 75.8413 2.10358 0.481019 -0.867857 -0.124276
-52.9897 75.3248 2.5963 0.494472 -0.860714 -0.121115
-53.6503 74.8887 3.06484 0.490062 -0.864541 -0.111379
-54.2611 74.4737 3.58888 0.491502 -0.863766 -0.111061
-55.0744 73.8715 4.46511 0.495765 -0.85868 -0.129867
-55.6726 73.3924 5.34157 0.505222 -0.854393 -0.12146
-55.927 73.186 5.73628 0.491809 -0.862013 -0.122708
-56.7068 72.7981 5.35316 0.488943 -0.862951 -0.127477
-56.1841 73.2222 4.51712 0.491643 -0.860416 -0.134059
-55.4668 73.7815 3.53321 0.496802 -0.85918 -0.122466
-54.7291 74.3111 2.78269 0.492737 -0.863101 -0.110747
-53.9745 74.8223 2.14597 0.492618 -0.862686 -0.114393
-53.2924 75.274 1.70541 0.496925 -0.859904 -0.116747
-52.3434 75.906 1.09474 0.490881 -0.863372 -0.116488
-51.3709 76.521 0.545008 0.483121 -0.86779 -0.116337
-50.6056 76.9861 0.254166 0.482902 -0.867885 -0.116534
-49.7317 77.5314 -0.114607 0.484314 -0.864644 -0.133529
-49.0196 77.974 -0.447473 0.453936 -0.881406 -0.130281
-48.1329 78.4951 -0.965289 0.445935 -0.886445 -0.123899
-46.9624 79.1386 -1.3778 0.445835 -0.886298 -0.125304
-45.922 79.7097 -1.7109 0.42501 -0.898964 -0.1023
-44.9581 80.1672 -1.99519 0.405029 -0.910734 -0.0805377
-43.702 80.7528 -2.4033 0.39972 -0.913175 -0.0795928
-42.59 81.1817 -2.60031 0.33272 -0.940986 -0.0571425
-41.6607 81.4889 -2.67544 0.325303 -0.945443 0.0177614
-40.7095 81.8348 -2.63537 0.380473 -0.924678 0.0145251
-39.8695 82.1797 -2.47786 0.372995 -0.927797 -0.00202709
-38.8981 82.5843 -2.07851 0.430399 -0.901749 -0.0227997
-38.013 82.9523 -1.42391 0.396466 -0.912241 -0.09645
-37.11 83.2194 -0.570308 0.374307 -0.916166 -0.143298
-36.3804 83.4318 0.0158723 0.399516 -0.900061 -0.174002
-35.4457 83.649 0.678314 0.324865 -0.920557 -0.216882
-34.3232 83.891 1.32282 0.353167 -0.892323 -0.281126
-33.3005 84.1291 1.83911 0.347937 -0.893166 -0.284946
-32.3699 84.2969 2.22956 0.257993 -0.917804 -0.301788
-31.4738 84.4488 2.53281 0.258255 -0.917076 -0.303768
-30.5688 84.5776 2.79608 0.212454 -0.933914 -0.28752
-29.1019 84.616 3.34819 0.0961858 -0.939851 -0.327764
-28.4635 84.4396 4.04138 0.122906 -0.957724 -0.24423
-28.4172 84.2456 4.93882 0.22936 -0.902827 -0.362994
-28.6931 83.7831 5.88581 0.207869 -0.910166 -0.357574
-28.9258 83.3432 6.94555 0.190946 -0.914505 -0.355916
-28.9869 82.9685 7.87354 0.158291 -0.902148 -0.398451
-29.053 82.4886 8.87695 0.128458 -0.900596 -0.41524
-29.0121 82.092 9.7119 0.100864 -0.894776 -0.434975
-28.946 81.644 10.6644 0.102229 -0.898416 -0.427076
-28.8811 81.2051 11.5617 0.0781532 -0.887747 -0.453648
-28.819 80.7718 12.4204 0.0590599 -0.90439 -0.420539
-28.7348 80.2857 13.397 -0.0135476 -0.892002 -0.451829
-28.6415 79.7049 14.5896 -0.0601418 -0.901612 -0.427755
-28.5743 79.2775 15.4599 -0.0811712 -0.897114 -0.434279
-28.5381 78.8252 16.3699 -0.081256 -0.891955 -0.444741
-28.5183 78.4198 17.1742 -0.0844843 -0.89006 -0.447945
-28.5624 77.9095 18.1893 -0.0871388 -0.880021 -0.466614
-28.5098 77.3089 19.2819 -0.107713 -0.879091 -0.464316
-28.3766 76.6792 20.427 -0.119879 -0.874672 -0.469657
-28.2884 76.0365 21.6089 -0.127367 -0.872929 -0.470851
-28.308 75.5426 22.3905 -0.14023 -0.830425 -0.539194
-28.4685 74.7611 23.6554 -0.175972 -0.829441 -0.530152
-28.7196 74.2419 24.5534 -0.179892 -0.828686 -0.530006
-29.0786 73.8073 25.3498 -0.172879 -0.821645 -0.542969
-29.5042 73.3513 26.1312 -0.1237 -0.821737 -0.555496
-29.9638 72.9687 26.8089 -0.141424 -0.812405 -0.565683
-30.4317 72.586 27.476 -0.133746 -0.828929 -0.54233
-31.0184 72.1864 28.2728 -0.132963 -0.847938 -0.51315
-31.6001 71.8885 28.9203 -0.138007 -0.859306 -0.49246
-32.268 71.5748 29.6411 -0.123977 -0.867005 -0.482536
-33.1228 71.1436 30.6443 -0.113754 -0.87476 -0.471014
-33.8187 70.8783 31.2951 -0.0918942 -0.876122 -0.473171
-34.786 70.5689 32.0746 -0.0626297 -0.875284 -0.478333
-35.7891 70.2257 32.771 -0.035935 -0.878095 -0.477136
-36.8832 69.8403 33.5043 0.00200968 -0.876196 -0.481951
-37.5935 69.5175 34.0969 0.0157909 -0.885473 -0.463692
-38.3741 69.0549 34.9578 0.0180697 -0.906313 -0.42222
-38.8552 68.6962 35.6554 0.0720565 -0.89547 -0.439089
-39.3545 68.2408 36.4981 0.053789 -0.906979 -0.416377
-39.946 67.8409 37.2651 0.111182 -0.901541 -0.417834
-40.4755 67.2993 38.2721 0.127605 -0.901153 -0.414294
-40.9976 66.8318 39.2495 0.114183 -0.921364 -0.371409
-41.7153 66.3754 40.1162 0.134585 -0.917689 -0.373809
-42.3336 66.0242 40.7475 0.136627 -0.916076 -0.377012
-43.0108 65.6829 41.2995 0.17958 -0.909171 -0.375647
-44.0176 65.2702 41.8168 0.169616 -0.910495 -0.377132
-45.4055 64.9171 41.9742 0.200035 -0.912113 -0.357821
-46.4511 64.7842 41.7149 0.24077 -0.902963 -0.354551
-47.7178 64.6338 41.1509 0.269744 -0.892182 -0.362271
-48.7726 64.5766 40.5545 0.239158 -0.905019 -0.351774
-49.6554 64.5667 39.957 0.258262 -0.901705 -0.346741
-50.6684 64.5562 39.1703 0.279485 -0.905477 -0.319375
-51.4726 64.4542 38.7359 0.29278 -0.904756 -0.309348
-52.7078 64.145 38.3636 0.354078 -0.892886 -0.278179
-53.8644 63.7965 38.0675 0.347721 -0.881831 -0.318534
-54.801 63.5364 37.7371 0.367804 -0.876051 -0.311856
-55.7962 63.3379 37.1447 0.363446 -0.870657 -0.331416
-56.6737 63.2527 36.3353 0.386788 -0.869133 -0.308226
-57.4944 63.2434 35.4006 0.302787 -0.908061 -0.289387
-58.1771 63.3386 34.4031 0.296375 -0.9086 -0.294294
-58.7889 63.5737 33.1952 0.327537 -0.883136 -0.335843
-59.0294 63.8867 32.162 0.365821 -0.86846 -0.334593
-59.1547 64.3393 30.8748 0.353744 -0.868356 -0.347597
-59.2591 64.7287 29.7763 0.347542 -0.875434 -0.335903
-59.2512 65.1133 28.7325 0.374516 -0.868169 -0.325107
-59.1835 65.5241 27.7095 0.384659 -0.866089 -0.319166
-59.1493 65.8525 26.8513 0.388832 -0.870973 -0.300359
-59.0919 66.1923 25.9723 0.411489 -0.860698 -0.299617
-59.2545 66.5076 24.7785 0.420954 -0.862231 -0.281699
-59.4504 66.703 23.8613 0.456345 -0.855694 -0.244002
-59.6893 66.8548 22.8825 0.431738 -0.86674 -0.248232
-59.9739 66.9936 22.0109 0.424494 -0.858273 -0.288394
-60.2656 67.1335 21.1468 0.426846 -0.869512 -0.248307
-60.5009 67.2779 20.2557 0.432881 -0.864819 -0.254365
-60.6754 67.4691 19.2673 0.431011 -0.868474 -0.244879
-60.8114 67.7022 18.2086 0.431175 -0.869331 -0.241503
-60.8159 67.9972 17.0982 0.431234 -0.872093 -0.231282
-60.6726 68.4202 15.7646 0.450808 -0.863462 -0.225604
-60.5274 68.7502 14.7997 0.463767 -0.858662 -0.218145
-60.3853 69.1151 13.6149 0.466338 -0.859764 -0.208172
-60.186 69.4315 12.7333 0.467523 -0.86116 -0.199563
-59.8179 69.929 11.3888 0.458893 -0.86869 -0.186533
-59.4639 70.3309 10.3009 0.460458 -0.871881 -0.166737
-59.0815 70.7105 9.50563 0.489332 -0.854906 -0.17231
-58.678 71.1209 8.61567 0.48928 -0.854933 -0.172319
-58.2635 71.5017 7.81446 0.482147 -0.863598 -0.147417
-57.7757 71.9094 7.03061 0.494664 -0.856674 -0.146344
-57.0235 72.5456 5.83994 0.493581 -0.858792 -0.137034
-56.8927 72.6522 5.62746 0.490815 -0.861803 -0.128029
-57.5344 72.3711 5.05 0.492689 -0.860655 -0.128573
-58.1123 71.8925 5.98591 0.485143 -0.862551 -0.143241
-58.724 71.4052 6.92251 0.475745 -0.867164 -0.147154
-59.259 70.9403 7.85342 0.484161 -0.861099 -0.155232
-59.6572 70.5492 8.68577 0.485696 -0.856224 -0.176009
-60.1099 70.1298 9.57629 0.456677 -0.872973 -0.171358
-60.5624 69.6468 10.8216 0.455005 -0.873174 -0.174509
-60.9338 69.178 12.1122 0.443082 -0.872586 -0.2056
-61.2508 68.7261 13.3744 0.428065 -0.876118 -0.22054
-61.3791 68.322 14.6835 0.462825 -0.864698 -0.194695
-61.5663 68.0312 15.5457 0.436154 -0.870024 -0.229838
-61.6657 67.6675 16.7436 0.436831 -0.871393 -0.22328
-61.6778 67.3249 18.0053 0.434197 -0.869029 -0.237196
-61.5108 67.0806 19.1871 0.420609 -0.873369 -0.24544
-61.3069 66.8519 20.3542 0.417124 -0.875453 -0.244072
-61.0546 66.6831 21.3332 0.427956 -0.857739 -0.284846
-60.6616 66.4998 22.4683 0.424184 -0.866402 -0.262018
-60.368 66.3895 23.4059 0.415499 -0.87616 -0.244051
-60.0367 66.0976 24.9028 0.407518 -0.871143 -0.273728
-59.9469 65.8597 25.7724 0.400897 -0.869434 -0.288731
-60.0135 65.4434 26.9204 0.388547 -0.871317 -0.299729
-60.0767 65.0815 27.8548 0.373557 -0.871865 -0.316611
-60.1456 64.7004 28.8462 0.367119 -0.875383 -0.3145
-60.0648 64.2066 30.2828 0.360938 -0.870005 -0.335565
-59.9801 63.7882 31.4462 0.343763 -0.879192 -0.329921
-59.824 63.3837 32.7145 0.321604 -0.89437 -0.310922
-59.4958 63.122 33.7563 0.299994 -0.897795 -0.322441
-58.794 62.9233 35.0434 0.318735 -0.900845 -0.294764
-57.9852 62.8352 36.176 0.302777 -0.909864 -0.283678
-57.166 62.8401 37.058 0.313561 -0.908228 -0.27713
-56.4182 62.917 37.7158 0.329677 -0.911164 -0.247074
-55.1725 63.138 38.6099 0.331485 -0.909686 -0.249957
-53.8629 63.509 39.0063 0.345559 -0.902063 -0.258595
-52.9531 63.7844 39.2089 0.343793 -0.898078 -0.274067
-51.8834 64.0707 39.4686 0.296644 -0.903348 -0.309754
-50.8618 64.1786 40.0694 0.267869 -0.90356 -0.333787
-50.0693 64.1533 40.7213 0.258758 -0.901021 -0.348146
-49.3342 64.157 41.2421 0.241232 -0.902802 -0.356027
-48.0878 64.2394 41.9424 0.26277 -0.910252 -0.31999
-47.1276 64.336 42.4054 0.238026 -0.904473 -0.353939
-45.7974 64.4938 42.8132 0.19758 -0.910005 -0.364489
-44.6613 64.6974 42.8881 0.164453 -0.907354 -0.386865
-43.6473 64.9733 42.6934 0.177678 -0.901781 -0.393982
-42.8651 65.2646 42.3602 0.176204 -0.906924 -0.382662
-42.1423 65.6168 41.8529 0.173053 -0.907305 -0.38321
-41.5037 65.9394 41.2825 0.14735 -0.924989 -0.350263
-40.5753 66.4941 40.2234 0.124511 -0.919186 -0.373624
-39.9738 66.9321 39.3309 0.119364 -0.924151 -0.3629
-39.5773 67.2825 38.5669 0.101009 -0.912708 -0.395151
-39.1604 67.6849 37.7842 0.0912347 -0.904562 -0.416466
-38.6019 68.0603 37.0154 0.0451599 -0.920934 -0.387092
-38.1507 68.4457 36.232 0.00848356 -0.900435 -0.434907
-37.5886 68.8533 35.4036 0.0106344 -0.899162 -0.437487
-36.9182 69.2247 34.6468 -0.00994539 -0.887647 -0.460417
-36.1407 69.5656 34.0045 -0.0297762 -0.875385 -0.481504
-35.3479 69.792 33.4908 -0.0576731 -0.869455 -0.490473
-34.576 70.0419 32.9815 -0.0356435 -0.865602 -0.499463
-33.832 70.2854 32.4703 -0.0600729 -0.870948 -0.487689
-33.1511 70.5114 31.9051 -0.105945 -0.898751 -0.425466
-32.4685 70.7357 31.2613 -0.106241 -0.889034 -0.444818
-31.8255 70.9697 30.6092 -0.15271 -0.875246 -0.457671
-31.2813 71.2935 29.8751 -0.141916 -0.86268 -0.485414
-30.5711 71.619 29.1085 -0.134003 -0.857931 -0.495982
-29.8355 72.0666 28.1757 -0.129922 -0.844528 -0.519511
-29.1387 72.5988 27.1627 -0.115633 -0.83009 -0.545327
-28.5538 73.1308 26.2111 -0.148106 -0.835449 -0.529235
-28.0268 73.659 25.2234 -0.179408 -0.826862 -0.533021
-27.718 74.1584 24.3472 -0.177691 -0.825443 -0.535789
-27.5242 74.6713 23.4849 -0.160886 -0.822111 -0.54568
-27.4171 75.1667 22.7376 -0.143743 -0.822471 -0.550167
-27.3794 75.7758 21.778 -0.147847 -0.833811 -0.531883
-27.3867 76.2461 20.9688 -0.134489 -0.869984 -0.474385
-27.4889 76.8236 19.9351 -0.115415 -0.874047 -0.471933
-27.6071 77.5046 18.74 -0.109987 -0.86246 -0.49403
-27.5896 78.0466 17.7329 -0.0873898 -0.88727 -0.452897
-27.598 78.5955 16.6747 -0.0475657 -0.890024 -0.453425
-27.663 79.2911 15.2973 -0.0523639 -0.895619 -0.441726
-27.733 79.713 14.4477 -0.0502843 -0.895563 -0.442081
-27.7975 80.159 13.5547 -0.0510636 -0.89418 -0.444781
-27.8623 80.5931 12.7251 -0.0150454 -0.86638 -0.499158
-27.9608 81.3611 11.3167 0.0113122 -0.891875 -0.452087
-28.0626 81.9864 10.0716 0.00490203 -0.892082 -0.451847
-28.1474 82.4162 9.27035 0.122856 -0.884915 -0.449257
-28.1072 82.8575 8.3917 0.148849 -0.8845 -0.442158
-28.0226 83.4391 7.14229 0.178306 -0.909739 -0.374943
-27.8088 83.8941 6.1173 0.207877 -0.910164 -0.357575
-27.4551 84.364 5.08017 0.148964 -0.923587 -0.353266
-27.4558 84.6929 3.87231 0.246242 -0.932469 -0.264323
-28.2781 84.9779 2.76204 0.112651 -0.946066 -0.246145
-29.0429 85.0427 2.26843 0.134899 -0.930136 -0.341539
-30.0133 84.9751 2.00105 0.20806 -0.924556 -0.319229
-30.9779 84.8399 1.75219 0.234667 -0.920486 -0.31166
-32.096 84.6422 1.4134 0.255667 -0.918883 -0.300468
-33.2882 84.4334 0.900107 0.318886 -0.904051 -0.282908
-34.4099 84.1591 0.332506 0.355914 -0.89511 -0.26852
-35.499 83.8994 -0.394359 0.387792 -0.896636 -0.208489
-36.2478 83.6431 -1.00948 0.395231 -0.908992 -0.130301
-37.0288 83.4241 -1.66799 0.395391 -0.910693 -0.11613
-37.6918 83.1923 -2.34459 0.4198 -0.903028 -0.0907267
-38.3971 82.8539 -2.88695 0.458616 -0.888553 -0.0120188
-39.654 82.1171 -3.42168 0.514685 -0.831088 0.210696
-40.9234 81.6625 -3.60645 0.2063 -0.967485 0.132155
-42.259 81.3346 -3.64143 0.309139 -0.950181 -0.0378807
-43.5791 80.8791 -3.44322 0.31161 -0.948604 -0.0521933
-44.408 80.5246 -3.1893 0.380168 -0.918984 -0.104598
-45.2097 80.1517 -2.86811 0.406253 -0.907329 -0.108229
-46.2162 79.6707 -2.59097 0.424999 -0.898969 -0.102299
-47.4133 79.0248 -2.22695 0.443991 -0.888726 -0.114182
-48.2651 78.5538 -1.95236 0.46538 -0.877734 -0.114039
-49.005 78.1098 -1.55449 0.461093 -0.881095 -0.104628
-49.9487 77.5387 -1.07075 0.489128 -0.866422 -0.100332
-50.825 76.9891 -0.669515 0.479637 -0.869683 -0.11662
-51.7601 76.4233 -0.306752 0.483753 -0.866861 -0.120536
-52.6199 75.8703 0.179424 0.494933 -0.861809 -0.111017
-53.3436 75.3887 0.644886 0.498262 -0.8591 -0.116967
-54.4001 74.6974 1.30318 0.490927 -0.862119 -0.125466
-55.2726 74.0973 2.04623 0.483883 -0.865267 -0.131033
-55.8559 73.6856 2.62775 0.495345 -0.860822 -0.116526
-56.4908 73.2197 3.39622 0.482989 -0.866833 -0.123786
-57.1734 72.6709 4.42692 0.491556 -0.860419 -0.134357
-57.2155 72.6366 4.49507 0.490815 -0.861803 -0.128023
-57.8536 72.4085 3.83683 0.459786 -0.876266 -0.144063
-58.3382 71.9895 4.74702 0.464278 -0.871074 -0.160235
-58.7781 71.6214 5.46891 0.464532 -0.872755 -0.150028
-59.6253 70.947 6.78007 0.463261 -0.871453 -0.160715
-60.3293 70.3307 8.01962 0.458603 -0.871249 -0.174853
-60.7843 69.947 8.72528 0.44496 -0.879162 -0.170538
-61.2601 69.5054 9.7442 0.447199 -0.877658 -0.172421
-61.5621 69.1353 10.8296 0.447904 -0.876349 -0.177185
-61.7693 68.8319 11.7568 0.448846 -0.871743 -0.196471
-61.9845 68.5422 12.5936 0.425087 -0.882071 -0.203105
-62.1947 68.1856 13.692 0.422788 -0.877922 -0.223821
-62.2727 67.9068 14.588 0.406376 -0.891165 -0.200715
-62.4479 67.6137 15.457 0.434723 -0.869798 -0.233382
-62.5049 67.3006 16.5634 0.406292 -0.884046 -0.229939
-62.6391 66.9751 17.6166 0.419813 -0.878541 -0.227591
-62.3106 66.6812 19.2687 0.415834 -0.877337 -0.239503
-62.1956 66.475 20.2039 0.413439 -0.876707 -0.245872
-61.9842 66.3228 21.0856 0.409137 -0.872369 -0.266981
-61.6686 66.1582 22.0418 0.391475 -0.881005 -0.264707
-61.2361 66.0172 23.2889 0.395431 -0.890225 -0.226128
-60.9744 65.864 24.2525 0.388496 -0.881771 -0.267489
-60.8272 65.6399 25.205 0.390599 -0.880025 -0.270136
-60.8587 65.3082 26.2002 0.391816 -0.875263 -0.283541
-60.8882 64.988 27.1091 0.383696 -0.875466 -0.293695
-61.019 64.4846 28.4103 0.372845 -0.874562 -0.310044
-61.0203 64.1485 29.3741 0.351306 -0.878023 -0.325052
-60.8718 63.7798 30.5456 0.337332 -0.885806 -0.318623
-60.8504 63.4233 31.5264 0.331391 -0.887771 -0.319224
-60.6596 63.004 32.9325 0.325861 -0.892564 -0.31168
-60.3904 62.8006 33.8089 0.314876 -0.895199 -0.31513
-59.8115 62.5766 35.0387 0.305282 -0.909852 -0.281019
-58.8913 62.4605 36.4147 0.303376 -0.910243 -0.281808
-57.9638 62.4409 37.5113 0.307955 -0.917577 -0.251389
-56.9163 62.5536 38.4207 0.321116 -0.91608 -0.240027
-56.2243 62.6549 38.9898 0.326924 -0.913275 -0.242914
-55.1326 62.8603 39.6522 0.321866 -0.913067 -0.250422
-53.9312 63.2006 39.9557 0.333697 -0.903568 -0.26872
-52.5421 63.6105 40.159 0.293553 -0.903454 -0.312315
-51.5194 63.7186 40.7871 0.267867 -0.903562 -0.333784
-50.4018 63.7491 41.5169 0.251681 -0.902346 -0.349897
-49.6037 63.7503 42.0869 0.250185 -0.902006 -0.351833
-48.4682 63.8269 42.7367 0.268799 -0.894374 -0.357551
-47.3856 63.9181 43.2516 0.256442 -0.8889 -0.379597
-46.1633 64.0935 43.5989 0.191586 -0.907658 -0.373401
-45.049 64.2171 43.8764 0.178806 -0.908814 -0.37661
-43.6118 64.5854 43.5918 0.164134 -0.905211 -0.391734
-42.4973 64.9577 43.2462 0.17486 -0.902978 -0.392428
-41.6059 65.3792 42.6523 0.185353 -0.904464 -0.383864
-40.7947 65.8052 41.9816 0.172506 -0.924433 -0.340097
-40.0205 66.2558 41.0784 0.137971 -0.93966 -0.313054
-39.1664 66.8388 39.8036 0.104726 -0.931258 -0.34859
-38.7067 67.1827 39.0708 0.110777 -0.920855 -0.373839
-38.2745 67.5854 38.1889 0.0593363 -0.92367 -0.378501
-37.5401 68.1609 36.8312 0.00549854 -0.914762 -0.402216
-36.8938 68.564 35.9851 -0.0143699 -0.902916 -0.429515
-36.2986 68.8702 35.3283 -0.0127092 -0.895273 -0.44518
-35.5207 69.2225 34.5808 -0.0425593 -0.891115 -0.451726
-34.7174 69.4098 34.1446 -0.0414724 -0.888107 -0.457762
-33.8468 69.6843 33.5471 -0.0580501 -0.876615 -0.477616
-33.0314 69.977 32.9266 -0.0882346 -0.869523 -0.484769
-32.3685 70.1948 32.3507 -0.128545 -0.888299 -0.440909
-31.223 70.5764 31.1855 -0.168073 -0.886379 -0.43137
-30.6947 70.854 30.491 -0.141827 -0.864684 -0.481879
-30.1054 71.1299 29.8214 -0.14201 -0.860114 -0.489848
-29.2077 71.591 28.8038 -0.124573 -0.852103 -0.508332
-28.7052 71.9669 28.0623 -0.124864 -0.83501 -0.535752
-28.0674 72.4636 27.1324 -0.143174 -0.838283 -0.525884
-27.6113 72.8394 26.3941 -0.157681 -0.833909 -0.528897
-27.1897 73.2679 25.5705 -0.166704 -0.840463 -0.515588
-26.8518 73.8114 24.5951 -0.175955 -0.82565 -0.536043
-26.6533 74.3713 23.6507 -0.199123 -0.818252 -0.538961
-26.5102 75.2029 22.3631 -0.213377 -0.817776 -0.534476
-26.4681 76.0526 21.0398 -0.177113 -0.844793 -0.502203
-26.4349 76.4704 20.2665 -0.146169 -0.859786 -0.489289
-26.6037 76.9834 19.4211 -0.126852 -0.863564 -0.487796
-26.6829 77.4903 18.538 -0.130892 -0.864505 -0.485281
-26.6643 77.9105 17.7407 -0.145033 -0.875303 -0.461314
-26.6406 78.3719 16.8575 -0.127547 -0.859181 -0.495519
-26.6944 78.8405 16.0192 -0.154563 -0.881017 -0.446707
-26.7776 79.3438 15.012 -0.124029 -0.882312 -0.453032
-26.8821 80.0254 13.6974 -0.0754948 -0.895103 -0.439422
-26.9348 80.4484 12.8995 -0.0585623 -0.872378 -0.484935
-26.9813 80.9913 11.964 -0.0609103 -0.85893 -0.508254
-27.03 81.5867 10.8721 -0.0048571 -0.894197 -0.447646
-27.0867 82.0274 10.0365 0.0290306 -0.877785 -0.478174
-27.2524 82.8502 8.70209 0.115049 -0.853051 -0.502799
-27.1202 83.6406 7.51907 0.325041 -0.804993 -0.46401
-27.0067 84.0141 6.64445 0.377658 -0.880604 -0.282576
-26.7011 84.4393 5.91156 0.215624 -0.907796 -0.300918
-26.398 84.6054 4.99239 0.109246 -0.984555 -0.136812
-26.4955 84.9111 3.60575 -0.0445851 -0.987477 -0.151302
-26.9523 85.0082 2.76625 0.0291248 -0.994445 -0.100964
-27.5474 85.1303 1.96883 -0.0272648 -0.971346 -0.236099
-28.378 85.2762 1.47117 -0.0309683 -0.97091 -0.237433
-29.4701 85.386 1.16482 0.0519654 -0.950523 -0.289486
-30.3437 85.2358 1.01423 0.212274 -0.928436 -0.304871
-31.7295 85.0268 0.611141 0.256484 -0.909307 -0.327685
-32.6164 84.86 0.27256 0.294923 -0.906221 -0.302958
-33.4713 84.6539 -0.0546792 0.361351 -0.891223 -0.27413
-34.535 84.3725 -0.731389 0.398412 -0.902 -0.165903
-35.3154 84.1294 -1.33361 0.437282 -0.89131 -0.119798
-36.0621 83.8723 -1.99692 0.377594 -0.915634 -0.137978
-36.7754 83.6405 -2.63767 0.415538 -0.907044 -0.0557279
-37.66 83.2243 -3.52759 0.442034 -0.896972 0.006927
-38.4211 82.7106 -3.9686 0.586635 -0.758653 0.256324
-39.2279 82.124 -4.31231 0.443339 -0.873045 0.161557
-40.2252 81.7485 -4.50271 0.296564 -0.953309 0.0570303
-41.584 81.4584 -4.60241 0.141221 -0.989368 0.0347607
-42.7467 81.2224 -4.55209 0.295767 -0.953827 -0.0480163
-43.8678 80.8589 -4.45229 0.338651 -0.937335 -0.0720476
-44.9817 80.3655 -3.95456 0.367539 -0.926034 -0.0851062
-46.176 79.7913 -3.5225 0.412622 -0.905428 -0.0997151
-47.6435 79.0354 -3.14649 0.442185 -0.887809 -0.12754
-48.8187 78.3553 -2.74697 0.471324 -0.875787 -0.104146
-49.652 77.8617 -2.35679 0.471174 -0.876131 -0.101932
-50.4156 77.3916 -1.97475 0.477785 -0.870303 -0.119557
-51.1974 76.9001 -1.52225 0.478047 -0.87016 -0.119555
-52.0148 76.4034 -1.20709 0.493829 -0.86097 -0.121916
-52.7045 75.9525 -0.816857 0.493795 -0.860984 -0.121958
-53.5629 75.3889 -0.289978 0.487173 -0.864985 -0.120128
-54.6424 74.6995 0.3356 0.482542 -0.867223 -0.122794
-55.5026 74.1238 1.0049 0.479146 -0.868583 -0.126316
-56.3721 73.5242 1.77628 0.482977 -0.86571 -0.131453
-56.9564 73.0891 2.51742 0.47322 -0.871154 -0.130699
-57.4782 72.693 3.3046 0.462681 -0.875732 -0.137734
-57.6301 72.576 3.53136 0.459783 -0.876268 -0.144064
