-45.4401 77.5519 17.2045 0.288673 -0.924763 -0.247955
-45.9379 77.1419 18.0664 0.310195 -0.911241 -0.27096
-46.1687 76.6702 19.2289 0.315381 -0.892014 -0.323798
-46.1035 76.2941 20.3225 0.322471 -0.879581 -0.34896
-45.4063 76.7237 19.8243 0.314212 -0.891316 -0.326827
-45.2668 77.1489 18.7401 0.299775 -0.90262 -0.308888
-45.3757 77.4108 17.8059 0.299434 -0.918003 -0.259455
-45.4103 77.4612 17.5774 0.288676 -0.924762 -0.247954
-44.4306 77.8153 17.3797 0.271352 -0.928054 -0.255115
-44.5227 78.1594 15.8812 0.294305 -0.932243 -0.210493
-45.3326 77.9261 15.7819 0.295802 -0.931402 -0.212098
-46.3085 77.3743 16.8186 0.345242 -0.908546 -0.230184
-46.771 76.8767 17.8578 0.382768 -0.887757 -0.255688
-46.9643 76.5285 18.6811 0.398456 -0.868529 -0.29432
-46.9913 76.1746 19.6385 0.387314 -0.870591 -0.303289
-46.8535 75.8968 20.5645 0.34699 -0.863368 -0.366324
-46.5787 75.5955 21.5186 0.357582 -0.844157 -0.399399
-45.7883 75.8554 21.606 0.314712 -0.868401 -0.383191
-44.8967 76.5084 20.824 0.297325 -0.876638 -0.37829
-44.4727 77.063 19.7581 0.295362 -0.891983 -0.34224
-44.3931 77.391 18.8892 0.30371 -0.901582 -0.308075
-44.4081 77.6767 17.9079 0.271356 -0.928052 -0.255117
-43.5258 77.886 18.0714 0.267748 -0.923885 -0.273397
-43.573 78.1551 17.073 0.273931 -0.928775 -0.249453
-43.6266 78.4104 16.0217 0.282182 -0.932317 -0.225375
-43.716 78.6098 15.0027 0.290752 -0.934809 -0.203951
-43.8672 78.7533 14.1321 0.290378 -0.934738 -0.204806
-44.8504 78.4103 14.1915 0.331484 -0.92163 -0.201782
-45.8743 77.8944 15.0103 0.329501 -0.928371 -0.171549
-46.7199 77.445 15.9012 0.313396 -0.930628 -0.18763
-47.1961 77.0513 16.6096 0.361503 -0.893932 -0.264953
-47.6983 76.3912 18.0412 0.41578 -0.866589 -0.275955
-47.825 76.0653 18.8734 0.430539 -0.854226 -0.290438
-47.8169 75.7545 19.8053 0.455786 -0.843977 -0.282774
-47.6524 75.4767 20.7978 0.353212 -0.854108 -0.381303
-47.3254 75.1186 21.8581 0.357583 -0.844157 -0.3994
-46.7071 74.8747 22.8998 0.36899 -0.837968 -0.401181
-46.0961 75.0869 22.9964 0.329159 -0.858895 -0.392348
-45.0267 75.8923 22.1431 0.294315 -0.870013 -0.393754
-44.1503 76.4942 21.3783 0.244846 -0.876683 -0.414099
-43.7501 76.9017 20.6774 0.199004 -0.901199 -0.385017
-43.6004 77.2929 19.8391 0.206071 -0.898449 -0.387633
-43.5401 77.632 18.9136 0.268424 -0.923507 -0.274013
-43.5286 77.7573 18.5024 0.268419 -0.92351 -0.274009
-42.6572 78.0146 18.4058 0.197436 -0.934673 -0.295164
-42.6877 78.2718 17.5263 0.203806 -0.93911 -0.276589
-42.7418 78.6103 16.1891 0.237735 -0.941832 -0.237561
-42.8427 78.8811 14.9551 0.248328 -0.944861 -0.213475
-42.9234 79.0928 13.8918 0.285781 -0.938326 -0.194611
-42.9376 79.2668 12.9629 0.287034 -0.944263 -0.161001
-43.4923 79.1804 12.4663 0.279396 -0.943973 -0.174741
-44.4689 78.8206 12.9051 0.298898 -0.934734 -0.188842
-45.4731 78.3295 13.4798 0.350427 -0.92186 -0.165306
-46.22 77.9427 14.0962 0.341617 -0.924365 -0.169667
-47.0856 77.461 14.9572 0.363212 -0.919233 -0.151944
-47.7354 77.0993 15.7118 0.352981 -0.910825 -0.204396
-48.0988 76.6966 16.4571 0.415941 -0.86866 -0.269116
-48.4075 76.2653 17.3597 0.418312 -0.866467 -0.272489
-48.5932 75.8671 18.2989 0.454511 -0.838758 -0.299638
-48.6658 75.4566 19.3264 0.45055 -0.842916 -0.293847
-48.4613 75.0756 20.7128 0.478428 -0.821684 -0.309744
-48.2118 74.8049 21.6027 0.440548 -0.815749 -0.374437
-47.887 74.5 22.6088 0.398704 -0.818177 -0.412815
-47.6334 74.0929 23.7111 0.396042 -0.829486 -0.393832
-47.2254 73.7694 24.708 0.382816 -0.81956 -0.426349
-46.5678 74.2079 24.4358 0.352935 -0.836245 -0.41968
-45.9233 74.7074 23.9799 0.302722 -0.844717 -0.441234
-44.9448 75.4012 23.2741 0.329168 -0.858893 -0.392345
-44.2765 75.8472 22.7411 0.259085 -0.882943 -0.391519
-43.6102 76.2747 22.1894 0.229467 -0.894645 -0.38267
-43.0849 76.6842 21.5217 0.208634 -0.897486 -0.388574
-42.7922 77.0959 20.7327 0.202023 -0.893899 -0.39989
-42.6671 77.4864 19.9048 0.204634 -0.909566 -0.360051
-42.6543 77.8767 18.8237 0.194733 -0.926817 -0.320754
-41.7537 77.9976 19.0075 0.171213 -0.936016 -0.307002
-41.7855 78.3091 18.0314 0.151189 -0.943872 -0.293409
-41.8171 78.5817 17.0637 0.158844 -0.949552 -0.270408
-41.8832 78.8739 15.9932 0.227484 -0.944321 -0.237717
-41.9631 79.0788 15.0852 0.225297 -0.947546 -0.226712
-42.0423 79.3428 13.8236 0.24634 -0.948741 -0.198007
-41.9955 79.564 12.7596 0.249988 -0.952396 -0.174492
-42.113 79.7325 11.6556 0.246673 -0.953905 -0.170929
-43.2053 79.4579 11.2562 0.288269 -0.945308 -0.152142
-44.0559 79.127 11.5848 0.30865 -0.941449 -0.134505
-44.9268 78.7764 12.0858 0.321114 -0.939474 -0.119472
-45.8806 78.3298 12.6145 0.355594 -0.921066 -0.158404
-46.911 77.7839 13.397 0.369945 -0.916466 -0.152416
-47.6575 77.3379 14.2186 0.434985 -0.889184 -0.141853
-48.2456 76.9464 14.9534 0.441042 -0.890423 -0.112379
-48.6912 76.581 15.6569 0.480566 -0.857742 -0.182577
-49.1089 76.0973 16.7011 0.48194 -0.842911 -0.236571
-49.3061 75.7334 17.5067 0.467742 -0.840437 -0.273536
-49.4699 75.3031 18.5189 0.467369 -0.836168 -0.286915
-49.4552 74.8858 19.7121 0.464756 -0.831177 -0.305137
-49.2734 74.6286 20.6712 0.459886 -0.833269 -0.306832
-48.9509 74.3187 21.828 0.43219 -0.825186 -0.363702
-48.7079 74.0356 22.7159 0.411952 -0.827049 -0.382472
-48.3693 73.5424 24.1299 0.388442 -0.827243 -0.404999
-48.1059 73.0577 25.2938 0.372092 -0.824558 -0.426203
-47.8472 72.7102 26.2228 0.380032 -0.829408 -0.40946
-47.1241 73.1171 26.0873 0.390117 -0.824986 -0.40891
-46.545 73.6265 25.6175 0.334687 -0.841888 -0.41904
-45.8237 74.1913 25.0009 0.296547 -0.825339 -0.480496
-44.9602 74.8444 24.3695 0.262694 -0.856509 -0.442856
-44.1888 75.3403 23.8135 0.228775 -0.86235 -0.451679
-43.3555 75.9047 23.1678 0.190753 -0.8771 -0.439911
-42.4949 76.4726 22.328 0.193633 -0.895133 -0.400939
-42.0421 76.899 21.5407 0.186802 -0.90537 -0.381326
-41.8286 77.2956 20.7468 0.190911 -0.892098 -0.409529
-41.7534 77.7047 19.8013 0.132542 -0.917259 -0.375592
-41.7478 77.8904 19.3344 0.194744 -0.926814 -0.320754
-40.8531 78.0131 19.372 0.136544 -0.925858 -0.351236
-40.8768 78.3742 18.29 0.151187 -0.943874 -0.293404
-40.9138 78.7254 17.0898 0.153519 -0.948742 -0.276151
-41.0129 79.0997 15.8628 0.181646 -0.943866 -0.26988
-41.0753 79.4143 14.4637 0.197764 -0.957077 -0.211881
-41.1163 79.6156 13.539 0.203857 -0.952693 -0.225189
-41.0785 79.8176 12.6516 0.215833 -0.95758 -0.190938
-41.1131 79.9961 11.5197 0.200855 -0.972104 -0.121122
-41.769 80.0375 10.4497 0.23667 -0.954123 -0.175699
-43.1737 79.6511 10.1754 0.302005 -0.940295 -0.156836
-44.1994 79.2408 10.595 0.315636 -0.93569 -0.157662
-45.1373 78.8304 11.1061 0.320273 -0.939053 -0.124917
-46.0733 78.3982 11.6513 0.379553 -0.914428 -0.140575
-47.0918 77.8819 12.3113 0.373222 -0.918033 -0.13387
-47.7857 77.4874 12.9158 0.435173 -0.887319 -0.15241
-48.3179 77.1176 13.5744 0.43498 -0.889186 -0.141856
-48.8227 76.7673 14.2491 0.44252 -0.886164 -0.136988
-49.348 76.3292 15.0661 0.493702 -0.850489 -0.181456
-49.823 75.7939 16.2259 0.484339 -0.848975 -0.211323
-50.0454 75.4656 17.0332 0.489094 -0.841903 -0.227408
-50.2755 74.9839 18.1101 0.474623 -0.834902 -0.278696
-50.3162 74.6352 19.0385 0.483837 -0.824355 -0.293838
-50.239 74.3518 19.9607 0.479094 -0.828772 -0.289034
-49.9477 74.0359 21.2855 0.445243 -0.830137 -0.33391
-49.6363 73.7616 22.2795 0.429097 -0.824771 -0.368227
-49.2996 73.3106 23.6438 0.425856 -0.821244 -0.379744
-49.1005 72.993 24.5508 0.388439 -0.827242 -0.405003
-48.909 72.6197 25.4429 0.371346 -0.825511 -0.42501
-48.7018 72.0908 26.6595 0.387022 -0.81725 -0.426985
-48.4083 71.6459 27.728 0.345514 -0.818302 -0.458872
-47.9765 71.6973 27.9699 0.345474 -0.828551 -0.440627
-47.3036 72.2692 27.4608 0.320794 -0.817727 -0.477927
-46.5478 72.9686 26.7967 0.287596 -0.814917 -0.50151
-45.9524 73.4508 26.2961 0.238192 -0.840688 -0.486321
-45.226 74.0142 25.678 0.242344 -0.840193 -0.485104
-44.5246 74.5221 25.1662 0.243286 -0.832904 -0.497075
-43.5747 75.1547 24.4707 0.219226 -0.856792 -0.466734
-42.9181 75.5716 23.9812 0.20155 -0.863649 -0.462048
-42.2787 75.9966 23.4358 0.163743 -0.893924 -0.416909
-41.6706 76.4072 22.7657 0.147536 -0.897298 -0.41604
-41.2217 76.8185 22.0398 0.147838 -0.896726 -0.417165
-40.9467 77.2462 21.1839 0.122373 -0.905987 -0.405232
-40.8307 77.7125 20.11 0.135211 -0.916165 -0.377305
-40.8463 77.9323 19.5707 0.135212 -0.916165 -0.377306
-39.9229 78.0258 19.6136 0.079153 -0.920131 -0.383498
-39.9578 78.3833 18.6596 0.116712 -0.93863 -0.324579
-40.0086 78.6839 17.8003 0.117972 -0.934249 -0.336544
-40.1032 79.0791 16.4683 0.136964 -0.961426 -0.238541
-40.149 79.3222 15.4975 0.140792 -0.954622 -0.262439
-40.1896 79.5845 14.5213 0.169278 -0.95585 -0.23716
-40.2186 79.8181 13.5235 0.210099 -0.949537 -0.232891
-40.1706 80.0471 12.5617 0.243031 -0.944746 -0.219981
-40.1852 80.2193 11.5516 0.263032 -0.959465 -0.101196
-40.3815 80.3274 10.4801 0.255358 -0.940031 -0.226079
-41.0636 80.3253 9.73737 0.220727 -0.950972 -0.213808
-41.9654 80.1773 9.24345 0.27944 -0.943104 -0.18019
-43.0347 79.8702 9.1593 0.316146 -0.931924 -0.176228
-43.9031 79.5253 9.43349 0.31486 -0.939855 -0.132422
-45.049 79.01 9.99175 0.346991 -0.926643 -0.144286
-46.011 78.5942 10.5398 0.33578 -0.934544 -0.117807
-47.1333 78.0293 11.192 0.384112 -0.911685 -0.145809
-47.9657 77.5776 11.7999 0.400389 -0.90774 -0.12529
-48.6193 77.1632 12.4574 0.432967 -0.887107 -0.15994
-49.2641 76.6795 13.3441 0.449881 -0.881456 -0.143414
-49.7444 76.3039 14.0743 0.491658 -0.853931 -0.170511
-50.2762 75.792 15.0806 0.485952 -0.855808 -0.17732
-50.7277 75.2761 16.2285 0.485901 -0.847832 -0.212321
-50.9923 74.8424 17.2592 0.492279 -0.835976 -0.242498
-51.1405 74.4123 18.3116 0.483203 -0.823839 -0.296319
-51.0889 74.0084 19.549 0.474367 -0.833183 -0.284221
-50.901 73.7316 20.6477 0.483078 -0.816079 -0.316269
-50.6859 73.5052 21.5161 0.491499 -0.800259 -0.34331
-50.3587 73.2521 22.5567 0.464377 -0.814091 -0.347616
-50.1217 72.916 23.5744 0.452365 -0.812246 -0.368222
-49.9199 72.601 24.4934 0.422033 -0.824987 -0.375878
-49.7391 72.257 25.3801 0.395365 -0.816081 -0.421543
-49.5968 71.8958 26.2124 0.395528 -0.815922 -0.421698
-49.4665 71.5043 27.0807 0.392336 -0.814868 -0.426688
-49.3679 71.1036 27.9578 0.365898 -0.817299 -0.445131
-49.1527 70.6629 28.9439 0.361362 -0.821804 -0.440446
-48.5504 70.5305 29.6682 0.340354 -0.825874 -0.449321
-47.6508 71.234 29.0963 0.353096 -0.820073 -0.45032
-47.0718 71.7455 28.5382 0.301577 -0.838126 -0.454528
-46.4532 72.324 27.9201 0.245946 -0.83738 -0.488166
-45.6732 72.9846 27.2051 0.254616 -0.827286 -0.500768
-44.9729 73.5309 26.6455 0.245833 -0.838467 -0.486345
-44.2863 74.059 26.0774 0.244661 -0.841272 -0.482082
-43.6224 74.5299 25.5948 0.232494 -0.844583 -0.481809
-42.903 74.9993 25.0679 0.216768 -0.857323 -0.466914
-41.9472 75.5807 24.3548 0.119709 -0.881475 -0.456806
-41.3046 75.9819 23.7419 0.116342 -0.886245 -0.448368
-40.6208 76.469 22.9285 0.0834321 -0.887617 -0.452917
-40.228 76.9102 22.1499 0.1075 -0.893287 -0.435313
-40.0014 77.3451 21.2009 0.0800562 -0.914926 -0.395602
-39.9195 77.7752 20.2089 0.0816799 -0.9184 -0.387131
-39.9178 77.9753 19.7344 0.0816837 -0.918401 -0.387127
-38.9993 78.0721 19.671 0.055143 -0.921642 -0.384104
-39.0023 77.6696 20.6326 0.0554932 -0.920738 -0.386215
-39.1304 77.0975 21.8648 0.0328714 -0.894474 -0.44591
-39.5288 76.5269 22.9885 0.0304379 -0.896944 -0.441095
-40.1778 76.0364 23.8665 0.0581588 -0.872536 -0.483019
-40.8872 75.5614 24.608 0.0604074 -0.857358 -0.510427
-41.5426 75.1576 25.1741 0.0842564 -0.85988 -0.503494
-42.5651 74.5618 25.8911 0.160399 -0.845188 -0.509515
-43.4165 74.0172 26.5196 0.185748 -0.838149 -0.512839
-44.1431 73.4976 27.0858 0.180209 -0.830114 -0.52767
-45.0244 72.8277 27.7954 0.239212 -0.81669 -0.525162
-45.7979 72.1624 28.5196 0.237376 -0.833978 -0.498129
-46.6586 71.3779 29.436 0.259092 -0.833234 -0.487713
-47.236 70.8211 30.056 0.276442 -0.833407 -0.478553
-47.8727 70.2738 30.6414 0.278657 -0.835327 -0.473865
-48.6838 69.912 30.7241 0.32805 -0.827494 -0.455671
-49.5668 69.8163 30.2269 0.348243 -0.836819 -0.422195
-49.9997 70.0657 29.3827 0.357735 -0.827712 -0.432323
-50.1996 70.6131 28.1724 0.384448 -0.823654 -0.416647
-50.3142 71.074 27.1443 0.396569 -0.81948 -0.413747
-50.3979 71.4775 26.2553 0.41818 -0.80393 -0.422797
-50.581 71.8622 25.3297 0.413845 -0.808707 -0.418003
-50.7887 72.2657 24.2013 0.442053 -0.817898 -0.368239
-50.9761 72.5499 23.3361 0.450718 -0.81531 -0.363488
-51.2099 72.81 22.4265 0.474749 -0.818997 -0.32227
-51.5783 73.1144 21.1349 0.486355 -0.806831 -0.335385
-51.8468 73.4439 19.8664 0.508467 -0.808851 -0.295335
-51.9423 73.7733 18.7354 0.497037 -0.825671 -0.266874
-51.9151 74.1026 17.8093 0.519356 -0.811937 -0.265165
-51.6249 74.6922 16.4043 0.531538 -0.821875 -0.203314
-51.3246 75.1182 15.3157 0.52107 -0.834234 -0.180258
-50.9245 75.5432 14.4104 0.504763 -0.846513 -0.169204
-50.3938 76.0527 13.4167 0.501785 -0.849256 -0.164245
-49.9382 76.4442 12.7239 0.473111 -0.867305 -0.151926
-49.4071 76.848 11.9687 0.450439 -0.878952 -0.156679
-48.8324 77.2622 11.2971 0.436716 -0.887482 -0.145871
-48.0331 77.7238 10.669 0.394209 -0.907126 -0.147383
-47.1551 78.1876 10.1267 0.388432 -0.910283 -0.143196
-46.249 78.6391 9.60492 0.338359 -0.929462 -0.146965
-45.4894 78.9807 9.18471 0.337471 -0.929231 -0.150458
-44.2836 79.5295 8.58617 0.337618 -0.923363 -0.182796
-43.3935 79.9159 8.274 0.316148 -0.931921 -0.176238
-42.1746 80.3248 8.14128 0.29912 -0.93682 -0.181351
-40.9563 80.5797 8.71487 0.282 -0.941963 -0.182156
-40.03 80.7043 9.30171 0.265125 -0.942038 -0.205059
-39.3931 80.6948 10.0841 0.246875 -0.945104 -0.21408
-39.264 80.4918 11.3774 0.192161 -0.962178 -0.166893
-39.2683 80.2735 12.2844 0.12087 -0.964667 -0.234111
-39.3151 79.9994 13.4135 0.132352 -0.962651 -0.235791
-39.2761 79.6516 14.7898 0.144462 -0.956014 -0.255041
-39.2343 79.3959 15.7342 0.14572 -0.951571 -0.270608
-39.1729 79.0936 16.775 0.0843994 -0.962182 -0.259002
-39.08 78.7504 17.8984 0.088003 -0.943578 -0.319242
-39.0152 78.2181 19.3185 0.0551494 -0.921642 -0.384103
-38.104 78.3449 19.1713 0.0701877 -0.917724 -0.39097
-38.1395 78.7225 18.1468 0.0493088 -0.941817 -0.332489
-38.23 79.2235 16.7679 0.116165 -0.939991 -0.319199
-38.3019 79.5167 15.7986 0.1423 -0.950371 -0.276669
-38.3541 79.8149 14.6765 0.139805 -0.959249 -0.245552
-38.406 80.1266 13.3732 0.167508 -0.957729 -0.229796
-38.3651 80.3814 12.4081 0.23129 -0.939458 -0.252626
-38.3656 80.6171 11.4995 0.236769 -0.940403 -0.244095
-38.4176 80.8879 10.3477 0.240397 -0.946403 -0.215711
-38.4766 81.0897 9.39941 0.244785 -0.942672 -0.226797
-39.2157 81.0697 8.69412 0.246532 -0.941107 -0.231387
-40.0023 80.9524 8.23697 0.277916 -0.937127 -0.211083
-40.9541 80.7882 7.65978 0.291051 -0.936247 -0.19637
-41.8601 80.6193 7.15299 0.291198 -0.938328 -0.186087
-42.9726 80.2733 7.09111 0.299119 -0.93682 -0.18135
-43.7816 79.9296 7.38524 0.336036 -0.929244 -0.153393
-44.5621 79.6011 7.70969 0.333493 -0.927759 -0.166603
-45.5886 79.1075 8.20179 0.379509 -0.913205 -0.148422
-46.3332 78.7656 8.57856 0.340195 -0.930807 -0.133665
-47.1048 78.4215 8.98318 0.364555 -0.916999 -0.159088
-47.8113 78.0317 9.43609 0.416526 -0.895463 -0.15264
-48.6513 77.5416 9.96983 0.434057 -0.893072 -0.118397
-49.5432 76.9916 10.715 0.470902 -0.872454 -0.130102
-50.1428 76.5497 11.4359 0.470819 -0.870707 -0.14212
-50.849 75.967 12.4686 0.485205 -0.856994 -0.173603
-51.3217 75.5502 13.1744 0.505318 -0.847528 -0.162286
-51.7633 75.0995 14.1281 0.505893 -0.845703 -0.169871
-52.2264 74.5321 15.438 0.510115 -0.836975 -0.19813
-52.4895 74.1077 16.4762 0.534995 -0.816489 -0.215965
-52.6977 73.6481 17.6548 0.518985 -0.823415 -0.22944
-52.7381 73.3149 18.6828 0.501118 -0.818402 -0.280634
-52.6551 72.9981 19.6963 0.508546 -0.808927 -0.294989
-52.5059 72.7508 20.6301 0.512149 -0.806051 -0.296581
-52.1935 72.4768 21.7935 0.482409 -0.811574 -0.32959
-51.8002 72.1067 23.284 0.477431 -0.804885 -0.351787
-51.5111 71.6613 24.66 0.462958 -0.813153 -0.352779
-51.3241 71.2246 25.8128 0.422512 -0.799153 -0.427596
-51.2217 70.8186 26.7395 0.421009 -0.823902 -0.379391
-51.1021 70.3706 27.7977 0.390074 -0.827323 -0.404202
-50.9674 69.9509 28.7599 0.375647 -0.823419 -0.425246
-50.8524 69.5813 29.5868 0.372468 -0.826856 -0.421399
-50.468 69.2073 30.7121 0.362751 -0.824071 -0.43365
-49.6891 69.2634 31.1744 0.328282 -0.826415 -0.457456
-48.6001 69.4269 31.6651 0.328948 -0.826915 -0.456075
-47.654 69.6976 31.8032 0.288164 -0.834862 -0.468927
-46.9078 70.3338 31.112 0.280872 -0.837248 -0.469177
-46.3609 70.8563 30.4721 0.234775 -0.84643 -0.477838
-45.5482 71.6183 29.5521 0.235783 -0.839893 -0.488844
-44.8512 72.2309 28.8281 0.215552 -0.838583 -0.500316
-44.2438 72.7291 28.2784 0.178216 -0.836964 -0.517427
-43.6241 73.1773 27.7668 0.179211 -0.833539 -0.522549
-42.9873 73.6243 27.2878 0.164604 -0.821824 -0.545446
-42.0381 74.2487 26.5723 0.103901 -0.83193 -0.545066
-41.218 74.6819 26.0357 0.0773818 -0.856921 -0.509606
-40.2372 75.2415 25.1897 0.0387259 -0.863451 -0.502943
-39.5356 75.7045 24.4596 0.0220821 -0.855369 -0.51735
-38.9513 76.0938 23.8239 -0.00108975 -0.866183 -0.499227
-38.4495 76.5313 23.0172 -0.00222679 -0.87514 -0.483796
-38.1887 76.9897 22.1449 0.0284278 -0.895165 -0.444828
-38.0802 77.622 20.8183 0.0189665 -0.912041 -0.409661
-38.0749 78.012 19.958 0.0605912 -0.915678 -0.39715
-38.0976 78.1802 19.5591 0.0701839 -0.917723 -0.390972
-37.1973 78.2351 19.5636 0.0403371 -0.916505 -0.397793
-37.2131 78.6458 18.5544 0.0330199 -0.930454 -0.364919
-37.3008 79.0056 17.62 0.0928387 -0.933297 -0.346752
-37.3494 79.3444 16.66 0.0722581 -0.939667 -0.334373
-37.3999 79.6808 15.639 0.0922882 -0.958641 -0.267894
-37.4653 80.0134 14.3322 0.129061 -0.949744 -0.28244
-37.5072 80.3055 13.4532 0.174999 -0.94334 -0.27659
-37.4922 80.6076 12.3501 0.22581 -0.938514 -0.261153
-37.5194 80.9166 11.1557 0.233618 -0.942848 -0.237614
-37.5183 81.133 10.2746 0.243672 -0.944622 -0.219735
-37.5129 81.3669 9.295 0.232482 -0.946847 -0.22182
-38.2407 81.4475 8.22179 0.258583 -0.929313 -0.263653
-39.2798 81.3116 7.60793 0.289634 -0.930952 -0.221904
-40.057 81.1948 7.12455 0.288816 -0.9337 -0.211146
-41.0206 81.0147 6.52458 0.299513 -0.930151 -0.212205
-41.9558 80.7962 6.10059 0.327861 -0.923501 -0.19862
-43.1758 80.3713 6.189 0.327158 -0.928912 -0.171968
-44.0807 79.9709 6.49572 0.35718 -0.919724 -0.16215
-45.1893 79.4546 6.97794 0.374909 -0.919224 -0.120293
-46.1644 78.9898 7.45402 0.378639 -0.915496 -0.135365
-47.1712 78.5225 7.97302 0.382449 -0.919906 -0.0866328
-48.0309 78.0691 8.44088 0.442372 -0.889457 -0.11321
-48.8698 77.5747 8.96565 0.43499 -0.891607 -0.125778
-49.8658 76.9407 9.76167 0.47674 -0.870609 -0.120393
-50.5895 76.4488 10.5296 0.486549 -0.865885 -0.11549
-51.163 76.0004 11.3505 0.500394 -0.856551 -0.125862
-51.7916 75.4419 12.2755 0.513891 -0.840318 -0.172577
-52.2 75.0507 13.0364 0.508111 -0.846456 -0.159162
-52.5926 74.6374 13.9399 0.511975 -0.842663 -0.166738
-52.9257 74.209 14.9007 0.557699 -0.807399 -0.191958
-53.1875 73.7902 15.8569 0.549878 -0.80911 -0.207305
-53.3966 73.4022 16.8312 0.547483 -0.812092 -0.201914
-53.4904 73.1015 17.7095 0.563735 -0.792649 -0.232164
-53.5296 72.7386 18.8232 0.549255 -0.7913 -0.267001
-53.3478 72.347 20.2388 0.532974 -0.796975 -0.2842
-53.0692 72.0665 21.4628 0.512951 -0.79851 -0.315062
-52.6609 71.7176 22.9498 0.495664 -0.800502 -0.336918
-52.4917 71.45 23.8347 0.495012 -0.79926 -0.34078
-52.257 71.0236 25.1157 0.474028 -0.804119 -0.358734
-52.0852 70.6581 26.1082 0.463209 -0.800873 -0.379454
-51.9817 70.1555 27.2594 0.44791 -0.803936 -0.391229
-51.8257 69.6743 28.4486 0.440106 -0.81209 -0.383166
-51.7272 69.2987 29.2999 0.40809 -0.820757 -0.398752
-51.614 68.9396 30.176 0.383208 -0.829895 -0.405495
-51.315 68.6353 31.0813 0.382788 -0.830269 -0.405125
-50.4853 68.684 31.6679 0.334761 -0.848381 -0.410103
-49.5387 68.8277 32.1027 0.326674 -0.840357 -0.432531
-48.4468 68.9976 32.5975 0.306264 -0.845722 -0.436453
-47.5705 69.1429 32.8635 0.266482 -0.847304 -0.459376
-46.666 69.7341 32.3306 0.281215 -0.838411 -0.466888
-45.9982 70.4079 31.4584 0.219113 -0.849468 -0.479992
-45.4641 70.9202 30.7946 0.208871 -0.84518 -0.491979
-44.8576 71.4515 30.1391 0.209077 -0.845325 -0.491642
-44.3232 71.9284 29.5632 0.215787 -0.83873 -0.499969
-43.7122 72.4044 28.9821 0.173826 -0.838774 -0.515969
-43.0486 72.8731 28.4466 0.158686 -0.843279 -0.513516
-42.2422 73.4243 27.814 0.132301 -0.83001 -0.540784
-41.4132 73.9338 27.1719 0.101953 -0.835065 -0.540591
-40.6277 74.3438 26.6815 0.0637103 -0.832349 -0.549701
-39.7839 74.8093 25.9592 0.0313768 -0.856539 -0.515063
-39.0087 75.2948 25.1959 0.0410941 -0.863681 -0.502361
-38.141 75.8518 24.2367 0.0153879 -0.864914 -0.5013
-37.6622 76.2284 23.5701 -0.00375969 -0.871909 -0.489654
-37.3582 76.6617 22.7877 0.00661298 -0.883971 -0.467475
-37.1704 77.2488 21.6814 0.0108937 -0.884134 -0.467107
-37.1623 77.7101 20.7267 0.0550047 -0.902169 -0.427863
-37.1985 78.155 19.7449 0.0509966 -0.913636 -0.403322
-36.2912 78.2099 19.6901 0.0245725 -0.918687 -0.39422
-36.2963 78.6047 18.7423 0.0526853 -0.923412 -0.379328
-36.3505 78.9663 17.8847 0.0610764 -0.929252 -0.364362
-36.4392 79.3929 16.7243 0.0775751 -0.940325 -0.331318
-36.5016 79.8283 15.3616 0.0697861 -0.956723 -0.28251
-36.5264 80.1824 14.1989 0.0889999 -0.948763 -0.303086
-36.561 80.5159 13.1329 0.0999373 -0.952356 -0.287853
-36.5391 80.9162 11.8724 0.158121 -0.940908 -0.298141
-36.5832 81.1799 10.8359 0.167955 -0.957284 -0.23537
-36.5192 81.4993 9.7076 0.197642 -0.949901 -0.240391
-36.5062 81.7749 8.70374 0.24252 -0.927492 -0.284497
-36.9148 81.9125 7.90679 0.252168 -0.927733 -0.274797
-38.4051 81.6967 7.18228 0.261069 -0.928303 -0.264742
-39.3224 81.5467 6.58321 0.306901 -0.922635 -0.233358
-40.4618 81.3676 5.79498 0.298132 -0.92862 -0.220866
-41.315 81.2097 5.30721 0.319009 -0.923346 -0.212441
-42.4224 80.8434 5.11055 0.327862 -0.923502 -0.198612
-43.4506 80.4326 5.29547 0.357944 -0.917752 -0.17128
-44.4735 79.9537 5.64021 0.37201 -0.915731 -0.15165
-45.6506 79.3726 6.19036 0.386838 -0.910459 -0.146319
-46.6059 78.9091 6.65922 0.383918 -0.915519 -0.120122
-47.578 78.4296 7.16316 0.423607 -0.899666 -0.103875
-48.4683 77.9418 7.63037 0.436077 -0.894245 -0.100813
-49.5569 77.3025 8.33894 0.467638 -0.878899 -0.0940804
-50.5917 76.6318 9.21655 0.479217 -0.867906 -0.130418
-51.2664 76.1495 9.93532 0.494434 -0.859313 -0.130282
-51.7271 75.7666 10.6517 0.508402 -0.851948 -0.125347
-52.2712 75.3029 11.4558 0.521001 -0.840587 -0.148229
-52.7908 74.8298 12.3196 0.510376 -0.845194 -0.158631
-53.2725 74.2966 13.4238 0.543284 -0.816858 -0.193868
-53.6963 73.7252 14.6887 0.534759 -0.82417 -0.186487
-54.0288 73.2021 15.943 0.540309 -0.814109 -0.21282
-54.2382 72.7048 17.2388 0.564812 -0.79277 -0.229136
-54.2872 72.4143 18.1152 0.550682 -0.799032 -0.240943
-54.3011 72.1127 19.0962 0.540844 -0.801537 -0.254532
-54.0773 71.7715 20.4959 0.528807 -0.800283 -0.282685
-53.8284 71.5176 21.617 0.522501 -0.795215 -0.307357
-53.5352 71.3434 22.5266 0.510598 -0.796613 -0.323525
-53.3638 71.0888 23.4098 0.501795 -0.798487 -0.332505
-53.1692 70.8024 24.3624 0.49437 -0.798014 -0.344633
-53.0247 70.5149 25.2365 0.490637 -0.797698 -0.350568
-52.8684 70.1579 26.2079 0.463208 -0.800875 -0.379452
-52.7524 69.6623 27.4305 0.43299 -0.820958 -0.371951
-52.6526 69.3189 28.272 0.422917 -0.823409 -0.378224
-52.5549 68.8496 29.4158 0.415904 -0.82703 -0.378212
-52.4129 68.3507 30.6258 0.387035 -0.828596 -0.404515
-52.1289 68.0445 31.5248 0.384877 -0.831421 -0.400726
-51.0386 68.1521 32.3023 0.371736 -0.834811 -0.405914
-50.1839 68.2985 32.6644 0.313925 -0.84808 -0.426862
-48.9887 68.4789 33.1979 0.313075 -0.859212 -0.404647
-48.0912 68.5704 33.623 0.260667 -0.848391 -0.460745
-46.9766 68.703 34.0206 0.266907 -0.842409 -0.468089
-46.298 69.2288 33.4614 0.269608 -0.844313 -0.463046
-45.7721 69.7736 32.7061 0.212206 -0.858278 -0.467256
-45.3054 70.238 32.0752 0.208907 -0.852416 -0.479198
-44.7479 70.7647 31.365 0.203682 -0.850199 -0.485362
-44.2198 71.2301 30.7901 0.183083 -0.84929 -0.494478
-43.6357 71.7123 30.1613 0.165314 -0.846856 -0.505474
-42.9404 72.2389 29.5157 0.173869 -0.84106 -0.512238
-42.24 72.7206 28.9183 0.123544 -0.838096 -0.531349
-41.4406 73.2077 28.2625 0.0694838 -0.842405 -0.533161
-40.3939 73.8181 27.4837 0.0420544 -0.831286 -0.554222
-39.5441 74.2696 26.8611 0.0214676 -0.837874 -0.545077
-38.8344 74.6777 26.2359 0.00369423 -0.838841 -0.544364
-38.1567 75.1086 25.5552 -0.0232077 -0.863288 -0.504025
-37.5018 75.4892 24.8621 -0.0180788 -0.869097 -0.494312
-36.8936 75.9215 24.0989 -0.010224 -0.86481 -0.501994
-36.4244 76.5312 23.0221 -0.00337467 -0.871653 -0.490113
-36.2479 77.0797 22.0229 0.0108937 -0.884134 -0.467107
-36.196 77.5219 21.1869 0.0178865 -0.890876 -0.453593
-36.2509 77.9326 20.3389 0.0213926 -0.909535 -0.41447
-36.2826 78.1687 19.7867 0.0245725 -0.918687 -0.39422
-35.3341 78.2228 19.7198 0.0134133 -0.922934 -0.384415
-35.3848 78.6979 18.6108 0.0024831 -0.904449 -0.426574
-35.4406 79.0811 17.7371 0.0525825 -0.930493 -0.362515
-35.4998 79.4549 16.6928 0.0361799 -0.948067 -0.315993
-35.58 79.9031 15.3292 0.0352403 -0.950185 -0.309687
-35.6 80.257 14.2139 0.117045 -0.940432 -0.316912
-35.5876 80.637 13.1386 0.154044 -0.930174 -0.333182
-35.6064 80.9972 12.1114 0.158127 -0.940908 -0.29814
-35.5404 81.262 11.2236 0.158204 -0.94799 -0.276099
-35.5838 81.5102 10.3475 0.215205 -0.938259 -0.270845
-35.5077 81.8933 9.16209 0.227217 -0.921136 -0.316038
-35.3774 82.2085 8.25309 0.241614 -0.929561 -0.278459
-36.1804 82.2856 7.26502 0.245268 -0.933548 -0.261405
-37.317 82.1331 6.71616 0.260323 -0.929288 -0.262015
-38.1918 81.9977 6.33195 0.286659 -0.923463 -0.253316
-39.231 81.8409 5.58232 0.312523 -0.918497 -0.24226
-40.2065 81.6797 4.91181 0.313487 -0.922839 -0.223818
-41.3878 81.4408 4.14879 0.344045 -0.916289 -0.205054
-42.4112 81.0659 4.07051 0.361578 -0.913042 -0.188719
-43.3297 80.6601 4.30592 0.351459 -0.918042 -0.183507
-44.2437 80.2447 4.57636 0.38542 -0.907492 -0.167064
-45.2659 79.7358 4.96011 0.390347 -0.905277 -0.167638
-46.0389 79.341 5.35507 0.389928 -0.909059 -0.146862
-46.9106 78.8961 5.80374 0.41528 -0.900012 -0.132366
-47.9149 78.3686 6.31732 0.423605 -0.899667 -0.103874
-48.7267 77.9199 6.70736 0.437795 -0.892811 -0.105806
-49.6617 77.3601 7.28043 0.470275 -0.877193 -0.0967303
-50.7664 76.6732 8.12886 0.476757 -0.874302 -0.0910968
-51.5711 76.1144 8.9537 0.500516 -0.859425 -0.103722
-52.0611 75.7297 9.61565 0.50842 -0.850843 -0.132574
-52.7521 75.1396 10.6624 0.527049 -0.839125 -0.134448
-53.2477 74.7125 11.407 0.522828 -0.842315 -0.130897
-53.7416 74.2432 12.3204 0.541575 -0.825869 -0.156094
-54.1088 73.7828 13.2846 0.533097 -0.8237 -0.193199
-54.422 73.3615 14.2313 0.531877 -0.825328 -0.189579
-54.7233 72.9058 15.3261 0.534395 -0.817002 -0.216602
-55.0022 72.3246 16.7838 0.542854 -0.808138 -0.228522
-55.0696 72.0304 17.6421 0.540104 -0.80774 -0.236313
-55.0828 71.7002 18.7344 0.540848 -0.801535 -0.254531
-54.9254 71.3438 20.1098 0.537702 -0.79975 -0.266863
-54.7415 71.1405 21.0121 0.521044 -0.801892 -0.292373
-54.4527 70.8921 22.2064 0.510768 -0.802786 -0.307166
-54.2156 70.6842 23.1206 0.493849 -0.810974 -0.313375
-54.039 70.4369 23.9869 0.478973 -0.804949 -0.350202
-53.799 70.0831 25.1353 0.490645 -0.797696 -0.350561
-53.6575 69.6952 26.2354 0.453127 -0.822886 -0.342831
-53.5889 69.3501 27.1232 0.440978 -0.822708 -0.358734
-53.4745 68.8801 28.3228 0.435646 -0.821244 -0.36847
-53.3598 68.2895 29.7747 0.409997 -0.833607 -0.370137
-53.2604 67.888 30.7626 0.384869 -0.831423 -0.400732
-53.0611 67.5848 31.592 0.382716 -0.834246 -0.39694
-52.5892 67.4356 32.3612 0.383069 -0.834305 -0.396476
-51.6617 67.5786 32.9166 0.352447 -0.839893 -0.412598
-50.4498 67.8251 33.4096 0.32081 -0.850697 -0.416206
-49.2265 68.0433 33.9387 0.320379 -0.856267 -0.405094
-48.0547 68.1337 34.5274 0.252004 -0.869218 -0.42533
-46.991 68.2004 35.0202 0.244868 -0.867774 -0.432235
-46.0573 68.5576 34.8196 0.229906 -0.868137 -0.439807
-45.5853 69.041 34.1111 0.203083 -0.856067 -0.475296
-45.0574 69.6128 33.3058 0.198793 -0.857509 -0.474492
-44.5515 70.1079 32.6188 0.197559 -0.854901 -0.479704
-43.9132 70.7055 31.7973 0.165595 -0.862881 -0.477496
-43.1618 71.3282 30.9571 0.161165 -0.849909 -0.501626
-42.4631 71.8642 30.2311 0.107724 -0.848149 -0.518362
-41.4964 72.5287 29.3945 0.105696 -0.838829 -0.533921
-40.6293 72.9955 28.7235 0.0753339 -0.859048 -0.506112
-39.8712 73.4054 28.1467 0.0837194 -0.863601 -0.497177
-38.8811 73.9339 27.3866 0.00239102 -0.841364 -0.540464
-38.1282 74.3461 26.7517 -0.00114048 -0.839377 -0.543526
-37.5208 74.7401 26.1352 -0.017162 -0.848695 -0.528215
-36.9161 75.0845 25.527 -0.0116973 -0.858278 -0.51278
-36.2575 75.5463 24.7924 0.0361395 -0.861429 -0.506071
-35.7547 76.0288 23.9677 0.0303263 -0.877472 -0.478668
-35.374 76.7522 22.6658 0.0215535 -0.880956 -0.472574
-35.2808 77.1778 21.855 0.0120311 -0.887589 -0.460479
-35.284 77.7875 20.6727 0.000790397 -0.892316 -0.451411
-35.3005 78.0075 20.2236 0.0214022 -0.909538 -0.414463
-34.3733 77.9643 20.3256 -0.0127124 -0.909148 -0.414002
-34.3923 78.4657 19.1079 -0.00940561 -0.910638 -0.411352
-34.456 78.8599 18.298 0.0123327 -0.901245 -0.433108
-34.5119 79.4699 16.7676 0.0382035 -0.948674 -0.313939
-34.605 79.7509 15.9065 0.0188636 -0.942853 -0.332663
-34.6575 80.1509 14.6965 0.0446315 -0.948013 -0.315087
-34.6826 80.6668 13.4387 0.046396 -0.918793 -0.391872
-34.7119 81.0747 12.3407 0.0779031 -0.935945 -0.34342
-34.6857 81.4403 11.1225 0.164164 -0.945815 -0.28015
-34.6599 81.7825 10.1384 0.188535 -0.935744 -0.2958
-34.5872 82.0914 9.23897 0.211054 -0.926647 -0.311096
-34.4296 82.4617 8.26355 0.231608 -0.923987 -0.302941
-34.3931 82.7885 7.27022 0.247022 -0.915649 -0.317124
-35.4869 82.7133 6.57106 0.27507 -0.913842 -0.298713
-36.3786 82.5619 6.2125 0.284549 -0.916798 -0.280202
-37.2546 82.4195 5.79838 0.269822 -0.922026 -0.277604
-38.2274 82.2634 5.26819 0.319059 -0.917319 -0.238005
-38.9662 82.1527 4.72105 0.311565 -0.92085 -0.234439
-39.789 82.0154 4.12966 0.320066 -0.919275 -0.229108
-40.5396 81.8807 3.56735 0.338484 -0.925679 -0.168828
-41.4122 81.6462 3.04908 0.347858 -0.921381 -0.173327
-42.3086 81.3122 3.04064 0.351903 -0.918973 -0.177742
-43.3096 80.8652 3.32014 0.360078 -0.91447 -0.184572
-44.168 80.4625 3.54245 0.386088 -0.908222 -0.161456
-45.3058 79.8932 3.97787 0.39806 -0.903674 -0.157839
-46.3106 79.3577 4.45065 0.410762 -0.900667 -0.140512
-47.294 78.8256 4.9702 0.432488 -0.893165 -0.122365
-48.0251 78.4337 5.34028 0.427379 -0.897463 -0.109112
-48.9381 77.9354 5.80853 0.453173 -0.883199 -0.118878
-49.8954 77.349 6.34031 0.468024 -0.876708 -0.111065
-50.7042 76.8461 6.90194 0.468066 -0.876304 -0.11404
-51.3754 76.4104 7.45049 0.498834 -0.860089 -0.106355
-52.0526 75.921 8.15771 0.511776 -0.853087 -0.101588
-52.7413 75.3957 9.10214 0.512019 -0.851351 -0.11335
-53.2841 74.93 9.90502 0.526422 -0.838861 -0.138536
-53.7884 74.4975 10.6554 0.517355 -0.845359 -0.133083
-54.3399 73.9739 11.6222 0.554535 -0.816595 -0.160197
-54.6927 73.5616 12.4847 0.551031 -0.817761 -0.166141
-55.0753 73.0942 13.5508 0.544166 -0.823309 -0.161385
-55.3548 72.7251 14.4667 0.526546 -0.82506 -0.204131
-55.6101 72.2619 15.5623 0.538628 -0.814715 -0.21471
-55.8058 71.8262 16.6743 0.519167 -0.821741 -0.234962
-55.882 71.4414 17.8213 0.530101 -0.814274 -0.236538
-55.8724 71.1269 18.8727 0.529082 -0.805107 -0.268097
-55.7477 70.8696 19.8913 0.535186 -0.799018 -0.274128
-55.5627 70.6914 20.754 0.531577 -0.796989 -0.286764
-55.3426 70.494 21.7213 0.498021 -0.820376 -0.280607
-55.0977 70.2833 22.7252 0.510766 -0.80279 -0.30716
-54.8906 70.0252 23.7621 0.494966 -0.813185 -0.306098
-54.624 69.6684 25.0086 0.457018 -0.822646 -0.338215
-54.5063 69.2651 26.1458 0.453126 -0.822886 -0.342832
-54.4386 68.9509 26.9864 0.452411 -0.821443 -0.347194
-54.343 68.5956 27.9299 0.438007 -0.822321 -0.363185
-54.243 68.1173 29.1366 0.430028 -0.827926 -0.36002
-54.1737 67.7813 29.9789 0.423448 -0.830052 -0.362863
-54.1076 67.4414 30.8452 0.410794 -0.829367 -0.37806
-53.8638 67.0093 32.0144 0.387655 -0.83808 -0.383856
-53.0936 66.8883 33.062 0.38313 -0.840914 -0.382197
-51.9048 67.1172 33.6917 0.344128 -0.858435 -0.38035
-50.7103 67.3783 34.1696 0.331204 -0.860963 -0.386013
-49.7887 67.5527 34.5579 0.325581 -0.86369 -0.384754
-48.9207 67.6453 34.9834 0.2897 -0.862536 -0.414849
-47.9472 67.6953 35.4914 0.258154 -0.876346 -0.406662
-47.0374 67.7187 35.986 0.24066 -0.876249 -0.417458
-46.051 67.8707 36.2084 0.206063 -0.873788 -0.440492
-45.0928 68.6525 35.0891 0.162763 -0.872228 -0.461222
-44.6618 69.1051 34.3853 0.164106 -0.871635 -0.461864
-44.1121 69.6649 33.5848 0.170694 -0.850436 -0.497616
-43.6443 70.1224 32.9527 0.160665 -0.863286 -0.478426
-42.9866 70.7207 32.0912 0.165595 -0.862881 -0.477496
-42.4364 71.1546 31.4847 0.133252 -0.869614 -0.475308
-41.7648 71.6319 30.7772 0.123953 -0.874176 -0.469516
-41.0046 72.1311 30.1034 0.0948558 -0.83874 -0.536207
-40.1441 72.6319 29.4226 0.0896028 -0.856808 -0.507791
-38.9791 73.214 28.5564 -0.0028454 -0.857697 -0.514147
-37.972 73.709 27.7551 0.00889226 -0.846492 -0.532327
-37.2644 74.1048 27.11 -0.00996973 -0.837093 -0.546969
-36.5647 74.5582 26.3982 -0.0162472 -0.839142 -0.543669
-35.7009 75.1112 25.4921 -0.0493643 -0.839145 -0.541663
-34.9637 75.7185 24.4646 -0.0630825 -0.850637 -0.521775
-34.6256 76.1914 23.6285 -0.0588496 -0.857164 -0.511659
-34.4431 76.7078 22.7307 -0.0572542 -0.86533 -0.497922
-34.3332 77.1998 21.8109 -0.0252509 -0.892281 -0.450775
-34.3462 77.6424 20.962 0.00158572 -0.892294 -0.451452
-34.3668 77.8188 20.6132 0.00158572 -0.892294 -0.451452
-33.4294 77.8171 20.6198 -0.0127101 -0.909145 -0.414008
-33.4894 78.1617 19.7768 -0.0277881 -0.924979 -0.378991
-33.5441 78.8358 18.3741 0.0112422 -0.898229 -0.439376
-33.5453 79.2298 17.4748 -0.0227996 -0.929072 -0.367461
-33.5461 79.6199 16.3322 0.012442 -0.946583 -0.321854
-33.7088 80.0427 15.125 0.0194773 -0.943755 -0.330072
-33.7644 80.5755 13.7739 0.0541906 -0.9159 -0.397731
-33.785 81.0285 12.6768 0.0779107 -0.935946 -0.343415
-33.7927 81.5886 11.1451 0.120901 -0.941024 -0.311422
-33.7467 81.9134 10.2058 0.154869 -0.935605 -0.317268
-33.638 82.4069 8.9432 0.186 -0.924647 -0.330777
-33.4453 82.8013 7.94566 0.22839 -0.917999 -0.324216
-33.3441 83.1485 6.97857 0.226753 -0.927562 -0.297006
-33.8494 83.269 6.23101 0.220892 -0.92802 -0.299975
-34.745 83.1511 5.91958 0.275751 -0.912503 -0.302158
-35.8502 82.9347 5.50947 0.28475 -0.91999 -0.269157
-36.9689 82.7488 5.00174 0.280122 -0.919738 -0.274877
-37.9258 82.589 4.44403 0.319359 -0.922299 -0.215845
-38.6582 82.4579 3.88341 0.312575 -0.930738 -0.189798
-39.4213 82.3216 3.2868 0.315511 -0.929693 -0.190062
-40.1886 82.1765 2.6384 0.332235 -0.927772 -0.169882
-41.3968 81.85 2.02681 0.336275 -0.924718 -0.178369
-42.2548 81.5257 2.03438 0.367119 -0.914642 -0.169273
-43.1351 81.1346 2.24042 0.366323 -0.91509 -0.168573
-44.2948 80.5726 2.61605 0.385421 -0.90889 -0.159279
-45.4326 80.0004 3.03627 0.412318 -0.899483 -0.14465
-46.3181 79.5303 3.41216 0.421837 -0.894448 -0.148381
-47.0531 79.1193 3.82512 0.419164 -0.898008 -0.131864
-48.0583 78.5508 4.30342 0.439802 -0.887068 -0.140221
-48.9001 78.0871 4.73836 0.4304 -0.896307 -0.106724
-49.6329 77.645 5.15393 0.474747 -0.872605 -0.114782
-50.4184 77.1579 5.60252 0.476811 -0.871549 -0.114252
-51.1258 76.7207 6.0572 0.482545 -0.869356 -0.105814
-51.7711 76.2857 6.57247 0.49243 -0.863825 -0.106173
-52.4086 75.8326 7.22418 0.501247 -0.85783 -0.113488
-53.0626 75.3407 8.06398 0.512017 -0.851353 -0.113351
-53.7619 74.7661 9.08165 0.522596 -0.844443 -0.117508
-54.4379 74.1938 10.0596 0.517764 -0.844877 -0.134536
-54.9163 73.7422 10.8576 0.544436 -0.826315 -0.144199
-55.4119 73.1695 12.0676 0.543882 -0.821509 -0.171219
-55.8909 72.5886 13.3807 0.543797 -0.823556 -0.16137
-56.1637 72.2033 14.369 0.550787 -0.811163 -0.196591
-56.3805 71.841 15.227 0.538627 -0.814713 -0.21472
-56.5779 71.4348 16.297 0.534693 -0.818275 -0.21099
-56.7005 71.0226 17.4567 0.522525 -0.815942 -0.2474
-56.7048 70.7396 18.393 0.529591 -0.809689 -0.252322
-56.5982 70.4308 19.5935 0.506911 -0.820348 -0.264313
-56.2853 70.1442 21.0341 0.499922 -0.824045 -0.266508
-56.0281 69.9339 22.1199 0.496715 -0.815828 -0.296133
-55.8169 69.7401 23.004 0.497416 -0.814918 -0.297467
-55.5878 69.4483 24.1561 0.494649 -0.811051 -0.312281
-55.4124 69.1764 25.1402 0.475833 -0.816848 -0.325248
-55.3256 68.8428 26.0709 0.457299 -0.822287 -0.338703
-55.2319 68.5184 26.976 0.452401 -0.821444 -0.347204
-55.1567 68.1431 27.9597 0.446898 -0.824961 -0.346009
-55.083 67.7921 28.8641 0.442599 -0.822261 -0.35776
-55.046 67.4597 29.7137 0.416248 -0.837295 -0.354469
-54.9889 67.079 30.6675 0.413679 -0.836526 -0.359296
-54.821 66.655 31.8105 0.401594 -0.833775 -0.378869
-54.5014 66.3469 32.8353 0.369062 -0.853928 -0.36688
-53.6113 66.3525 33.7614 0.387542 -0.851106 -0.35416
-52.7655 66.541 34.2015 0.34994 -0.855462 -0.381742
-51.8475 66.735 34.6062 0.340469 -0.858338 -0.383812
-50.3384 67.0731 35.1694 0.331204 -0.860963 -0.386013
-49.2533 67.2015 35.7122 0.296414 -0.873285 -0.386669
-48.0971 67.2613 36.3316 0.256081 -0.877459 -0.405563
-47.127 67.2847 36.8794 0.240734 -0.890112 -0.386972
-46.2974 67.3275 37.2338 0.216666 -0.886154 -0.409619
-45.0963 67.8024 36.7904 0.204422 -0.883205 -0.421558
-44.5236 68.3047 35.9743 0.166059 -0.891011 -0.422521
-44.1035 68.7611 35.2329 0.164107 -0.871636 -0.461864
-43.4614 69.3914 34.2755 0.168064 -0.86074 -0.480062
-42.7856 70.0751 33.3109 0.15591 -0.856956 -0.491242
-42.2721 70.5522 32.6254 0.141922 -0.868898 -0.474209
-41.6256 71.0352 31.9238 0.107589 -0.86399 -0.491119
-40.8311 71.5817 31.1115 0.124238 -0.871417 -0.474507
-39.7994 72.1681 30.2225 0.0484906 -0.860816 -0.505895
-38.69 72.7173 29.402 0.00862669 -0.857909 -0.51373
-37.7418 73.1249 28.7043 -0.00924374 -0.863511 -0.504135
-36.974 73.5314 28.0159 -0.00916269 -0.853223 -0.521466
-36.3063 73.9351 27.3522 -0.0131089 -0.838117 -0.545321
-35.5721 74.3936 26.6074 -0.0304867 -0.838391 -0.544217
-34.973 74.7765 25.9627 -0.0510963 -0.847405 -0.528375
-34.4423 75.1483 25.305 -0.0618938 -0.845268 -0.530743
-33.9552 75.6314 24.4817 -0.0656536 -0.846357 -0.528527
-33.6948 76.0671 23.7331 -0.0650282 -0.853646 -0.516778
-33.5086 76.7148 22.6266 -0.0442009 -0.859085 -0.509922
-33.3898 77.3778 21.4457 -0.0123095 -0.879168 -0.476353
-33.4154 77.6968 20.8578 -0.00536187 -0.885731 -0.463903
-32.4775 77.6162 20.8554 -0.118873 -0.889735 -0.440727
-32.4743 77.1031 21.7936 -0.0954883 -0.85884 -0.503265
-32.5909 76.47 22.8831 -0.0886433 -0.857768 -0.50629
-32.7698 75.941 23.8237 -0.0928669 -0.858289 -0.504629
-33.1879 75.2673 24.9694 -0.065657 -0.846357 -0.528526
-33.6092 74.8631 25.6643 -0.0616241 -0.846555 -0.528721
-34.241 74.4159 26.4246 -0.085334 -0.825935 -0.55727
-34.7866 74.0771 27.055 -0.0662932 -0.843691 -0.531222
-35.6624 73.546 27.9264 -0.0290425 -0.84209 -0.538555
-36.5485 73.0606 28.7787 -0.026405 -0.850865 -0.524423
-37.2412 72.7247 29.3684 -0.0197302 -0.862831 -0.505108
-38.3367 72.2549 30.1835 0.0319546 -0.871785 -0.488845
-39.4488 71.7356 31.0254 0.029585 -0.866295 -0.498655
-40.3899 71.1791 31.9109 0.0683128 -0.854773 -0.513841
-41.204 70.6043 32.7534 0.0819052 -0.869877 -0.486421
-41.8746 70.0714 33.5973 0.128455 -0.860189 -0.493147
-42.333 69.603 34.268 0.14696 -0.8553 -0.496854
-42.8805 69.0834 35.081 0.181277 -0.872371 -0.453991
-43.3291 68.6407 35.7526 0.181488 -0.8794 -0.439851
-43.848 68.1192 36.6642 0.182443 -0.89451 -0.408126
-44.3303 67.6746 37.4212 0.182686 -0.893857 -0.409445
-44.931 67.2991 37.979 0.189923 -0.916386 -0.352373
-46.1211 66.9291 38.2309 0.217126 -0.899646 -0.378676
-46.9767 66.8647 37.9164 0.217879 -0.895396 -0.388175
-47.8838 66.8477 37.3918 0.253578 -0.884623 -0.391312
-48.8421 66.8184 36.8359 0.258123 -0.883025 -0.391968
-49.8814 66.7309 36.2811 0.311492 -0.864415 -0.394664
-50.8026 66.5669 35.9045 0.31911 -0.862419 -0.39294
-51.6362 66.391 35.5747 0.341585 -0.859835 -0.379478
-52.4682 66.2066 35.2339 0.350167 -0.857869 -0.376091
-53.3325 66.0169 34.8736 0.359794 -0.859612 -0.362101
-54.3549 65.7916 34.3165 0.377047 -0.85675 -0.351841
-55.2306 65.7792 33.4231 0.37089 -0.855979 -0.360122
-55.5567 66.0035 32.5411 0.383578 -0.852144 -0.355975
-55.7516 66.2773 31.6562 0.388877 -0.8507 -0.3536
-55.8915 66.8192 30.233 0.413679 -0.836526 -0.359296
-55.8879 67.3007 29.0869 0.418056 -0.840319 -0.345051
-55.9662 67.7029 27.9925 0.420895 -0.838968 -0.344858
-56.0228 68.0614 27.0691 0.429419 -0.838348 -0.335426
-56.1291 68.4214 26.0092 0.457305 -0.822282 -0.338707
-56.2239 68.7221 25.1155 0.469086 -0.822362 -0.321992
-56.3818 68.979 24.1836 0.476366 -0.826147 -0.300766
-56.7161 69.3853 22.4975 0.483584 -0.824204 -0.294675
-57.094 69.6754 20.9645 0.503769 -0.820976 -0.268727
-57.3008 69.8602 20.008 0.500672 -0.821723 -0.272144
-57.4555 70.0498 19.0917 0.510963 -0.821933 -0.251678
-57.5092 70.3279 18.067 0.51041 -0.825407 -0.241215
-57.4946 70.6126 17.1405 0.527893 -0.816629 -0.232694
-57.3537 71.0176 15.9645 0.533416 -0.818293 -0.214124
-57.1648 71.3855 15.0176 0.529851 -0.820414 -0.214892
-56.9551 71.7539 14.1045 0.524893 -0.82523 -0.208524
-56.6549 72.1707 13.0163 0.53003 -0.830715 -0.170227
-56.3368 72.567 12.1426 0.524595 -0.831794 -0.181318
-56.024 72.9369 11.316 0.528435 -0.832854 -0.164093
-55.5598 73.4236 10.2658 0.537462 -0.830306 -0.147269
-55.0731 73.8791 9.46968 0.533053 -0.836865 -0.124541
-54.4668 74.3905 8.61525 0.52813 -0.840459 -0.121238
-53.9708 74.8025 7.89573 0.524523 -0.843141 -0.118238
-53.2782 75.3691 6.88185 0.521528 -0.845433 -0.11511
-52.7449 75.7678 6.23647 0.49871 -0.859751 -0.110071
-51.9882 76.291 5.56607 0.496768 -0.860969 -0.109333
-51.2048 76.803 5.01836 0.477959 -0.871432 -0.110276
-50.2575 77.3986 4.44049 0.477891 -0.870857 -0.114999
-49.3092 77.9891 3.88956 0.475632 -0.872068 -0.115199
-48.3015 78.578 3.369 0.439803 -0.887068 -0.140221
-47.5113 79.0278 2.97302 0.436156 -0.888799 -0.140726
-46.4899 79.6006 2.48608 0.435271 -0.88804 -0.147774
-45.3246 80.2388 1.9677 0.412454 -0.895599 -0.166685
-44.2878 80.7479 1.63179 0.398179 -0.900495 -0.173547
-43.4525 81.174 1.34708 0.386722 -0.903281 -0.185597
-42.2979 81.7026 1.05984 0.366784 -0.910087 -0.1929
-41.4548 82.0164 1.0222 0.327357 -0.928276 -0.176467
-40.5612 82.2931 1.26876 0.34172 -0.924134 -0.17089
-39.5647 82.5218 1.99112 0.335183 -0.925449 -0.176625
-38.665 82.6787 2.78748 0.320894 -0.919134 -0.225264
-37.8683 82.8175 3.41984 0.313018 -0.930459 -0.190434
-37.1466 82.9534 3.94466 0.313877 -0.930105 -0.190753
-35.8882 83.199 4.56589 0.284751 -0.919988 -0.269163
-34.584 83.476 5.06915 0.291105 -0.91236 -0.287194
-33.4268 83.6589 5.41247 0.230189 -0.913521 -0.3354
-32.4288 83.8142 5.78535 0.27768 -0.897537 -0.342488
-32.3641 83.3717 7.07728 0.260052 -0.91627 -0.304668
-32.5821 82.877 8.27505 0.185465 -0.914811 -0.358782
-32.8004 82.3244 9.57036 0.185487 -0.914633 -0.359223
-32.8485 81.8229 10.8212 0.104535 -0.923483 -0.369122
-32.8541 81.3057 12.1698 0.0982886 -0.932801 -0.34673
-32.8406 80.8613 13.2363 0.0481754 -0.916948 -0.396071
-32.8019 80.4162 14.264 0.0504985 -0.915772 -0.398512
-32.7418 79.9367 15.4936 0.0406506 -0.925471 -0.375864
-32.6084 79.6022 16.4132 0.00520314 -0.939036 -0.343755
-32.6278 79.2424 17.3839 -0.00776655 -0.939949 -0.340929
-32.6231 78.7911 18.3225 -0.0686296 -0.89804 -0.434527
-32.6115 78.3928 19.1543 -0.0658293 -0.905265 -0.419593
-32.5198 77.8833 20.3213 -0.0682073 -0.926315 -0.370524
-32.512 77.8368 20.4193 -0.118874 -0.889735 -0.440728
-31.592 77.7517 20.3422 -0.110136 -0.88808 -0.446165
-31.6736 78.2112 19.4197 -0.0593119 -0.908839 -0.412908
-31.7049 78.7119 18.3537 -0.0568165 -0.899596 -0.433012
-31.7023 79.215 17.2868 -0.071571 -0.912771 -0.402152
-31.694 79.6466 16.3057 -0.0334488 -0.925215 -0.374837
-31.8132 80.0298 15.3193 0.0197524 -0.921797 -0.387169
-31.9005 80.5273 14.1303 0.0406533 -0.925468 -0.375871
-31.904 80.9065 13.2401 0.0458518 -0.918125 -0.39363
-31.9161 81.3497 12.2024 0.0691338 -0.915385 -0.395904
-31.9162 81.8818 10.9899 0.141263 -0.91167 -0.385878
-31.8913 82.445 9.66888 0.14128 -0.911594 -0.386051
-31.713 82.9741 8.52627 0.18887 -0.900082 -0.390811
-31.4755 83.4994 7.3713 0.223112 -0.910171 -0.349013
-31.1855 84.0231 6.2116 0.253403 -0.903348 -0.346049
-31.0574 84.4462 5.21568 0.259101 -0.89922 -0.352473
-32.0215 84.2695 4.9148 0.283204 -0.896106 -0.341744
-33.0766 84.0654 4.60933 0.262879 -0.900915 -0.345321
-34.0894 83.8665 4.29145 0.282426 -0.910619 -0.301122
-35.1419 83.6339 3.96751 0.30975 -0.906678 -0.286337
-36.1015 83.4301 3.51722 0.365738 -0.889283 -0.274611
-36.9279 83.2364 3.02813 0.351428 -0.899223 -0.259241
-37.6686 83.1208 2.49425 0.325585 -0.90949 -0.258493
-38.5938 83.0027 1.75102 0.372944 -0.89869 -0.223164
-39.2837 82.8263 1.04501 0.415939 -0.890774 -0.183055
-39.9836 82.6549 0.502441 0.342235 -0.920634 -0.187903
-41.1543 82.3159 0.0556326 0.33382 -0.922945 -0.191647
-42.388 81.865 0.0983955 0.36131 -0.918476 -0.153357
-43.4594 81.3697 0.363572 0.37887 -0.907144 -0.183156
-44.6118 80.7936 0.742543 0.391801 -0.900459 -0.188853
-45.7455 80.2074 1.10411 0.431096 -0.885909 -0.166271
-46.7062 79.66 1.53644 0.435262 -0.887004 -0.15418
-47.5142 79.195 1.90636 0.435273 -0.888037 -0.147784
-48.3824 78.684 2.36433 0.457324 -0.880985 -0.12133
-49.2826 78.1412 2.82415 0.465958 -0.877537 -0.113188
-49.984 77.7111 3.20062 0.476395 -0.87168 -0.114988
-51.0156 77.0647 3.80735 0.483669 -0.868183 -0.110821
-51.7295 76.5986 4.30366 0.497188 -0.861036 -0.106867
-52.6896 75.9631 4.95533 0.499984 -0.85927 -0.10798
-53.4463 75.4299 5.67378 0.503151 -0.857785 -0.10509
-53.9907 75.005 6.38264 0.512283 -0.850067 -0.122281
-54.5844 74.5154 7.27944 0.516412 -0.846892 -0.12681
-55.3662 73.87 8.39736 0.510867 -0.848433 -0.138053
-55.9148 73.4007 9.16336 0.521314 -0.838155 -0.160398
-56.3605 72.9613 10.0108 0.516507 -0.840901 -0.161474
-56.7467 72.5549 10.8852 0.522443 -0.837911 -0.157985
-57.2027 72.0443 12.0742 0.517009 -0.838089 -0.173432
-57.5026 71.6598 12.9749 0.510741 -0.838357 -0.190529
-57.7676 71.275 13.9576 0.512898 -0.835934 -0.195239
-58.0228 70.8373 15.0495 0.504147 -0.835446 -0.218784
-58.1932 70.4779 16.0236 0.504266 -0.834758 -0.221121
-58.2872 70.1904 16.8881 0.511205 -0.825111 -0.240542
-58.3084 69.9131 17.7944 0.492771 -0.837984 -0.233238
-58.2975 69.6353 18.7936 0.481963 -0.841762 -0.243203
-58.0985 69.3524 20.1239 0.483943 -0.832065 -0.27091
-57.8246 69.1566 21.1798 0.492188 -0.826207 -0.273763
-57.5838 68.9746 22.1505 0.48358 -0.830616 -0.274865
-57.3718 68.7887 23.1084 0.464062 -0.843774 -0.269593
-57.169 68.5008 24.262 0.439853 -0.847482 -0.29716
-56.9898 68.1675 25.4455 0.445547 -0.838988 -0.312388
-56.8904 67.8731 26.375 0.445388 -0.838313 -0.314422
-56.8242 67.5744 27.2605 0.429418 -0.838348 -0.335426
-56.7828 67.1161 28.4516 0.412685 -0.846046 -0.337486
-56.7981 66.7309 29.3791 0.412774 -0.841452 -0.348674
-56.7086 66.2775 30.6059 0.407963 -0.848023 -0.338264
-56.5855 65.9049 31.6411 0.387639 -0.8539 -0.347263
-56.4367 65.5921 32.5794 0.377109 -0.863258 -0.335436
-56.1458 65.3477 33.5375 0.36534 -0.869016 -0.333674
-55.32 65.2644 34.6368 0.358464 -0.87368 -0.328708
-54.592 65.3614 35.1953 0.347525 -0.880146 -0.32305
-53.6805 65.5305 35.6687 0.357434 -0.868487 -0.342111
-52.8285 65.7437 35.9909 0.34623 -0.877709 -0.331289
-51.9529 65.9641 36.3151 0.341071 -0.878977 -0.33327
-50.9687 66.1609 36.6958 0.281921 -0.887228 -0.365168
-49.9748 66.3177 37.1313 0.318461 -0.870401 -0.375479
-49.0273 66.4104 37.637 0.255709 -0.884536 -0.390139
-48.1521 66.4297 38.1694 0.255782 -0.885166 -0.388661
-47.0713 66.4468 38.8242 0.223024 -0.900818 -0.372541
-46.18 66.5261 39.1318 0.209466 -0.894479 -0.394717
-45.2351 66.7465 39.1637 0.199823 -0.89121 -0.406636
-44.1423 67.1998 38.5959 0.163019 -0.910106 -0.380961
-43.4862 67.629 37.856 0.156628 -0.888108 -0.432125
-43.012 68.0687 37.1173 0.150492 -0.890119 -0.430163
-42.5973 68.5103 36.3365 0.181686 -0.886431 -0.425712
-42.1491 68.9298 35.6682 0.160616 -0.881132 -0.444079
-41.682 69.348 34.9616 0.122152 -0.889032 -0.44084
-41.1082 69.8822 34.1038 0.109941 -0.865082 -0.489435
-40.4717 70.4148 33.2688 0.0734747 -0.885205 -0.458778
-39.7982 70.8454 32.5321 0.0612419 -0.874647 -0.480877
-39.1284 71.2545 31.8801 0.0353558 -0.866612 -0.497694
-38.3208 71.6728 31.217 0.0411231 -0.866921 -0.496746
-37.25 72.1112 30.4707 -0.002789 -0.873859 -0.486172
-36.4913 72.4321 29.8787 -0.0325734 -0.873246 -0.486189
-35.6552 72.841 29.1028 -0.0235122 -0.867378 -0.497094
-34.9919 73.1684 28.47 -0.0549965 -0.847573 -0.52696
-34.3156 73.551 27.8172 -0.104569 -0.847108 -0.52103
-33.5666 73.9846 26.9606 -0.0949295 -0.836721 -0.53883
-32.7186 74.6287 25.8608 -0.0873893 -0.82754 -0.554558
-32.2426 75.1203 25.0482 -0.0871533 -0.837163 -0.539791
-31.9127 75.6262 24.1749 -0.0956791 -0.845419 -0.525463
-31.6987 76.1374 23.2841 -0.0992735 -0.855346 -0.508456
-31.6138 76.5867 22.5056 -0.100951 -0.869343 -0.483782
-31.5386 77.0882 21.6043 -0.124054 -0.861556 -0.492273
-31.5555 77.5266 20.7865 -0.119629 -0.889543 -0.440911
-31.5726 77.6458 20.5506 -0.119629 -0.889543 -0.440911
-30.6808 77.694 20.2524 -0.114577 -0.882545 -0.455802
-30.6171 77.2141 21.1507 -0.128512 -0.878478 -0.460174
-30.6261 76.5975 22.2821 -0.0994739 -0.870493 -0.482024
-30.7342 76.0285 23.2999 -0.0857952 -0.854452 -0.512397
-31.0059 75.3769 24.4158 -0.101689 -0.849286 -0.517925
-31.3992 74.8113 25.3799 -0.0893286 -0.831541 -0.548233
-31.8768 74.3179 26.1944 -0.0852836 -0.827108 -0.555535
-32.4467 73.8531 26.9769 -0.0897145 -0.836142 -0.540916
-33.0088 73.5131 27.616 -0.0973118 -0.845842 -0.524415
-33.7391 73.1002 28.4337 -0.104452 -0.846845 -0.521482
-34.5269 72.6935 29.2178 -0.0646297 -0.866335 -0.49514
-35.1961 72.3883 29.8478 -0.0710046 -0.879022 -0.471035
-36.009 72.0155 30.6224 -0.0143804 -0.882764 -0.469596
-37.0295 71.606 31.3738 -0.00613021 -0.872292 -0.488947
-37.7488 71.3442 31.8486 0.0263981 -0.872966 -0.486581
-38.4298 70.9853 32.4291 0.0479518 -0.873747 -0.484011
-39.1151 70.5943 33.0726 0.0481732 -0.878884 -0.47452
-39.784 70.1706 33.8082 0.0482243 -0.88399 -0.465011
-40.2914 69.7653 34.5099 0.0845564 -0.873636 -0.478006
-40.7862 69.3106 35.2503 0.111344 -0.885667 -0.450773
-41.2427 68.8942 35.9753 0.107366 -0.897844 -0.427023
-41.7897 68.4113 36.8084 0.130617 -0.885043 -0.446808
-42.1826 68.0009 37.5301 0.137676 -0.889485 -0.435731
-42.7909 67.4604 38.5012 0.138586 -0.913505 -0.382478
-43.651 66.9397 39.421 0.142853 -0.915279 -0.376555
-44.3458 66.5888 39.9196 0.200587 -0.906302 -0.371996
-45.2896 66.3083 40.0941 0.189737 -0.900198 -0.391299
-46.2457 66.1215 40.041 0.197669 -0.906898 -0.372106
-47.1912 66.0385 39.7395 0.244804 -0.89397 -0.374649
-48.1833 66.0112 39.1019 0.261186 -0.886139 -0.382718
-49.0415 66.0043 38.5513 0.24469 -0.89405 -0.374667
-50.0942 65.9338 37.961 0.286791 -0.889977 -0.354531
-51.1366 65.7872 37.493 0.28249 -0.890912 -0.355633
-52.177 65.5705 37.1246 0.345047 -0.880252 -0.325729
-53.0682 65.3387 36.8133 0.331956 -0.885164 -0.325573
-54.2714 65.0524 36.3848 0.341878 -0.883969 -0.318727
-55.1551 64.8911 35.8513 0.361477 -0.875921 -0.319527
-55.8958 64.8044 35.2498 0.375332 -0.870855 -0.317052
-56.6476 64.7957 34.3909 0.380178 -0.855998 -0.350333
-57.205 65.0267 33.1878 0.384802 -0.86026 -0.334296
-57.4175 65.4273 31.9136 0.377076 -0.86054 -0.342467
-57.5388 65.8503 30.6932 0.387644 -0.859105 -0.333991
-57.6503 66.1525 29.8051 0.394913 -0.853474 -0.340038
-57.6588 66.5276 28.8462 0.404643 -0.847964 -0.342159
-57.6355 66.9113 27.9073 0.43419 -0.842548 -0.318737
-57.6457 67.2315 27.0364 0.436149 -0.845713 -0.307481
-57.746 67.6072 25.8718 0.445469 -0.83865 -0.313405
-57.8727 67.8795 24.96 0.445462 -0.838993 -0.312498
-58.0965 68.2304 23.599 0.464529 -0.842533 -0.272675
-58.3793 68.511 22.2363 0.467231 -0.843961 -0.263441
-58.6279 68.6725 21.2691 0.470731 -0.83955 -0.271236
-58.8706 68.8323 20.3479 0.478335 -0.838258 -0.261758
-59.1029 69.0559 19.2018 0.482901 -0.835615 -0.261773
-59.1412 69.3206 18.2318 0.476501 -0.843238 -0.248792
-59.1131 69.594 17.3062 0.474341 -0.850853 -0.225943
-59.0478 69.909 16.2404 0.48476 -0.846655 -0.219428
-58.8225 70.4349 14.7431 0.496692 -0.839142 -0.221467
-58.6114 70.7766 13.8632 0.514806 -0.833659 -0.199968
-58.3644 71.1506 12.9041 0.513244 -0.837613 -0.186996
-57.9981 71.6103 11.7851 0.503947 -0.848074 -0.163732
-57.6735 71.9698 10.9222 0.514094 -0.842223 -0.161951
-57.3109 72.3788 10.0149 0.516791 -0.838571 -0.172411
-56.895 72.8188 9.06806 0.511696 -0.84365 -0.162551
-56.3639 73.2923 8.23743 0.514581 -0.847781 -0.128319
-55.7418 73.7844 7.4582 0.512446 -0.849261 -0.127103
-55.088 74.3267 6.47361 0.514989 -0.848055 -0.124854
-54.6237 74.7115 5.76161 0.510634 -0.851545 -0.118843
-54.0322 75.172 4.98362 0.507124 -0.85479 -0.11016
-53.0529 75.8685 4.02172 0.503404 -0.857404 -0.106966
-52.2956 76.3636 3.56135 0.497162 -0.861085 -0.106596
-51.2607 77.047 2.82625 0.48846 -0.865919 -0.107647
-50.1734 77.7294 2.24454 0.483153 -0.868866 -0.107862
-49.2638 78.2896 1.78913 0.471548 -0.873877 -0.118248
-48.444 78.7971 1.36107 0.468133 -0.872994 -0.136459
-47.6568 79.279 0.941181 0.464097 -0.874275 -0.142324
-46.6092 79.8855 0.439507 0.43257 -0.891519 -0.134453
-45.7843 80.3395 0.142563 0.460268 -0.876825 -0.139039
-44.9191 80.8226 -0.136509 0.429427 -0.897614 -0.0978664
-44.1084 81.2247 -0.403093 0.402745 -0.910107 -0.0963111
-43.0827 81.6819 -0.71976 0.368348 -0.923104 -0.110452
-42.125 82.105 -0.903261 0.391478 -0.912852 -0.115963
-40.7735 82.6203 -0.870624 0.334209 -0.941389 -0.045742
-39.9592 82.8831 -0.571102 0.339363 -0.921213 -0.190224
-38.9302 83.1671 0.175139 0.40536 -0.894102 -0.18997
-38.161 83.349 0.951482 0.383552 -0.906476 -0.176608
-37.1469 83.5026 1.80779 0.354137 -0.901356 -0.247006
-36.4053 83.6508 2.36936 0.375595 -0.88916 -0.261387
-35.3675 83.8765 2.95358 0.312114 -0.905458 -0.287614
-34.2999 84.1163 3.35333 0.303602 -0.906829 -0.292382
-33.1678 84.3697 3.67609 0.27812 -0.902785 -0.327793
-32.1622 84.5778 3.98293 0.287217 -0.89738 -0.334987
-30.9659 84.8559 4.2224 0.257065 -0.903556 -0.342719
-29.6012 85.0768 4.57861 0.241066 -0.922056 -0.297851
-29.8541 84.6816 5.50124 0.279985 -0.890163 -0.35947
-30.3032 84.107 6.56777 0.212756 -0.887406 -0.408956
-30.5927 83.6063 7.57989 0.175074 -0.907385 -0.380237
-30.7221 83.1792 8.45218 0.159598 -0.897257 -0.411621
-30.9381 82.7684 9.29218 0.158962 -0.904405 -0.395955
-30.9897 82.258 10.4429 0.136239 -0.9005 -0.411964
-30.9757 81.7958 11.429 0.0966253 -0.901082 -0.422747
-30.963 81.3951 12.3142 0.0877695 -0.909041 -0.407359
-30.9454 80.9521 13.326 0.065227 -0.909809 -0.409154
-30.9471 80.5394 14.201 0.046421 -0.909757 -0.412249
-30.8921 80.0752 15.2743 0.0213286 -0.907355 -0.418645
-30.7976 79.6152 16.3294 -0.0212915 -0.915274 -0.401953
-30.7791 79.0017 17.6325 -0.0544267 -0.900163 -0.432133
-30.7728 78.5727 18.5206 -0.055791 -0.899416 -0.433516
-30.7298 78.0631 19.5511 -0.0983306 -0.883068 -0.458826
-30.6885 77.7338 20.1759 -0.0994961 -0.88484 -0.455127
-29.7468 77.7224 20.0065 -0.0945668 -0.879189 -0.466895
-29.8251 78.2 19.0927 -0.100532 -0.886004 -0.452648
-29.844 78.6799 18.1638 -0.101228 -0.884234 -0.455943
-29.8756 79.2196 17.0627 -0.0459064 -0.898541 -0.436356
-29.9118 79.6428 16.2088 -0.03773 -0.895998 -0.442452
-29.9674 80.183 15.051 -0.00114018 -0.898583 -0.438802
-30.0078 80.5869 14.2083 0.0325918 -0.90694 -0.41961
-30.0054 81.0674 13.1496 0.022086 -0.89814 -0.438226
-30.0088 81.5304 12.1902 0.0653629 -0.909965 -0.409502
-30.034 81.9303 11.3846 0.113426 -0.897044 -0.427138
-30.0622 82.5162 10.1505 0.114028 -0.89582 -0.429539
-29.9582 83.039 9.06334 0.153681 -0.905475 -0.395597
-29.792 83.4293 8.259 0.1498 -0.894693 -0.420813
-29.5174 84.0365 7.11419 0.218093 -0.895072 -0.387779
-29.1759 84.5116 6.25033 0.205423 -0.876904 -0.433707
-28.7551 85.0806 5.36899 0.245859 -0.877082 -0.408138
-28.3787 85.4303 4.62971 0.303375 -0.916832 -0.259582
-28.7014 85.5545 3.76677 0.214098 -0.943914 -0.23435
-29.7251 85.4335 3.52296 0.205072 -0.926222 -0.31632
-30.7321 85.2363 3.37623 0.253063 -0.906678 -0.337483
-31.8279 84.9833 3.18225 0.286086 -0.898159 -0.333865
-32.8376 84.7647 2.88672 0.296192 -0.901438 -0.31572
-33.8677 84.5184 2.57944 0.319574 -0.895568 -0.309566
-34.9733 84.249 2.19703 0.317275 -0.910112 -0.266519
-35.7955 84.0813 1.7439 0.352339 -0.901996 -0.249521
-36.5313 83.9283 1.23851 0.380189 -0.889368 -0.253808
-37.2886 83.7722 0.620762 0.354134 -0.901358 -0.247006
-38.1508 83.5667 -0.245811 0.374218 -0.916988 -0.13818
-39.142 83.2616 -1.213 0.361501 -0.928957 -0.0763938
-40.1958 82.8779 -1.74935 0.361153 -0.930482 -0.0614194
-41.1572 82.5154 -1.88774 0.373475 -0.927438 -0.0193459
-42.2507 82.0909 -1.84404 0.349779 -0.936731 -0.0137737
-43.1316 81.7672 -1.69649 0.359657 -0.930244 -0.0537485
-44.221 81.2643 -1.30703 0.391149 -0.916044 -0.0886873
-45.3563 80.6926 -0.941541 0.420678 -0.896269 -0.140469
-46.6583 80.0008 -0.547577 0.445119 -0.885942 -0.130063
-47.8337 79.326 -0.0250367 0.462656 -0.877803 -0.124139
-48.6285 78.838 0.440653 0.480979 -0.86563 -0.138918
-49.6536 78.1907 0.982022 0.483418 -0.865236 -0.132787
-50.3808 77.7339 1.32178 0.485185 -0.865846 -0.122027
-51.3612 77.1213 1.81064 0.474977 -0.871056 -0.125135
-52.3144 76.4958 2.43977 0.494791 -0.86076 -0.119479
-53.5808 75.6396 3.36338 0.501895 -0.858127 -0.10821
-54.3849 75.0849 4.03354 0.503406 -0.857402 -0.106972
-55.3412 74.3477 5.28644 0.498886 -0.857138 -0.128035
-55.9471 73.8457 6.25748 0.503873 -0.854353 -0.127252
-56.5116 73.3864 7.01001 0.512482 -0.848712 -0.130526
-57.057 72.9576 7.66298 0.516358 -0.846481 -0.129787
-57.6878 72.4091 8.6429 0.510236 -0.846631 -0.150956
-58.1258 71.9522 9.73341 0.501436 -0.848878 -0.166845
-58.4452 71.5902 10.5728 0.497139 -0.849141 -0.17836
-58.7708 71.2224 11.416 0.500543 -0.848608 -0.171045
-59.0927 70.8415 12.3111 0.485246 -0.853471 -0.190007
-59.3188 70.5275 13.1501 0.491622 -0.848651 -0.194883
-59.6102 70.0619 14.374 0.496052 -0.843545 -0.205788
-59.8171 69.7081 15.3281 0.462386 -0.859702 -0.21668
-59.9079 69.3571 16.4956 0.480742 -0.849162 -0.218639
-59.9583 69.0463 17.5913 0.476359 -0.84813 -0.231318
-59.9579 68.6526 18.9346 0.476621 -0.841262 -0.255075
-59.7344 68.3976 20.1607 0.477968 -0.8387 -0.261012
-59.4545 68.2463 21.1538 0.474429 -0.838772 -0.267109
-59.2183 68.0806 22.1374 0.450093 -0.858103 -0.247133
-58.9679 67.8688 23.238 0.458123 -0.845328 -0.274806
-58.8021 67.6443 24.2048 0.465691 -0.837408 -0.286147
-58.624 67.318 25.4036 0.433904 -0.850043 -0.297926
-58.4858 66.95 26.6359 0.413827 -0.852774 -0.318628
-58.4691 66.5162 27.8539 0.395529 -0.8681 -0.299932
-58.5216 66.065 29.0016 0.398816 -0.85356 -0.335232
-58.511 65.6834 30.0057 0.384213 -0.863805 -0.325886
-58.3699 65.3298 31.1016 0.37976 -0.862464 -0.3345
-58.2642 64.8519 32.4556 0.358205 -0.869318 -0.340263
-58.0506 64.5483 33.4141 0.37331 -0.860227 -0.346711
-57.6044 64.3353 34.476 0.371358 -0.876323 -0.30684
-56.9513 64.3146 35.3269 0.372231 -0.876332 -0.305756
-56.2734 64.3693 35.9956 0.369702 -0.879319 -0.300118
-55.5579 64.4418 36.624 0.364168 -0.873048 -0.324298
-54.5618 64.6268 37.2331 0.350541 -0.881579 -0.316132
-53.629 64.8848 37.5414 0.331966 -0.889542 -0.313408
-52.7027 65.1138 37.8276 0.315751 -0.897238 -0.30865
-51.4354 65.3882 38.265 0.28242 -0.896669 -0.340635
-50.3456 65.5544 38.7383 0.276529 -0.90114 -0.333883
-49.4455 65.6099 39.2783 0.233578 -0.904797 -0.356033
-48.6782 65.6199 39.7643 0.235296 -0.906369 -0.350898
-47.7571 65.6138 40.4011 0.244251 -0.903196 -0.352842
-46.7708 65.6809 40.8358 0.208486 -0.903026 -0.375413
-45.521 65.9032 40.994 0.210783 -0.910487 -0.355787
-44.1469 66.2179 40.9306 0.195547 -0.910276 -0.364783
-43.4028 66.5437 40.4812 0.163822 -0.910082 -0.380674
-42.7174 66.917 39.8417 0.143978 -0.918135 -0.369187
-41.8686 67.4577 38.8365 0.139186 -0.915058 -0.378545
-41.3818 67.8873 38.0093 0.132252 -0.893239 -0.42968
-40.8647 68.4222 37.0573 0.130111 -0.888964 -0.439019
-40.2034 68.9904 36.0244 0.100396 -0.898627 -0.427072
-39.524 69.5851 34.9462 0.0602643 -0.891293 -0.449076
-38.8308 70.0963 34.0479 0.0486172 -0.88625 -0.46062
-38.1251 70.5176 33.3237 0.0500491 -0.882755 -0.467161
-37.3129 70.8975 32.6493 0.00483933 -0.872182 -0.489157
-36.4518 71.2205 32.0646 -0.00791028 -0.877727 -0.479095
-35.591 71.5545 31.4326 -0.0376663 -0.856227 -0.515225
-34.853 71.8942 30.7475 -0.0848637 -0.88355 -0.460539
-34.0808 72.2446 29.967 -0.0856797 -0.867237 -0.489781
-33.1248 72.6551 29.0031 -0.127874 -0.85021 -0.509567
-32.5565 72.9756 28.3778 -0.12519 -0.834087 -0.53723
-31.7902 73.4053 27.5359 -0.126984 -0.83017 -0.542856
-31.2692 73.7804 26.87 -0.107394 -0.825162 -0.554593
-30.7082 74.3521 25.919 -0.112875 -0.822408 -0.557587
-30.2884 74.8412 25.1187 -0.164045 -0.823087 -0.543698
-29.95 75.4367 24.0868 -0.109435 -0.844082 -0.524734
-29.7564 75.9917 23.1551 -0.170275 -0.834153 -0.524571
-29.6926 76.5935 22.0706 -0.120641 -0.870876 -0.476468
-29.7028 77.1026 21.1479 -0.112168 -0.874564 -0.471633
-29.7377 77.5542 20.3142 -0.0961915 -0.874577 -0.47525
-28.8269 77.5675 20.0796 -0.114831 -0.877251 -0.466026
-28.778 77.0661 20.9929 -0.11375 -0.873253 -0.473804
-28.7671 76.5963 21.8432 -0.109924 -0.8696 -0.481365
-28.7777 76.0454 22.7568 -0.150351 -0.828873 -0.538417
-28.8806 75.4632 23.7135 -0.175227 -0.83234 -0.525838
-29.1518 74.8811 24.7092 -0.171359 -0.825553 -0.537678
-29.5536 74.382 25.5896 -0.163361 -0.821524 -0.546271
-29.9842 73.9084 26.4022 -0.14671 -0.805999 -0.573447
-30.5191 73.3557 27.3313 -0.152619 -0.811882 -0.563521
-31.1595 72.9573 28.0735 -0.11719 -0.827664 -0.548727
-32.1168 72.4332 29.1259 -0.110674 -0.861394 -0.495274
-32.9729 72.0327 30.0851 -0.128131 -0.867444 -0.48074
-33.6672 71.7269 30.794 -0.107462 -0.8683 -0.484259
-34.3917 71.436 31.5139 -0.123463 -0.878676 -0.460971
-35.0379 71.1548 32.1083 -0.0320251 -0.878359 -0.476927
-35.7548 70.8784 32.6545 -0.0247817 -0.874966 -0.48355
-36.621 70.5803 33.2332 2.75384e-05 -0.876023 -0.482229
-37.455 70.224 33.8788 -0.000442119 -0.879243 -0.476374
-38.1552 69.8477 34.5837 0.0141382 -0.882487 -0.470125
-38.9663 69.253 35.7073 0.0541013 -0.898061 -0.436532
-39.6671 68.6567 36.843 0.0549595 -0.896875 -0.438856
-40.19 68.18 37.7316 0.0922627 -0.90182 -0.422147
-40.648 67.7368 38.5968 0.124693 -0.917662 -0.37722
-41.2532 67.2326 39.6064 0.139131 -0.914994 -0.378719
-42.0635 66.7415 40.5097 0.135688 -0.921752 -0.363071
-42.6659 66.4244 41.1049 0.155606 -0.919929 -0.359393
-43.4182 66.0611 41.658 0.170013 -0.914291 -0.367644
-44.5011 65.7436 41.9233 0.179243 -0.914568 -0.362391
-45.5411 65.5581 41.8712 0.201612 -0.913045 -0.354385
-46.9903 65.2935 41.693 0.209156 -0.912212 -0.352311
-48.0171 65.2162 41.2489 0.22713 -0.905547 -0.358325
-48.7965 65.2201 40.7295 0.24204 -0.906619 -0.345529
-49.8547 65.2207 39.9917 0.241103 -0.901662 -0.358992
-50.7176 65.1661 39.4755 0.273042 -0.896506 -0.348892
-51.7792 65.0048 39.0181 0.278328 -0.903927 -0.324607
-52.7189 64.8103 38.7008 0.319289 -0.899776 -0.297418
-53.789 64.5126 38.3979 0.346421 -0.882287 -0.318689
-55.1579 64.1219 37.947 0.367809 -0.873126 -0.31995
-55.9916 63.9843 37.3685 0.357699 -0.875199 -0.325622
-56.8676 63.9224 36.5935 0.359205 -0.879828 -0.310712
-57.99 63.8825 35.3854 0.334841 -0.898408 -0.283862
-58.6723 63.9788 34.2559 0.340521 -0.886018 -0.314081
-58.9704 64.1795 33.4206 0.330278 -0.884203 -0.330306
-59.1913 64.669 31.9173 0.357174 -0.873995 -0.329436
-59.2641 65.0114 30.9324 0.351342 -0.88045 -0.318225
-59.4017 65.4857 29.4652 0.388279 -0.861527 -0.327106
-59.3679 65.8527 28.5492 0.387777 -0.860365 -0.330757
-59.3175 66.2129 27.6228 0.390521 -0.868744 -0.304594
-59.3163 66.5662 26.6144 0.3903 -0.86933 -0.303201
-59.4013 66.8888 25.5396 0.425118 -0.859761 -0.282993
-59.5688 67.1752 24.4129 0.424472 -0.860875 -0.280566
-59.7624 67.4208 23.3196 0.439454 -0.856937 -0.269332
-59.9991 67.6313 22.2753 0.45216 -0.852308 -0.262396
-60.2495 67.7835 21.2957 0.448484 -0.858557 -0.24848
-60.5886 67.9391 20.188 0.44286 -0.857993 -0.260237
-60.8028 68.2527 18.7105 0.458698 -0.855856 -0.238962
-60.803 68.5824 17.5383 0.468666 -0.849113 -0.243344
-60.7635 68.8485 16.6433 0.45281 -0.860166 -0.234688
-60.6909 69.1524 15.6358 0.449208 -0.864786 -0.224403
-60.5616 69.4654 14.6843 0.462832 -0.863629 -0.199716
-60.3261 69.8188 13.6924 0.470305 -0.858966 -0.202463
-60.0147 70.3018 12.3663 0.486934 -0.851685 -0.193722
-59.7082 70.6828 11.418 0.48773 -0.856112 -0.170857
-59.3316 71.1 10.4456 0.493998 -0.850809 -0.179137
-58.8902 71.5723 9.32967 0.491394 -0.856194 -0.159575
-58.5459 71.945 8.40301 0.501092 -0.851638 -0.153632
-58.1519 72.3224 7.61225 0.495519 -0.854861 -0.153722
-57.4483 72.8672 6.76108 0.497652 -0.856565 -0.13598
-56.8413 73.3552 5.98208 0.498815 -0.854582 -0.144476
-56.2804 73.8137 5.15342 0.503836 -0.854354 -0.127393
-55.6182 74.3512 4.16761 0.503862 -0.854328 -0.127463
-54.8329 74.9405 3.19821 0.486994 -0.866107 -0.112675
-53.845 75.6067 2.44509 0.500353 -0.85771 -0.118243
-52.9072 76.2503 1.74354 0.500191 -0.857825 -0.118092
-52.2122 76.7199 1.26381 0.499082 -0.857836 -0.122618
-51.5169 77.1726 0.862568 0.476131 -0.870221 -0.126534
-50.7457 77.6531 0.47411 0.480656 -0.86767 -0.126896
-49.892 78.1929 0.0834897 0.489063 -0.86221 -0.131948
-49.0591 78.7358 -0.393492 0.484191 -0.862997 -0.144203
-48.1004 79.3387 -0.956612 0.44452 -0.885102 -0.137797
-47.2716 79.8077 -1.30435 0.447611 -0.883987 -0.134948
-46.2634 80.368 -1.63034 0.447617 -0.884877 -0.128817
-45.0781 80.9714 -2.00004 0.417037 -0.901512 -0.115572
-44.016 81.458 -2.40593 0.388153 -0.917143 -0.0903954
-43.1942 81.7651 -2.67512 0.328132 -0.944441 -0.0189893
-42.0169 82.1783 -2.80212 0.319707 -0.947032 0.03029
-40.8159 82.6066 -2.81136 0.368848 -0.927134 0.0646854
-39.553 83.1151 -2.57077 0.399571 -0.897951 0.154298
-38.8143 83.4478 -2.17386 0.36569 -0.929568 -0.046628
-38.1288 83.7117 -1.46993 0.413124 -0.905829 -0.0938236
-37.5057 83.9276 -0.831585 0.397523 -0.909128 -0.121427
-36.5883 84.1949 0.108686 0.422869 -0.896572 -0.131682
-35.6914 84.3824 0.794791 0.354768 -0.903546 -0.240302
-34.6768 84.6019 1.37906 0.351618 -0.892941 -0.281106
-33.654 84.8729 1.74618 0.32627 -0.899103 -0.291826
-32.6708 85.1135 2.05671 0.300074 -0.898699 -0.319836
-31.6089 85.356 2.35108 0.282909 -0.908854 -0.305964
-30.7355 85.5379 2.49782 0.224994 -0.924623 -0.307328
-29.8425 85.7164 2.60635 0.162468 -0.944027 -0.284015
-28.5066 85.8459 2.77072 0.2141 -0.943913 -0.234349
-27.6256 85.9839 3.19999 0.225509 -0.956133 -0.186965
-27.1865 85.9422 4.07953 0.268912 -0.954793 -0.126711
-27.51 85.6449 5.00774 0.348028 -0.91552 -0.20174
-28.0808 85.0078 6.0787 0.441822 -0.802754 -0.400475
-28.5338 84.3002 7.09897 0.218724 -0.903934 -0.36751
-28.836 83.809 8.02739 0.227518 -0.840189 -0.490543
-29.0071 83.2725 8.89223 0.183423 -0.885041 -0.425225
-29.1187 82.853 9.76977 0.145855 -0.882387 -0.447347
-29.117 82.2991 10.863 0.0715249 -0.869604 -0.481476
-29.0531 81.5949 12.2003 0.0354997 -0.866705 -0.496079
-29.0785 80.9989 13.3369 0.0220859 -0.89814 -0.438226
-29.0641 80.4619 14.3845 -0.0478977 -0.883891 -0.465233
-29.0302 80.0779 15.1999 -0.0535813 -0.906023 -0.419822
-28.9901 79.6312 16.1073 -0.0910566 -0.879578 -0.466445
-28.9637 79.1895 16.9698 -0.104725 -0.886463 -0.450795
-28.9268 78.7555 17.8142 -0.100397 -0.884106 -0.456374
-28.9248 78.3272 18.6437 -0.100888 -0.885119 -0.454293
-28.8479 77.7214 19.7896 -0.116635 -0.880762 -0.458972
-27.9174 77.6306 19.7441 -0.111332 -0.87577 -0.469579
-27.8368 76.9683 20.9423 -0.121525 -0.873628 -0.471174
-27.8319 76.3727 21.9881 -0.138774 -0.850288 -0.507693
-27.8325 75.8467 22.8298 -0.146031 -0.812523 -0.563784
-27.9596 75.1645 23.8734 -0.183276 -0.831748 -0.524027
-28.1973 74.6794 24.705 -0.183237 -0.81856 -0.544412
-28.5231 74.2515 25.4677 -0.182066 -0.826445 -0.532767
-28.9336 73.7895 26.2851 -0.158303 -0.809482 -0.565402
-29.5102 73.1443 27.3649 -0.150669 -0.811624 -0.564415
-30.1495 72.6706 28.2632 -0.142196 -0.846168 -0.513596
-30.9164 72.3209 29.0584 -0.145862 -0.847701 -0.510026
-31.6254 71.9758 29.8294 -0.122684 -0.869006 -0.479351
-32.5683 71.5271 30.8851 -0.126418 -0.86619 -0.483459
-33.2128 71.2767 31.5019 -0.123453 -0.878676 -0.460974
-33.9311 71.0018 32.2427 -0.0963318 -0.877586 -0.468345
-34.7495 70.6187 33.0286 -0.0724161 -0.864764 -0.496924
-35.6255 70.3612 33.609 -0.0493584 -0.872819 -0.484716
-36.6221 70.0003 34.2858 -0.0140293 -0.879544 -0.475495
-37.513 69.5656 35.1326 0.00659434 -0.884212 -0.466965
-38.093 69.157 35.9589 0.0015094 -0.902309 -0.431087
-38.7749 68.6064 37.0874 0.0879753 -0.91352 -0.397166
-39.3258 68.127 38.0386 0.0893812 -0.904656 -0.416664
-39.9009 67.5906 39.1614 0.0884278 -0.92413 -0.371705
-40.4378 67.146 40.0753 0.128249 -0.920385 -0.368943
-41.1027 66.7528 40.854 0.135219 -0.92562 -0.353472
-41.7884 66.3842 41.5536 0.13671 -0.925612 -0.352917
-42.5184 65.9911 42.2401 0.168666 -0.910287 -0.378057
-43.2891 65.6768 42.6548 0.160752 -0.91351 -0.373601
-44.1949 65.4497 42.841 0.165331 -0.917744 -0.360863
-45.2093 65.2539 42.8186 0.192962 -0.912562 -0.36055
-46.1456 65.109 42.6844 0.201614 -0.913041 -0.354394
-47.2443 64.9209 42.4924 0.221315 -0.907827 -0.356189
-48.3283 64.8199 42.0581 0.23672 -0.90262 -0.359502
-49.0892 64.8144 41.5644 0.249815 -0.901341 -0.353802
-49.8951 64.8234 40.9724 0.249868 -0.902751 -0.350131
-50.7517 64.7956 40.4007 0.260577 -0.903832 -0.338938
-51.6871 64.7095 39.9339 0.259946 -0.909716 -0.323533
-52.6302 64.541 39.6109 0.295021 -0.903598 -0.309397
-53.4832 64.3014 39.355 0.345176 -0.887576 -0.305062
-54.376 64.0366 39.149 0.292416 -0.912044 -0.287522
-55.6026 63.7308 38.7344 0.339414 -0.909434 -0.240236
-56.3373 63.5979 38.2168 0.308429 -0.916398 -0.255122
-57.092 63.5308 37.5456 0.3088 -0.916242 -0.255232
-57.8945 63.4789 36.7595 0.309254 -0.91338 -0.264581
-58.5127 63.4687 36.0959 0.309075 -0.910718 -0.273981
-59.1034 63.5187 35.2501 0.313154 -0.911777 -0.265701
-59.7038 63.7015 34.0373 0.284415 -0.912276 -0.29472
-59.9569 63.9228 33.1843 0.314162 -0.895413 -0.315107
-60.0568 64.1967 32.2687 0.325058 -0.895879 -0.302883
-60.163 64.5704 31.1408 0.354063 -0.876236 -0.326879
-60.2024 64.8792 30.2535 0.355854 -0.883454 -0.304628
-60.2465 65.1682 29.3493 0.362916 -0.880382 -0.305263
-60.2252 65.6339 28.1159 0.388147 -0.865043 -0.317548
-60.1735 65.9663 27.2312 0.39244 -0.869051 -0.301202
-60.1597 66.2735 26.2938 0.420313 -0.864032 -0.277103
-60.2305 66.5768 25.2501 0.421564 -0.861925 -0.281726
-60.3789 66.8259 24.2428 0.418467 -0.868584 -0.265418
-60.6518 67.0795 22.9876 0.41817 -0.866931 -0.271194
-60.9259 67.2829 21.8357 0.434743 -0.869517 -0.234389
-61.3089 67.43 20.6492 0.434671 -0.862096 -0.260483
-61.5453 67.5857 19.7046 0.445676 -0.864371 -0.232885
-61.6204 67.8116 18.7227 0.452124 -0.860375 -0.23511
-61.6759 68.0512 17.7925 0.444562 -0.859279 -0.252993
-61.6158 68.4561 16.4543 0.441292 -0.867877 -0.228145
-61.5102 68.8232 15.2447 0.461675 -0.861887 -0.20978
-61.2893 69.2215 14.0342 0.458013 -0.867879 -0.192382
-61.0047 69.6275 12.9135 0.473838 -0.858819 -0.194699
-60.8034 69.956 11.9639 0.477058 -0.857211 -0.19387
-60.4067 70.4144 10.8097 0.466398 -0.868771 -0.166464
-60.0035 70.8391 9.79949 0.496264 -0.852059 -0.166485
-59.6241 71.2429 8.83743 0.487466 -0.856465 -0.169501
-59.3347 71.5748 8.03267 0.478909 -0.861033 -0.170744
-58.8619 72.0132 7.07501 0.479972 -0.86384 -0.152589
-58.3439 72.4097 6.398 0.491564 -0.861573 -0.126714
-57.7929 72.8464 5.68812 0.503737 -0.851558 -0.145252
-57.2378 73.2835 5.00246 0.491006 -0.860755 -0.134025
-56.4947 73.8813 3.84171 0.4945 -0.860084 -0.124773
-56.0033 74.274 3.1477 0.503902 -0.855241 -0.120923
-55.4675 74.6755 2.50671 0.494257 -0.861579 -0.115316
-54.7615 75.1387 1.99511 0.485997 -0.866495 -0.113991
-54.0124 75.6485 1.43365 0.497835 -0.859017 -0.119334
-53.2326 76.1818 0.858622 0.500462 -0.857855 -0.116716
-52.2401 76.8513 0.244593 0.495486 -0.860158 -0.120796
-51.5382 77.3056 -0.155157 0.480557 -0.868592 -0.120883
-50.5562 77.9139 -0.628153 0.486787 -0.86548 -0.117956
-49.6118 78.5272 -1.11626 0.502536 -0.855839 -0.122461
-48.519 79.2434 -1.78877 0.469827 -0.875434 -0.111585
-47.6465 79.7365 -2.14269 0.453067 -0.883557 -0.118563
-46.6339 80.2965 -2.46625 0.438281 -0.891286 -0.115542
-45.6853 80.7847 -2.7514 0.42857 -0.895894 -0.116749
-44.76 81.2294 -3.09094 0.38721 -0.913877 -0.122056
-43.6361 81.6795 -3.5121 0.30698 -0.94965 -0.0609104
-42.5406 82.0349 -3.70213 0.303033 -0.951784 -0.0476766
-41.4522 82.323 -3.74171 0.198078 -0.957877 0.207932
-40.338 82.6312 -3.76012 0.314182 -0.930372 0.188939
-39.1122 83.2163 -3.53965 0.491243 -0.860714 0.133611
-38.4359 83.6419 -3.07504 0.402064 -0.913889 -0.0390667
-37.8237 83.9192 -2.46398 0.438437 -0.898209 -0.0315181
-37.1105 84.1929 -1.65297 0.408134 -0.907767 -0.0968833
-36.3409 84.4476 -0.848144 0.406931 -0.906498 -0.112559
-35.4024 84.7207 -0.00950741 0.37672 -0.890339 -0.255691
-34.421 84.9497 0.575728 0.35292 -0.896995 -0.266173
-33.4767 85.2109 0.930722 0.340077 -0.881646 -0.327181
-32.4865 85.4591 1.24355 0.286266 -0.905114 -0.313731
-31.4791 85.6639 1.50846 0.271144 -0.91155 -0.308681
-30.5055 85.8713 1.62867 0.203551 -0.936257 -0.286339
-29.4026 86.0265 1.74828 0.101953 -0.960211 -0.258056
-28.4954 86.084 1.82977 0.0538941 -0.970553 -0.233016
-27.0647 86.1401 2.27896 0.00462067 -0.989272 -0.0454837
-26.4387 86.0337 2.9301 -0.133592 -0.990474 -0.0333709
-26.1116 85.9963 3.81558 -0.0664901 -0.993066 -0.0969452
-26.3804 85.8872 4.81766 0.0639399 -0.980681 -0.184319
-26.9562 85.618 5.94948 0.0704958 -0.977982 -0.196418
-27.3101 85.0546 6.59245 0.360612 -0.744766 -0.5615
-27.6748 84.4181 7.32029 0.192002 -0.891388 -0.407541
-27.9673 83.9562 8.11913 0.180558 -0.856406 -0.481732
-28.125 83.4769 8.92498 0.217231 -0.865244 -0.451844
-28.2336 82.9905 9.70912 0.0321777 -0.841005 -0.538227
-28.2301 82.5018 10.5212 0.0181053 -0.875474 -0.480859
-28.1421 82.0334 11.4678 0.0450409 -0.888864 -0.455779
-28.1043 81.5502 12.3083 0.0199471 -0.8498 -0.526728
-28.1633 80.884 13.4945 -0.0387371 -0.870254 -0.491078
-28.1375 80.3592 14.4841 -0.0468181 -0.883633 -0.465831
-28.1004 79.9361 15.3662 -0.0658738 -0.901395 -0.427957
-28.0413 79.3968 16.3794 -0.0773883 -0.872694 -0.482096
-28.0383 78.8457 17.4325 -0.104328 -0.887417 -0.449007
-28.0101 78.2654 18.554 -0.105033 -0.881134 -0.461054
-27.9695 77.9759 19.098 -0.104609 -0.880872 -0.46165
-27.0348 77.8668 19.0822 -0.114617 -0.8819 -0.457292
-26.9413 77.2392 20.214 -0.12217 -0.870932 -0.475975
-26.8704 76.7174 21.091 -0.162813 -0.851119 -0.499088
-26.8972 76.2238 21.9465 -0.188187 -0.83765 -0.511662
-26.9068 75.5142 23.0072 -0.213146 -0.800424 -0.56026
-27.083 74.8068 24.1194 -0.17785 -0.826532 -0.534054
-27.4042 74.2936 25.0211 -0.181103 -0.830642 -0.52646
-27.7963 73.762 25.9928 -0.165595 -0.834726 -0.525177
-28.3839 73.1699 27.0649 -0.121868 -0.828373 -0.546759
-28.7773 72.7416 27.8307 -0.112159 -0.836872 -0.535785
-29.3595 72.3023 28.6703 -0.126477 -0.848535 -0.513801
-30.0379 71.9971 29.3536 -0.140298 -0.853752 -0.501422
-30.7732 71.6939 30.0862 -0.142264 -0.858942 -0.491913
-31.6438 71.2778 31.1476 -0.126757 -0.884308 -0.448561
-32.6481 70.8961 32.1501 -0.111265 -0.896693 -0.428442
-33.6313 70.3894 33.2812 -0.0547791 -0.867124 -0.495071
-34.3594 70.1513 33.7858 -0.0746792 -0.869729 -0.487758
-35.3019 69.8703 34.4455 -0.0751081 -0.874235 -0.479658
-36.0778 69.6011 35.0082 -0.0140387 -0.87954 -0.475502
-37.1943 69.076 36.1562 -0.00614085 -0.908208 -0.417963
-37.7145 68.6544 37.0619 0.00546472 -0.917953 -0.396652
-38.2331 68.2893 37.9175 0.049614 -0.91443 -0.399483
-38.7903 67.7765 39.0002 0.101214 -0.931594 -0.348677
-39.1783 67.4413 39.748 0.11727 -0.927509 -0.354929
-39.6314 67.0935 40.5409 0.131446 -0.930413 -0.341855
-40.1331 66.7591 41.229 0.144445 -0.927333 -0.345238
-40.7339 66.4446 41.8543 0.173892 -0.925911 -0.335337
-41.4119 66.0432 42.6112 0.172817 -0.923548 -0.342256
-42.3057 65.6177 43.2351 0.169439 -0.910001 -0.378404
-43.2743 65.295 43.5834 0.150812 -0.909433 -0.387541
-44.7495 64.9704 43.7647 0.173878 -0.908252 -0.379908
-45.679 64.8244 43.6355 0.194197 -0.908562 -0.369867
-46.9687 64.6167 43.4379 0.220319 -0.907411 -0.357857
-48.4786 64.4361 42.9201 0.238612 -0.902669 -0.358104
-49.4997 64.3999 42.342 0.235546 -0.90542 -0.353057
-50.3938 64.4537 41.5894 0.235386 -0.908765 -0.344587
-51.2245 64.431 41.054 0.246851 -0.909353 -0.334818
-52.4254 64.2876 40.5078 0.276204 -0.906504 -0.319276
-53.7899 63.924 40.1935 0.346475 -0.901979 -0.25766
-54.8805 63.6369 39.9834 0.286289 -0.925384 -0.2484
-55.72 63.4364 39.6975 0.323239 -0.912913 -0.248599
-56.5237 63.2681 39.2063 0.319227 -0.918295 -0.233497
-57.4697 63.1707 38.3991 0.29758 -0.923427 -0.242342
-58.1954 63.1232 37.6592 0.318098 -0.913579 -0.253108
-58.9627 63.0707 36.9137 0.314781 -0.91092 -0.266674
-59.8167 63.138 35.7047 0.311712 -0.910611 -0.271335
-60.3427 63.2574 34.7236 0.326855 -0.894255 -0.305733
-60.8589 63.5825 33.2212 0.326233 -0.894701 -0.305092
-61.0484 63.888 32.1202 0.321823 -0.896397 -0.304798
-61.0897 64.1928 31.1628 0.336479 -0.888032 -0.312546
-61.0722 64.5292 30.2474 0.355789 -0.887252 -0.293525
-61.0842 65.0182 28.792 0.360468 -0.881116 -0.306004
-61.0702 65.3998 27.691 0.383263 -0.876619 -0.290457
-61.014 65.8444 26.42 0.398439 -0.877389 -0.267274
-60.9699 66.1789 25.3982 0.393657 -0.877999 -0.272308
-61.1706 66.4473 24.2447 0.399535 -0.876247 -0.269286
-61.4479 66.662 23.1186 0.405521 -0.87423 -0.266973
-61.7522 66.8342 22.0153 0.418415 -0.876025 -0.239809
-62.1706 66.9646 20.8067 0.419792 -0.874377 -0.24339
-62.3883 67.1417 19.7999 0.416114 -0.876072 -0.243613
-62.4893 67.487 18.3829 0.416857 -0.875971 -0.242703
-62.5354 67.7617 17.3265 0.420744 -0.87416 -0.242471
-62.4825 68.0522 16.3287 0.435849 -0.869755 -0.231432
-62.3671 68.4197 15.089 0.437384 -0.875328 -0.206148
-62.1825 68.7591 14.0638 0.427008 -0.878232 -0.215263
-61.9457 69.0826 13.2308 0.431797 -0.875428 -0.217203
-61.7505 69.3888 12.2914 0.429534 -0.881191 -0.197493
-61.553 69.6726 11.4169 0.456323 -0.867506 -0.197999
-61.2631 70.014 10.5724 0.450851 -0.873007 -0.185987
-60.8756 70.4342 9.47087 0.450813 -0.876312 -0.169836
-60.5084 70.8072 8.61471 0.462696 -0.866552 -0.187084
-59.9964 71.3243 7.43619 0.467931 -0.869627 -0.157253
-59.5429 71.7143 6.57902 0.463631 -0.87316 -0.150445
-58.9646 72.1538 5.83046 0.470706 -0.869809 -0.147878
-58.4866 72.5404 5.12813 0.485817 -0.85978 -0.156766
-57.9681 72.9656 4.41811 0.468511 -0.874343 -0.12658
-57.471 73.3862 3.49346 0.483682 -0.86638 -0.124247
-56.8468 73.8423 2.75723 0.478363 -0.869126 -0.125414
-56.3221 74.2422 2.08206 0.494345 -0.859248 -0.13159
-55.6801 74.6859 1.55472 0.486431 -0.865338 -0.120405
-54.9152 75.2084 0.896626 0.494759 -0.859314 -0.129588
-54.2179 75.6798 0.389004 0.487545 -0.864589 -0.121595
-53.4598 76.1784 -0.0569004 0.505867 -0.854068 -0.121101
-52.5113 76.8129 -0.600939 0.49637 -0.859888 -0.118902
-51.5933 77.4127 -1.16103 0.488003 -0.864632 -0.119377
-50.7695 77.931 -1.60218 0.479075 -0.86939 -0.121028
-49.9574 78.4529 -2.00284 0.500357 -0.856094 -0.129405
-49.1543 78.9711 -2.50523 0.490378 -0.86573 -0.100205
-48.144 79.5967 -2.94173 0.471643 -0.873245 -0.118986
-47.2787 80.0802 -3.22129 0.449709 -0.882872 -0.135273
-46.4938 80.4977 -3.46512 0.428176 -0.894994 -0.125103
-45.7245 80.8963 -3.75871 0.399074 -0.910107 -0.111561
-44.8698 81.3127 -4.02358 0.332462 -0.93179 -0.145725
-43.7607 81.678 -4.42747 0.276909 -0.959267 -0.0478147
-42.0603 82.0542 -4.62221 0.137451 -0.985801 0.0940803
-41.1135 82.1908 -4.73592 0.192193 -0.976791 0.0834745
-40.0038 82.5651 -4.78524 0.33467 -0.930024 0.151824
-38.799 82.9627 -4.50017 0.319574 -0.901857 0.262991
-38.0197 83.7898 -3.95283 0.652314 -0.72176 0.231407
-37.4521 84.1326 -3.34714 0.439112 -0.89784 -0.0326132
-36.5065 84.529 -2.19489 0.414103 -0.90695 -0.0722822
-35.7282 84.8018 -1.48545 0.413295 -0.903751 -0.111231
-34.6955 85.164 -0.511373 0.398188 -0.895672 -0.182802
-33.7236 85.4188 -0.00789315 0.382909 -0.881271 -0.276628
-32.6584 85.7405 0.233262 0.302792 -0.903422 -0.303556
-31.5729 85.962 0.589157 0.260413 -0.911811 -0.317468
-30.612 86.1453 0.731131 0.195729 -0.928722 -0.314905
-29.5416 86.2442 0.828903 0.074502 -0.963938 -0.255485
-28.5565 86.3078 0.883374 0.0538941 -0.970553 -0.233016
-27.274 86.2142 1.07449 -0.0747334 -0.995407 -0.0598275
-26.3353 86.0737 1.54818 -0.125286 -0.991183 -0.0431133
-25.6698 85.9578 2.33909 -0.111384 -0.99286 -0.0417938
-25.0884 85.8822 3.39028 -0.127768 -0.991505 0.0243701
-25.2256 85.8736 4.43651 -0.0922365 -0.991048 -0.0941781
-25.6453 85.796 5.53731 -0.00363514 -0.985449 -0.142922
-25.9846 85.5975 6.35559 0.074596 -0.968015 -0.239545
-26.5093 85.292 7.09065 0.434647 -0.689713 -0.577583
-26.8658 84.6005 7.71848 0.434169 -0.820497 -0.371863
-27.2007 83.7892 8.59279 0.169289 -0.778348 -0.590056
-27.3016 83.2027 9.5086 0.0671699 -0.825185 -0.560854
-27.2947 82.4802 10.6068 0.0337124 -0.873056 -0.483059
-27.2221 82.0276 11.5143 -0.0235538 -0.873039 -0.484666
-27.1445 81.4292 12.4723 -0.0352647 -0.846314 -0.531515
-27.2034 80.9439 13.3202 -0.0247433 -0.87092 -0.490771
-27.1654 80.3703 14.3583 -0.0510248 -0.88155 -0.469325
-27.1636 79.9639 15.1849 -0.0726247 -0.888508 -0.452077
-27.1423 79.2574 16.4765 -0.0878989 -0.871702 -0.482089
-27.1505 78.8068 17.2961 -0.0977047 -0.879496 -0.465337
-27.0911 78.195 18.4644 -0.110762 -0.87958 -0.462677
-27.0877 78.1607 18.5289 -0.112687 -0.880738 -0.45999
-27.0976 78.0888 18.6699 -0.114613 -0.881897 -0.457298
