-45.9819 77.9297 18.2377 0.323956 -0.911122 -0.252972
-45.5477 78.2966 17.3516 0.288079 -0.928041 -0.235459
-45.326 78.0777 18.4627 0.267247 -0.931414 -0.246879
-45.3651 77.7456 19.426 0.305418 -0.895821 -0.322838
-45.643 77.2931 20.3851 0.297127 -0.893635 -0.336256
-46.4717 76.9677 20.539 0.304747 -0.895853 -0.322832
-46.4246 77.2952 19.6453 0.319542 -0.895034 -0.311137
-46.1927 77.6767 18.8058 0.332456 -0.89532 -0.295377
-47.0835 77.4641 18.366 0.372349 -0.890466 -0.261584
-47.2615 77.1216 19.2308 0.435454 -0.852602 -0.288769
-47.3327 76.7836 20.1114 0.351951 -0.879119 -0.321373
-47.1646 76.4276 21.202 0.340819 -0.86782 -0.361566
-46.8166 76.1305 22.2203 0.37739 -0.837625 -0.394232
-45.642 76.6933 21.876 0.299575 -0.873729 -0.383213
-44.9333 77.2495 21.1231 0.266908 -0.884368 -0.382953
-44.5943 77.773 20.0545 0.301173 -0.893321 -0.333576
-44.4971 78.2371 18.7359 0.263184 -0.930204 -0.255842
-44.4912 78.6153 17.3406 0.280397 -0.927325 -0.247883
-44.6307 78.8445 16.2737 0.296136 -0.932507 -0.206624
-44.9692 78.9454 15.3185 0.292045 -0.93477 -0.202274
-45.6275 78.5955 15.9532 0.291162 -0.933128 -0.210726
-46.1915 78.279 16.5941 0.302794 -0.92295 -0.237654
-46.7029 77.9031 17.4026 0.312784 -0.919443 -0.238072
-46.9877 77.5915 18.0686 0.372346 -0.890466 -0.261589
-47.8872 77.2694 17.8042 0.420946 -0.868272 -0.262374
-47.583 77.6484 17.045 0.402693 -0.874919 -0.266747
-47.1196 78.0617 16.2292 0.322787 -0.915928 -0.238503
-46.5846 78.3803 15.5456 0.327596 -0.934787 -0.137314
-45.9288 78.7207 14.8747 0.342553 -0.921816 -0.180727
-45.1052 79.1221 14.2465 0.264868 -0.953528 -0.14363
-44.3029 79.4404 13.7888 0.29623 -0.94034 -0.167356
-43.6918 79.5169 14.4756 0.308614 -0.936719 -0.16527
-43.6666 79.3093 15.4039 0.265292 -0.938099 -0.222036
-43.6499 79.1106 16.3134 0.249385 -0.941949 -0.224811
-43.5872 78.8822 17.3397 0.261446 -0.935583 -0.236654
-43.6045 78.623 18.2545 0.264897 -0.928198 -0.261301
-43.6381 78.1362 19.7582 0.225635 -0.92035 -0.319444
-43.7975 77.6148 20.9465 0.210818 -0.888975 -0.406545
-44.3039 77.0928 21.8898 0.202993 -0.904564 -0.374771
-45.2379 76.4399 22.7687 0.285063 -0.87626 -0.388207
-46.0385 75.9058 23.3438 0.293432 -0.86086 -0.415356
-46.9047 75.308 23.8015 0.358215 -0.828441 -0.430543
-47.4115 75.4898 22.9875 0.411227 -0.821358 -0.395244
-47.7102 75.7301 22.1636 0.397727 -0.83341 -0.38372
-48.0661 76.1031 20.9991 0.432798 -0.830715 -0.345058
-48.1945 76.4624 19.774 0.450579 -0.844955 -0.287728
-48.1208 76.8309 18.8132 0.432027 -0.851952 -0.295855
-47.9293 77.2025 17.955 0.416508 -0.868316 -0.269347
-48.703 76.9733 17.4284 0.451865 -0.855337 -0.25341
-48.9474 76.55 18.3723 0.457807 -0.842676 -0.283028
-49.0748 76.0497 19.6241 0.446104 -0.847808 -0.286727
-48.9879 75.7923 20.4873 0.462791 -0.826282 -0.319232
-48.7473 75.5069 21.4786 0.477797 -0.798824 -0.3655
-48.4246 75.2124 22.5099 0.411234 -0.821357 -0.39524
-48.0111 74.7249 23.9308 0.398496 -0.817508 -0.415286
-47.6833 74.2789 25.0919 0.382567 -0.821436 -0.422948
-46.8806 74.6682 25.0623 0.382951 -0.821463 -0.422548
-46.2063 75.1838 24.6004 0.347019 -0.83416 -0.428534
-45.4736 75.7152 24.1076 0.294582 -0.853065 -0.4307
-44.6716 76.2787 23.513 0.26494 -0.848951 -0.457261
-43.7711 76.859 22.7613 0.199908 -0.908868 -0.366053
-43.1139 77.3584 21.9057 0.206795 -0.900071 -0.383547
-42.8257 77.7822 21.0832 0.209717 -0.889041 -0.406969
-42.7369 78.2085 20.1854 0.206673 -0.909915 -0.357071
-42.7044 78.5199 19.3109 0.224254 -0.920688 -0.319443
-42.7026 78.8779 18.1748 0.205976 -0.943015 -0.260583
-42.6979 79.1303 17.2016 0.221117 -0.946301 -0.235842
-42.7557 79.394 16.0965 0.22777 -0.946552 -0.228049
-42.7189 79.6795 14.9791 0.196671 -0.949942 -0.242756
-42.7097 79.9093 13.8872 0.207859 -0.966639 -0.137297
-42.7707 80.0407 12.817 0.263942 -0.951451 -0.15832
-43.5636 79.9282 12.1776 0.279703 -0.948364 -0.148157
-44.509 79.5585 12.6603 0.29793 -0.944317 -0.139654
-45.3471 79.1999 13.2854 0.325656 -0.935549 -0.133656
-46.4468 78.6786 14.0977 0.364749 -0.922389 -0.126032
-47.3455 78.2011 14.9437 0.406472 -0.903654 -0.130021
-47.9016 77.8353 15.6936 0.455384 -0.879903 -0.131852
-48.4113 77.3611 16.6196 0.429875 -0.864671 -0.259806
-48.6357 77.0734 17.2106 0.451864 -0.855338 -0.253409
-49.3556 76.8625 16.5818 0.476093 -0.852631 -0.215303
-48.793 77.4094 15.386 0.436316 -0.886678 -0.153068
-48.1108 77.908 14.4203 0.436851 -0.888365 -0.141313
-47.4716 78.307 13.725 0.377771 -0.917482 -0.124416
-46.7296 78.7021 13.1067 0.364744 -0.92239 -0.126037
-45.7715 79.1618 12.3836 0.352358 -0.927266 -0.126578
-45.0776 79.4873 11.8945 0.31216 -0.943235 -0.112928
-44.2484 79.8132 11.3932 0.313316 -0.939041 -0.138898
-43.0973 80.2632 10.9271 0.288574 -0.946166 -0.14661
-42.2268 80.4902 11.0841 0.247922 -0.955696 -0.157243
-41.7859 80.3482 12.5429 0.233894 -0.956444 -0.174667
-41.7863 80.1664 13.5276 0.235379 -0.953949 -0.18595
-41.7742 79.9568 14.6179 0.20796 -0.956853 -0.200529
-41.7859 79.7404 15.5888 0.226172 -0.949801 -0.216157
-41.7869 79.4409 16.8381 0.229376 -0.943303 -0.239931
-41.7589 79.123 17.9665 0.15004 -0.956451 -0.250381
-41.7657 78.7963 19.08 0.189474 -0.939059 -0.286823
-41.8229 78.2148 20.585 0.0746103 -0.906013 -0.416622
-41.9164 77.7902 21.5106 0.122088 -0.910299 -0.394308
-42.3201 77.2216 22.56 0.16379 -0.891427 -0.422529
-43.0634 76.7032 23.3928 0.171044 -0.894836 -0.412327
-43.8889 76.1879 24.078 0.220386 -0.85131 -0.476132
-44.5966 75.7215 24.5824 0.214612 -0.849455 -0.481866
-45.4467 75.1406 25.1773 0.247683 -0.845125 -0.473726
-46.2601 74.5213 25.8254 0.256676 -0.833307 -0.489431
-47.0075 73.9313 26.3309 0.308594 -0.800495 -0.513788
-48.1327 73.1947 26.7835 0.343835 -0.801888 -0.488624
-48.3863 73.427 26.0656 0.399645 -0.826278 -0.396925
-48.5886 73.8847 24.9809 0.408418 -0.808138 -0.424392
-48.903 74.3371 23.7504 0.432582 -0.812608 -0.390564
-49.153 74.6199 22.9077 0.459887 -0.803744 -0.377492
-49.4955 74.9678 21.702 0.459046 -0.817277 -0.348332
-49.7912 75.2701 20.5877 0.481999 -0.807543 -0.339929
-49.9336 75.6097 19.5192 0.498018 -0.816891 -0.29046
-49.8411 76.0439 18.405 0.479887 -0.831941 -0.278259
-49.6167 76.5006 17.3774 0.469184 -0.84096 -0.269471
-49.5364 76.6325 17.0926 0.463978 -0.853985 -0.234357
-50.3311 76.2664 16.6585 0.505471 -0.836452 -0.211766
-50.6213 75.8131 17.7472 0.490327 -0.836955 -0.240949
-50.7654 75.3651 18.791 0.489356 -0.822513 -0.289818
-50.7447 74.9918 19.8332 0.483298 -0.819172 -0.308837
-50.4511 74.6267 21.1939 0.476845 -0.812844 -0.33452
-50.19 74.4165 22.0742 0.483223 -0.804122 -0.34624
-49.9202 74.0951 23.1183 0.42587 -0.8263 -0.368595
-49.6669 73.813 23.9998 0.426844 -0.815887 -0.390042
-49.4325 73.4551 25.0073 0.406495 -0.818332 -0.40543
-49.2134 72.9124 26.3103 0.393555 -0.829001 -0.397331
-49.0379 72.4106 27.412 0.401083 -0.787341 -0.468216
-48.8848 72.0125 28.2191 0.369131 -0.815244 -0.445656
-48.6544 71.6228 29.0886 0.350778 -0.816348 -0.458836
-47.9947 72.1715 28.6173 0.351205 -0.815994 -0.459139
-47.3033 72.9005 27.8507 0.346152 -0.811265 -0.470998
-46.7813 73.4259 27.3011 0.307317 -0.817949 -0.486329
-46.0996 73.9763 26.8061 0.307948 -0.809222 -0.500062
-45.1747 74.6678 26.1319 0.248415 -0.827228 -0.503963
-44.457 75.1553 25.6401 0.227238 -0.845768 -0.482741
-43.6895 75.6315 25.1229 0.206916 -0.848498 -0.486985
-42.703 76.3086 24.3355 0.170664 -0.850214 -0.498006
-42.0118 76.7461 23.6752 0.0827474 -0.889735 -0.448848
-41.4206 77.1455 23.0058 0.0948977 -0.880759 -0.463697
-41.0157 77.6606 22.0886 0.122081 -0.910304 -0.394299
-40.868 78.2038 20.78 0.0899882 -0.914315 -0.393833
-40.8409 78.6965 19.7034 0.0710046 -0.907861 -0.413216
-40.8353 79.0233 18.7892 0.126786 -0.948952 -0.288818
-40.8119 79.3288 17.7478 0.152594 -0.949613 -0.272756
-40.8462 79.7455 16.3531 0.128957 -0.959782 -0.247353
-40.8809 79.9624 15.3635 0.154223 -0.965758 -0.207161
-40.8711 80.1855 14.3644 0.195933 -0.95601 -0.218299
-40.8471 80.506 13.0536 0.238083 -0.946168 -0.21504
-40.8278 80.7769 11.5048 0.201686 -0.970508 -0.12283
-41.3239 80.8146 10.3756 0.238014 -0.960585 -0.143371
-42.164 80.6945 9.94733 0.22243 -0.960093 -0.169547
-43.2874 80.3696 9.91621 0.289751 -0.944058 -0.157479
-44.0847 80.0699 10.2296 0.322504 -0.934827 -0.147281
-44.9773 79.679 10.6609 0.333417 -0.931983 -0.142212
-45.7614 79.3428 11.1341 0.322 -0.940231 -0.110824
-46.4983 78.9874 11.695 0.350215 -0.926407 -0.138274
-47.1985 78.6274 12.2362 0.390022 -0.912253 -0.125158
-47.9781 78.209 12.8848 0.412426 -0.901817 -0.126177
-48.8445 77.6442 13.8003 0.438287 -0.88785 -0.140094
-49.5818 77.0886 14.9203 0.450009 -0.882755 -0.135036
-50.0099 76.6594 15.8655 0.517336 -0.834418 -0.188291
-50.1821 76.4506 16.2829 0.504873 -0.837133 -0.210501
-50.8579 76.1791 15.5659 0.520813 -0.837378 -0.165649
-51.1716 75.8226 16.3729 0.521538 -0.833765 -0.181202
-51.376 75.4914 17.2239 0.502705 -0.838564 -0.209996
-51.5515 75.1236 18.1493 0.489356 -0.822513 -0.289818
-51.6335 74.6115 19.4512 0.486978 -0.820072 -0.300415
-51.4721 74.3222 20.4501 0.4875 -0.813938 -0.315988
-51.1643 74.0418 21.5867 0.482904 -0.803849 -0.34732
-50.9019 73.7842 22.5504 0.480759 -0.807702 -0.341254
-50.5666 73.4451 23.7566 0.469014 -0.799976 -0.374252
-50.3088 73.0948 24.8021 0.430226 -0.814729 -0.388721
-50.1667 72.7097 25.776 0.411315 -0.819581 -0.397461
-49.9522 72.1213 27.1152 0.409512 -0.79715 -0.44276
-49.8161 71.646 28.0747 0.386643 -0.810233 -0.440399
-49.7525 71.1396 29.0849 0.381856 -0.817406 -0.431265
-49.4729 70.8299 29.9021 0.349103 -0.827868 -0.439046
-48.5295 71.0078 30.3167 0.351843 -0.82507 -0.442088
-47.7112 71.6191 29.7688 0.280805 -0.832826 -0.477022
-46.8405 72.4952 28.7905 0.283108 -0.82046 -0.496684
-46.3334 73.0189 28.2151 0.283496 -0.820271 -0.496775
-45.7728 73.546 27.6798 0.267088 -0.820856 -0.504471
-44.6831 74.3482 26.8954 0.183282 -0.803324 -0.566637
-43.6504 75.0162 26.1914 0.133712 -0.842282 -0.52219
-42.6753 75.6091 25.4938 0.141484 -0.838313 -0.526502
-42.0171 76.0659 24.9478 0.0987419 -0.844398 -0.524694
-41.207 76.5593 24.1759 0.0463809 -0.873438 -0.484721
-40.419 77.1216 23.2293 0.0429071 -0.875971 -0.480451
-39.9901 77.7543 22.0316 0.00697572 -0.899131 -0.437624
-39.9177 78.1216 21.1438 0.0674666 -0.918218 -0.390288
-39.9075 78.5907 20.0725 0.0562818 -0.907067 -0.417206
-39.907 79.0439 19.0176 0.0282686 -0.941006 -0.33349
-39.8847 79.5299 17.5221 0.101966 -0.946409 -0.304786
-39.9088 79.8175 16.5327 0.123706 -0.952304 -0.278938
-39.9503 80.1149 15.294 0.144872 -0.963019 -0.227172
-39.9251 80.4076 14.2405 0.171677 -0.954618 -0.241085
-39.9207 80.6218 13.3532 0.158214 -0.961184 -0.226037
-39.8706 80.8718 11.9831 0.136522 -0.984072 -0.113858
-39.845 81.1004 10.6808 0.246713 -0.947318 -0.204258
-40.561 81.1262 9.75788 0.22329 -0.951882 -0.209909
-41.5224 81.0114 9.15899 0.255673 -0.946341 -0.197663
-42.4005 80.8325 8.75461 0.282877 -0.945143 -0.163355
-43.453 80.488 8.88532 0.301704 -0.940177 -0.158112
-44.5437 80.0341 9.39693 0.341288 -0.92819 -0.148279
-45.5357 79.5946 9.91966 0.330196 -0.933331 -0.140936
-46.4667 79.1848 10.4515 0.338179 -0.930728 -0.138992
-47.3615 78.7077 11.1692 0.388386 -0.912656 -0.127295
-48.1402 78.2925 11.7427 0.39002 -0.912254 -0.125159
-48.752 77.9186 12.3078 0.402828 -0.90119 -0.159955
-49.4366 77.4638 13.0496 0.464892 -0.871221 -0.156515
-50.0553 77.0131 13.8377 0.483355 -0.863214 -0.143397
-50.4268 76.6376 14.6099 0.525495 -0.836605 -0.154749
-50.855 76.1823 15.5591 0.529793 -0.831709 -0.166072
-50.8566 76.1807 15.5625 0.52979 -0.83171 -0.166075
-51.5791 75.8721 14.9209 0.503053 -0.844975 -0.181538
-51.0832 76.3711 13.9604 0.501 -0.846775 -0.178802
-50.6789 76.7703 13.142 0.484389 -0.859857 -0.161286
-49.9553 77.3433 12.2535 0.493515 -0.856524 -0.151031
-49.1552 77.8929 11.364 0.405404 -0.905111 -0.128148
-48.3978 78.3216 10.6967 0.398659 -0.908858 -0.122668
-47.657 78.7471 10.1306 0.395213 -0.903926 -0.163473
-46.7716 79.2132 9.49725 0.345509 -0.928205 -0.138056
-45.9533 79.5805 9.02642 0.335536 -0.930317 -0.147761
-45.0873 79.9699 8.59131 0.337108 -0.928684 -0.154609
-44.0362 80.4347 8.06641 0.334933 -0.930014 -0.151304
-43.0815 80.8171 7.68077 0.292114 -0.936604 -0.1935
-42.0335 81.1097 7.79694 0.278991 -0.943059 -0.181119
-41.0575 81.2906 8.35884 0.286527 -0.939746 -0.18624
-40.0804 81.441 8.94105 0.254374 -0.940468 -0.225421
-39.307 81.5324 9.42225 0.246931 -0.940964 -0.231543
-38.8034 81.4709 10.2204 0.256294 -0.946879 -0.193729
-38.878 81.1968 11.5281 0.263206 -0.949978 -0.167308
-39.0036 80.8974 12.8246 0.163541 -0.951656 -0.259265
-38.9601 80.6363 13.8468 0.124119 -0.964244 -0.234154
-38.9785 80.3431 14.9611 0.124186 -0.959902 -0.251306
-38.9382 80.0627 16.0919 0.124545 -0.962905 -0.23938
-38.9267 79.6762 17.3369 0.074363 -0.942058 -0.327094
-38.9614 79.2706 18.4882 0.0715993 -0.940222 -0.332908
-38.967 78.9163 19.3959 0.0721767 -0.925416 -0.372015
-38.9625 78.4701 20.4797 0.0598798 -0.916886 -0.394606
-38.973 78.0353 21.4986 0.0437603 -0.906791 -0.418077
-39.0837 77.4975 22.593 0.0236055 -0.9001 -0.435043
-39.4267 77.0616 23.4571 0.0363372 -0.890245 -0.454029
-40.067 76.5623 24.3108 0.0681804 -0.871164 -0.486236
-40.6671 76.1635 24.9298 0.036496 -0.848876 -0.527215
-41.5531 75.6125 25.7327 0.0431762 -0.854662 -0.517176
-42.2773 75.1577 26.3242 0.140452 -0.839741 -0.524508
-43.3 74.5113 27.051 0.134169 -0.819367 -0.557347
-44.0822 73.917 27.7011 0.175316 -0.817377 -0.548233
-45.002 73.3671 28.2687 0.171589 -0.829254 -0.531879
-45.5417 72.8926 28.8165 0.236677 -0.809005 -0.538047
-46.3634 72.1069 29.6856 0.242602 -0.833666 -0.496044
-46.9217 71.5504 30.3304 0.249506 -0.834658 -0.490916
-47.4457 71.0221 30.9506 0.27705 -0.828446 -0.486744
-48.0768 70.5482 31.385 0.296233 -0.817454 -0.493978
-49.0692 70.312 31.1323 0.335975 -0.817147 -0.468279
-50.1206 70.1872 30.593 0.35635 -0.827301 -0.433378
-50.6032 70.3491 29.842 0.3766 -0.818873 -0.433149
-50.7028 70.7892 28.9223 0.376559 -0.819828 -0.431373
-50.7354 71.3935 27.6944 0.405248 -0.810687 -0.421751
-50.8741 71.8737 26.7007 0.414091 -0.795004 -0.44328
-51.0318 72.2828 25.722 0.429612 -0.823926 -0.369566
-51.1676 72.6441 24.7861 0.442354 -0.81435 -0.375336
-51.4387 73.0355 23.5685 0.451581 -0.81437 -0.364521
-51.7285 73.3003 22.5242 0.48845 -0.805751 -0.334937
-52.0599 73.5924 21.3563 0.494577 -0.796051 -0.34885
-52.2908 73.812 20.3998 0.521497 -0.796384 -0.306161
-52.4664 74.1743 19.1326 0.537335 -0.792567 -0.288287
-52.4176 74.5433 18.1899 0.566296 -0.786891 -0.245175
-52.2128 75.0161 17.0187 0.545252 -0.813513 -0.200623
-52.0265 75.3312 16.1653 0.523483 -0.832318 -0.182241
-51.7249 75.7154 15.2461 0.507447 -0.844009 -0.173377
-52.5066 75.3456 14.7426 0.518503 -0.835333 -0.182683
-52.8967 74.7858 16.072 0.553877 -0.806555 -0.206357
-53.1093 74.3154 17.276 0.559257 -0.801382 -0.212045
-53.236 73.968 18.1514 0.563564 -0.789303 -0.243711
-53.2512 73.5764 19.2932 0.545664 -0.787614 -0.286207
-53.0985 73.2789 20.3948 0.543838 -0.786722 -0.292076
-52.8707 73.0822 21.3489 0.530557 -0.794076 -0.296152
-52.4855 72.7761 22.6814 0.489599 -0.806041 -0.332541
-52.1983 72.5039 23.7921 0.511796 -0.788693 -0.340375
-51.9863 72.1161 24.8922 0.498908 -0.782882 -0.371727
-51.8168 71.6976 25.9788 0.479342 -0.784184 -0.393997
-51.6753 71.3277 26.8696 0.464894 -0.792352 -0.394544
-51.6136 70.8805 27.8519 0.443221 -0.803004 -0.398422
-51.6003 70.3011 29.0492 0.414534 -0.810471 -0.412404
-51.5065 69.8136 30.0687 0.385351 -0.82813 -0.407067
-50.91 69.5561 31.159 0.356564 -0.831496 -0.424689
-49.9899 69.6889 31.5949 0.332207 -0.838264 -0.432361
-49.0537 69.8315 32.0322 0.332554 -0.835389 -0.437645
-47.9906 69.9776 32.4662 0.29048 -0.843737 -0.451317
-47.1596 70.4474 32.1124 0.276261 -0.842627 -0.462234
-46.4407 71.1566 31.2659 0.236578 -0.848912 -0.470588
-45.8753 71.7335 30.5509 0.249496 -0.834664 -0.49091
-44.9644 72.5528 29.575 0.172263 -0.8336 -0.524786
-44.2921 73.1314 28.8653 0.169205 -0.832376 -0.527719
-43.2748 73.7556 28.2076 0.169002 -0.828712 -0.533518
-42.5718 74.2665 27.6479 0.173049 -0.82602 -0.536419
-41.916 74.6909 27.169 0.140414 -0.840205 -0.523774
-41.1153 75.1675 26.5262 0.0340714 -0.858782 -0.511135
-40.388 75.5687 25.9068 0.036496 -0.848881 -0.527207
-39.7765 75.9372 25.3401 0.0257576 -0.850597 -0.525186
-39.1917 76.336 24.7328 0.0040579 -0.849399 -0.527139
-38.6555 76.7239 24.0818 -0.016141 -0.844603 -0.53515
-38.1755 77.2573 23.1075 -0.0388719 -0.896679 -0.44097
-38.0364 77.6809 22.2544 -0.0102921 -0.88794 -0.459725
-38.0077 78.224 21.1786 -0.00178819 -0.888676 -0.458416
-38.0131 78.686 20.1325 0.0451708 -0.915668 -0.399003
-38.0224 79.0319 19.2829 0.066655 -0.927807 -0.367059
-38.0024 79.4262 18.2468 0.0677279 -0.939243 -0.336505
-37.9934 79.8515 17.0425 0.0811872 -0.942261 -0.32489
-38.0212 80.1828 16.0603 0.0725327 -0.957308 -0.278523
-38.0342 80.5083 14.806 0.12803 -0.960495 -0.247087
-38.0469 80.859 13.5274 0.138713 -0.946654 -0.289351
-38.0373 81.1145 12.6074 0.183834 -0.950294 -0.249975
-37.9568 81.3801 11.7056 0.20671 -0.943394 -0.25938
-37.826 81.657 10.5597 0.247598 -0.948918 -0.194916
-37.8442 81.879 9.53529 0.246247 -0.943946 -0.219469
-38.8064 81.8777 8.58873 0.26033 -0.931746 -0.251683
-39.6099 81.7493 8.16347 0.270535 -0.934466 -0.231481
-40.7136 81.5738 7.50119 0.295888 -0.934128 -0.199452
-41.6007 81.4188 6.92498 0.293967 -0.931975 -0.212063
-42.9323 81.0819 6.60053 0.280707 -0.938736 -0.199944
-43.9579 80.6637 6.9223 0.356926 -0.919992 -0.161923
-44.7255 80.3144 7.28035 0.334935 -0.929992 -0.151438
-45.4632 79.9816 7.69264 0.351741 -0.925631 -0.137837
-46.4827 79.4861 8.22146 0.389351 -0.914951 -0.106161
-47.5904 78.9772 8.86593 0.376016 -0.917665 -0.127625
-48.3451 78.5756 9.4157 0.391695 -0.907904 -0.148428
-48.9985 78.1773 9.90245 0.455445 -0.881206 -0.126675
-49.6711 77.7413 10.5154 0.457069 -0.882056 -0.113503
-50.227 77.3694 11.1488 0.494658 -0.85876 -0.133581
-50.8535 76.8826 11.9309 0.485937 -0.861811 -0.145003
-51.5453 76.313 12.9173 0.501139 -0.847939 -0.172796
-52.0112 75.8745 13.7125 0.502031 -0.845874 -0.180163
-52.3125 75.569 14.2717 0.518502 -0.835334 -0.182681
-53.1634 75.0983 13.9316 0.535291 -0.828428 -0.164837
-53.5583 74.5605 15.1237 0.56824 -0.803 -0.179708
-53.8198 74.0663 16.3827 0.560377 -0.798396 -0.220119
-53.9743 73.6643 17.4148 0.566922 -0.792763 -0.223889
-54.0862 73.1186 18.9866 0.543296 -0.796952 -0.262047
-53.9459 72.7801 20.1597 0.540265 -0.790108 -0.289476
-53.6677 72.517 21.4296 0.533782 -0.79734 -0.281648
-53.3451 72.2582 22.6062 0.509786 -0.794053 -0.331053
-53.0904 72.0543 23.4925 0.511797 -0.788693 -0.340374
-52.8428 71.6945 24.6304 0.498904 -0.782881 -0.371735
-52.64 71.2441 25.8927 0.479835 -0.7998 -0.360631
-52.502 70.7533 27.1002 0.450074 -0.803636 -0.38936
-52.4946 70.3108 28.0201 0.446613 -0.803167 -0.394247
-52.477 69.9229 28.8583 0.412349 -0.825921 -0.384477
-52.3768 69.2834 30.2994 0.397176 -0.827052 -0.397532
-52.0964 68.9552 31.2718 0.381489 -0.833156 -0.400326
-51.3647 68.9668 31.931 0.35657 -0.831499 -0.42468
-50.5212 69.1187 32.2892 0.335807 -0.837584 -0.430915
-49.617 69.2739 32.68 0.330402 -0.840972 -0.428444
-48.4536 69.4337 33.1966 0.280962 -0.848785 -0.447879
-47.5099 69.5323 33.59 0.26961 -0.849344 -0.453791
-46.7633 69.9368 33.2892 0.241143 -0.845457 -0.474823
-46.2878 70.4209 32.6542 0.197226 -0.849826 -0.488687
-45.7657 70.9431 31.9274 0.189173 -0.857768 -0.477963
-45.2399 71.4518 31.2343 0.191418 -0.839496 -0.508288
-44.5226 72.1294 30.3898 0.178272 -0.833504 -0.522933
-43.9501 72.6084 29.814 0.175543 -0.836285 -0.519435
-43.2205 73.1159 29.2372 0.169206 -0.841333 -0.513349
-42.4136 73.6505 28.6468 0.12553 -0.827149 -0.545651
-41.7809 74.0551 28.1316 0.0824442 -0.826432 -0.556942
-40.867 74.5956 27.4433 0.0574835 -0.826493 -0.560004
-40.0783 75.0387 26.7969 0.0276235 -0.855485 -0.51709
-39.1915 75.537 26.024 0.0292825 -0.853142 -0.520856
-38.5393 75.9376 25.3692 -0.0105335 -0.856925 -0.51531
-37.9185 76.3792 24.6128 -0.0158829 -0.856124 -0.516472
-37.4334 76.8047 23.864 -0.0556893 -0.861575 -0.504566
-37.0862 77.4606 22.6432 -0.0130845 -0.883284 -0.468655
-37.0562 77.9326 21.7398 -0.00178632 -0.888674 -0.45842
-37.0512 78.403 20.8468 0.015796 -0.900381 -0.433124
-37.0716 78.8277 19.8533 0.019275 -0.921363 -0.388224
-37.0792 79.2834 18.7867 0.0556165 -0.908548 -0.414063
-37.0505 79.6205 17.9043 0.0601506 -0.936438 -0.345638
-37.049 79.9486 16.997 0.0718767 -0.94664 -0.313813
-37.0648 80.259 16.0188 0.0625655 -0.951018 -0.302737
-37.0795 80.5226 15.0857 0.0902416 -0.958861 -0.26915
-37.0406 80.7824 14.1409 0.106265 -0.956082 -0.271382
-37.0978 81.1428 13.0005 0.117748 -0.94679 -0.29944
-37.0306 81.4559 12.0107 0.12705 -0.94493 -0.301309
-36.9402 81.7089 11.1113 0.156148 -0.964537 -0.212705
-36.8569 82.0134 9.85659 0.200039 -0.944217 -0.256505
-36.8806 82.3146 8.82432 0.242797 -0.931047 -0.272395
-37.8727 82.296 8.00575 0.260334 -0.931743 -0.251691
-39.0265 82.0967 7.44316 0.27371 -0.936583 -0.218429
-39.8693 81.9459 6.99624 0.276896 -0.938695 -0.205379
-40.8583 81.7959 6.29646 0.293961 -0.931978 -0.212059
-41.7989 81.6532 5.6504 0.297173 -0.930103 -0.215737
-42.6478 81.4068 5.47288 0.328986 -0.923201 -0.198188
-43.6306 81.007 5.7208 0.338352 -0.926436 -0.16372
-44.8004 80.4612 6.19845 0.369358 -0.915637 -0.158675
-45.5581 80.0933 6.58283 0.370308 -0.920591 -0.124017
-46.4447 79.6565 7.10139 0.39556 -0.90773 -0.139851
-47.2269 79.2534 7.49636 0.388058 -0.915225 -0.101508
-48.3419 78.7085 8.20405 0.440552 -0.893597 -0.0858815
-49.3912 78.0997 8.96415 0.454122 -0.885417 -0.0990433
-50.0778 77.6735 9.52596 0.471383 -0.873693 -0.11871
-50.6544 77.2683 10.1612 0.488099 -0.865684 -0.111129
-51.4244 76.692 11.1113 0.488499 -0.861649 -0.137588
-51.9551 76.2792 11.7379 0.521736 -0.84173 -0.138759
-52.5241 75.7466 12.7536 0.520357 -0.83912 -0.158451
-52.8964 75.3835 13.3654 0.535288 -0.828429 -0.164842
-53.7066 74.9434 12.9445 0.546056 -0.820313 -0.169727
-54.0477 74.5124 13.8111 0.548997 -0.812932 -0.194278
-54.3799 74.0411 14.91 0.53438 -0.825623 -0.181068
-54.6304 73.6107 15.9888 0.554856 -0.801019 -0.22461
-54.7853 73.1322 17.2713 0.547309 -0.805599 -0.226664
-54.9095 72.7915 18.1642 0.545 -0.804968 -0.234525
-54.8982 72.5343 19.0735 0.548394 -0.803099 -0.232976
-54.7472 72.2199 20.229 0.531383 -0.79638 -0.28881
-54.5161 71.9978 21.2918 0.53414 -0.796556 -0.28318
-54.2502 71.7675 22.3534 0.525716 -0.793692 -0.306065
-53.9333 71.5559 23.3987 0.504564 -0.798087 -0.328418
-53.6543 71.1954 24.6202 0.492082 -0.798515 -0.346696
-53.5064 70.874 25.5549 0.48553 -0.799342 -0.353955
-53.391 70.5118 26.5171 0.458472 -0.814558 -0.355386
-53.3515 70.1064 27.4926 0.442688 -0.815593 -0.372091
-53.3458 69.4906 28.8209 0.429855 -0.819916 -0.378103
-53.3084 69.0325 29.8826 0.421411 -0.830017 -0.365356
-53.1966 68.5906 30.9612 0.384243 -0.834594 -0.394705
-52.7589 68.293 32.0184 0.381089 -0.835953 -0.394907
-51.97 68.3725 32.6148 0.378007 -0.840196 -0.388821
-50.8593 68.5859 33.0735 0.332301 -0.842154 -0.42468
-49.7793 68.7965 33.5125 0.312942 -0.858435 -0.406395
-48.9069 68.9248 33.8866 0.278617 -0.855646 -0.436022
-47.6567 68.9999 34.4828 0.227135 -0.867358 -0.442831
-46.7308 69.0907 34.8031 0.23662 -0.84539 -0.477943
-45.8572 69.8855 33.7552 0.206712 -0.850675 -0.483246
-45.4332 70.3574 33.0994 0.189474 -0.853386 -0.485625
-44.7375 71.0624 32.1305 0.198807 -0.855272 -0.478524
-44.2335 71.5398 31.4958 0.178726 -0.84713 -0.499809
-43.718 72.0048 30.8647 0.154282 -0.851392 -0.501327
-42.7159 72.7529 29.9984 0.128865 -0.833799 -0.534617
-41.96 73.2022 29.4024 0.0782098 -0.841242 -0.534971
-41.0498 73.7589 28.6752 0.0709788 -0.835146 -0.545416
-40.3707 74.1677 28.1436 0.0724565 -0.833174 -0.548244
-39.7138 74.5305 27.5847 -0.0230533 -0.829879 -0.55737
-38.9755 74.9178 26.9951 -0.00447411 -0.82512 -0.564759
-38.2517 75.3397 26.3457 -0.0119848 -0.852515 -0.522566
-37.5162 75.8133 25.555 -0.0105336 -0.856925 -0.51531
-36.89 76.2612 24.7591 -0.035047 -0.861238 -0.506993
-36.3393 76.7795 23.8412 -0.0122063 -0.861205 -0.508111
-36.1089 77.4533 22.6419 0.000158928 -0.881836 -0.471496
-36.0865 77.9094 21.7984 0.00737649 -0.882322 -0.470553
-36.1093 78.6073 20.4233 0.00106953 -0.910601 -0.412081
-36.1329 79.32 18.7867 0.020977 -0.912166 -0.409277
-36.1108 79.8015 17.6121 0.0649267 -0.941556 -0.329791
-36.1113 80.1034 16.6953 0.0529104 -0.948477 -0.312398
-36.1216 80.4072 15.7429 0.0584338 -0.951163 -0.303108
-36.1196 80.7282 14.66 0.0792819 -0.959777 -0.269339
-36.1307 81.0087 13.7697 0.0922178 -0.943957 -0.316926
-36.1481 81.3259 12.7905 0.12705 -0.944934 -0.301299
-36.0298 81.7536 11.5462 0.143305 -0.952676 -0.26358
-35.9391 82.0637 10.4651 0.23237 -0.932421 -0.276496
-35.8874 82.344 9.60215 0.237121 -0.929093 -0.283727
-35.8265 82.6367 8.66598 0.243828 -0.931136 -0.271169
-36.1067 82.7938 7.89297 0.251035 -0.920393 -0.299628
-36.8936 82.729 7.44565 0.256833 -0.926461 -0.274006
-37.7696 82.5695 7.06739 0.279756 -0.926167 -0.252887
-38.9975 82.3476 6.43814 0.308847 -0.918831 -0.24569
-39.8208 82.1974 5.93793 0.284216 -0.932988 -0.220805
-40.747 82.0955 5.2381 0.286825 -0.928529 -0.235188
-41.4967 82 4.61397 0.323873 -0.921449 -0.214565
-42.6694 81.6415 4.3422 0.324749 -0.922885 -0.206537
-43.4504 81.2854 4.61563 0.3573 -0.916682 -0.17897
-44.3496 80.8626 4.92719 0.366117 -0.916428 -0.161612
-45.265 80.4186 5.3396 0.385429 -0.908943 -0.158959
-46.0821 80.003 5.75488 0.377931 -0.914516 -0.143984
-46.9028 79.5778 6.26059 0.411969 -0.902372 -0.126499
-47.7517 79.1255 6.73748 0.410261 -0.902974 -0.127718
-48.6783 78.6293 7.27429 0.423452 -0.899796 -0.105148
-49.4107 78.2174 7.80788 0.468002 -0.878522 -0.0956307
-50.3662 77.6367 8.5328 0.476215 -0.873429 -0.100515
-51.069 77.1557 9.21612 0.490631 -0.865006 -0.104959
-51.6657 76.7318 9.86001 0.505848 -0.857256 -0.0960713
-52.2207 76.3297 10.4601 0.524518 -0.841982 -0.125075
-52.7313 75.8859 11.2165 0.518614 -0.844243 -0.135249
-53.2139 75.4559 11.9905 0.541649 -0.826173 -0.154696
-53.547 75.1122 12.6213 0.53889 -0.825966 -0.165465
-54.2512 74.7557 12.0861 0.550152 -0.820086 -0.156731
-54.7665 74.1549 13.2648 0.550196 -0.817699 -0.169123
-55.2236 73.5417 14.6969 0.533808 -0.82558 -0.182929
-55.5344 72.937 16.158 0.55485 -0.801022 -0.22461
-55.6299 72.5826 17.2183 0.542629 -0.80793 -0.229626
-55.8205 72.191 18.1085 0.540661 -0.807203 -0.236842
-55.7369 71.9238 19.1436 0.557222 -0.791956 -0.249618
-55.583 71.66 20.212 0.54708 -0.791281 -0.273029
-55.3779 71.4535 21.1932 0.53501 -0.795551 -0.284363
-55.0948 71.2439 22.2544 0.527493 -0.794419 -0.301052
-54.8086 71.0654 23.2255 0.517682 -0.799831 -0.303661
-54.5779 70.8262 24.1483 0.494148 -0.799447 -0.341619
-54.3807 70.4839 25.2217 0.481222 -0.807433 -0.340856
-54.2569 70.1933 26.1156 0.466582 -0.812592 -0.349278
-54.1978 69.8474 26.9991 0.462531 -0.813572 -0.352333
-54.2047 69.4752 27.8444 0.444603 -0.82284 -0.353925
-54.2261 69.0573 28.7748 0.442014 -0.820665 -0.362121
-54.1803 68.5406 29.9953 0.420667 -0.830613 -0.364859
-54.0715 68.0793 31.1618 0.418894 -0.828945 -0.370646
-53.6875 67.74 32.2875 0.39797 -0.825147 -0.40094
-52.9179 67.7394 33.0439 0.391256 -0.834723 -0.387501
-51.9901 67.8985 33.5582 0.332778 -0.857709 -0.391911
-50.9536 68.1331 33.9472 0.345506 -0.856696 -0.383012
-49.974 68.3385 34.33 0.312915 -0.858397 -0.406495
-48.966 68.4527 34.8002 0.282025 -0.859435 -0.42642
-48.0821 68.4967 35.2502 0.230644 -0.872469 -0.430596
-47.0325 68.5345 35.7582 0.23415 -0.877582 -0.418358
-46.0312 68.7837 35.7666 0.221332 -0.87808 -0.424245
-45.4558 69.3525 34.8954 0.216617 -0.866218 -0.449452
-44.7324 70.119 33.7839 0.18645 -0.863844 -0.467986
-44.085 70.8078 32.8247 0.18599 -0.850495 -0.492001
-43.4863 71.3862 32.0235 0.166637 -0.862754 -0.477375
-42.7019 71.9875 31.1601 0.0995386 -0.851275 -0.513303
-42.0044 72.4507 30.5633 0.0791675 -0.834032 -0.545983
-41.2053 72.9452 29.922 0.089005 -0.841206 -0.533259
-40.2665 73.5055 29.1724 0.0583055 -0.844647 -0.531515
-39.4508 73.9463 28.4811 0.0218164 -0.858128 -0.512973
-38.7265 74.3248 27.8665 0.00598503 -0.836269 -0.547887
-37.7767 74.8532 27.1099 -0.0108288 -0.828557 -0.559418
-37.0919 75.2812 26.4039 -0.0219903 -0.8506 -0.525353
-36.3231 75.7978 25.5386 -0.0202546 -0.849823 -0.526678
-35.8119 76.1739 24.8733 -0.000357711 -0.865181 -0.501459
-35.2361 76.8714 23.6741 -0.0063122 -0.864863 -0.501936
-35.1438 77.3688 22.8085 -0.00343975 -0.872938 -0.487582
-35.1226 77.9434 21.7472 -0.0104373 -0.884453 -0.466154
-35.1349 78.4025 20.8105 -0.00915889 -0.899971 -0.435854
-35.1917 78.8596 19.8678 -0.0100835 -0.900389 -0.434967
-35.1848 79.2476 19.0007 0.0208669 -0.912751 -0.407982
-35.1781 79.6329 18.1391 0.0208674 -0.912752 -0.407982
-35.1607 80.0795 16.8704 -0.00050988 -0.94694 -0.321409
-35.1693 80.5456 15.4837 0.00844362 -0.94942 -0.313895
-35.1657 80.8217 14.6075 0.0857439 -0.951866 -0.293137
-35.1677 81.2921 13.2985 0.139271 -0.930252 -0.339464
-35.1338 81.6196 12.3911 0.138354 -0.934257 -0.328668
-35.0526 82.0628 11.1232 0.16789 -0.93556 -0.310709
-34.9671 82.4882 9.83607 0.201791 -0.939317 -0.277422
-34.8608 82.8606 8.81451 0.206046 -0.907958 -0.364907
-34.7589 83.1753 7.92981 0.272052 -0.918973 -0.28544
-35.6515 83.2265 6.97836 0.25799 -0.915909 -0.307491
-36.6147 83.0787 6.58675 0.291322 -0.908943 -0.298251
-37.6471 82.87 6.14077 0.306572 -0.909155 -0.281872
-38.8544 82.6241 5.50458 0.321821 -0.922671 -0.212392
-39.7195 82.4779 4.90701 0.282371 -0.923866 -0.257001
-40.5922 82.4253 4.16278 0.306644 -0.916223 -0.256538
-41.3289 82.332 3.46033 0.338025 -0.913204 -0.227591
-42.382 81.988 3.26293 0.360871 -0.911872 -0.195605
-43.3984 81.5218 3.54586 0.365326 -0.910001 -0.196049
-44.4374 81.0212 3.92354 0.379158 -0.907396 -0.181303
-45.4307 80.529 4.30553 0.383086 -0.908037 -0.16912
-46.2161 80.1233 4.72136 0.405419 -0.901572 -0.149188
-47.3049 79.5231 5.34951 0.413741 -0.902191 -0.121947
-48.2049 79.0337 5.90704 0.420385 -0.898472 -0.126161
-49.0873 78.5385 6.4045 0.426527 -0.896861 -0.116482
-49.9111 78.0419 6.99593 0.470228 -0.876836 -0.100216
-50.7695 77.5024 7.65789 0.491953 -0.865722 -0.0922353
-51.512 77.0054 8.33504 0.500012 -0.859683 -0.104271
-52.2407 76.4712 9.1578 0.505904 -0.856545 -0.101778
-52.8289 76.0294 9.85648 0.524166 -0.844756 -0.107879
-53.4641 75.5054 10.709 0.5374 -0.832455 -0.134981
-53.8722 75.1216 11.4203 0.544403 -0.826384 -0.143927
-54.0838 74.916 11.8003 0.54471 -0.826186 -0.143902
-54.8008 74.5394 11.2463 0.54502 -0.825988 -0.143867
-54.3877 74.937 10.5255 0.54278 -0.828525 -0.137463
-53.906 75.373 9.74943 0.531746 -0.838233 -0.119897
-53.3025 75.8507 8.99768 0.520159 -0.845073 -0.123636
-52.7433 76.2829 8.30605 0.508001 -0.854364 -0.109454
-51.7347 77.0041 7.23235 0.501155 -0.859765 -0.0982222
-50.9715 77.5094 6.60979 0.491815 -0.863502 -0.11172
-50.3297 77.9196 6.1214 0.471558 -0.875943 -0.101769
-49.4601 78.4519 5.5188 0.464205 -0.880276 -0.0981224
-48.4876 79.0184 4.9488 0.443554 -0.889773 -0.107537
-47.6045 79.502 4.45917 0.433686 -0.890857 -0.132205
-46.8868 79.9427 4.01179 0.430505 -0.884581 -0.178378
-46.1619 80.3549 3.58221 0.404123 -0.898984 -0.168853
-45.3376 80.7871 3.20281 0.382949 -0.905881 -0.180914
-44.5123 81.191 2.91967 0.386375 -0.90284 -0.188664
-43.534 81.6737 2.55815 0.370738 -0.909561 -0.187758
-42.6405 82.1025 2.24824 0.360779 -0.912144 -0.194503
-41.6513 82.4996 2.0937 0.32251 -0.928369 -0.184709
-40.8975 82.6766 2.59089 0.343297 -0.925147 -0.16202
-40.1559 82.779 3.37236 0.3202 -0.917991 -0.234018
-39.4574 82.8352 4.0115 0.320582 -0.905573 -0.276265
-38.622 82.9695 4.63426 0.350235 -0.897029 -0.269545
-37.5972 83.1786 5.1817 0.310201 -0.910881 -0.27216
-36.6395 83.3687 5.63844 0.315727 -0.903736 -0.289097
-35.7968 83.5228 5.94983 0.247597 -0.920711 -0.301602
-34.7692 83.7219 6.28356 0.298935 -0.902582 -0.309813
-33.9182 83.904 6.57416 0.285093 -0.901015 -0.326236
-33.6567 83.6271 7.50787 0.269716 -0.909968 -0.313443
-33.9055 83.1079 8.79191 0.234172 -0.904827 -0.355391
-34.0234 82.6645 9.85662 0.244964 -0.9091 -0.336942
-34.0866 82.2813 10.9651 0.156587 -0.93607 -0.314987
-34.1548 81.9563 11.8792 0.152422 -0.929486 -0.335892
-34.1917 81.5332 13.0331 0.145384 -0.931872 -0.33228
-34.1911 80.9461 14.4526 0.0435222 -0.918207 -0.393702
-34.2053 80.4646 15.7547 0.0312948 -0.943534 -0.32862
-34.2141 79.9935 17.122 0.00185585 -0.945975 -0.324211
-34.2335 79.6697 18.0289 -0.00690594 -0.931115 -0.362594
-34.2351 79.3123 18.8699 -0.00247169 -0.909824 -0.414986
-34.1998 78.9059 19.7466 -0.0110062 -0.900807 -0.434079
-34.155 78.4255 20.7425 -0.0100753 -0.900391 -0.434963
-34.1471 77.9946 21.5924 -0.0346094 -0.888092 -0.458361
-34.1746 77.5135 22.4908 -0.0833782 -0.863216 -0.497844
-34.2524 76.7506 23.814 -0.0525664 -0.860685 -0.506417
-34.5546 76.2437 24.6701 -0.0633181 -0.849103 -0.524419
-35.2788 75.6662 25.6858 -0.052469 -0.842534 -0.535942
-35.9262 75.2109 26.4425 -0.0411886 -0.838946 -0.54265
-36.6816 74.7193 27.2511 -0.0320125 -0.834806 -0.54959
-37.3968 74.2458 28.0021 -0.0108307 -0.828553 -0.559424
-38.1282 73.9334 28.4955 -0.00443359 -0.852278 -0.522937
-39.1244 73.4218 29.3698 -0.0103172 -0.858917 -0.511993
-39.78 73.066 29.8956 0.0445589 -0.850166 -0.524626
-40.5034 72.6743 30.4766 0.079297 -0.865394 -0.492835
-41.2176 72.2393 31.0618 0.11898 -0.866659 -0.484426
-42.172 71.6305 31.9404 0.12086 -0.867178 -0.483046
-43.0593 70.8848 33.0227 0.130684 -0.854649 -0.502337
-43.5214 70.4258 33.6613 0.139061 -0.851553 -0.505465
-44.1452 69.7587 34.617 0.145471 -0.852274 -0.502462
-44.5827 69.2925 35.3321 0.152131 -0.873275 -0.462868
-45.0773 68.7745 36.1825 0.165147 -0.897991 -0.407846
-45.7855 68.2421 37.0079 0.196729 -0.882533 -0.426593
-47.0314 68.0636 36.7412 0.219298 -0.877945 -0.425574
-47.91 68.04 36.3147 0.22942 -0.881376 -0.412968
-48.8792 68.0021 35.7899 0.277635 -0.86654 -0.414695
-50.0176 67.9035 35.2115 0.282685 -0.863224 -0.418152
-51.0133 67.7219 34.813 0.333028 -0.856118 -0.39479
-51.8522 67.5147 34.5257 0.3423 -0.857971 -0.383035
-53.1134 67.2485 33.99 0.351975 -0.851194 -0.389335
-54.1738 67.1333 33.1329 0.383661 -0.853179 -0.353398
-54.762 67.3098 32.1064 0.408032 -0.827401 -0.385449
-54.9945 67.7905 30.773 0.41255 -0.835234 -0.363418
-55.0616 68.2677 29.5774 0.432442 -0.827848 -0.357285
-55.105 68.7378 28.426 0.437827 -0.824523 -0.358361
-55.0573 69.2171 27.3579 0.452464 -0.821493 -0.347025
-55.103 69.6345 26.2976 0.454946 -0.822967 -0.340203
-55.2111 70.0008 25.2554 0.456353 -0.82374 -0.336444
-55.3441 70.2469 24.3891 0.485261 -0.812547 -0.321811
-55.6217 70.5677 23.1337 0.520574 -0.801511 -0.29425
-55.9015 70.7438 22.1694 0.514175 -0.802111 -0.303418
-56.1492 70.9038 21.2853 0.52112 -0.812352 -0.26176
-56.383 71.1285 20.1637 0.523268 -0.806757 -0.273374
-56.5355 71.3418 19.2398 0.517345 -0.817097 -0.254323
-56.6061 71.7189 17.9379 0.53817 -0.804857 -0.249738
-56.4488 72.1323 16.866 0.538467 -0.81439 -0.215785
-56.3338 72.4263 16.0011 0.555061 -0.805365 -0.208075
-56.2043 72.7405 15.1645 0.560563 -0.798411 -0.219793
-56.0147 73.0936 14.3017 0.556808 -0.809588 -0.185828
-55.7125 73.5156 13.3219 0.544872 -0.820805 -0.171356
-55.3342 73.9904 12.2136 0.550194 -0.8177 -0.169125
-55.002 74.3454 11.5978 0.550154 -0.820087 -0.15672
-55.7585 73.9354 11.0854 0.543501 -0.827639 -0.140035
-56.1098 73.5373 11.9154 0.544529 -0.821615 -0.168635
-56.4549 73.1292 12.7967 0.544948 -0.821831 -0.166211
-56.8379 72.6101 14.0418 0.546198 -0.81135 -0.207041
-57.0488 72.1721 15.14 0.527712 -0.822058 -0.213833
-57.2685 71.7257 16.3551 0.538469 -0.814389 -0.215785
-57.3878 71.4027 17.2273 0.53222 -0.816133 -0.225099
-57.4697 71.0427 18.3044 0.527 -0.813164 -0.246656
-57.4128 70.8015 19.2033 0.515238 -0.819693 -0.250266
-57.1806 70.5295 20.4851 0.503504 -0.817796 -0.278735
-56.9208 70.338 21.5311 0.50754 -0.818735 -0.268471
-56.5862 70.169 22.6047 0.487796 -0.821806 -0.294432
-56.3588 69.9834 23.4907 0.486819 -0.821011 -0.29824
-56.1637 69.7477 24.4554 0.487081 -0.820507 -0.299199
-56.0179 69.5024 25.3657 0.48972 -0.817628 -0.302708
-55.9265 69.2085 26.2212 0.457043 -0.822851 -0.337681
-55.8637 68.8785 27.108 0.452661 -0.822288 -0.34487
-55.9228 68.4354 28.1022 0.443239 -0.828938 -0.341176
-55.9341 67.9755 29.1972 0.425119 -0.838123 -0.341795
-55.8907 67.5436 30.3003 0.423443 -0.836695 -0.34733
-55.8323 67.203 31.1627 0.394051 -0.843922 -0.363365
-55.5699 66.7706 32.5023 0.375165 -0.859264 -0.347729
-55.1367 66.6168 33.3653 0.370347 -0.866782 -0.333914
-54.3819 66.62 34.175 0.365152 -0.868743 -0.334571
-53.6519 66.7188 34.6903 0.347415 -0.867944 -0.354926
-52.7394 66.9068 35.1281 0.344171 -0.867511 -0.359071
-51.7001 67.1677 35.4781 0.340469 -0.867441 -0.362805
-50.7037 67.3815 35.8277 0.318753 -0.867287 -0.382375
-49.5491 67.5066 36.375 0.279209 -0.868903 -0.40869
-48.6361 67.5572 36.8893 0.266051 -0.886249 -0.379183
-47.4758 67.6057 37.4835 0.199781 -0.897574 -0.392999
-46.5078 67.6366 37.9162 0.206012 -0.897306 -0.390386
-45.3338 67.8346 38.049 0.167797 -0.892396 -0.418895
-44.5948 68.3374 37.3005 0.190237 -0.882907 -0.429285
-44.0937 68.8478 36.4265 0.169521 -0.899012 -0.403781
-43.6581 69.2946 35.6493 0.174826 -0.875182 -0.451102
-43.1974 69.7638 34.8947 0.146817 -0.873942 -0.462506
-42.6736 70.3101 34.0938 0.147921 -0.857356 -0.492852
-42.1152 70.8503 33.3161 0.113084 -0.860083 -0.49737
-41.5378 71.3386 32.5958 0.0895793 -0.865114 -0.493237
-40.8177 71.805 31.9191 0.0866989 -0.853681 -0.513529
-39.9972 72.2868 31.1933 0.0330687 -0.866059 -0.498818
-39.3201 72.6176 30.6613 0.0400954 -0.859265 -0.509637
-38.5592 73.0234 30.0273 0.00363115 -0.853352 -0.521322
-37.9014 73.3495 29.4717 -0.0084593 -0.86093 -0.508654
-37.0326 73.7433 28.769 -0.0246729 -0.853649 -0.520265
-36.2535 74.1446 28.0939 -0.0369849 -0.832983 -0.552008
-35.5192 74.6242 27.3096 -0.0449925 -0.833343 -0.550922
-34.8915 75.0626 26.5933 -0.0411886 -0.838946 -0.54265
-34.3049 75.4394 25.9306 -0.0633524 -0.845054 -0.530914
-33.7966 75.827 25.2515 -0.091508 -0.827344 -0.55403
-33.305 76.5156 24.0818 -0.0740113 -0.845781 -0.528373
-33.2082 76.9947 23.2375 -0.0908872 -0.865169 -0.493176
-33.1899 77.7099 21.9947 -0.0827187 -0.859512 -0.504378
-33.1569 78.3044 20.9062 -0.0413796 -0.892348 -0.449448
-33.2132 78.7533 20.0069 -0.0343274 -0.89806 -0.438531
-33.278 79.3165 18.77 -0.0871976 -0.911272 -0.402467
-33.2914 79.7582 17.7409 -0.0233641 -0.919422 -0.392455
-33.2666 80.1885 16.6018 0.0152304 -0.945196 -0.326149
-33.24 80.6274 15.39 0.0139692 -0.931658 -0.363067
-33.2008 81.0216 14.3867 0.0425811 -0.925544 -0.37617
-33.2233 81.4134 13.4559 0.0357062 -0.920432 -0.389268
-33.1911 81.8527 12.415 0.035831 -0.921363 -0.387048
-33.1732 82.2963 11.3872 0.119148 -0.923932 -0.357466
-33.1139 82.6734 10.374 0.169992 -0.914895 -0.366154
-33.0615 83.1086 9.30779 0.170234 -0.907273 -0.383844
-32.8502 83.5346 8.33909 0.196863 -0.914966 -0.352254
-32.5769 84.0294 7.26555 0.243933 -0.906601 -0.343189
-32.2644 84.6353 5.92142 0.26724 -0.890681 -0.367792
-33.279 84.3956 5.71958 0.268157 -0.898086 -0.348616
-34.333 84.1637 5.49885 0.295028 -0.895743 -0.332569
-35.2387 83.9587 5.21837 0.311277 -0.887648 -0.339393
-36.1284 83.788 4.88585 0.280775 -0.911757 -0.297504
-36.9924 83.5729 4.48176 0.323045 -0.911337 -0.253523
-38.031 83.3727 3.97028 0.315842 -0.920125 -0.23145
-38.9576 83.22 3.28041 0.323689 -0.918804 -0.225858
-39.6368 83.134 2.64425 0.315118 -0.922829 -0.221556
-40.3167 83.0545 1.88091 0.368193 -0.908225 -0.198312
-41.0843 82.9386 1.06629 0.351475 -0.911528 -0.213177
-42.4864 82.4039 1.1223 0.35402 -0.912194 -0.205876
-43.4523 81.9378 1.46742 0.36632 -0.908379 -0.201636
-44.3057 81.5108 1.8072 0.390562 -0.901431 -0.186744
-45.4153 80.9326 2.22099 0.412519 -0.895107 -0.16846
-46.3754 80.4215 2.60683 0.421804 -0.892414 -0.160246
-47.2618 79.9121 3.10021 0.435281 -0.888354 -0.146141
-48.2423 79.3224 3.71965 0.448672 -0.880963 -0.149238
-48.9798 78.8786 4.11661 0.442576 -0.887282 -0.129781
-49.7627 78.4265 4.56133 0.458246 -0.880231 -0.121751
-50.5397 77.9332 5.09621 0.470628 -0.874977 -0.113687
-51.2181 77.4982 5.60455 0.495778 -0.861664 -0.108353
-52.2033 76.8401 6.36031 0.490876 -0.864726 -0.106258
-52.7902 76.4306 6.9381 0.499255 -0.859226 -0.111363
-53.4248 75.9575 7.66257 0.509578 -0.85294 -0.113243
-54.2138 75.3395 8.61848 0.531269 -0.838689 -0.119807
-54.6928 74.939 9.2696 0.540009 -0.831091 -0.132961
-55.4209 74.2576 10.5091 0.545127 -0.826114 -0.142727
-55.4348 74.2443 10.5329 0.544826 -0.826299 -0.142814
-56.1792 73.8522 9.96391 0.54369 -0.826412 -0.146438
-56.6375 73.4124 10.7719 0.542178 -0.82898 -0.137245
-56.9978 72.9856 11.7694 0.539321 -0.823366 -0.17664
-57.4658 72.4237 13.0957 0.513323 -0.838781 -0.181511
-57.6659 72.0923 13.9135 0.540828 -0.816413 -0.202421
-57.8613 71.7457 14.7739 0.527706 -0.822062 -0.213835
-58.0445 71.4093 15.6803 0.505547 -0.838176 -0.204652
-58.1864 71.0606 16.6109 0.510814 -0.823136 -0.248023
-58.3009 70.6864 17.6787 0.511915 -0.830748 -0.218634
-58.3047 70.3819 18.7306 0.517558 -0.818053 -0.250844
-58.1409 70.1107 19.9238 0.52222 -0.810591 -0.265005
-57.9606 69.9359 20.7887 0.504447 -0.821706 -0.264473
-57.7178 69.7774 21.742 0.506481 -0.82065 -0.264594
-57.4368 69.6369 22.6546 0.494375 -0.823547 -0.277819
-57.18 69.487 23.5374 0.464464 -0.831875 -0.303738
-56.9708 69.2772 24.4321 0.475867 -0.826203 -0.301281
-56.8291 68.9274 25.5913 0.4886 -0.812219 -0.318435
-56.724 68.5476 26.7535 0.446944 -0.841249 -0.304206
-56.7824 68.1841 27.6572 0.433602 -0.838859 -0.328257
-56.799 67.6425 28.9648 0.415944 -0.843448 -0.33998
-56.7803 67.1891 30.1163 0.404212 -0.849469 -0.339064
-56.7575 66.7864 31.143 0.400186 -0.851966 -0.337646
-56.619 66.4772 32.0863 0.385141 -0.855746 -0.345494
-56.3424 66.2523 32.9527 0.374258 -0.866792 -0.329548
-55.8717 66.0834 33.9329 0.375969 -0.868503 -0.322967
-55.2643 66.0797 34.6228 0.363736 -0.87055 -0.33142
-54.1286 66.1989 35.4995 0.345662 -0.86882 -0.354497
-53.2583 66.3925 35.88 0.331343 -0.884359 -0.328606
-52.3704 66.6165 36.1838 0.340965 -0.879183 -0.332805
-51.4812 66.8323 36.4462 0.305965 -0.89276 -0.330705
-50.6254 66.9959 36.7617 0.278461 -0.887362 -0.367448
-49.6991 67.0845 37.2571 0.271683 -0.886776 -0.373741
-48.6705 67.1384 37.8377 0.25561 -0.890655 -0.376029
-47.7703 67.1624 38.337 0.225877 -0.88792 -0.400722
-46.816 67.1816 38.7993 0.202526 -0.895781 -0.395622
-45.7603 67.2638 39.1402 0.199799 -0.894081 -0.400874
-44.8296 67.5235 39.0251 0.177782 -0.901221 -0.394521
-44.0337 67.9914 38.2498 0.171513 -0.8948 -0.411076
-43.5084 68.5101 37.3754 0.112 -0.893902 -0.434038
-42.9279 69.1117 36.2937 0.132999 -0.889412 -0.436854
-42.3218 69.7137 35.2681 0.125989 -0.894636 -0.427963
-41.8199 70.2026 34.514 0.107695 -0.864998 -0.490082
-41.1279 70.8428 33.5339 0.105349 -0.862651 -0.49467
-40.3814 71.3435 32.765 0.052434 -0.875468 -0.47993
-39.6695 71.7747 32.082 0.0349788 -0.857457 -0.513365
-38.9214 72.1749 31.4508 0.020835 -0.864359 -0.502351
-38.1454 72.5403 30.8408 -0.00154294 -0.859858 -0.510295
-37.2941 72.9353 30.1362 -0.0266137 -0.864458 -0.502001
-36.5755 73.262 29.537 -0.0283754 -0.856034 -0.516104
-35.7124 73.6706 28.7963 -0.0484826 -0.850493 -0.523748
-34.871 74.167 27.9483 -0.0414835 -0.838772 -0.542789
-34.1951 74.6225 27.1476 -0.101973 -0.828009 -0.551365
-33.2209 75.2239 26.0569 -0.0915077 -0.82734 -0.554036
-32.6683 75.7312 25.2314 -0.0807343 -0.833547 -0.546266
-32.385 76.2593 24.347 -0.0892235 -0.843918 -0.529001
-32.2624 76.7151 23.5647 -0.0962876 -0.856478 -0.507123
-32.2221 77.2509 22.6124 -0.0906389 -0.874518 -0.476448
-32.1891 77.8849 21.4752 -0.116826 -0.867962 -0.482084
-32.1845 78.3322 20.6209 -0.127357 -0.874776 -0.467381
-32.2198 78.8279 19.6629 -0.10947 -0.905697 -0.40842
-32.2798 79.2294 18.7509 -0.0729176 -0.905175 -0.418155
-32.3182 79.7944 17.587 -0.0585965 -0.898478 -0.43509
-32.2918 80.1414 16.7443 0.00817564 -0.942216 -0.334806
-32.2835 80.4542 15.8761 0.0167666 -0.932372 -0.360364
-32.2192 80.9065 14.7849 0.0297156 -0.926121 -0.375825
-32.2484 81.3643 13.6642 0.0485988 -0.914651 -0.400348
-32.2146 81.77 12.7494 0.0783635 -0.915765 -0.393996
-32.1693 82.2219 11.7219 0.0691774 -0.911615 -0.405049
-32.1687 82.6658 10.7287 0.10521 -0.905493 -0.41107
-32.1122 83.1394 9.65607 0.170243 -0.907274 -0.38384
-31.9035 83.5903 8.74687 0.192953 -0.896895 -0.39576
-31.7367 84.0165 7.81867 0.226742 -0.901484 -0.368644
-31.3106 84.5644 6.76071 0.249579 -0.89145 -0.378142
-30.9219 85.0099 5.98102 0.256833 -0.890321 -0.375832
-30.5284 85.4679 5.14123 0.262754 -0.894949 -0.360593
-31.7886 85.1768 4.92145 0.283626 -0.898393 -0.335256
-32.7385 84.8834 4.88417 0.291906 -0.897416 -0.330797
-33.7975 84.6282 4.70464 0.289489 -0.9039 -0.314019
-34.7293 84.3991 4.4553 0.305323 -0.904223 -0.298556
-35.8208 84.1731 4.01738 0.303592 -0.905986 -0.294993
-36.7494 83.9266 3.58695 0.376767 -0.887722 -0.264414
-37.7686 83.6902 3.06618 0.315837 -0.920126 -0.231451
-38.6846 83.5569 2.2884 0.325375 -0.919016 -0.222576
-39.452 83.482 1.54197 0.359462 -0.902578 -0.233382
-40.0347 83.4297 0.806765 0.338337 -0.91551 -0.217646
-41.1803 83.2096 -0.166282 0.368899 -0.900503 -0.230235
-42.2278 82.7585 -0.00417757 0.35402 -0.912194 -0.205876
-43.2795 82.2572 0.34261 0.366384 -0.908335 -0.201719
-44.0916 81.8479 0.642835 0.392981 -0.900052 -0.18834
-44.9778 81.3888 0.993213 0.403483 -0.896294 -0.183241
-46.1085 80.7566 1.45037 0.430876 -0.887642 -0.16256
-47.1482 80.1722 1.91155 0.443461 -0.882024 -0.158371
-48.1387 79.5575 2.52758 0.451312 -0.883199 -0.127326
-48.9909 79.0343 3.04319 0.453007 -0.881058 -0.13567
-49.7067 78.6122 3.40533 0.478305 -0.870231 -0.117609
-50.4801 78.1243 3.86105 0.480556 -0.870145 -0.10915
-51.1774 77.6756 4.33958 0.483782 -0.86884 -0.105228
-52.1246 77.0508 5.0143 0.495787 -0.861659 -0.108352
-52.7821 76.6045 5.57157 0.499737 -0.860228 -0.101339
-53.5916 76.022 6.42166 0.512637 -0.852124 -0.105143
-54.2913 75.4798 7.24447 0.525794 -0.843555 -0.109342
-54.872 75.0179 7.9401 0.531903 -0.838689 -0.116958
-55.5543 74.4367 8.92038 0.536162 -0.83348 -0.13357
-55.9757 74.0461 9.62519 0.543688 -0.826413 -0.146439
-56.538 73.8202 8.83361 0.520628 -0.840694 -0.148661
-56.0187 74.2894 7.99516 0.535056 -0.833584 -0.137307
-55.5387 74.695 7.30514 0.519862 -0.845417 -0.122528
-54.7806 75.2909 6.36621 0.515509 -0.849071 -0.114942
-54.2386 75.709 5.75838 0.521112 -0.84656 -0.108351
-53.4277 76.3111 4.87722 0.516547 -0.849508 -0.107257
-52.66 76.8371 4.23504 0.49966 -0.859653 -0.106477
-51.9576 77.3084 3.71724 0.498968 -0.86007 -0.106351
-51.1896 77.8125 3.16646 0.489828 -0.865838 -0.101941
-50.3944 78.3256 2.68125 0.491516 -0.863136 -0.115594
-49.6142 78.8078 2.30287 0.470879 -0.874399 -0.117031
-48.7807 79.3184 1.82155 0.465568 -0.877225 -0.117148
-48.0927 79.7802 1.34166 0.459343 -0.874045 -0.158271
-47.1871 80.3422 0.833024 0.452987 -0.878231 -0.153337
-46.3066 80.8402 0.473106 0.42782 -0.889073 -0.162847
-45.5361 81.2732 0.154735 0.431584 -0.888112 -0.158087
-44.2219 81.9777 -0.374893 0.404064 -0.900647 -0.159898
-43.372 82.3623 -0.66475 0.41487 -0.903577 -0.106914
-42.1671 82.9191 -1.07018 0.375589 -0.926532 -0.0216747
-41.329 83.264 -1.35916 0.349298 -0.934984 -0.048736
-40.4464 83.5569 -1.13725 0.344237 -0.935277 -0.0822076
-39.8298 83.7221 -0.421619 0.349375 -0.93372 -0.0781289
-39.194 83.8329 0.417662 0.357316 -0.910494 -0.206945
-38.59 83.9176 1.1853 0.359458 -0.902582 -0.233376
-37.9073 83.9887 1.8138 0.346552 -0.897857 -0.271579
-37.0565 84.1365 2.42614 0.356647 -0.896796 -0.261841
-35.7849 84.5037 3.02365 0.376768 -0.887721 -0.264415
-34.9299 84.67 3.42267 0.309823 -0.90316 -0.297172
-34.0242 84.8704 3.74802 0.30935 -0.901849 -0.301614
-33.074 85.1217 3.93257 0.281618 -0.901851 -0.327406
-32.0689 85.4261 3.99911 0.295618 -0.894785 -0.334543
-31.0377 85.73 4.07019 0.277267 -0.894944 -0.34957
-30.0308 85.9973 4.16126 0.251669 -0.913784 -0.31878
-28.8935 86.3168 4.21087 0.27301 -0.913851 -0.300571
-29.2361 85.8039 5.29359 0.2626 -0.883686 -0.387479
-30.0111 85.1199 6.32893 0.262574 -0.883838 -0.38715
-30.4872 84.5954 7.23791 0.226694 -0.889021 -0.396406
-30.87 83.9326 8.40855 0.181821 -0.88207 -0.433608
-31.0592 83.4419 9.40412 0.157683 -0.902667 -0.40041
-31.1873 83.0446 10.2144 0.169966 -0.880002 -0.443518
-31.2243 82.6092 11.0971 0.0985395 -0.905538 -0.412567
-31.2293 82.0303 12.3432 0.0856279 -0.908158 -0.409562
-31.2897 81.6323 13.2344 0.0664566 -0.908065 -0.413432
-31.2405 81.1365 14.3071 0.0485953 -0.914647 -0.400359
-31.2688 80.7761 15.1593 0.0294676 -0.920925 -0.388623
-31.2949 80.3853 16.1118 -0.0205277 -0.930202 -0.363715
-31.3349 80.0295 16.9596 -0.0599402 -0.909714 -0.410186
-31.3532 79.5481 17.9656 -0.0610817 -0.899125 -0.433398
-31.2734 79.0746 18.9381 -0.0594418 -0.896146 -0.439679
-31.2757 78.5624 19.9648 -0.0693382 -0.886559 -0.457146
-31.232 78.0489 20.9406 -0.0813813 -0.884417 -0.459547
-31.2372 77.6014 21.7559 -0.112263 -0.866264 -0.486653
-31.2556 77.1699 22.547 -0.119438 -0.870436 -0.477574
-31.2973 76.7144 23.3856 -0.10667 -0.863106 -0.493192
-31.3764 76.253 24.1788 -0.0970831 -0.851945 -0.514471
-31.5565 75.7105 25.08 -0.0915852 -0.843015 -0.530036
-32.2316 74.9828 26.262 -0.089974 -0.821737 -0.56272
-32.9491 74.5059 27.0893 -0.108365 -0.826935 -0.551757
-33.7122 74.0682 27.9132 -0.0925183 -0.853163 -0.513375
-34.3197 73.7152 28.5839 -0.0754689 -0.84048 -0.536561
-34.9041 73.3448 29.2453 -0.0944279 -0.851053 -0.515443
-35.7066 72.9885 29.9645 -0.0370918 -0.875299 -0.482158
-36.6485 72.5477 30.7695 -0.0236647 -0.864652 -0.501805
-37.6194 72.128 31.5359 -0.018677 -0.868213 -0.49584
-38.6269 71.6832 32.3234 0.0216012 -0.872938 -0.486888
-39.411 71.2129 33.0779 0.0395333 -0.874386 -0.483378
-40.2215 70.7476 33.8491 0.0659514 -0.875223 -0.479042
-40.7416 70.2838 34.6162 0.114875 -0.865782 -0.487058
-41.1933 69.8695 35.2759 0.116951 -0.876462 -0.466986
-41.7493 69.3579 36.163 0.102525 -0.900093 -0.423462
-42.3233 68.7712 37.1943 0.153086 -0.88598 -0.437727
-42.7062 68.3596 37.9087 0.13561 -0.902296 -0.409233
-43.1426 67.9457 38.6775 0.130187 -0.908431 -0.396983
-43.9146 67.4136 39.653 0.153215 -0.908772 -0.388148
-44.9615 67.0232 40.1019 0.193743 -0.908561 -0.370109
-45.9004 66.831 40.0836 0.192339 -0.908925 -0.369946
-47.0856 66.7455 39.6848 0.196036 -0.905803 -0.375565
-47.9818 66.7306 39.2113 0.223425 -0.907951 -0.35455
-48.8415 66.7137 38.7272 0.240744 -0.889286 -0.388377
-49.8894 66.6794 38.1065 0.259008 -0.900558 -0.348294
-50.9268 66.5722 37.5683 0.279416 -0.888677 -0.363526
-51.9365 66.3778 37.2519 0.295226 -0.890183 -0.346476
-53.057 66.0764 36.9073 0.34096 -0.879186 -0.332802
-53.8975 65.8765 36.6241 0.331343 -0.884358 -0.328605
-54.9995 65.6625 36.0405 0.343324 -0.88229 -0.322013
-55.872 65.5755 35.2952 0.36127 -0.880632 -0.306548
-56.53 65.573 34.5471 0.378341 -0.869656 -0.317107
-57.1019 65.6707 33.629 0.370131 -0.868229 -0.330427
-57.4698 65.9638 32.4337 0.371912 -0.869869 -0.324053
-57.6409 66.3191 31.3065 0.391962 -0.860336 -0.325864
-57.6607 66.8004 30.0361 0.397694 -0.85332 -0.337171
-57.6504 67.2121 28.9648 0.421019 -0.847804 -0.321595
-57.6751 67.5926 27.9829 0.438393 -0.839136 -0.321672
-57.5726 68.1242 26.6775 0.43978 -0.843083 -0.30952
-57.6827 68.5578 25.3338 0.441216 -0.842851 -0.308108
-57.84 68.8753 24.2244 0.457423 -0.840745 -0.289675
-58.0618 69.0539 23.3192 0.477182 -0.837302 -0.266428
-58.366 69.2066 22.3051 0.466012 -0.844967 -0.262379
-58.6868 69.356 21.2833 0.490592 -0.829115 -0.267746
-58.9199 69.5346 20.2959 0.475588 -0.840026 -0.260983
-59.1312 69.8193 18.9503 0.476975 -0.842576 -0.250108
-59.1665 70.064 18.05 0.481014 -0.843383 -0.23923
-59.1385 70.3449 17.1074 0.49138 -0.837561 -0.238824
-58.9915 70.7684 15.9226 0.501108 -0.830397 -0.243231
-58.8149 71.0818 15.0934 0.516893 -0.834871 -0.18924
-58.5982 71.4094 14.2483 0.518549 -0.832204 -0.196328
-58.3422 71.8467 13.115 0.525884 -0.824462 -0.209066
-58.0974 72.2229 12.2069 0.521634 -0.836702 -0.16592
-57.7218 72.6298 11.226 0.511388 -0.844771 -0.157593
-57.4271 72.9689 10.4283 0.519252 -0.838489 -0.165266
-56.9521 73.4288 9.55173 0.520223 -0.839382 -0.157501
-56.8037 73.5698 9.29071 0.520223 -0.839382 -0.157501
-57.4926 73.2366 8.79078 0.520636 -0.84069 -0.148655
-56.9716 73.7235 7.80035 0.522427 -0.840996 -0.140686
-56.4327 74.1953 6.96575 0.526308 -0.839942 -0.132271
-55.9311 74.6196 6.25747 0.5211 -0.843071 -0.132881
-55.3038 75.0931 5.53786 0.509869 -0.853153 -0.110291
-54.5871 75.6247 4.74601 0.505546 -0.85535 -0.112527
-54.0233 76.0474 4.12549 0.511669 -0.85256 -0.106279
-53.3047 76.5427 3.54973 0.507413 -0.85499 -0.107226
-52.5801 77.0365 2.99756 0.497524 -0.86069 -0.108085
-51.5819 77.699 2.27367 0.491364 -0.864107 -0.108996
-50.7523 78.2315 1.81582 0.498029 -0.858529 -0.121617
-49.9676 78.7352 1.42244 0.474183 -0.872733 -0.116137
-49.085 79.3048 0.863565 0.486932 -0.859495 -0.155413
-48.2069 79.9132 0.254122 0.472835 -0.868579 -0.147045
-47.2198 80.5 -0.229371 0.453838 -0.88019 -0.138914
-46.1464 81.1228 -0.64848 0.444833 -0.880425 -0.163168
-45.1279 81.6945 -1.09115 0.413361 -0.89926 -0.14005
-44.2318 82.1018 -1.42795 0.366113 -0.922268 -0.124026
-42.9634 82.6155 -1.82469 0.330735 -0.939224 -0.0920487
-42.0688 82.9842 -2.16794 0.38146 -0.922775 -0.047278
-41.1605 83.4016 -2.58163 0.378355 -0.922936 -0.0699844
-40.3003 83.7299 -2.40275 0.367916 -0.927451 -0.066878
-39.4207 83.9643 -1.45799 0.362214 -0.927022 -0.095687
-38.7359 84.1602 -0.469233 0.394952 -0.91417 -0.0911338
-38.1545 84.251 0.329899 0.368691 -0.915717 -0.156102
-37.3127 84.3928 1.20131 0.333615 -0.912643 -0.236187
-36.0115 84.6923 2.02231 0.376811 -0.891185 -0.252592
-35.1324 84.939 2.42166 0.310096 -0.899193 -0.308695
-34.1419 85.1596 2.79141 0.317219 -0.894634 -0.314595
-33.2622 85.3984 2.9851 0.308863 -0.896354 -0.318016
-32.0596 85.7629 3.10942 0.305126 -0.897872 -0.317371
-30.6241 86.1805 3.18077 0.245539 -0.91521 -0.319534
-29.6142 86.446 3.21182 0.257799 -0.91236 -0.318025
-27.9872 86.8183 3.33521 0.216671 -0.952664 -0.213272
-27.2891 86.838 4.20033 0.12038 -0.979825 -0.15805
-27.8081 86.5589 5.04711 0.421372 -0.898992 -0.119414
-28.3204 86.0651 5.73598 0.527646 -0.796644 -0.29487
-29.0003 85.3494 6.55313 0.303393 -0.890527 -0.338991
-29.4247 84.9234 7.22983 0.317724 -0.842475 -0.435072
-29.7702 84.4342 7.92469 0.26076 -0.863361 -0.427639
-30.0351 83.7387 9.17704 0.216122 -0.880007 -0.422466
-30.2417 83.1937 10.2809 0.163442 -0.891113 -0.422612
-30.3046 82.6086 11.3821 0.156943 -0.875058 -0.457868
-30.2982 82.1604 12.327 0.124192 -0.896607 -0.425056
-30.2755 81.5992 13.4184 0.034529 -0.900586 -0.433301
-30.2749 81.0057 14.6733 0.0372009 -0.905495 -0.422723
-30.3311 80.5528 15.7012 -0.0103442 -0.905615 -0.423974
-30.3641 80.0641 16.7459 -0.0278803 -0.902567 -0.429244
-30.3524 79.5595 17.8005 -0.0599587 -0.90093 -0.429801
-30.2876 79.0359 18.8764 -0.0629547 -0.892557 -0.446519
-30.298 78.478 19.9659 -0.0753971 -0.879939 -0.469065
-30.2837 78.0333 20.8027 -0.0932361 -0.873255 -0.47764
-30.2942 77.2404 22.1839 -0.131246 -0.857528 -0.496703
-30.3136 76.7916 22.9984 -0.120407 -0.869591 -0.478866
-30.4038 76.24 23.9833 -0.154217 -0.837093 -0.524753
-30.5615 75.5976 25.0781 -0.169581 -0.829492 -0.531746
-30.8545 75.1039 25.8443 -0.130445 -0.807293 -0.575553
-31.6294 74.4634 26.9218 -0.123999 -0.810782 -0.572064
-32.2826 74.0558 27.633 -0.109497 -0.831284 -0.544894
-32.9195 73.6957 28.3232 -0.123037 -0.836934 -0.533127
-33.6486 73.3107 29.1059 -0.129216 -0.832933 -0.538076
-34.4323 72.864 29.9907 -0.109014 -0.865375 -0.489124
-35.1522 72.5749 30.6636 -0.0599541 -0.866958 -0.492976
-35.8766 72.2261 31.2984 -0.0181922 -0.867364 -0.497341
-36.9112 71.8016 32.0949 -0.00999717 -0.872213 -0.489023
-37.5992 71.5198 32.6216 -0.0123774 -0.875804 -0.482508
-38.4722 71.1002 33.367 0.0439044 -0.878931 -0.474924
-39.1322 70.7286 34.0038 0.0340246 -0.881461 -0.47103
-39.7581 70.2557 34.8229 0.0488535 -0.87697 -0.478056
-40.2288 69.8619 35.508 0.100752 -0.875977 -0.471714
-40.7923 69.3497 36.4098 0.0945504 -0.901325 -0.422638
-41.3904 68.7668 37.4931 0.103285 -0.89678 -0.430253
-41.8888 68.2377 38.4491 0.136091 -0.902194 -0.409298
-42.3043 67.85 39.188 0.13781 -0.915555 -0.377841
-42.9122 67.3837 40.1013 0.135994 -0.917562 -0.373593
-43.6046 67.0367 40.7004 0.13943 -0.917428 -0.372673
-44.6924 66.6917 41.045 0.185706 -0.914476 -0.359092
-45.7638 66.4476 41.1066 0.19773 -0.914502 -0.352728
-46.6661 66.3503 40.8811 0.188938 -0.912727 -0.362259
-47.4917 66.3368 40.482 0.202739 -0.916281 -0.345436
-48.3796 66.3256 39.9978 0.212816 -0.905996 -0.365573
-49.4533 66.3099 39.3385 0.233656 -0.904332 -0.357196
-50.4689 66.2436 38.7692 0.282388 -0.89614 -0.342329
-51.6511 66.0762 38.2359 0.282558 -0.898229 -0.336669
-52.5565 65.8767 37.9719 0.326999 -0.88948 -0.318576
-53.5246 65.6337 37.7071 0.310588 -0.898289 -0.310826
-54.4446 65.4016 37.3916 0.335262 -0.892807 -0.300825
-55.3949 65.1973 36.9195 0.340191 -0.893745 -0.292387
-56.469 65.0997 35.9703 0.351391 -0.885558 -0.303827
-57.3316 65.0796 34.9351 0.385731 -0.883539 -0.26565
-57.8458 65.1391 34.1492 0.381285 -0.858052 -0.344048
-58.2668 65.3602 33.1432 0.365709 -0.870059 -0.32991
-58.4783 65.6902 31.9966 0.378245 -0.867916 -0.321953
-58.5735 65.9959 31.0356 0.385991 -0.865392 -0.319367
-58.5448 66.4296 29.9427 0.392829 -0.858044 -0.330818
-58.5008 66.8674 28.8079 0.394726 -0.864814 -0.310304
-58.5087 67.2268 27.7928 0.417264 -0.854565 -0.308253
-58.4459 67.6253 26.7988 0.438679 -0.843326 -0.310422
-58.4734 67.9758 25.801 0.438309 -0.844726 -0.30712
-58.6448 68.3329 24.5117 0.463368 -0.839467 -0.28385
-58.8127 68.5443 23.6181 0.466341 -0.841923 -0.271462
-59.0981 68.674 22.7199 0.466011 -0.844968 -0.262377
-59.3973 68.8305 21.6743 0.469005 -0.842859 -0.263859
-59.7438 69.0572 20.33 0.4721 -0.840512 -0.265785
-59.928 69.2242 19.4281 0.470218 -0.845753 -0.252185
-60.0083 69.4511 18.5176 0.476982 -0.842574 -0.250103
-59.9742 69.8618 17.093 0.468878 -0.850662 -0.2377
-59.8572 70.1945 16.0588 0.495981 -0.840513 -0.215426
-59.6036 70.6777 14.7368 0.500054 -0.840571 -0.208296
-59.3148 71.1348 13.5557 0.49364 -0.847052 -0.197034
-59.0865 71.5118 12.5635 0.528725 -0.826365 -0.193147
-58.76 71.9636 11.4312 0.521628 -0.836706 -0.165921
-58.2398 72.529 10.1068 0.51517 -0.841444 -0.162917
-57.6065 73.1273 8.99746 0.519581 -0.839868 -0.157026
-58.2512 72.8586 8.33195 0.505293 -0.850539 -0.145815
-57.8039 73.2714 7.47261 0.510197 -0.847636 -0.145529
-57.3355 73.6732 6.72216 0.508309 -0.851016 -0.131885
-56.6445 74.2581 5.66193 0.526364 -0.842602 -0.113853
-56.1077 74.6764 5.04503 0.51026 -0.852138 -0.116022
-55.5147 75.1272 4.38032 0.510657 -0.851123 -0.121737
-54.8942 75.5927 3.65876 0.495522 -0.861 -0.114615
-54.0797 76.1583 2.97556 0.502714 -0.856582 -0.116222
-53.3586 76.6557 2.44661 0.502294 -0.857624 -0.110207
-52.5386 77.2216 1.79777 0.500034 -0.857158 -0.123476
-51.6236 77.8272 1.21913 0.485848 -0.863155 -0.137535
-50.9136 78.2859 0.848688 0.492634 -0.85974 -0.134509
-50.2085 78.7363 0.479833 0.479976 -0.866183 -0.139105
-49.4943 79.2194 0.00185466 0.505284 -0.85026 -0.147467
-48.78 79.7322 -0.519072 0.472829 -0.868581 -0.147054
-47.4962 80.502 -1.14563 0.456963 -0.87883 -0.137217
-46.719 80.9709 -1.45563 0.461548 -0.871942 -0.163372
-45.9816 81.4079 -1.77037 0.413364 -0.89926 -0.140043
-44.8124 81.9853 -2.27574 0.382365 -0.915937 -0.120583
-43.8763 82.3626 -2.56753 0.336922 -0.93718 -0.0904252
-42.7551 82.777 -2.92179 0.306101 -0.950847 -0.0468156
-41.8903 83.1241 -3.38983 0.364638 -0.924196 0.052187
-40.8286 83.4234 -3.78869 0.334035 -0.93022 0.1505
-40.031 83.7628 -3.49725 0.302965 -0.927359 0.219583
-39.2319 84.1753 -2.71861 0.349401 -0.933535 -0.0299072
-38.4894 84.3862 -1.6981 0.393937 -0.914978 -0.0873475
-37.9505 84.5423 -0.871827 0.405079 -0.905677 -0.12188
-37.189 84.7062 0.165295 0.366939 -0.908231 -0.193759
-36.3725 84.8823 0.843633 0.40327 -0.881985 -0.243875
-35.289 85.176 1.44942 0.375031 -0.880441 -0.29013
-34.1739 85.467 1.87548 0.32186 -0.889501 -0.324337
-32.929 85.8143 2.12898 0.304749 -0.897913 -0.317616
-31.8907 86.1347 2.22707 0.309119 -0.894795 -0.322161
-30.7542 86.4663 2.25744 0.230949 -0.928553 -0.28844
-29.5945 86.7235 2.25004 0.191997 -0.946429 -0.259632
-28.5784 86.9153 2.30207 0.19931 -0.950365 -0.23777
-27.4855 86.9862 2.37029 0.0611081 -0.998124 -0.00386602
-26.4865 86.974 2.69504 -0.111576 -0.992934 -0.0404111
-26.0332 86.9469 3.75276 -0.0842173 -0.993325 0.0788205
-26.3473 86.8705 4.78853 0.119224 -0.983418 -0.136655
-26.8701 86.6885 5.5382 0.123755 -0.976072 -0.176822
-27.5675 86.3172 6.35173 0.521661 -0.776573 -0.350957
-28.3722 85.279 7.30002 0.413151 -0.824883 -0.363224
-28.8608 84.6033 8.19001 0.283499 -0.829248 -0.481638
-29.0957 84.0006 9.12702 0.25074 -0.854556 -0.453252
-29.236 83.5052 10.0284 0.138251 -0.860756 -0.489883
-29.3667 82.8156 11.2607 0.0764804 -0.878349 -0.469808
-29.3267 82.22 12.3143 0.0390292 -0.863982 -0.502007
-29.2783 81.7593 13.1684 0.0164447 -0.895747 -0.443733
-29.2654 81.271 14.1045 -0.030622 -0.890855 -0.451951
-29.3201 80.8502 15.0004 -0.0517499 -0.902074 -0.428465
-29.3868 80.4587 15.8268 -0.0454106 -0.899516 -0.434522
-29.4045 80.0425 16.6845 -0.0488301 -0.895865 -0.441635
-29.3783 79.6205 17.5336 -0.120003 -0.879596 -0.460337
-29.3426 79.1461 18.431 -0.119558 -0.879697 -0.46026
-29.3307 78.4686 19.7148 -0.141924 -0.868091 -0.475685
-29.3283 78.01 20.5502 -0.162106 -0.856559 -0.489927
-29.297 77.3658 21.6845 -0.125821 -0.870454 -0.475897
-29.3393 76.9375 22.4803 -0.126029 -0.871858 -0.473266
-29.3796 76.4987 23.2955 -0.133915 -0.85143 -0.505858
-29.5088 75.7497 24.5025 -0.154216 -0.837094 -0.524753
-29.6601 75.2311 25.3354 -0.172059 -0.820629 -0.544944
-30.044 74.7033 26.2206 -0.152361 -0.805265 -0.573005
-30.5892 74.2385 27.0152 -0.125771 -0.811372 -0.570834
-31.3009 73.7564 27.8547 -0.123294 -0.811987 -0.570504
-32.0985 73.2949 28.7613 -0.127408 -0.83012 -0.542834
-32.7393 73.0392 29.3466 -0.106696 -0.85905 -0.500391
-33.3126 72.6652 30.0976 -0.10013 -0.86486 -0.491783
-34.1953 72.3091 30.9341 -0.107605 -0.868199 -0.484406
-34.9832 71.9679 31.7086 -0.083001 -0.877099 -0.473076
-35.9633 71.5677 32.4902 -0.0391458 -0.876022 -0.48049
-37.1466 71.1286 33.3236 -0.00306684 -0.878538 -0.477637
-37.8198 70.8175 33.8995 -0.00890199 -0.876277 -0.481726
-38.4381 70.4831 34.5134 0.034192 -0.881207 -0.471493
-38.9242 70.0794 35.2316 0.0416135 -0.878962 -0.475005
-39.5087 69.6043 36.1401 0.0699674 -0.886379 -0.456226
-40.1983 68.9877 37.3045 0.0813889 -0.898806 -0.430704
-40.6479 68.5266 38.1605 0.09575 -0.894833 -0.436011
-41.0785 68.1234 38.972 0.114197 -0.919468 -0.376035
-41.7023 67.579 40.0642 0.1378 -0.915555 -0.377845
-42.1673 67.2091 40.8077 0.137922 -0.919626 -0.367768
-42.9001 66.8386 41.4644 0.141553 -0.922098 -0.360136
-43.9256 66.5189 41.8625 0.155021 -0.916449 -0.36887
-45.0463 66.2396 42.0698 0.171114 -0.918447 -0.356205
-45.9421 66.0471 42.0664 0.214231 -0.908039 -0.359959
-47.1166 65.9359 41.7006 0.182818 -0.910388 -0.371176
-48.4257 65.9217 40.9984 0.225023 -0.906978 -0.356027
-49.3498 65.9039 40.4512 0.231513 -0.907824 -0.349654
-50.3682 65.8959 39.7987 0.253808 -0.908296 -0.331224
-51.3408 65.7876 39.2664 0.279354 -0.898786 -0.337836
-52.4475 65.5899 38.9105 0.261567 -0.910809 -0.31939
-53.8212 65.2468 38.5351 0.314733 -0.899792 -0.302167
-54.9268 64.9426 38.1938 0.342587 -0.886114 -0.312147
-55.8572 64.7324 37.7159 0.363301 -0.87757 -0.312864
-56.6318 64.6423 37.0912 0.342712 -0.881554 -0.324671
-57.3763 64.627 36.3103 0.348575 -0.891685 -0.288779
-58.0944 64.6141 35.4093 0.344085 -0.904883 -0.250585
-58.7399 64.6774 34.3896 0.316315 -0.897748 -0.306181
-59.1135 64.8797 33.451 0.342021 -0.877655 -0.334498
-59.3205 65.126 32.555 0.368184 -0.876302 -0.310702
-59.443 65.6131 31.0436 0.380879 -0.870488 -0.31174
-59.4392 65.9835 30.0312 0.397577 -0.857852 -0.325567
-59.3594 66.4123 28.984 0.397461 -0.861591 -0.315656
-59.3477 66.7989 27.9149 0.396679 -0.864815 -0.3078
-59.2864 67.2004 26.8615 0.406552 -0.863718 -0.297514
-59.3152 67.5002 25.9231 0.417561 -0.862354 -0.286337
-59.4011 67.7648 24.9966 0.422272 -0.862042 -0.280302
-59.6405 68.0719 23.688 0.427816 -0.86194 -0.27192
-59.9405 68.2302 22.716 0.444953 -0.860353 -0.248614
-60.3301 68.38 21.4959 0.45031 -0.855314 -0.256007
-60.5834 68.5469 20.5057 0.466059 -0.850108 -0.245165
-60.7672 68.734 19.5076 0.468138 -0.84793 -0.248676
-60.8668 68.9499 18.5854 0.473796 -0.845081 -0.2477
-60.8844 69.2292 17.5667 0.465822 -0.851236 -0.241677
-60.7398 69.6945 16.1074 0.477232 -0.853016 -0.211221
-60.5867 69.9895 15.2621 0.476958 -0.853666 -0.20919
-60.3998 70.3232 14.3157 0.476697 -0.854311 -0.207152
-60.1605 70.6795 13.3975 0.47476 -0.856368 -0.202974
-59.9174 71.0338 12.4391 0.502774 -0.844285 -0.185474
-59.6351 71.4704 11.2432 0.50722 -0.840513 -0.190435
-59.2451 71.9444 10.1177 0.493939 -0.853553 -0.165488
-58.8544 72.3231 9.28528 0.499836 -0.850995 -0.16098
-58.514 72.6364 8.71629 0.505382 -0.850462 -0.145956
-59.1891 72.3445 8.07964 0.490263 -0.858235 -0.150867
-59.7504 71.853 9.02235 0.493287 -0.855496 -0.157463
-60.2103 71.3896 10.0915 0.496346 -0.852596 -0.163399
-60.5203 70.996 11.0989 0.478665 -0.855864 -0.195901
-60.6775 70.7208 11.9434 0.476063 -0.859101 -0.187908
-60.9655 70.3288 12.9768 0.47631 -0.856948 -0.196897
-61.29 69.8399 14.2779 0.460514 -0.864289 -0.201602
-61.459 69.5463 15.208 0.446247 -0.869796 -0.209903
-61.6435 69.1889 16.2303 0.453446 -0.863507 -0.220717
-61.7281 68.91 17.1294 0.452744 -0.859711 -0.236144
-61.7493 68.5336 18.3747 0.453339 -0.854768 -0.252696
-61.5986 68.2646 19.6491 0.44832 -0.864877 -0.225826
-61.433 68.0822 20.5863 0.431173 -0.864895 -0.25691
-61.1465 67.8712 21.7937 0.445965 -0.860191 -0.247359
-60.775 67.7902 22.745 0.445393 -0.860305 -0.247991
-60.4294 67.631 23.8308 0.433592 -0.861487 -0.264269
-60.248 67.3158 25.1001 0.422497 -0.861696 -0.281026
-60.2022 67.025 26.0606 0.420027 -0.862026 -0.283682
-60.197 66.7354 26.963 0.398925 -0.874445 -0.276054
-60.2366 66.3672 28.0331 0.386596 -0.871888 -0.300263
-60.2722 65.9949 29.0032 0.3853 -0.865034 -0.321342
-60.3275 65.6508 29.8892 0.36445 -0.885448 -0.288372
-60.343 65.1981 31.2048 0.345668 -0.886306 -0.308126
-60.3056 64.8829 32.1699 0.340893 -0.888186 -0.308047
-60.1415 64.5769 33.2304 0.335818 -0.890825 -0.306034
-59.7205 64.2938 34.5219 0.334026 -0.892512 -0.303067
-59.2045 64.1842 35.4393 0.32755 -0.911402 -0.248589
-58.6016 64.1816 36.2857 0.334613 -0.902526 -0.269949
-57.8343 64.1927 37.1694 0.312972 -0.911383 -0.266887
-57.0594 64.2301 37.9072 0.302018 -0.916391 -0.262704
-55.8409 64.4004 38.8122 0.334007 -0.907909 -0.253192
-54.8414 64.6446 39.2159 0.294199 -0.919917 -0.259229
-53.6463 64.9693 39.536 0.31697 -0.898271 -0.304368
-52.6724 65.2277 39.7591 0.263297 -0.909898 -0.320556
-51.7119 65.4033 40.0448 0.261546 -0.910782 -0.319483
-50.9264 65.4804 40.5105 0.253812 -0.908293 -0.331228
-49.7433 65.4785 41.2891 0.231182 -0.904617 -0.358082
-48.5694 65.5205 41.9307 0.218293 -0.905558 -0.363596
-47.6169 65.521 42.4718 0.197197 -0.907185 -0.371363
-46.6692 65.5542 42.8913 0.195688 -0.912396 -0.359498
-45.7866 65.691 43.0489 0.192787 -0.906496 -0.375631
-44.4612 65.9968 42.932 0.155705 -0.9199 -0.359915
-43.4087 66.2524 42.7355 0.151597 -0.917843 -0.366846
-42.5571 66.5168 42.4284 0.149581 -0.921906 -0.357237
-41.7427 66.8773 41.8106 0.140999 -0.923984 -0.355428
-40.9745 67.3881 40.7945 0.126843 -0.922209 -0.365297
-40.5328 67.7378 40.0681 0.125092 -0.918616 -0.374713
-40.1186 68.1201 39.2556 0.105117 -0.923497 -0.368923
-39.6074 68.5853 38.2721 0.118577 -0.915316 -0.384884
-39.0431 69.1396 37.2017 0.061624 -0.904839 -0.420787
-38.5244 69.5746 36.3018 0.0440414 -0.903508 -0.426112
-37.93 70.0337 35.3678 0.0198757 -0.905422 -0.424048
-37.3443 70.4211 34.6118 -0.00483605 -0.876361 -0.481613
-36.5779 70.7785 33.9599 -0.000777425 -0.876445 -0.481501
-35.6279 71.1148 33.3088 -0.0446933 -0.881752 -0.469591
-34.6788 71.4463 32.6174 -0.0577556 -0.873136 -0.483364
-34.0098 71.6983 32.0377 -0.08301 -0.877098 -0.473077
-33.3435 71.959 31.3839 -0.116537 -0.882686 -0.455286
-32.6021 72.269 30.6431 -0.11691 -0.869238 -0.480359
-31.9111 72.647 29.8136 -0.132437 -0.858366 -0.495499
-31.16 72.9094 29.1331 -0.132626 -0.849982 -0.509455
-30.5283 73.3385 28.296 -0.130229 -0.84127 -0.524672
-29.8743 73.7542 27.5102 -0.156147 -0.80772 -0.568512
-29.1888 74.358 26.4888 -0.143097 -0.815044 -0.561039
-28.7982 74.8099 25.6952 -0.160288 -0.817636 -0.552711
-28.5979 75.3351 24.8408 -0.174325 -0.820957 -0.543729
-28.5263 75.8807 23.9732 -0.179306 -0.82657 -0.533501
-28.3817 76.609 22.8161 -0.174978 -0.821534 -0.542646
-28.3058 77.1271 21.8776 -0.130588 -0.857246 -0.498072
-28.3681 77.6618 20.9347 -0.106089 -0.866471 -0.487826
-28.349 78.1534 20.0444 -0.109438 -0.871113 -0.478734
-28.3797 78.61 19.2007 -0.101871 -0.87806 -0.467581
-28.3964 79.1007 18.2719 -0.117053 -0.880451 -0.459451
-28.4087 79.6865 17.1548 -0.120009 -0.879598 -0.460332
-28.4593 80.3053 16.0165 -0.0873403 -0.884124 -0.458147
-28.3321 80.8942 14.7813 -0.0601989 -0.893686 -0.444245
-28.3004 81.5884 13.499 -0.00637476 -0.885246 -0.46487
-28.3576 82.0899 12.6113 0.0364199 -0.862558 -0.504646
-28.4122 82.6028 11.7133 0.0310379 -0.874289 -0.48436
-28.3837 83.0414 10.9153 0.0252149 -0.876448 -0.480835
-28.2906 83.5152 10.1261 0.141239 -0.806219 -0.574511
-28.2032 84.0607 9.38287 0.141474 -0.805092 -0.576032
-28.0329 84.6546 8.59465 0.211793 -0.821703 -0.521276
-27.5172 85.3747 7.66033 0.287889 -0.827278 -0.482421
-27.0231 85.9805 7.13515 0.288829 -0.739758 -0.607637
-26.396 86.5933 6.49214 0.162775 -0.9774 -0.134882
-25.6405 86.8552 5.50564 0.083659 -0.981344 -0.152862
-25.1499 86.877 4.64483 -0.103929 -0.992654 -0.0619489
-24.9657 86.7859 3.17157 -0.115892 -0.99156 -0.000512896
-25.3612 86.8725 2.1665 -0.0969694 -0.994369 -0.0427427
-26.0853 86.9827 1.529 -0.127857 -0.989399 -0.068866
-27.3616 87.1512 1.33656 -0.110787 -0.991434 -0.069173
-28.3152 87.1585 1.30483 0.101221 -0.972798 -0.208373
-29.3786 87.0201 1.24945 0.159146 -0.963331 -0.216022
-30.7151 86.7529 1.31322 0.17069 -0.923642 -0.343147
-32.1616 86.3801 1.32445 0.292696 -0.899332 -0.324399
-33.0936 86.1006 1.22396 0.315982 -0.888589 -0.33231
-34.1292 85.8046 0.994173 0.323978 -0.88828 -0.325559
-35.0691 85.5208 0.611703 0.394472 -0.891209 -0.223915
-35.9288 85.2626 0.124778 0.392833 -0.891977 -0.223732
-36.6868 85.0583 -0.585095 0.414164 -0.898425 -0.145947
-37.3579 84.8806 -1.53936 0.411392 -0.906574 -0.0942396
-37.9596 84.7096 -2.51418 0.410918 -0.908958 -0.0326366
-38.5227 84.3993 -3.40754 0.461545 -0.884138 0.0726395
-39.1156 83.9763 -4.14438 0.48457 -0.840887 0.241043
-40.074 83.5028 -4.76459 0.253308 -0.959945 0.119755
-40.9937 83.2554 -4.86546 0.191452 -0.979719 0.0283131
-41.9034 83.0675 -4.54984 0.194346 -0.980651 -0.0235061
-42.6397 82.8633 -4.07285 0.294404 -0.95546 -0.0205613
-43.8788 82.4614 -3.58857 0.281444 -0.958693 -0.041191
-44.743 82.1316 -3.34762 0.387808 -0.917079 -0.0925818
-45.7947 81.6325 -2.91016 0.400488 -0.909423 -0.112064
-46.8147 81.0727 -2.45001 0.473323 -0.873516 -0.112163
-47.5463 80.6235 -2.14642 0.45456 -0.881253 -0.129491
-48.6132 80.0006 -1.68836 0.479215 -0.867787 -0.12959
-49.6121 79.3253 -1.09004 0.506026 -0.852028 -0.134024
-50.247 78.8735 -0.595335 0.497166 -0.858148 -0.127679
-51.3413 78.1622 0.0268731 0.492448 -0.862092 -0.119553
-52.1544 77.636 0.433403 0.512149 -0.8512 -0.114724
-52.856 77.1543 0.875195 0.510214 -0.852845 -0.110984
-53.5129 76.7034 1.37733 0.496446 -0.86092 -0.111163
-54.2362 76.213 1.9278 0.498603 -0.859446 -0.112905
-54.9214 75.7487 2.41893 0.500848 -0.857624 -0.116531
-55.588 75.2763 2.99845 0.506786 -0.854545 -0.113668
-56.5014 74.579 4.12628 0.506973 -0.852555 -0.126976
-57.0896 74.1429 4.69037 0.509565 -0.850234 -0.132006
-57.6881 73.645 5.60797 0.495292 -0.858453 -0.133211
-58.2841 73.146 6.55493 0.494775 -0.857847 -0.138909
-58.8323 72.6568 7.49505 0.504401 -0.850691 -0.147982
-58.9493 72.5477 7.72604 0.505293 -0.850539 -0.145815
-59.4678 72.4044 6.84238 0.473471 -0.869056 -0.143408
-58.8597 72.9341 5.82731 0.492262 -0.858721 -0.142375
-58.4015 73.3231 5.04455 0.490309 -0.860443 -0.138687
-57.5711 73.9943 3.78294 0.497477 -0.85739 -0.131571
-56.976 74.4295 3.23873 0.496538 -0.859871 -0.11861
-56.4671 74.8249 2.52023 0.497933 -0.858888 -0.11989
-55.8063 75.3016 1.87251 0.504234 -0.854761 -0.123011
-55.0066 75.8474 1.33328 0.497754 -0.859419 -0.116697
-54.3763 76.2822 0.784609 0.493903 -0.861846 -0.115243
-53.1725 77.0965 0.00498557 0.500312 -0.854867 -0.137433
-52.5107 77.5528 -0.432234 0.49899 -0.855607 -0.137646
-51.6627 78.1114 -0.882403 0.485549 -0.864004 -0.133191
-50.9114 78.5885 -1.25302 0.486638 -0.864433 -0.125823
-50.003 79.2334 -1.98932 0.505018 -0.853453 -0.128742
-48.9062 79.9551 -2.59383 0.502639 -0.856739 -0.115556
-47.8894 80.5772 -3.05083 0.457823 -0.880319 -0.124243
-46.9674 81.1204 -3.42294 0.434618 -0.883112 -0.176691
-45.8477 81.7708 -3.92243 0.390255 -0.896392 -0.203301
-45.0176 82.1762 -4.27306 0.346436 -0.909193 -0.230976
-44.1126 82.4335 -4.56126 0.282289 -0.95854 -0.0389029
-43.2447 82.7 -4.9248 0.29033 -0.956436 -0.030627
-42.132 82.971 -5.7457 0.247515 -0.965939 0.075489
-41.2302 83.125 -5.90211 0.213051 -0.974073 0.0713646
-40.304 83.3476 -5.96896 0.237535 -0.969359 0.0626055
-39.4022 83.6078 -5.64431 0.250348 -0.964706 0.081338
-38.7394 83.9195 -5.14907 0.494953 -0.83901 0.226018
-38.0779 84.5414 -4.39483 0.501099 -0.845704 0.15668
-37.6219 84.8394 -3.67261 0.443888 -0.894098 0.0504541
-36.9245 85.1972 -2.46475 0.433733 -0.897768 -0.0502135
-36.1995 85.4232 -1.32496 0.448688 -0.888341 -0.0976205
-35.4346 85.6838 -0.575849 0.443888 -0.87187 -0.194781
-34.5745 85.9422 -0.0889242 0.40729 -0.877292 -0.253915
-33.302 86.3578 0.317252 0.326158 -0.887206 -0.326323
-32.442 86.6022 0.445283 0.288443 -0.901685 -0.321851
-31.3524 86.9291 0.478254 0.249737 -0.914922 -0.314827
-30.2477 87.2167 0.315319 0.173521 -0.920589 -0.349866
-29.1851 87.3417 0.285083 -0.00908691 -0.95607 -0.262254
-28.2104 87.2647 0.314654 -0.0131108 -0.999074 -0.04097
-27.1777 87.2037 0.31018 -0.112222 -0.991063 -0.0721166
-25.85 87.0056 0.497688 -0.142037 -0.989392 -0.0304667
-24.7651 86.8011 1.24672 -0.193168 -0.980205 0.0430106
-24.0319 86.7021 2.17477 -0.216734 -0.975125 0.0390588
-23.7876 86.6673 3.10142 -0.103366 -0.992994 -0.0572488
-23.9125 86.7015 4.09037 -0.128423 -0.990125 0.0562165
-24.3288 86.7675 5.30181 -0.107174 -0.993473 -0.0346093
-24.9797 86.7082 6.37106 0.00454291 -0.985288 -0.170843
-25.6181 86.6168 7.13103 0.229169 -0.880569 -0.270799
-26.2503 85.9109 7.6865 0.427546 -0.769288 -0.474503
-26.9872 85.1576 8.43599 0.342408 -0.841812 -0.417265
-27.2254 84.4761 9.03675 0.279743 -0.668791 -0.688812
-27.2911 83.9484 9.76382 0.141358 -0.805657 -0.575268
-27.3823 83.2475 10.6765 0.072346 -0.794155 -0.603393
-27.4736 82.5241 11.8902 0.0121697 -0.875636 -0.482818
-27.4222 82.049 12.6708 -0.0120763 -0.857637 -0.513853
-27.2982 81.5721 13.4851 -0.0223345 -0.867121 -0.497597
-27.3205 80.9922 14.4967 -0.0345435 -0.870379 -0.490962
-27.4681 80.474 15.5148 -0.0729689 -0.880955 -0.467376
-27.4965 79.8336 16.6882 -0.082932 -0.873826 -0.479115
-27.4229 79.3795 17.494 -0.0994544 -0.87596 -0.471588
-27.4023 78.8301 18.5461 -0.11328 -0.882815 -0.455857
-27.3866 78.2626 19.6237 -0.11576 -0.870651 -0.478079
-27.3832 77.7472 20.5589 -0.113434 -0.870286 -0.479306
-27.3236 77.0204 21.8148 -0.118946 -0.856936 -0.50151
-27.4124 76.4412 22.7648 -0.164096 -0.825217 -0.540453
-27.6156 75.9208 23.6169 -0.170114 -0.817746 -0.549851
-27.5996 75.4016 24.4031 -0.185075 -0.827328 -0.530355
-27.6961 74.9197 25.1716 -0.184315 -0.818998 -0.543358
-27.9257 74.4279 25.9889 -0.182634 -0.823494 -0.537125
-28.4304 73.9804 26.845 -0.151216 -0.816958 -0.555307
-29.1095 73.3236 27.96 -0.12407 -0.839458 -0.528987
-29.659 72.9145 28.7532 -0.134972 -0.841286 -0.523469
-30.2038 72.5954 29.4083 -0.137127 -0.853103 -0.503229
-30.9069 72.1889 30.3163 -0.14371 -0.858765 -0.491786
-31.6494 71.8638 31.1445 -0.116909 -0.869242 -0.480352
-32.4195 71.6211 31.816 -0.114532 -0.888707 -0.443893
-33.2825 71.3403 32.5906 -0.0905919 -0.886245 -0.453637
-34.4093 70.9379 33.4826 -0.0680784 -0.864159 -0.498591
-35.1929 70.6932 34.0157 -0.0710237 -0.868369 -0.490725
-35.9577 70.4609 34.5323 -0.0034906 -0.87459 -0.48485
-36.7134 70.1034 35.2074 -0.0168012 -0.899132 -0.437355
-37.3336 69.6627 36.1293 -0.0134775 -0.898091 -0.439603
-37.8055 69.3509 36.849 0.01373 -0.91255 -0.408146
-38.4706 68.7555 38.1362 0.0470583 -0.918036 -0.393498
-38.9374 68.3045 39.1007 0.0695403 -0.925487 -0.37083
-39.4019 67.8471 40.1733 0.117522 -0.926735 -0.356863
-40.0203 67.3896 41.1196 0.131891 -0.926728 -0.351291
-40.5605 67.0176 41.9342 0.141963 -0.932858 -0.331093
-41.124 66.6863 42.6081 0.166111 -0.924359 -0.343463
-41.8235 66.356 43.1409 0.158593 -0.915289 -0.370176
-42.6542 66.0574 43.5401 0.156033 -0.911657 -0.380017
-43.5915 65.7958 43.7705 0.137453 -0.916 -0.376897
-44.5409 65.6115 43.8736 0.15459 -0.912166 -0.379001
-45.9606 65.2894 43.9473 0.192396 -0.91363 -0.35814
-47.0375 65.1436 43.7278 0.197269 -0.911078 -0.36197
-48.1505 65.0926 43.1967 0.223832 -0.903118 -0.366112
-49.1118 65.1122 42.6184 0.210659 -0.904816 -0.369406
-50.4348 65.0164 42.0099 0.231182 -0.904617 -0.358082
-51.551 65.1029 41.0522 0.259945 -0.903975 -0.338454
-52.609 64.9059 40.7207 0.265049 -0.909018 -0.321614
-53.7473 64.6355 40.4453 0.319628 -0.901082 -0.293069
-54.6118 64.4259 40.2461 0.29369 -0.919057 -0.262832
-55.4667 64.2103 40.0219 0.324022 -0.910737 -0.255614
-56.4185 63.9936 39.5287 0.314699 -0.918559 -0.238227
-57.6485 63.844 38.6134 0.28823 -0.925712 -0.244909
-58.4009 63.7899 37.875 0.31982 -0.915754 -0.24278
-59.0983 63.74 37.1846 0.318053 -0.913038 -0.25535
-59.6026 63.7733 36.4322 0.321174 -0.91303 -0.251417
-60.2911 63.8061 35.4516 0.322471 -0.91088 -0.257509
-60.699 63.9016 34.6106 0.309912 -0.909113 -0.277694
-61.0219 64.1014 33.6839 0.326479 -0.893228 -0.30912
-61.1655 64.3525 32.7886 0.324185 -0.89677 -0.301177
-61.2382 64.6206 31.8868 0.341688 -0.889378 -0.303738
-61.2616 65.0206 30.6613 0.353964 -0.889614 -0.288602
-61.1618 65.5614 29.1346 0.36129 -0.879094 -0.310176
-61.1246 66.0347 27.8213 0.39185 -0.876661 -0.279138
-61.085 66.3638 26.857 0.405196 -0.873882 -0.268419
-60.9921 66.7011 25.8738 0.411462 -0.873322 -0.260781
-61.0926 66.9412 24.9857 0.419752 -0.863039 -0.28102
-61.3956 67.268 23.4563 0.42354 -0.866903 -0.262856
-61.8244 67.316 22.5368 0.434214 -0.869993 -0.233603
-62.2338 67.5364 21.0377 0.445358 -0.857115 -0.258864
-62.4483 67.8364 19.6381 0.441317 -0.866507 -0.232821
-62.5813 68.0035 18.7229 0.429962 -0.8727 -0.23116
-62.5989 68.413 17.2722 0.447764 -0.857159 -0.25453
-62.5397 68.7355 16.1874 0.445408 -0.865782 -0.22811
-62.3276 69.1528 14.9893 0.445962 -0.870814 -0.206543
-62.1312 69.4617 14.0552 0.437657 -0.876077 -0.202243
-61.8797 69.8497 12.9882 0.439154 -0.870392 -0.222625
-61.5928 70.1962 12.0832 0.460208 -0.868555 -0.183866
-61.496 70.4381 11.1881 0.470358 -0.866106 -0.169185
-61.1593 70.8327 10.1095 0.483366 -0.858813 -0.169024
-60.7817 71.2591 9.05876 0.464496 -0.86551 -0.187446
-60.3625 71.669 8.1676 0.490669 -0.854175 -0.172133
-59.8402 72.1089 7.40339 0.474302 -0.867535 -0.149594
-59.8305 72.1167 7.38823 0.47347 -0.869057 -0.143408
