-45.6326 78.6693 18.9106 0.307045 -0.914612 -0.263077
-45.5659 78.9803 17.8671 0.298264 -0.923129 -0.242635
-46.1847 78.8653 17.5445 0.297196 -0.923052 -0.244231
-46.4483 78.539 18.4148 0.306165 -0.914507 -0.264461
-46.604 78.2382 19.2756 0.309362 -0.902824 -0.296546
-46.7339 77.866 20.1823 0.299392 -0.897702 -0.323258
-46.308 77.7113 20.9861 0.304023 -0.890944 -0.337326
-45.8029 78.2097 20.1091 0.311678 -0.891037 -0.330015
-45.6163 78.6139 19.1222 0.307045 -0.914612 -0.263076
-44.7642 78.8561 19.1967 0.246596 -0.919 -0.307619
-44.894 78.3813 20.4354 0.282927 -0.895813 -0.34274
-45.1353 78.0053 21.2249 0.283911 -0.896842 -0.339218
-45.79 77.4971 21.9647 0.289086 -0.880975 -0.374584
-46.5876 76.9848 22.4906 0.334839 -0.856238 -0.393368
-47.1195 76.9243 22.1189 0.380326 -0.84772 -0.369761
-47.4189 77.2148 21.2391 0.347939 -0.854896 -0.382096
-47.56 77.5934 20.0505 0.420373 -0.861415 -0.284941
-47.4892 77.9739 18.9826 0.368926 -0.887024 -0.277637
-47.2918 78.3177 18.0755 0.352729 -0.900303 -0.255023
-46.9819 78.6847 17.2548 0.298762 -0.922543 -0.244245
-46.5063 79.0347 16.5067 0.296738 -0.928738 -0.221637
-45.8044 79.4113 15.8277 0.300476 -0.9313 -0.205897
-44.8396 79.8168 15.201 0.274917 -0.944088 -0.181983
-44.7342 79.6742 16.0992 0.268942 -0.942629 -0.197127
-44.7185 79.397 17.3048 0.294099 -0.925324 -0.239322
-44.7102 79.1383 18.2795 0.283449 -0.925519 -0.25114
-44.7293 78.951 18.9411 0.268268 -0.919554 -0.285468
-43.8559 79.1261 19.1147 0.244465 -0.920561 -0.304637
-43.9035 78.7956 20.0721 0.246596 -0.919888 -0.304952
-44.0525 78.3355 21.1367 0.22507 -0.891264 -0.39369
-44.4726 77.87 21.9829 0.20561 -0.897259 -0.390706
-45.0553 77.4794 22.5733 0.247348 -0.889123 -0.382631
-45.9769 76.8457 23.3055 0.297071 -0.858628 -0.416724
-46.6386 76.376 23.7029 0.338269 -0.828141 -0.446788
-47.5209 75.8229 24.033 0.373217 -0.817323 -0.4378
-47.7894 76.1128 23.2199 0.404832 -0.819293 -0.405629
-48.0954 76.5384 21.9947 0.428353 -0.820964 -0.376804
-48.3106 76.8224 21.1509 0.441142 -0.810102 -0.386172
-48.4052 77.1169 20.2404 0.442234 -0.848899 -0.289481
-48.3664 77.5136 19.1169 0.426856 -0.85694 -0.288823
-48.2585 77.8561 18.2548 0.432481 -0.861675 -0.264533
-47.9698 78.2964 17.2492 0.449009 -0.857211 -0.252149
-47.4445 78.7722 16.2134 0.314662 -0.934663 -0.165506
-46.7565 79.1707 15.3956 0.342942 -0.921666 -0.181445
-46.052 79.5065 14.8076 0.293873 -0.948192 -0.120711
-45.0046 79.9655 14.0154 0.311852 -0.936601 -0.159769
-44.0408 80.3198 13.5492 0.242721 -0.965381 -0.0955349
-43.7791 80.246 14.6366 0.287459 -0.941415 -0.175616
-43.8163 80.0065 15.7612 0.278456 -0.942147 -0.186502
-43.8255 79.7105 16.9415 0.208803 -0.948614 -0.237766
-43.8228 79.5101 17.8843 0.249392 -0.941208 -0.224263
-43.8369 79.2696 18.6964 0.244462 -0.920561 -0.304642
-42.9488 79.4842 18.7781 0.222278 -0.934035 -0.276071
-42.9277 79.7236 17.8446 0.212606 -0.95648 -0.199861
-42.9287 79.9195 16.9061 0.228835 -0.949175 -0.214846
-42.9342 80.1578 16.0281 0.237062 -0.936524 -0.258312
-42.9441 80.3849 15.1204 0.222731 -0.958757 -0.168563
-42.865 80.533 14.186 0.194102 -0.973409 -0.11947
-42.7937 80.7436 12.8011 0.241241 -0.951938 -0.188721
-43.0496 80.7901 12.0176 0.28195 -0.946235 -0.158568
-43.9681 80.4916 12.3145 0.268184 -0.957096 -0.10222
-44.9846 80.1252 12.8972 0.298631 -0.951254 -0.0770444
-45.8824 79.746 13.5062 0.32763 -0.936118 -0.127836
-46.618 79.399 14.074 0.35561 -0.927712 -0.113382
-47.4021 79.0172 14.7004 0.356006 -0.926835 -0.119318
-48.0396 78.6264 15.4578 0.409866 -0.902082 -0.135056
-48.5123 78.2414 16.2703 0.470776 -0.866517 -0.165887
-48.8329 77.907 17.0478 0.455338 -0.859351 -0.231327
-49.1315 77.4374 18.1912 0.432487 -0.861671 -0.264534
-49.2308 77.0218 19.2136 0.462006 -0.834925 -0.299084
-49.2514 76.5999 20.4636 0.450276 -0.847061 -0.282165
-49.1057 76.268 21.4072 0.440235 -0.811122 -0.385064
-48.8522 75.9579 22.3649 0.447916 -0.816314 -0.364695
-48.6554 75.6792 23.2302 0.428348 -0.820969 -0.3768
-48.4219 75.3692 24.052 0.400438 -0.813441 -0.421856
-48.0551 74.8546 25.4031 0.388576 -0.817309 -0.425234
-47.2181 75.2952 25.2964 0.376526 -0.819752 -0.43155
-46.4174 75.9502 24.6825 0.3478 -0.845189 -0.405821
-45.4504 76.6489 24.0435 0.30309 -0.844533 -0.441475
-44.6704 77.1875 23.5146 0.243719 -0.892563 -0.375538
-43.6921 77.8004 22.5581 0.202958 -0.898839 -0.38843
-43.1349 78.4542 21.3693 0.205445 -0.889087 -0.409044
-43.0119 79.0092 20.0967 0.241906 -0.911227 -0.333388
-42.9707 79.2554 19.4535 0.247853 -0.914905 -0.318178
-42.0787 79.3393 19.7405 0.180981 -0.90825 -0.377265
-42.0359 79.727 18.5371 0.178657 -0.951091 -0.252007
-42.0189 80.0465 17.3555 0.187726 -0.946471 -0.254973
-42.0202 80.3248 16.267 0.198338 -0.95225 -0.225753
-42.0258 80.525 15.261 0.162108 -0.971762 -0.169719
-41.9138 80.7502 13.8833 0.208351 -0.96086 -0.174698
-41.8509 80.9975 12.7754 0.262634 -0.945477 -0.192604
-41.8106 81.1773 11.5097 0.190853 -0.968735 -0.158233
-42.5639 81.1149 10.8673 0.268049 -0.954142 -0.133278
-43.7378 80.7349 11.1056 0.286825 -0.945292 -0.155379
-44.5613 80.4081 11.5542 0.285533 -0.947295 -0.144779
-45.3601 80.1049 12.0287 0.28093 -0.950292 -0.134248
-46.3705 79.6666 12.6867 0.362168 -0.923374 -0.126833
-47.0621 79.3295 13.2066 0.35942 -0.926462 -0.111562
-47.8637 78.9547 13.7957 0.377631 -0.920642 -0.095402
-48.7178 78.3881 14.8536 0.441841 -0.888103 -0.126684
-49.2139 78.0052 15.6684 0.449377 -0.878726 -0.159857
-49.5575 77.6434 16.4764 0.479413 -0.851082 -0.214063
-49.8033 77.2834 17.3573 0.478154 -0.851082 -0.21684
-49.9849 76.8733 18.3928 0.496738 -0.827824 -0.260689
-50.1018 76.3499 19.7262 0.51595 -0.805275 -0.292108
-50.0153 75.8964 21.052 0.505678 -0.788218 -0.349315
-49.7955 75.5895 21.9808 0.483801 -0.796576 -0.362073
-49.54 75.2161 23.1459 0.458613 -0.80722 -0.371578
-49.2731 74.929 24.0606 0.459061 -0.795136 -0.396219
-48.974 74.5141 25.1684 0.408566 -0.80863 -0.42331
-48.7176 74.1944 26.0284 0.408844 -0.809091 -0.422159
-48.0092 73.922 27.1156 0.364505 -0.788783 -0.494931
-47.5111 74.3279 26.7621 0.311881 -0.798573 -0.514792
-46.7342 75.0468 26.1013 0.30442 -0.807254 -0.505638
-46.0611 75.5995 25.5747 0.236173 -0.8411 -0.486427
-45.2967 76.1152 25.0391 0.248199 -0.839975 -0.482535
-44.3628 76.7715 24.4181 0.209915 -0.833807 -0.50846
-43.6221 77.2327 23.8275 0.146689 -0.880766 -0.450153
-42.7832 77.8008 22.9596 0.144018 -0.89352 -0.425281
-42.2742 78.3938 21.8644 0.140975 -0.899836 -0.412821
-42.1307 78.8847 20.8286 0.159395 -0.908561 -0.385775
-42.0917 79.1939 20.0842 0.180982 -0.908251 -0.377261
-41.165 79.3392 20.0015 0.0418412 -0.912535 -0.406853
-41.2032 78.7702 21.3548 0.0802917 -0.916729 -0.389339
-41.3036 78.3847 22.1653 0.105937 -0.90301 -0.416353
-41.7916 77.8004 23.2561 0.0849771 -0.894126 -0.439679
-42.3798 77.3622 24.0064 0.149111 -0.886361 -0.438126
-43.31 76.7838 24.7739 0.151985 -0.866848 -0.474843
-44.0175 76.3464 25.2552 0.197057 -0.839267 -0.506696
-44.8193 75.8132 25.8103 0.225903 -0.838082 -0.49589
-45.5082 75.3256 26.3021 0.239949 -0.83423 -0.496472
-46.1721 74.8258 26.7926 0.305932 -0.803997 -0.509866
-46.7704 74.2524 27.3279 0.309658 -0.799665 -0.514433
-47.5098 73.5407 28.0768 0.303302 -0.81024 -0.50147
-48.1713 72.8464 28.7849 0.306707 -0.815316 -0.4909
-48.8653 72.3739 29.0592 0.370045 -0.799152 -0.473713
-49.2144 72.9003 27.8984 0.367428 -0.801931 -0.471067
-49.4845 73.5896 26.4179 0.419677 -0.79998 -0.42884
-49.6959 73.919 25.5966 0.434435 -0.805939 -0.400866
-50.0387 74.4261 24.1827 0.459057 -0.795142 -0.396213
-50.3226 74.7737 23.1402 0.458963 -0.799504 -0.387455
-50.5311 75.0187 22.2892 0.507825 -0.787951 -0.348206
-50.7456 75.2673 21.4126 0.509855 -0.793444 -0.332202
-50.8849 75.5459 20.5021 0.515013 -0.794163 -0.322475
-50.9137 75.9537 19.427 0.493055 -0.80943 -0.318936
-50.7882 76.4455 18.2474 0.492528 -0.831361 -0.25734
-50.5962 76.9278 16.9481 0.506109 -0.834353 -0.218422
-50.346 77.2887 16.0777 0.492924 -0.844825 -0.208079
-50.0278 77.6364 15.3078 0.463568 -0.875586 -0.135848
-49.4491 78.1041 14.307 0.452012 -0.88051 -0.142185
-48.9478 78.4571 13.6316 0.440343 -0.88759 -0.13516
-48.3729 78.8018 13.0254 0.39381 -0.912468 -0.108015
-47.6679 79.1839 12.458 0.383952 -0.914184 -0.129704
-46.5856 79.7291 11.7071 0.341318 -0.931596 -0.122147
-45.5018 80.1785 11.0275 0.328356 -0.936185 -0.124536
-44.4553 80.6226 10.3872 0.302997 -0.94325 -0.135916
-43.6022 80.9607 9.96774 0.274913 -0.948755 -0.155546
-42.655 81.2758 9.67011 0.266215 -0.950672 -0.159226
-41.4237 81.5167 10.1702 0.224332 -0.952633 -0.204506
-40.8448 81.4427 11.0572 0.202864 -0.959327 -0.19333
-40.8228 81.3354 12.0016 0.220647 -0.970335 -0.0972738
-40.9696 81.1231 13.2226 0.199318 -0.961903 -0.186547
-41.0377 80.915 14.1563 0.20694 -0.958021 -0.198424
-41.1011 80.713 15.0572 0.208351 -0.96086 -0.174698
-41.0823 80.4355 16.3944 0.127546 -0.96989 -0.207472
-41.0874 80.1977 17.2691 0.121976 -0.953621 -0.27519
-41.1143 79.8762 18.4558 0.0945477 -0.964076 -0.246118
-41.146 79.6402 19.3257 0.0521861 -0.93861 -0.331946
-41.1582 79.4582 19.7353 0.0406344 -0.913041 -0.405834
-40.2178 79.4918 19.751 0.0394284 -0.91355 -0.404811
-40.1906 79.848 18.7925 0.0737143 -0.961205 -0.265568
-40.1555 80.3 17.2714 0.0836161 -0.952298 -0.293492
-40.1447 80.6739 15.876 0.135987 -0.967725 -0.212169
-40.1207 81.007 14.505 0.137638 -0.958246 -0.250641
-40.0092 81.3468 13.0983 0.237433 -0.954154 -0.182253
-39.8596 81.5623 11.8912 0.22591 -0.970579 -0.0833153
-39.8588 81.8391 10.4339 0.25103 -0.941748 -0.223819
-40.5956 81.8173 9.59694 0.226686 -0.960877 -0.1568
-41.4664 81.7214 9.07219 0.215043 -0.961206 -0.171276
-42.3419 81.5538 8.63681 0.28255 -0.945291 -0.163064
-43.2679 81.2574 8.73016 0.296419 -0.944103 -0.14375
-44.3714 80.8371 9.30211 0.299738 -0.940147 -0.160914
-45.2003 80.4826 9.70313 0.332594 -0.931715 -0.145861
-46.3214 79.9717 10.4353 0.336344 -0.930263 -0.146377
-47.0806 79.6409 10.9196 0.359196 -0.925826 -0.114564
-48.2149 79.0651 11.6753 0.380281 -0.916105 -0.127038
-49.2414 78.4923 12.5312 0.402325 -0.906904 -0.125138
-49.9501 77.986 13.4291 0.440837 -0.885885 -0.144085
-50.4506 77.5892 14.1864 0.514352 -0.848397 -0.125158
-50.9589 77.0762 15.2807 0.547117 -0.821668 -0.159761
-51.3196 76.6261 16.339 0.551627 -0.814625 -0.178584
-51.558 76.1505 17.6662 0.549417 -0.813071 -0.192502
-51.6777 75.7837 18.5977 0.528936 -0.804252 -0.270751
-51.7448 75.389 19.5545 0.50175 -0.802317 -0.323274
-51.6873 74.9814 20.6375 0.505518 -0.799299 -0.324901
-51.4836 74.6564 21.7151 0.511976 -0.787879 -0.342238
-51.2242 74.3831 22.7225 0.503872 -0.794981 -0.337812
-50.9903 74.1328 23.6164 0.480436 -0.786949 -0.38716
-50.7354 73.8173 24.5926 0.467633 -0.793323 -0.389502
-50.5511 73.5143 25.4475 0.449199 -0.81189 -0.372901
-50.2986 73.0664 26.6115 0.40975 -0.810335 -0.418882
-50.1314 72.7092 27.4514 0.400024 -0.797161 -0.452233
-49.9681 72.2316 28.4401 0.39122 -0.795127 -0.463092
-49.8531 71.7696 29.2967 0.378275 -0.805666 -0.454934
-49.5073 71.4765 30.1272 0.360127 -0.819894 -0.445064
-48.6704 71.6286 30.5228 0.309089 -0.810658 -0.497291
-47.998 72.1499 30.0714 0.268739 -0.82125 -0.503129
-47.2658 73.0007 29.0943 0.306707 -0.815313 -0.490904
-46.6457 73.5997 28.4943 0.297251 -0.81322 -0.500314
-45.8072 74.3506 27.7309 0.212435 -0.824504 -0.524465
-45.0192 74.9846 27.0977 0.238724 -0.805123 -0.542944
-44.2748 75.5271 26.5342 0.203906 -0.854465 -0.47782
-43.5715 76.0066 25.9917 0.197057 -0.839267 -0.506695
-42.7928 76.4585 25.4995 0.0994801 -0.839674 -0.53342
-41.9581 76.9403 24.8338 0.0873076 -0.857621 -0.506817
-41.2341 77.4027 24.1242 0.0606346 -0.868203 -0.492491
-40.6231 77.9648 23.153 0.0511063 -0.892678 -0.446184
-40.2853 78.5137 22.0705 0.0077208 -0.896803 -0.442266
-40.2351 78.8872 21.1763 0.0136893 -0.929833 -0.367727
-40.2247 79.3272 20.1219 0.0340385 -0.913053 -0.406378
-40.2208 79.4478 19.8501 0.0394289 -0.91355 -0.404811
-39.2613 79.5101 19.7805 0.0286479 -0.912556 -0.407946
-39.2421 79.885 18.8359 0.023938 -0.955147 -0.295162
-39.2419 80.2431 17.7473 0.0801124 -0.942189 -0.323522
-39.2162 80.5671 16.7522 0.103054 -0.956241 -0.271493
-39.195 80.8575 15.5807 0.0846046 -0.96871 -0.23294
-39.1732 81.0929 14.6507 0.113956 -0.964173 -0.23955
-39.1205 81.3417 13.7011 0.117551 -0.959044 -0.257715
-39.0073 81.6834 12.5113 0.145345 -0.963581 -0.217882
-38.8915 81.9325 11.1411 0.191941 -0.961795 -0.186615
-38.844 82.1303 10.2601 0.240349 -0.950306 -0.197866
-39.2968 82.2077 9.36244 0.257181 -0.937101 -0.235796
-40.0991 82.0997 8.83387 0.280121 -0.931649 -0.231437
-40.912 81.997 8.32551 0.200465 -0.953864 -0.223511
-41.8847 81.8558 7.71909 0.298143 -0.939126 -0.170741
-43.1251 81.4849 7.59211 0.306029 -0.940198 -0.149577
-44.2399 81.053 8.11334 0.294603 -0.945911 -0.135611
-45.0517 80.717 8.54507 0.332604 -0.931711 -0.145859
-46.0453 80.2731 9.1393 0.329183 -0.932807 -0.146659
-46.8022 79.9189 9.63952 0.343432 -0.927765 -0.145971
-47.7833 79.4342 10.2592 0.394522 -0.910783 -0.121681
-48.5155 79.0569 10.7311 0.400917 -0.908299 -0.119158
-49.4027 78.5765 11.3667 0.42461 -0.899083 -0.103416
-50.2095 78.0353 12.2055 0.493132 -0.860142 -0.130293
-50.9232 77.4529 13.2208 0.511425 -0.847131 -0.144273
-51.4843 76.9128 14.2878 0.548316 -0.822408 -0.151642
-51.7939 76.5418 15.1626 0.539449 -0.824988 -0.16765
-52.1456 76.1113 16.1823 0.532354 -0.825395 -0.186926
-52.3386 75.7095 17.3029 0.552054 -0.809284 -0.200515
-52.4868 75.3418 18.3282 0.566512 -0.797497 -0.207038
-52.5662 74.9523 19.2087 0.559261 -0.77714 -0.288542
-52.5644 74.5705 20.2 0.528679 -0.790704 -0.308038
-52.4379 74.3264 21.0847 0.506265 -0.800438 -0.319773
-52.1313 73.9724 22.3358 0.501261 -0.793897 -0.344118
-51.8413 73.6933 23.4251 0.499441 -0.801847 -0.327762
-51.5728 73.4058 24.44 0.453262 -0.813133 -0.365197
-51.3806 73.0932 25.3632 0.453316 -0.806749 -0.378939
-51.1474 72.6548 26.5281 0.448615 -0.797366 -0.403672
-50.9496 72.2024 27.6258 0.432822 -0.79181 -0.428801
-50.8105 71.7639 28.5315 0.391215 -0.795133 -0.463085
-50.7563 71.2027 29.6013 0.370216 -0.822176 -0.432397
-50.5413 70.8646 30.4176 0.358438 -0.824867 -0.437064
-49.8035 70.8692 31.0223 0.356746 -0.829841 -0.429064
-48.9462 70.9898 31.4503 0.310015 -0.835389 -0.453739
-47.8384 71.4409 31.3459 0.304398 -0.825539 -0.474404
-47.077 72.2556 30.3908 0.268745 -0.821249 -0.503127
-46.5367 72.8607 29.6901 0.242617 -0.821353 -0.516251
-45.8311 73.5327 28.985 0.249125 -0.8093 -0.531894
-45.2484 74.0211 28.4722 0.149828 -0.811237 -0.565195
-44.6491 74.4911 27.9669 0.172302 -0.79892 -0.576173
-43.8765 75.0519 27.4121 0.174006 -0.803218 -0.569704
-42.8818 75.7307 26.5888 0.111954 -0.833865 -0.540457
-42.1337 76.1294 26.1405 0.0994797 -0.839674 -0.53342
-41.1887 76.6834 25.3535 0.0394863 -0.84054 -0.54012
-40.3413 77.2467 24.5128 0.0488699 -0.871322 -0.488048
-39.8674 77.6355 23.8457 0.034746 -0.874025 -0.484637
-39.3997 78.1792 22.7626 0.0167086 -0.895392 -0.444931
-39.2826 78.6884 21.7144 0.00789709 -0.914975 -0.401685
-39.2722 79.1422 20.6135 0.030995 -0.921546 -0.38703
-39.2757 79.2181 20.4325 0.0298212 -0.917051 -0.397488
-38.3235 79.2373 20.4764 0.0465006 -0.923749 -0.380142
-38.3119 78.8639 21.3754 0.0222869 -0.903147 -0.425513
-38.3496 78.4451 22.1827 -0.0201126 -0.896198 -0.443199
-38.4492 78.0216 23.04 -0.0234147 -0.897724 -0.439881
-38.9077 77.5119 24.1014 -0.0523356 -0.866186 -0.495908
-39.4584 77.0206 24.9087 -0.0151743 -0.847217 -0.53103
-40.1958 76.5431 25.6505 0.0338166 -0.833165 -0.55199
-40.9208 76.113 26.2726 0.0248672 -0.841638 -0.53947
-41.6016 75.7473 26.7972 0.0316468 -0.828624 -0.558911
-42.6063 75.1437 27.5602 0.108018 -0.836986 -0.536457
-43.4963 74.5434 28.2331 0.153154 -0.791968 -0.590724
-44.2874 73.9304 28.8571 0.153109 -0.820579 -0.550354
-45.2928 73.1384 29.7747 0.162049 -0.82305 -0.544361
-45.945 72.4829 30.5419 0.228307 -0.805867 -0.54631
-46.4548 71.9226 31.2418 0.186494 -0.855142 -0.483687
-46.9248 71.4201 31.8681 0.256443 -0.834081 -0.488411
-47.6214 70.7751 32.6341 0.256879 -0.848938 -0.461862
-48.5216 70.5499 32.546 0.275462 -0.840218 -0.466881
-49.8992 70.3592 31.9292 0.338535 -0.830101 -0.442509
-50.9906 70.213 31.3443 0.364129 -0.833753 -0.413902
-51.5954 70.351 30.4784 0.392666 -0.825322 -0.405779
-51.6774 71.0518 29.051 0.403617 -0.805544 -0.433812
-51.7301 71.592 27.9012 0.440631 -0.805792 -0.395656
-51.9055 72.0713 26.783 0.476171 -0.779601 -0.406699
-52.1383 72.5617 25.5295 0.484683 -0.783871 -0.388109
-52.3348 72.8678 24.6362 0.500049 -0.779739 -0.376773
-52.6395 73.1976 23.4402 0.509798 -0.796891 -0.324147
-52.877 73.3949 22.5818 0.50126 -0.793896 -0.344119
-53.1591 73.7069 21.4459 0.53908 -0.77975 -0.31719
-53.3882 74.0412 20.1105 0.550378 -0.783504 -0.288453
-53.3699 74.4501 19.0052 0.55612 -0.781677 -0.282304
-53.2703 74.8146 18.1254 0.584438 -0.772577 -0.248106
-53.0764 75.3499 16.706 0.57005 -0.790326 -0.224561
-52.841 75.8147 15.5038 0.540606 -0.820341 -0.184744
-52.5398 76.1884 14.6355 0.522292 -0.831963 -0.18721
-52.2451 76.571 13.7577 0.510843 -0.839894 -0.182766
-51.8148 76.9807 12.9491 0.500424 -0.850736 -0.160697
-51.203 77.5011 11.9708 0.488974 -0.859743 -0.14742
-50.4696 78.0708 11.0966 0.46857 -0.874487 -0.118734
-49.7507 78.511 10.4548 0.44181 -0.888578 -0.12342
-48.7908 79.0495 9.77645 0.426581 -0.899122 -0.0976948
-47.7466 79.6083 9.11825 0.383236 -0.915319 -0.123083
-46.4674 80.2278 8.32178 0.371461 -0.920788 -0.119019
-45.708 80.5776 7.8418 0.351901 -0.928697 -0.116992
-44.7767 80.9949 7.32089 0.300171 -0.943833 -0.138118
-43.8715 81.404 6.82627 0.326385 -0.922469 -0.20432
-43.0811 81.7461 6.45693 0.298464 -0.930334 -0.213031
-42.1486 82.0416 6.45747 0.298145 -0.931169 -0.209819
-41.2819 82.1912 7.01399 0.282413 -0.93986 -0.19211
-40.3759 82.3242 7.61799 0.263007 -0.942987 -0.203969
-39.2171 82.4832 8.32383 0.263805 -0.937158 -0.228346
-38.2834 82.5929 8.92252 0.249646 -0.937292 -0.243229
-37.8561 82.4288 9.9182 0.193565 -0.952309 -0.229463
-37.9499 82.165 11.1833 0.242123 -0.948857 -0.202529
-38.0899 81.8195 12.5408 0.146035 -0.949344 -0.275052
-38.1754 81.485 13.6167 0.0909689 -0.95516 -0.28177
-38.246 81.1399 14.8132 0.0760848 -0.963604 -0.256277
-38.2711 80.877 15.7903 0.0800997 -0.966512 -0.243162
-38.2749 80.6526 16.7408 0.0506815 -0.957665 -0.27817
-38.2996 80.2995 17.7334 0.0513737 -0.938685 -0.340926
-38.3048 79.958 18.6758 0.0378052 -0.947082 -0.317565
-38.3018 79.6072 19.5623 0.0473083 -0.92674 -0.372714
-38.3233 79.3329 20.2417 0.0462248 -0.926009 -0.374654
-37.3825 79.3951 20.2015 0.0451349 -0.925281 -0.376588
-37.3658 79.813 19.1805 0.0598517 -0.921306 -0.384205
-37.3514 80.2482 18.0618 0.0735588 -0.938506 -0.337335
-37.3296 80.6221 16.9307 0.0597921 -0.949329 -0.308543
-37.3383 80.9936 15.642 0.0794235 -0.963825 -0.254428
-37.3092 81.2339 14.7499 0.0883812 -0.958931 -0.269237
-37.2344 81.5466 13.7099 0.100432 -0.950641 -0.293048
-37.1728 81.8612 12.7945 0.129259 -0.941022 -0.31268
-37.0907 82.1638 11.8371 0.154225 -0.961341 -0.227721
-36.9552 82.4629 10.6037 0.159943 -0.966489 -0.199412
-36.8073 82.7601 9.607 0.216458 -0.935601 -0.278919
-37.0382 83.0359 8.50923 0.247471 -0.931565 -0.263799
-37.9332 82.918 8.00825 0.24761 -0.939769 -0.235633
-38.7718 82.7888 7.5511 0.264118 -0.938889 -0.220699
-39.7018 82.6509 7.00078 0.269776 -0.94009 -0.208452
-40.8865 82.4866 6.20603 0.280106 -0.935752 -0.214135
-41.9301 82.3354 5.45978 0.29494 -0.928355 -0.225632
-42.8023 82.102 5.28155 0.294249 -0.932039 -0.211462
-43.8003 81.6608 5.71153 0.361878 -0.916227 -0.171933
-45.0503 81.0448 6.38597 0.36417 -0.915897 -0.168818
-46.1264 80.5401 6.98645 0.362204 -0.923421 -0.126893
-46.9257 80.1331 7.51771 0.392427 -0.913106 -0.109213
-47.6889 79.7622 8.00483 0.392808 -0.915104 -0.090739
-48.5682 79.2997 8.50995 0.432744 -0.895175 -0.106742
-49.4946 78.7889 9.10352 0.433102 -0.896925 -0.0891499
-50.3328 78.3027 9.70978 0.458326 -0.882251 -0.107571
-51.0124 77.865 10.3218 0.498921 -0.859233 -0.113121
-51.7003 77.3612 11.1148 0.495746 -0.858531 -0.129883
-52.3893 76.779 12.1734 0.521547 -0.842343 -0.135618
-52.8898 76.3045 13.0915 0.523797 -0.835165 -0.167152
-53.1938 75.9288 13.9356 0.548359 -0.817293 -0.175665
-53.5544 75.42 15.0604 0.56971 -0.799939 -0.188489
-53.8201 74.9577 16.1979 0.573385 -0.791858 -0.209668
-53.9878 74.4565 17.5363 0.561451 -0.798003 -0.218611
-54.1223 74.1094 18.3939 0.559782 -0.79324 -0.239611
-54.213 73.6352 19.6272 0.550088 -0.785695 -0.282995
-54.0159 73.2401 21.0705 0.558626 -0.776326 -0.291986
-53.7685 73.0135 22.0931 0.52057 -0.787106 -0.330586
-53.3846 72.6488 23.6175 0.512981 -0.79567 -0.322093
-53.1584 72.4033 24.4713 0.514847 -0.775891 -0.364591
-52.9018 72.0364 25.6164 0.485633 -0.79197 -0.37006
-52.7388 71.6806 26.5766 0.449496 -0.803158 -0.391013
-52.5973 71.2336 27.6614 0.449893 -0.804087 -0.388639
-52.5391 70.7715 28.6898 0.439777 -0.812472 -0.382734
-52.553 70.2342 29.7858 0.430098 -0.807743 -0.403196
-52.5208 69.8463 30.6118 0.390041 -0.835615 -0.386591
-52.028 69.4972 31.8218 0.390411 -0.831558 -0.39507
-50.9772 69.6831 32.3729 0.329098 -0.836936 -0.437302
-49.8568 69.8862 32.848 0.335661 -0.831277 -0.44307
-48.9451 70.0031 33.2631 0.287984 -0.83586 -0.467336
-47.9261 70.0882 33.7177 0.262939 -0.844574 -0.46643
-47.0011 70.4097 33.6139 0.225874 -0.834555 -0.502492
-46.5547 70.9062 32.9878 0.192843 -0.849534 -0.490731
-46.0723 71.3759 32.3468 0.182783 -0.853333 -0.488276
-45.5023 71.8989 31.6509 0.185607 -0.853543 -0.486828
-44.8264 72.6464 30.6996 0.175984 -0.830267 -0.528854
-44.0867 73.2843 29.9232 0.163729 -0.836932 -0.522179
-43.2109 73.9682 29.1121 0.155801 -0.829922 -0.535682
-42.3174 74.5761 28.4572 0.115868 -0.808077 -0.576491
-41.4334 75.1148 27.762 0.0521251 -0.827239 -0.559426
-40.3961 75.6998 26.9401 0.00829892 -0.838075 -0.544655
-39.3848 76.2849 26.0899 0.032929 -0.837082 -0.546039
-38.6063 76.7582 25.2985 -0.0393876 -0.841539 -0.538743
-37.945 77.282 24.4014 -0.052337 -0.866185 -0.495908
-37.5127 77.8367 23.3302 -0.0415887 -0.883086 -0.467167
-37.3861 78.3807 22.278 -0.0136667 -0.880696 -0.473459
-37.3723 78.8958 21.3085 -0.00792869 -0.883519 -0.468304
-37.3827 79.3326 20.3551 0.0451345 -0.925281 -0.376588
-36.4396 79.3928 20.221 0.00469308 -0.920238 -0.391056
-36.4398 79.7638 19.3744 0.0141359 -0.915945 -0.401055
-36.4116 80.2019 18.369 0.024377 -0.933676 -0.354103
-36.3989 80.6309 17.0729 0.0475906 -0.949326 -0.310623
-36.3933 80.982 15.9462 0.0490482 -0.959129 -0.278687
-36.3665 81.3182 14.759 0.0883807 -0.95893 -0.269242
-36.3061 81.6197 13.8263 0.112663 -0.945652 -0.305039
-36.2173 82.0575 12.5472 0.112425 -0.939392 -0.323888
-36.0799 82.4648 11.1943 0.184981 -0.950876 -0.243952
-35.9742 82.7366 10.3387 0.219031 -0.935499 -0.277249
-35.7718 83.1248 9.18887 0.241799 -0.927047 -0.285414
-35.8736 83.4918 8.00667 0.277115 -0.910229 -0.307716
-36.6834 83.3796 7.59749 0.284011 -0.919386 -0.270441
-37.5408 83.2357 7.20079 0.298045 -0.908342 -0.293261
-38.5661 83.0831 6.66167 0.27095 -0.925669 -0.264053
-39.5706 82.9063 6.04652 0.292466 -0.928919 -0.225612
-40.773 82.775 5.17817 0.279287 -0.926727 -0.251348
-41.5506 82.6999 4.5251 0.293859 -0.925435 -0.2392
-42.5506 82.4632 4.14685 0.35365 -0.913505 -0.200525
-43.4823 82.0251 4.48348 0.366646 -0.911155 -0.187982
-44.251 81.6439 4.86456 0.363804 -0.915473 -0.171921
-45.1194 81.2055 5.36553 0.364168 -0.915901 -0.168806
-46.4516 80.5405 6.06847 0.370377 -0.914217 -0.164313
-47.2297 80.1329 6.58888 0.385774 -0.912291 -0.137491
-47.9385 79.7567 7.05703 0.388264 -0.914309 -0.115287
-48.8104 79.3018 7.56856 0.422157 -0.899379 -0.113563
-49.6479 78.8403 8.06714 0.43216 -0.893787 -0.119928
-50.4286 78.3832 8.60759 0.489279 -0.867523 -0.0887037
-51.159 77.9094 9.18269 0.499341 -0.863271 -0.073632
-51.9257 77.3796 9.97379 0.504096 -0.857899 -0.0983635
-52.5648 76.8928 10.7914 0.510556 -0.849999 -0.128874
-53.1626 76.3757 11.7015 0.516752 -0.845248 -0.135899
-53.5577 75.9714 12.5088 0.565857 -0.810866 -0.14881
-53.968 75.462 13.5741 0.569446 -0.80288 -0.176322
-54.3736 74.879 14.8803 0.57099 -0.800067 -0.183958
-54.6905 74.3187 16.2291 0.559826 -0.803565 -0.202185
-54.8465 73.9425 17.253 0.552597 -0.805827 -0.212787
-54.9663 73.5885 18.1562 0.557542 -0.79408 -0.242039
-55.0354 73.2608 19.0562 0.562902 -0.781393 -0.268407
-54.8898 72.8533 20.4265 0.558659 -0.776974 -0.290192
-54.6343 72.5387 21.7748 0.55132 -0.783346 -0.287081
-54.3664 72.2884 22.8982 0.538607 -0.781972 -0.313292
-54.1108 72.0574 23.8295 0.531508 -0.771407 -0.3499
-53.8708 71.8182 24.7237 0.499652 -0.795155 -0.343614
-53.6398 71.4728 25.8518 0.500277 -0.792044 -0.34981
-53.4832 71.0102 27.083 0.49323 -0.792721 -0.358206
-53.3985 70.6133 28.0235 0.446799 -0.806505 -0.387196
-53.3831 70.2333 28.8526 0.448582 -0.810035 -0.377647
-53.4069 69.7016 29.996 0.423666 -0.827437 -0.368586
-53.3986 69.2933 30.9184 0.40145 -0.830964 -0.384413
-53.1991 68.9043 31.9341 0.380823 -0.83601 -0.395045
-52.4108 68.9367 32.635 0.386327 -0.836032 -0.389618
-51.3828 69.1509 33.0916 0.329786 -0.842231 -0.426484
-50.2212 69.3707 33.5608 0.332732 -0.84164 -0.425362
-49.023 69.5241 34.1046 0.277036 -0.851778 -0.444663
-48.0148 69.5769 34.615 0.228477 -0.865233 -0.446285
-47.1806 69.6055 34.9861 0.212849 -0.867948 -0.448515
-46.4677 70.0033 34.5736 0.205154 -0.856117 -0.474316
-45.9561 70.5377 33.8442 0.201312 -0.840811 -0.502505
-45.5034 71.0305 33.1696 0.184371 -0.858256 -0.478961
-44.9004 71.629 32.3484 0.187683 -0.851664 -0.48933
-44.4247 72.0901 31.732 0.192566 -0.846615 -0.496146
-43.8878 72.6224 31.0465 0.163729 -0.836931 -0.52218
-43.1743 73.2332 30.2776 0.15761 -0.836631 -0.524587
-42.2877 73.8689 29.4894 0.0720098 -0.833957 -0.547063
-41.4651 74.3437 28.9092 0.0715965 -0.815355 -0.574518
-40.486 74.9143 28.1474 0.0242258 -0.837424 -0.544947
-39.6857 75.3446 27.456 -0.0218428 -0.837227 -0.546419
-38.9945 75.7314 26.8787 -0.0290677 -0.821895 -0.568897
-38.2673 76.1172 26.277 -0.0371382 -0.837699 -0.544821
-37.4223 76.6933 25.3052 -0.0398366 -0.847033 -0.530016
-36.88 77.1998 24.429 -0.0544971 -0.868545 -0.492605
-36.5784 77.6553 23.59 -0.0415946 -0.883084 -0.46717
-36.4411 78.4727 22.0795 -0.0136651 -0.880697 -0.473459
-36.4372 79.0627 20.9516 -0.0239229 -0.88602 -0.463028
-36.4374 79.2005 20.6881 -0.0142814 -0.905361 -0.421847
-35.5104 79.3214 20.4052 -0.00541039 -0.907354 -0.419783
-35.4954 78.7284 21.5881 0.00473894 -0.890268 -0.455409
-35.4838 78.1849 22.6542 0.0140814 -0.885244 -0.464683
-35.6095 77.6119 23.6396 -0.0115901 -0.859761 -0.510565
-35.8404 77.1196 24.484 -0.0140034 -0.863149 -0.504755
-36.3446 76.5943 25.3936 -0.0365854 -0.845282 -0.533054
-36.9116 76.173 26.0985 -0.0383106 -0.841062 -0.539559
-37.4985 75.7995 26.7055 -0.0302324 -0.835785 -0.548224
-38.397 75.3062 27.4824 -0.00547729 -0.829893 -0.557842
-39.1763 74.892 28.1408 -0.0226911 -0.84225 -0.538578
-39.9654 74.469 28.825 -0.00986693 -0.8391 -0.543888
-40.9165 73.9489 29.5564 0.0754654 -0.830281 -0.552212
-41.8782 73.3732 30.3073 0.0711961 -0.841419 -0.535616
-42.5886 72.8538 31.0241 0.106562 -0.831662 -0.54432
-43.1225 72.3825 31.6185 0.113822 -0.85595 -0.504375
-43.7382 71.8866 32.3225 0.11941 -0.85422 -0.505951
-44.2114 71.4292 32.9428 0.178428 -0.846093 -0.502285
-44.6677 70.9661 33.5894 0.168369 -0.860901 -0.480106
-45.2778 70.3057 34.5374 0.151731 -0.85552 -0.495038
-45.7078 69.8207 35.2318 0.207155 -0.855166 -0.475155
-46.2547 69.3203 35.963 0.203816 -0.874538 -0.440048
-47.6061 69.1003 35.7413 0.222064 -0.87403 -0.431602
-48.484 69.091 35.3168 0.255041 -0.861322 -0.438518
-49.8563 68.998 34.6062 0.294188 -0.854252 -0.428361
-50.7289 68.8479 34.2295 0.331414 -0.859393 -0.38937
-51.5517 68.6745 33.9074 0.330516 -0.851768 -0.406033
-52.7579 68.4128 33.4252 0.387644 -0.838324 -0.383335
-53.6918 68.2695 32.7863 0.396393 -0.834288 -0.382729
-54.223 68.5572 31.6192 0.41624 -0.830874 -0.369314
-54.2878 68.906 30.77 0.422808 -0.826734 -0.371129
-54.2646 69.3859 29.7189 0.423609 -0.827498 -0.368514
-54.2389 69.7757 28.8773 0.434899 -0.823969 -0.362959
-54.237 70.2505 27.7741 0.446538 -0.824414 -0.347772
-54.2935 70.579 26.9229 0.449687 -0.823769 -0.345209
-54.4161 70.9199 25.9878 0.500619 -0.789946 -0.35407
-54.5896 71.2258 25.0456 0.499626 -0.794154 -0.345968
-54.865 71.5068 23.9945 0.516216 -0.790404 -0.329134
-55.1056 71.7318 23.0332 0.532587 -0.788946 -0.306237
-55.364 71.9417 22.004 0.528543 -0.795117 -0.297338
-55.5798 72.1705 20.9944 0.538272 -0.789423 -0.295084
-55.7398 72.4284 19.9905 0.539622 -0.794028 -0.27987
-55.8142 72.6825 19.1189 0.552863 -0.793563 -0.253291
-55.7931 72.9882 18.1803 0.566535 -0.786254 -0.246664
-55.6639 73.4289 17.0721 0.572501 -0.785137 -0.235901
-55.3995 73.956 15.7082 0.559454 -0.803923 -0.201788
-55.2195 74.2897 14.8796 0.559758 -0.803616 -0.202171
-54.947 74.7333 13.8222 0.554792 -0.812968 -0.17655
-54.6536 75.1211 12.9282 0.559177 -0.812668 -0.163926
-54.2582 75.5704 12.0198 0.564547 -0.809835 -0.159319
-53.8684 75.9826 11.2221 0.558963 -0.816251 -0.145924
-53.3248 76.4728 10.3257 0.530079 -0.842671 -0.0944571
-52.7333 76.9353 9.50081 0.522181 -0.848395 -0.0864905
-52.1174 77.372 8.83844 0.515193 -0.851955 -0.0926207
-51.4016 77.8679 8.18383 0.497954 -0.862018 -0.0946902
-50.6013 78.3863 7.57179 0.480114 -0.87297 -0.0860407
-49.8015 78.8788 7.05281 0.47431 -0.876081 -0.0863996
-48.834 79.4268 6.49612 0.427174 -0.896653 -0.116346
-47.9547 79.9091 5.94042 0.408291 -0.90271 -0.135695
-47.1079 80.3779 5.34757 0.38857 -0.909429 -0.148165
-46.2106 80.8543 4.81512 0.396498 -0.905723 -0.14985
-45.3769 81.2717 4.40354 0.377529 -0.911647 -0.162395
-44.5833 81.6746 3.99754 0.380135 -0.906341 -0.184473
-43.6249 82.1856 3.42751 0.366645 -0.911154 -0.187991
-42.6831 82.6386 3.06742 0.364294 -0.910443 -0.195918
-41.8887 82.97 2.97626 0.344607 -0.917555 -0.198338
-41.1756 83.0689 3.61012 0.298197 -0.919041 -0.257766
-40.5085 83.1112 4.23124 0.309913 -0.913702 -0.262516
-39.821 83.1825 4.81072 0.32111 -0.907443 -0.27099
-38.7721 83.3394 5.51995 0.317962 -0.907991 -0.27286
-37.6814 83.5222 6.1483 0.306565 -0.911102 -0.275519
-36.7757 83.6799 6.59269 0.27806 -0.913773 -0.295829
-35.8695 83.8269 6.95262 0.270381 -0.918288 -0.289137
-34.9637 84.0141 7.28155 0.322406 -0.896355 -0.304306
-34.6488 83.7163 8.40876 0.277379 -0.902153 -0.329772
-34.8684 83.2935 9.47499 0.26456 -0.918595 -0.293582
-35.0702 82.8268 10.6896 0.178587 -0.937285 -0.298573
-35.1822 82.5325 11.5873 0.153186 -0.93714 -0.312524
-35.2994 82.1068 12.7536 0.124082 -0.938184 -0.3231
-35.3547 81.7348 13.7993 0.113126 -0.941869 -0.316024
-35.4319 81.3574 14.8379 0.0636083 -0.929492 -0.363317
-35.46 80.9129 16.3472 0.0270162 -0.957656 -0.286017
-35.4468 80.5841 17.3308 -0.00339505 -0.948123 -0.317885
-35.4769 80.0806 18.6588 -0.00306273 -0.917957 -0.396668
-35.5125 79.6456 19.667 0.000406285 -0.916997 -0.398865
-35.5111 79.3611 20.3146 0.00361904 -0.915584 -0.402111
-34.5735 79.3703 20.266 -0.0241519 -0.898984 -0.437315
-34.5627 78.9734 21.0799 -0.0343645 -0.890579 -0.45308
-34.537 78.4207 22.1265 -0.0510585 -0.882383 -0.467714
-34.5377 77.9857 22.9383 -0.0488364 -0.87049 -0.489308
-34.6358 77.511 23.746 -0.0535854 -0.856397 -0.51353
-34.8941 76.9324 24.7156 -0.0511333 -0.848895 -0.526071
-35.2509 76.5075 25.4364 -0.0511316 -0.844149 -0.533665
-35.7634 76.0919 26.1428 -0.0450101 -0.843892 -0.534585
-36.5464 75.5867 26.9774 -0.0339848 -0.837135 -0.54592
-37.4018 75.0789 27.7818 -0.0338798 -0.826894 -0.561337
-38.3073 74.6078 28.5382 -0.0160403 -0.837632 -0.545824
-39.1852 74.166 29.2598 -0.0281431 -0.833141 -0.552344
-40.1078 73.6779 30.0051 0.0402544 -0.84921 -0.526518
-40.8805 73.2543 30.6247 0.0435478 -0.846482 -0.530633
-41.752 72.629 31.4974 0.080955 -0.837242 -0.540808
-42.3839 72.1386 32.2039 0.106371 -0.859105 -0.500532
-43.204 71.4642 33.1523 0.122901 -0.850219 -0.511882
-43.7726 70.9247 33.9283 0.134205 -0.853499 -0.503516
-44.2049 70.4658 34.5909 0.145475 -0.852783 -0.501464
-44.8605 69.7458 35.676 0.167967 -0.866459 -0.470144
-45.5605 69.0319 36.8576 0.175878 -0.879613 -0.441068
-46.3741 68.7118 37.156 0.190421 -0.884034 -0.426868
-47.2287 68.6445 36.8929 0.207542 -0.881068 -0.425024
-48.6358 68.6204 36.1474 0.278148 -0.856281 -0.435219
-49.4731 68.5888 35.6745 0.279199 -0.857422 -0.432279
-50.3453 68.493 35.2578 0.308124 -0.849943 -0.427384
-51.2196 68.3447 34.9224 0.319775 -0.854667 -0.408373
-52.2523 68.1136 34.5444 0.335018 -0.858194 -0.388929
-53.1445 67.8921 34.197 0.374453 -0.843865 -0.384287
-54.428 67.6819 33.3731 0.372774 -0.857381 -0.354877
-54.9237 67.818 32.5234 0.380457 -0.856285 -0.349193
-55.1348 68.1264 31.5664 0.412076 -0.832408 -0.370526
-55.1791 68.6135 30.3985 0.415244 -0.839249 -0.351047
-55.1336 69 29.5538 0.444454 -0.824108 -0.351151
-55.0788 69.4985 28.4622 0.447013 -0.820919 -0.355347
-55.091 69.9968 27.2674 0.452833 -0.823128 -0.342641
-55.2321 70.4649 25.9588 0.453048 -0.822536 -0.343777
-55.4428 70.7943 24.8472 0.47597 -0.80952 -0.343702
-55.7911 71.1164 23.4387 0.51336 -0.798814 -0.313621
-56.0397 71.323 22.4742 0.515821 -0.805417 -0.291947
-56.3111 71.5628 21.3342 0.528079 -0.799091 -0.287377
-56.4853 71.7959 20.3658 0.531428 -0.802058 -0.272097
-56.6367 72.0925 19.172 0.552865 -0.793561 -0.253293
-56.6167 72.4167 18.1101 0.56169 -0.791768 -0.239806
-56.4487 72.9208 16.8251 0.578472 -0.784016 -0.225141
-56.2362 73.3689 15.6941 0.569901 -0.796571 -0.201713
-55.9981 73.8129 14.6177 0.553076 -0.808896 -0.199263
-55.802 74.1665 13.7534 0.560358 -0.803364 -0.201509
-55.4693 74.6107 12.6681 0.554006 -0.815575 -0.166873
-55.0824 75.0624 11.7306 0.557985 -0.814486 -0.158951
-54.4706 75.6917 10.5005 0.564358 -0.814579 -0.133742
-53.7853 76.2823 9.42388 0.532636 -0.841216 -0.0930304
-52.8884 76.9722 8.32686 0.507422 -0.85481 -0.108734
-52.3097 77.3902 7.75633 0.505147 -0.857155 -0.100036
-51.6003 77.8655 7.16965 0.497972 -0.861764 -0.0968864
-50.7547 78.4064 6.55249 0.479554 -0.872945 -0.0894118
-49.7657 79.0156 5.9549 0.474474 -0.87322 -0.111179
-49.0017 79.4666 5.4971 0.434136 -0.894257 -0.108717
-48.0385 80.0133 4.80348 0.42387 -0.897807 -0.119009
-47.1208 80.5436 4.2132 0.440354 -0.88459 -0.152972
-46.4205 80.9332 3.80347 0.393608 -0.905795 -0.156868
-45.6293 81.3561 3.41773 0.377509 -0.907873 -0.182357
-44.8119 81.7887 2.97547 0.382745 -0.904814 -0.186594
-43.9552 82.2305 2.556 0.374722 -0.90771 -0.188803
-43.188 82.6285 2.1856 0.374624 -0.896838 -0.234825
-42.4983 83.0402 1.683 0.353657 -0.904282 -0.2391
-41.6439 83.3644 1.7051 0.361956 -0.90359 -0.228741
-40.9986 83.4346 2.48584 0.370381 -0.899778 -0.230689
-40.3164 83.4791 3.21205 0.321628 -0.908363 -0.267269
-39.6578 83.5305 3.82937 0.321349 -0.908409 -0.267446
-38.8749 83.6312 4.43017 0.329784 -0.905332 -0.267577
-37.6481 83.8296 5.16857 0.308944 -0.910901 -0.273504
-36.8399 83.9803 5.60316 0.331024 -0.899508 -0.285145
-35.9603 84.1263 5.99925 0.274221 -0.904042 -0.327888
-35.0864 84.3194 6.28827 0.320651 -0.886978 -0.332346
-34.1708 84.5562 6.54152 0.322116 -0.88544 -0.335007
-33.4529 84.6286 7.04027 0.319601 -0.888899 -0.328199
-33.6419 84.1099 8.19974 0.240145 -0.897915 -0.368889
-33.8305 83.7032 9.04403 0.225749 -0.890558 -0.394897
-34.0454 83.1742 10.2941 0.173487 -0.931161 -0.31962
-34.212 82.7415 11.4344 0.148305 -0.92539 -0.34833
-34.3148 82.3527 12.4229 0.121753 -0.931741 -0.342105
-34.3832 82.0307 13.2643 0.107808 -0.934676 -0.338305
-34.4738 81.552 14.5326 0.0868282 -0.925538 -0.368566
-34.4956 81.1483 15.6198 0.0105903 -0.955367 -0.295231
-34.4897 80.871 16.4854 0.00368708 -0.945817 -0.324679
-34.4859 80.574 17.3508 0.000150483 -0.946969 -0.321286
-34.5085 80.1823 18.3768 -0.0260511 -0.928121 -0.371367
-34.5495 79.7331 19.457 -0.00722555 -0.917507 -0.397622
-34.5797 79.4715 20.058 -0.0180083 -0.90793 -0.418185
-33.6611 79.4311 20.0898 -0.024376 -0.899243 -0.436769
-33.5839 79.8571 19.1308 -0.0204736 -0.920901 -0.389259
-33.5485 80.3772 17.8721 -0.00677058 -0.933073 -0.359374
-33.5295 80.7298 16.9218 -0.000737542 -0.94179 -0.335736
-33.5308 81.1944 15.6354 0.0278375 -0.934912 -0.353785
-33.5142 81.6078 14.5642 0.0621231 -0.921343 -0.383756
-33.4458 82.0389 13.5109 0.0314387 -0.920336 -0.389863
-33.3731 82.393 12.6483 0.134094 -0.925541 -0.353651
-33.2646 82.91 11.3903 0.148303 -0.925387 -0.348338
-33.0527 83.5168 9.94135 0.23048 -0.907971 -0.349953
-32.8871 83.9465 9.04005 0.231049 -0.890764 -0.391351
-32.6694 84.3892 8.16046 0.239736 -0.891554 -0.384233
-32.3851 84.8276 7.3242 0.235891 -0.891371 -0.387057
-32.0609 85.2746 6.48243 0.255084 -0.887037 -0.384242
-32.8136 85.3103 5.83473 0.3147 -0.88841 -0.334203
-33.7403 85.0335 5.6938 0.322112 -0.885445 -0.335001
-34.6425 84.7688 5.51923 0.323818 -0.884221 -0.336581
-35.5343 84.5557 5.24732 0.314086 -0.885622 -0.342087
-36.4999 84.359 4.81408 0.345118 -0.883577 -0.315408
-37.632 84.1516 4.1762 0.323599 -0.898802 -0.295586
-38.3992 84.0194 3.70412 0.333496 -0.904659 -0.26528
-39.1465 83.9228 3.12277 0.326838 -0.906997 -0.265542
-39.8334 83.8635 2.47285 0.325045 -0.908463 -0.262755
-40.4501 83.8426 1.77522 0.372057 -0.900159 -0.22642
-41.1221 83.8014 0.813287 0.374336 -0.899106 -0.226871
-42.0194 83.5774 0.327412 0.350133 -0.90649 -0.23597
-43.0649 83.0425 0.830725 0.350157 -0.906564 -0.235654
-43.8167 82.5787 1.38921 0.381548 -0.891142 -0.245533
-44.5912 82.1495 1.79443 0.413934 -0.885673 -0.210339
-45.4113 81.6913 2.20945 0.383463 -0.905456 -0.181951
-46.371 81.179 2.62711 0.407214 -0.896855 -0.172709
-47.1301 80.773 2.94752 0.420926 -0.89239 -0.159771
-47.8444 80.3085 3.48968 0.440353 -0.884591 -0.152971
-48.6541 79.8175 4.05742 0.441515 -0.887625 -0.12994
-49.4531 79.3503 4.67279 0.453447 -0.883454 -0.115698
-50.1634 78.904 5.11241 0.476576 -0.871829 -0.113013
-50.979 78.4007 5.58631 0.477174 -0.87268 -0.103486
-51.879 77.829 6.21795 0.485439 -0.86759 -0.107606
-52.7211 77.2554 6.90596 0.499876 -0.859196 -0.109117
-53.6901 76.5549 7.86613 0.506764 -0.854879 -0.111204
-54.2479 76.1083 8.55357 0.525488 -0.841822 -0.12328
-54.7302 75.7041 9.25763 0.535563 -0.834521 -0.1287
-55.3035 75.1684 10.2075 0.548179 -0.824549 -0.139997
-55.8408 74.6225 11.3052 0.553094 -0.820998 -0.141539
-56.178 74.2299 12.1845 0.55221 -0.81822 -0.159939
-56.4552 73.8793 13.0209 0.556482 -0.815288 -0.160023
-56.7153 73.4859 13.9826 0.545796 -0.814427 -0.197016
-57.0252 72.9027 15.4214 0.547525 -0.806318 -0.223757
-57.2315 72.5027 16.3794 0.539754 -0.811362 -0.224126
-57.3658 72.1643 17.2401 0.537939 -0.809294 -0.235928
-57.486 71.6982 18.544 0.538252 -0.807555 -0.241121
-57.3971 71.3927 19.7397 0.519669 -0.81227 -0.26488
-57.1982 71.1678 20.8018 0.524336 -0.802927 -0.283432
-56.9978 70.9592 21.7768 0.519684 -0.805535 -0.284628
-56.7553 70.7806 22.7061 0.51555 -0.801823 -0.301952
-56.4982 70.4828 23.9472 0.483427 -0.823131 -0.297908
-56.2081 70.26 25.0249 0.486506 -0.818453 -0.305586
-56.0258 69.8971 26.2232 0.485392 -0.813256 -0.320948
-55.9517 69.5764 27.1227 0.459914 -0.818264 -0.344853
-55.9361 69.2126 28.0122 0.459131 -0.82018 -0.341327
-55.9722 68.7983 28.9918 0.430671 -0.833214 -0.346784
-56.0456 68.3005 30.0976 0.426388 -0.837013 -0.342932
-56.0787 67.8387 31.2012 0.408593 -0.843814 -0.347296
-55.9211 67.4258 32.373 0.382804 -0.858728 -0.340586
-55.555 67.2229 33.3028 0.375516 -0.864558 -0.333941
-54.8902 67.1549 34.1926 0.364991 -0.866425 -0.340719
-53.9854 67.2994 34.7954 0.365494 -0.863719 -0.346993
-53.0973 67.508 35.1503 0.332443 -0.875871 -0.34976
-51.9185 67.8075 35.526 0.341512 -0.862843 -0.372654
-50.9562 68.0092 35.8857 0.287399 -0.879492 -0.37932
-50.1049 68.1222 36.2641 0.276429 -0.878662 -0.389094
-49.0078 68.1686 36.8935 0.259976 -0.88142 -0.394349
-48.2243 68.199 37.3418 0.25992 -0.881367 -0.394504
-47.3977 68.1895 37.7959 0.195662 -0.889728 -0.412433
-46.4736 68.2295 38.1364 0.172053 -0.894343 -0.412975
-45.4207 68.4422 38.1316 0.175944 -0.88594 -0.428913
-44.7374 68.8816 37.4798 0.161537 -0.889466 -0.427496
-44.3096 69.3312 36.7021 0.148922 -0.89219 -0.426238
-43.8015 69.8886 35.7404 0.122365 -0.870491 -0.476732
-43.1223 70.6102 34.6407 0.138012 -0.85749 -0.495644
-42.5486 71.1725 33.8262 0.107772 -0.858708 -0.50053
-41.9902 71.6412 33.1239 0.0875683 -0.856264 -0.509026
-41.2904 72.1506 32.3947 0.0985664 -0.858344 -0.503506
-40.6653 72.6224 31.668 0.0456268 -0.857051 -0.51316
-39.8059 73.1421 30.8936 0.0326746 -0.854771 -0.517671
-39.0575 73.5438 30.2687 0.0135717 -0.847831 -0.530093
-38.296 73.9384 29.622 -0.00021702 -0.858578 -0.512682
-37.5702 74.257 29.0505 -0.0327949 -0.852488 -0.521717
-36.9123 74.5623 28.5086 -0.0452635 -0.836943 -0.544769
-35.96 75.1061 27.6315 -0.0517227 -0.822658 -0.566179
-35.1416 75.6469 26.7728 -0.0479958 -0.829026 -0.557015
-34.5808 76.0567 26.0795 -0.0634232 -0.841646 -0.536293
-34.0584 76.5755 25.2038 -0.0632907 -0.841408 -0.536681
-33.7676 77.0611 24.4058 -0.0507904 -0.852446 -0.520276
-33.6339 77.5317 23.5675 -0.101077 -0.861983 -0.496759
-33.5775 78.0349 22.6831 -0.101021 -0.861959 -0.496811
-33.6068 78.6733 21.5338 -0.0763829 -0.872804 -0.481966
-33.6379 79.1783 20.6054 -0.0585241 -0.879797 -0.471514
-33.6593 79.3871 20.1803 -0.0243783 -0.899246 -0.436763
-32.7084 79.3613 20.062 -0.089661 -0.888826 -0.449387
-32.667 78.8762 21.0004 -0.0936733 -0.882931 -0.460042
-32.6497 78.4072 21.8475 -0.0827782 -0.868236 -0.489198
-32.6338 77.8162 22.8768 -0.0925898 -0.863204 -0.496292
-32.7322 77.1283 24.0859 -0.0948184 -0.860572 -0.500426
-32.9112 76.6758 24.8743 -0.09525 -0.844373 -0.52722
-33.2424 76.1956 25.7032 -0.079268 -0.842891 -0.531951
-33.6923 75.7797 26.3762 -0.0914941 -0.817289 -0.568918
-34.281 75.3489 27.0873 -0.0856511 -0.813299 -0.575507
-35.1453 74.7773 28.0238 -0.0695376 -0.829515 -0.553218
-35.7862 74.3837 28.7157 -0.0388042 -0.851228 -0.523359
-36.4455 74.071 29.2741 -0.0410575 -0.852315 -0.521415
-37.2395 73.7253 29.8985 -0.0354096 -0.853355 -0.520116
-38.2228 73.2867 30.6891 -0.029456 -0.849819 -0.526155
-39.019 72.8752 31.3569 0.0164825 -0.854163 -0.519737
-39.8082 72.4288 32.0712 0.032675 -0.854767 -0.517677
-40.3874 72.0345 32.6868 0.0414749 -0.862724 -0.503971
-41.078 71.5414 33.4486 0.0875635 -0.856268 -0.509021
-41.6657 71.0497 34.1863 0.0869203 -0.863333 -0.49701
-42.4033 70.3618 35.247 0.104179 -0.859296 -0.500757
-42.9742 69.7754 36.2155 0.141855 -0.889755 -0.433836
-43.5268 69.1573 37.3191 0.137288 -0.894159 -0.426182
-44.1604 68.5562 38.4066 0.153113 -0.900222 -0.406868
-45.4562 67.9574 39.2166 0.158961 -0.91006 -0.382783
-46.7584 67.7718 39.0244 0.191839 -0.89905 -0.393556
-47.9314 67.7614 38.4911 0.187515 -0.899317 -0.395053
-48.7662 67.7524 38.0048 0.250376 -0.889103 -0.383154
-49.8591 67.7201 37.3795 0.250226 -0.893074 -0.373584
-50.7662 67.6488 36.8841 0.275435 -0.890391 -0.362378
-52.156 67.398 36.3388 0.326889 -0.879015 -0.347096
-53.3484 67.0876 35.9869 0.334934 -0.8781 -0.341702
-54.2382 66.8452 35.7095 0.345513 -0.877609 -0.332299
-55.3795 66.6526 34.9817 0.364893 -0.877699 -0.310641
-56.1287 66.6593 34.1113 0.374142 -0.864053 -0.336795
-56.6312 66.7919 33.2037 0.376897 -0.86506 -0.331089
-56.8824 67.0721 32.1911 0.394764 -0.858776 -0.326596
-56.9435 67.4896 31.0133 0.394438 -0.860314 -0.322922
-56.9094 67.8921 30.036 0.41351 -0.841128 -0.348587
-56.8571 68.2933 29.1162 0.413734 -0.845077 -0.338628
-56.791 68.6855 28.2323 0.432554 -0.837287 -0.334263
-56.796 69.0599 27.2311 0.44789 -0.839875 -0.306564
-56.8835 69.5385 25.8346 0.485393 -0.813256 -0.320947
-57.0974 69.8103 24.8004 0.490301 -0.814106 -0.311185
-57.3503 69.9889 23.9099 0.499679 -0.819893 -0.279237
-57.5558 70.2195 22.8804 0.507647 -0.813547 -0.283611
-57.8077 70.4704 21.7326 0.496217 -0.824004 -0.271977
-58.0322 70.6757 20.6859 0.514565 -0.810443 -0.280008
-58.2403 70.8693 19.6903 0.520036 -0.81188 -0.265356
-58.3404 71.0877 18.7388 0.527591 -0.818232 -0.228352
-58.2659 71.4202 17.7312 0.531723 -0.812015 -0.240467
-58.1437 71.8469 16.5671 0.521393 -0.814929 -0.252883
-57.9113 72.2878 15.4694 0.545021 -0.809409 -0.218556
-57.6828 72.7335 14.3825 0.554114 -0.809687 -0.192689
-57.4247 73.1226 13.4031 0.557394 -0.810589 -0.179416
-57.1574 73.4999 12.4866 0.553282 -0.815635 -0.16875
-56.8069 73.9507 11.4376 0.541457 -0.82733 -0.149348
-56.3919 74.4063 10.4059 0.553097 -0.820995 -0.141544
-55.8949 74.896 9.496 0.548172 -0.824552 -0.140004
-55.4248 75.3332 8.7197 0.545638 -0.827219 -0.134119
-54.7108 75.9382 7.68726 0.529221 -0.841605 -0.107823
-53.9293 76.5364 6.80482 0.522698 -0.846566 -0.100551
-53.3443 76.9652 6.23108 0.522546 -0.84692 -0.098339
-52.5633 77.5106 5.54965 0.504057 -0.858043 -0.0984325
-51.5696 78.1455 4.86557 0.492092 -0.86519 -0.0959969
-50.7533 78.673 4.37539 0.495068 -0.862624 -0.103859
-50.0392 79.1255 3.96909 0.474671 -0.872441 -0.116326
-49.0086 79.7796 3.18199 0.449673 -0.881511 -0.143987
-48.077 80.3747 2.5087 0.448124 -0.877482 -0.17091
-47.144 80.9546 1.93703 0.440331 -0.882606 -0.164666
-46.3666 81.3943 1.54997 0.42071 -0.887385 -0.188548
-45.2424 82.0286 1.02222 0.413234 -0.887073 -0.205706
-44.243 82.5986 0.508864 0.401052 -0.895337 -0.193698
-43.5854 82.9965 0.0264198 0.39044 -0.90167 -0.185873
-42.805 83.45 -0.534075 0.388904 -0.899266 -0.199686
-42.0132 83.8996 -1.14401 0.350276 -0.916327 -0.194039
-41.2298 84.1624 -0.927447 0.338191 -0.923724 -0.179889
-40.6014 84.2142 0.0452533 0.362278 -0.910261 -0.197091
-39.9828 84.2373 0.97183 0.350344 -0.904943 -0.239649
-39.2679 84.2569 1.81252 0.325206 -0.909439 -0.259129
-38.5792 84.3134 2.47647 0.327597 -0.907992 -0.261212
-37.6842 84.4541 3.14938 0.349785 -0.896144 -0.273087
-36.6953 84.6589 3.75887 0.353914 -0.895613 -0.269484
-35.3134 84.9617 4.40091 0.314881 -0.885055 -0.342824
-34.1928 85.2438 4.71161 0.323358 -0.883306 -0.339425
-33.2028 85.5431 4.84893 0.312377 -0.888655 -0.335728
-32.3342 85.826 4.9111 0.309719 -0.890747 -0.332631
-31.2602 86.1707 4.98807 0.30723 -0.894118 -0.325725
-30.3474 86.4535 4.98935 0.270313 -0.887719 -0.372673
-30.0591 86.4014 5.32088 0.265565 -0.888598 -0.373991
-30.5922 85.9558 5.97928 0.281889 -0.878937 -0.384719
-31.1549 85.3661 6.89535 0.244639 -0.870806 -0.426437
-31.5881 84.7945 7.90278 0.227964 -0.897714 -0.377017
-31.9206 84.1985 9.06502 0.245384 -0.886395 -0.392545
-32.0963 83.7679 9.85137 0.168012 -0.879181 -0.445569
-32.2165 83.3052 10.7981 0.111101 -0.907189 -0.40579
-32.3419 82.8308 11.8102 0.109296 -0.903294 -0.414867
-32.4491 82.3781 12.8302 0.0516257 -0.913206 -0.404215
-32.5321 81.8903 13.9354 0.0316493 -0.924979 -0.378499
-32.5675 81.5461 14.7956 0.0213123 -0.9274 -0.373462
-32.5842 81.0885 15.9727 0.0160018 -0.935238 -0.353659
-32.5795 80.7541 16.8388 0.00929381 -0.931757 -0.362964
-32.597 80.2424 18.0906 -0.0652447 -0.90532 -0.41969
-32.6134 79.8096 19.0813 -0.0757765 -0.914812 -0.396665
-32.7081 79.3785 20.0275 -0.097237 -0.894146 -0.437091
-32.7097 79.372 20.041 -0.089661 -0.888823 -0.449393
-31.7525 79.3003 19.9747 -0.0938161 -0.895469 -0.435104
-31.7442 78.7612 21.0261 -0.101809 -0.88155 -0.460983
-31.6871 78.0417 22.3163 -0.0890454 -0.861 -0.50075
-31.6794 77.5724 23.1228 -0.0937036 -0.861888 -0.498359
-31.7592 77.0138 24.0869 -0.108561 -0.855839 -0.505722
-31.9619 76.4503 25.0593 -0.105538 -0.845232 -0.523796
-32.3544 75.8776 25.9901 -0.111656 -0.816616 -0.566279
-32.8371 75.4534 26.6879 -0.107023 -0.813646 -0.571425
-33.4391 75.0327 27.4013 -0.116011 -0.823462 -0.555044
-33.9967 74.6915 28.045 -0.0534214 -0.845734 -0.530924
-34.9456 74.0749 29.1297 -0.056777 -0.847946 -0.527034
-35.5683 73.7444 29.7209 -0.0746421 -0.848946 -0.522728
-36.4946 73.3712 30.4472 -0.0300382 -0.863348 -0.503715
-37.1992 73.0896 30.9397 -0.0243733 -0.854995 -0.518063
-38.0207 72.701 31.6187 -0.0244937 -0.860346 -0.508506
-38.6881 72.3865 32.2155 0.0394644 -0.867188 -0.496415
-39.6552 71.7884 33.1813 0.0400908 -0.866521 -0.497527
-40.2088 71.401 33.8055 0.0406371 -0.881201 -0.470992
-40.8438 70.9169 34.6005 0.113729 -0.86706 -0.485048
-41.3745 70.425 35.3531 0.110859 -0.863523 -0.491913
-41.8555 69.938 36.1924 0.119335 -0.890317 -0.439399
-42.4267 69.3417 37.276 0.124085 -0.896867 -0.424529
-42.9829 68.7441 38.3612 0.132996 -0.899371 -0.416293
-43.7783 68.1168 39.5115 0.129087 -0.913689 -0.38499
-44.7851 67.7224 40.0699 0.165177 -0.914461 -0.369428
-45.7844 67.4896 40.1823 0.192316 -0.910738 -0.365417
-46.9941 67.3314 39.9216 0.187345 -0.914087 -0.359503
-48.1073 67.3355 39.397 0.195063 -0.909606 -0.365943
-48.9755 67.33 38.8617 0.225978 -0.90787 -0.353137
-50.0116 67.3071 38.2506 0.231079 -0.902229 -0.364122
-51.0898 67.2385 37.6532 0.278113 -0.890829 -0.359274
-52.3254 67.0133 37.1775 0.313451 -0.889729 -0.331859
-53.5189 66.6948 36.8539 0.340585 -0.882231 -0.325069
-54.7581 66.3548 36.4999 0.334605 -0.892221 -0.303284
-55.6718 66.2045 35.9186 0.353612 -0.885492 -0.301429
-56.5804 66.163 34.9907 0.354703 -0.882494 -0.308851
-57.2321 66.2595 33.9318 0.370883 -0.873139 -0.315982
-57.6653 66.457 32.9141 0.373417 -0.869702 -0.322765
-57.799 66.7264 32.0326 0.37342 -0.869829 -0.322421
-57.8279 67.1225 30.9154 0.392633 -0.86044 -0.324779
-57.7897 67.5211 29.9232 0.392059 -0.856986 -0.334461
-57.706 67.9989 28.7916 0.43356 -0.840844 -0.324048
-57.6379 68.4987 27.54 0.437182 -0.846724 -0.303199
-57.6755 68.8865 26.4122 0.445478 -0.842351 -0.303297
-57.7865 69.2092 25.3391 0.448915 -0.844391 -0.292358
-58.1513 69.5025 23.9414 0.45701 -0.842302 -0.28555
-58.3532 69.6794 23.0734 0.465321 -0.839866 -0.279467
-58.581 69.8596 22.1214 0.483282 -0.828456 -0.282014
-58.7771 70.0318 21.249 0.498305 -0.831783 -0.2446
-59.0441 70.2652 20.0559 0.474456 -0.835276 -0.27786
-59.1962 70.5014 18.9644 0.502361 -0.830922 -0.239171
-59.139 70.8318 17.9084 0.508779 -0.831402 -0.223416
-58.9849 71.2328 16.8119 0.521398 -0.814925 -0.252885
-58.9065 71.5539 15.9683 0.509181 -0.827177 -0.235763
-58.7028 71.8691 15.0769 0.53222 -0.823187 -0.19775
-58.4815 72.2776 14.0014 0.55411 -0.809689 -0.192691
-58.2173 72.7023 12.9451 0.536082 -0.820039 -0.200381
-57.8365 73.1946 11.8065 0.53984 -0.823197 -0.17568
-57.5647 73.5401 10.9445 0.545804 -0.823848 -0.152879
-57.2204 73.9045 10.1779 0.53669 -0.830664 -0.148172
-56.8558 74.2786 9.41503 0.537603 -0.829458 -0.151598
-56.3309 74.7641 8.53834 0.539281 -0.831739 -0.131573
-55.9007 75.1636 7.80942 0.542618 -0.831545 -0.118739
-55.2459 75.7131 6.87708 0.524046 -0.844647 -0.10925
-54.6744 76.1469 6.24329 0.524026 -0.845081 -0.105995
-54.0715 76.586 5.64883 0.516435 -0.84986 -0.105012
-53.468 77.0225 5.09105 0.515226 -0.850313 -0.107287
-52.6756 77.5665 4.46351 0.48897 -0.865323 -0.110108
-51.9656 78.0266 4.01728 0.493327 -0.862533 -0.112537
-50.8825 78.7273 3.38371 0.490688 -0.8637 -0.115098
-50.1336 79.2184 2.83503 0.479235 -0.870221 -0.114086
-49.3662 79.7265 2.23594 0.471488 -0.873467 -0.120842
-48.6842 80.1714 1.79819 0.474363 -0.863367 -0.171981
-47.824 80.744 1.22879 0.450285 -0.878656 -0.158563
-46.7771 81.3948 0.682772 0.439152 -0.876106 -0.196289
-45.8938 81.8929 0.290386 0.408396 -0.889542 -0.204762
-45.0139 82.3839 -0.0788842 0.405326 -0.892449 -0.19791
-44.153 82.9238 -0.721403 0.373096 -0.893571 -0.248941
-43.3058 83.4279 -1.34968 0.373099 -0.899469 -0.226647
-42.4479 83.8977 -2.08617 0.358515 -0.926757 -0.112199
-41.4841 84.3553 -2.67608 0.382232 -0.915857 -0.122898
-40.8477 84.512 -2.04212 0.334635 -0.927139 -0.168623
-40.2058 84.5481 -0.983272 0.344706 -0.92275 -0.172061
-39.5164 84.6093 0.115565 0.336682 -0.928156 -0.158582
-38.8061 84.6485 1.03856 0.343393 -0.902589 -0.25957
-37.824 84.7501 1.98441 0.347275 -0.897825 -0.270732
-37.028 84.8936 2.5432 0.360961 -0.891108 -0.274713
-36.0274 85.1258 3.14018 0.372387 -0.885083 -0.279206
-35.0571 85.3585 3.54277 0.326114 -0.897038 -0.298281
-34.1043 85.605 3.83996 0.309384 -0.893693 -0.324944
-33.0556 85.9317 3.9438 0.310483 -0.894124 -0.322712
-32.1844 86.2035 4.01235 0.303611 -0.897272 -0.320498
-31.074 86.5657 4.04758 0.305992 -0.89257 -0.330838
-30.2329 86.883 3.98926 0.284494 -0.897309 -0.336219
-29.103 87.2649 3.82263 0.289049 -0.911423 -0.288494
-27.8561 87.6031 3.83716 0.184811 -0.962196 -0.19227
-27.836 87.47 4.48224 0.275424 -0.942712 -0.188243
-28.6989 86.8839 5.34734 0.415083 -0.842934 -0.32288
-29.2435 86.3871 5.93717 0.389832 -0.845119 -0.340301
-29.9128 85.8636 6.69433 0.287883 -0.864578 -0.410648
-30.3866 85.2908 7.48988 0.268065 -0.860477 -0.432468
-30.6938 84.867 8.25534 0.173489 -0.884801 -0.432468
-30.9875 84.3038 9.24424 0.182329 -0.867029 -0.463699
-31.2063 83.6355 10.4721 0.159224 -0.885665 -0.43604
-31.366 83.0154 11.6535 0.149035 -0.88234 -0.44639
-31.4992 82.5369 12.6454 0.0972843 -0.900271 -0.42432
-31.5555 82.1439 13.5086 0.0713442 -0.911897 -0.40417
-31.6052 81.5987 14.7561 0.0710003 -0.916828 -0.392918
-31.6422 81.2304 15.6401 0.0126477 -0.933497 -0.358312
-31.6138 80.8131 16.6731 -0.0385001 -0.925045 -0.377902
-31.615 80.4088 17.5881 -0.0569639 -0.905366 -0.420794
-31.6456 79.9647 18.536 -0.0741952 -0.905362 -0.41767
-31.6877 79.5877 19.3721 -0.0974883 -0.894167 -0.436991
-31.7291 79.4192 19.7261 -0.0974935 -0.894168 -0.436989
-30.755 79.392 19.5773 -0.0901371 -0.896767 -0.433226
-30.7909 78.9072 20.5387 -0.0999213 -0.87954 -0.465215
-30.782 78.4761 21.3422 -0.144236 -0.845173 -0.514663
-30.7269 77.7546 22.5318 -0.148784 -0.855329 -0.496226
-30.7332 77.1883 23.5376 -0.14596 -0.865196 -0.479721
-30.9169 76.5137 24.7185 -0.12481 -0.84153 -0.525595
-31.2752 75.8252 25.8525 -0.118511 -0.81125 -0.57247
-31.8364 75.2338 26.8012 -0.127444 -0.808985 -0.573847
-32.5409 74.7484 27.6419 -0.116497 -0.812161 -0.571566
-33.1803 74.3534 28.3841 -0.128818 -0.829672 -0.543185
-33.9125 73.8857 29.2791 -0.116349 -0.832057 -0.542086
-34.665 73.4216 30.1188 -0.0820477 -0.834811 -0.544001
-35.6667 73.0804 30.8681 -0.0797589 -0.868361 -0.48944
-36.691 72.6397 31.6584 -0.0203559 -0.854664 -0.518766
-37.4405 72.3157 32.2705 -0.0323062 -0.871945 -0.488536
-38.2466 71.9385 32.996 -0.0326807 -0.873736 -0.485284
-38.9722 71.4941 33.7441 0.0354147 -0.864218 -0.50187
-39.5801 71.0882 34.4421 0.0377441 -0.880511 -0.47252
-40.2177 70.601 35.2983 0.0725281 -0.870241 -0.48576
-40.6389 70.175 35.9835 0.083069 -0.894201 -0.439891
-41.2775 69.5314 37.1964 0.0901543 -0.899729 -0.427036
-41.7582 69.0372 38.113 0.130171 -0.899484 -0.416971
-42.1719 68.6233 38.8934 0.130853 -0.90562 -0.40335
-42.7588 68.1027 39.8869 0.129096 -0.91369 -0.384985
-43.8682 67.5911 40.7877 0.120917 -0.922065 -0.367634
-44.8033 67.3203 41.0611 0.164325 -0.915273 -0.367794
-45.7955 67.0914 41.1567 0.187592 -0.910015 -0.369706
-46.7138 66.9623 41.0062 0.187338 -0.914085 -0.359512
-48.0852 66.9248 40.4214 0.173876 -0.915055 -0.363853
-49.1682 66.9309 39.7643 0.222995 -0.906842 -0.357604
-50.0959 66.9166 39.1795 0.239522 -0.904543 -0.352747
-50.9549 66.8681 38.6956 0.285399 -0.892979 -0.348047
-51.8644 66.7581 38.2447 0.292237 -0.887961 -0.354818
-52.8541 66.5486 37.9087 0.287194 -0.899567 -0.327406
-53.867 66.2768 37.7005 0.314069 -0.898896 -0.305526
-54.9017 65.9779 37.4599 0.33742 -0.892899 -0.298125
-56.06 65.7531 36.7924 0.354411 -0.885664 -0.299986
-56.8476 65.7055 36.0074 0.360724 -0.881834 -0.303599
-57.5656 65.7318 35.0536 0.371361 -0.879823 -0.296652
-58.1152 65.7971 34.1729 0.370431 -0.875558 -0.309833
-58.5726 66.047 32.9713 0.375488 -0.870174 -0.319022
-58.6943 66.3201 32.0454 0.378088 -0.875091 -0.302103
-58.7264 66.6632 31.0451 0.393158 -0.860267 -0.324603
-58.6779 67.1166 29.8489 0.394644 -0.870302 -0.294669
-58.6022 67.4897 28.9373 0.42421 -0.847603 -0.318772
-58.517 67.8752 28.0134 0.425726 -0.853498 -0.300177
-58.479 68.3097 26.8546 0.437444 -0.846643 -0.303049
-58.5518 68.6287 25.8491 0.44578 -0.844281 -0.297345
-58.772 68.9097 24.6909 0.448915 -0.84439 -0.29236
-59.0186 69.1029 23.702 0.464138 -0.841433 -0.276708
-59.336 69.3502 22.3917 0.474395 -0.839808 -0.263945
-59.5488 69.548 21.3798 0.475524 -0.838535 -0.265962
-59.8335 69.7297 20.2721 0.477813 -0.841507 -0.252113
-60.0495 69.9758 19.0334 0.48456 -0.838374 -0.24966
-60.0446 70.271 18.0354 0.482983 -0.843535 -0.234897
-59.8663 70.654 17.0112 0.479254 -0.846559 -0.231634
-59.7359 71.0296 15.9248 0.534226 -0.817523 -0.209424
-59.5647 71.3339 15.0399 0.493674 -0.844027 -0.209469
-59.3826 71.735 13.9093 0.509693 -0.83264 -0.216619
-59.0521 72.2542 12.5457 0.52235 -0.829486 -0.197012
-58.5483 72.864 11.2404 0.52803 -0.829196 -0.183351
-58.2306 73.2522 10.2386 0.525914 -0.836208 -0.155346
-57.797 73.6732 9.4131 0.530194 -0.834272 -0.151278
-57.3847 74.0798 8.62693 0.534948 -0.832991 -0.140783
-56.7632 74.646 7.54507 0.525404 -0.840446 -0.132538
-56.2475 75.1131 6.64975 0.534964 -0.834709 -0.130666
-55.3776 75.7897 5.63958 0.518176 -0.848174 -0.109976
-54.4898 76.4404 4.78938 0.514997 -0.850064 -0.11031
-53.7584 76.965 4.12099 0.510354 -0.85423 -0.0991494
-53.1162 77.4053 3.63278 0.510322 -0.854248 -0.0991566
-52.2485 77.9848 3.08993 0.493793 -0.862563 -0.110239
-51.4879 78.4765 2.65695 0.494791 -0.861723 -0.112314
-50.7399 78.9797 2.11318 0.497361 -0.858686 -0.12365
-49.8115 79.6064 1.37312 0.478985 -0.868161 -0.12988
-48.9721 80.2016 0.852522 0.491116 -0.855365 -0.163518
-48.3227 80.6323 0.399931 0.459246 -0.875812 -0.148482
-47.3925 81.2226 -0.091607 0.471939 -0.865075 -0.170056
-46.47 81.795 -0.495617 0.438282 -0.882399 -0.16927
-45.7004 82.2192 -0.815929 0.416809 -0.891247 -0.178744
-44.7649 82.852 -1.39338 0.423031 -0.873085 -0.238692
-44.0444 83.2573 -1.95919 0.371193 -0.917415 -0.143405
-42.9755 83.8147 -2.92847 0.339657 -0.925422 -0.163991
-42.0693 84.1515 -3.65997 0.00880586 -0.999878 0.0129203
-40.9716 84.4013 -3.90787 0.271694 -0.95697 0.101925
-40.3527 84.68 -3.11756 0.27244 -0.95187 0.140427
-39.5986 84.8588 -1.70623 0.307112 -0.943026 -0.124983
-39.0241 84.9365 -0.75463 0.336688 -0.928155 -0.158578
-38.4194 85.0349 0.125788 0.366202 -0.909875 -0.189843
-37.828 85.0723 0.827989 0.326749 -0.91634 -0.231421
-37.1012 85.1899 1.50995 0.371122 -0.885328 -0.280112
-36.2572 85.3736 2.04931 0.372287 -0.884985 -0.279651
-35.3312 85.6221 2.49406 0.346761 -0.881353 -0.320895
-34.4693 85.8523 2.79391 0.332837 -0.886723 -0.320492
-33.4011 86.1586 2.99113 0.308282 -0.89326 -0.327184
-32.5252 86.4281 3.07724 0.305414 -0.894054 -0.327697
-31.6297 86.7159 3.13172 0.315765 -0.889823 -0.329405
-30.5298 87.1107 3.10023 0.271274 -0.911612 -0.306527
-29.4381 87.4742 2.88997 0.217156 -0.940134 -0.257128
-28.4816 87.7056 2.72337 0.184811 -0.962196 -0.192271
-27.4464 87.8715 2.61499 0.0674864 -0.981433 -0.163425
-26.5029 87.9212 2.66235 -0.115125 -0.993031 -0.0252278
-25.956 87.8852 3.38178 -0.0662237 -0.994694 0.0787323
-26.3617 87.85 4.32579 0.158388 -0.983047 -0.0923648
-27.1607 87.5188 5.19436 0.273042 -0.939431 -0.207166
-28.0016 87.045 5.9786 0.343919 -0.89987 -0.268242
-28.6214 86.4859 6.60437 0.395585 -0.782601 -0.480675
-29.1189 85.8847 7.20958 0.355421 -0.829201 -0.428704
-29.5097 85.416 7.87319 0.315216 -0.852686 -0.416613
-29.8455 84.7961 8.74073 0.250741 -0.851302 -0.452674
-30.1007 84.3077 9.58357 0.17709 -0.864748 -0.469946
-30.2715 83.7613 10.5524 0.173109 -0.876409 -0.449378
-30.3877 83.2557 11.4955 0.129261 -0.879344 -0.458307
-30.5369 82.6847 12.5043 0.0901658 -0.882004 -0.460661
-30.6143 82.1886 13.5638 0.0627764 -0.913832 -0.40121
-30.6314 81.7592 14.4916 0.013761 -0.910864 -0.412477
-30.6527 81.3428 15.3966 0.00318571 -0.903054 -0.429516
-30.6363 80.8559 16.4925 -0.0222332 -0.906382 -0.420605
-30.6815 80.2717 17.7564 -0.0676803 -0.898959 -0.432269
-30.7104 79.761 18.8077 -0.0874489 -0.895709 -0.435957
-30.7464 79.4559 19.4432 -0.0901321 -0.896768 -0.433224
-29.8271 79.2432 19.659 -0.144161 -0.876345 -0.459282
-29.7835 79.8023 18.5372 -0.111966 -0.890183 -0.440874
-29.7441 80.2643 17.603 -0.080245 -0.890961 -0.446934
-29.6966 80.9118 16.2765 -0.047591 -0.897182 -0.43909
-29.6859 81.442 15.1777 -0.0563095 -0.902279 -0.427459
-29.6859 82.0212 13.9958 -0.00471306 -0.898057 -0.439855
-29.6968 82.4217 13.1765 0.0477097 -0.906437 -0.418927
-29.5681 82.8721 12.3901 0.040049 -0.869096 -0.493019
-29.4678 83.3305 11.5929 0.0487711 -0.869253 -0.491863
-29.3324 84.0546 10.3057 0.0871923 -0.830695 -0.544115
-29.1113 84.6657 9.38665 0.253472 -0.843497 -0.473566
-28.7917 85.3211 8.56368 0.300119 -0.809431 -0.502987
-28.349 85.9715 7.7419 0.395617 -0.80572 -0.440798
-27.8559 86.5353 7.154 0.395601 -0.794158 -0.460741
-27.0268 87.2538 6.37246 0.239766 -0.891709 -0.37553
-26.0795 87.7144 5.50435 0.174777 -0.960917 -0.208017
-25.4305 87.9274 4.76711 -0.0139291 -0.985441 -0.124288
-24.78 87.8466 3.52724 -0.074239 -0.995054 0.0458117
-24.8341 87.8197 2.54063 -0.00975301 -0.999754 0.0199254
-25.6542 87.8929 1.65631 -0.0745524 -0.995631 -0.0562269
-26.6157 87.9866 1.60662 -0.0940731 -0.992265 -0.0756058
-27.6304 88.0237 1.62484 0.0674878 -0.981434 -0.163416
-29.0234 87.836 1.83101 0.122867 -0.957019 -0.256508
-30.2238 87.5317 2.04117 0.223725 -0.933422 -0.280484
-31.3239 87.1458 2.21456 0.303616 -0.899233 -0.314912
-32.3413 86.8046 2.2119 0.306566 -0.896039 -0.321142
-33.4314 86.4765 2.10176 0.306848 -0.891325 -0.333408
-34.3471 86.2237 1.89135 0.313109 -0.886907 -0.339447
-35.4682 85.9279 1.50678 0.377651 -0.871095 -0.312129
-36.3006 85.6678 1.05477 0.423157 -0.873546 -0.240499
-37.3505 85.4446 0.0418386 0.399901 -0.886959 -0.229443
-37.9476 85.3946 -0.715063 0.389791 -0.912738 -0.109976
-38.6539 85.2156 -1.82718 0.349404 -0.930078 -0.113456
-39.068 85.0822 -2.65619 0.379147 -0.924014 0.0494519
-39.5484 84.8316 -3.65656 0.383314 -0.92257 0.0433265
-39.9885 84.6168 -4.47597 0.241782 -0.962848 0.120271
-40.687 84.3586 -5.06439 0.256229 -0.963294 0.0717264
-41.5372 84.162 -5.12854 0.0572382 -0.998212 -0.0171999
-42.4646 84.1339 -4.64166 0.00973029 -0.9998 0.0174561
-43.3872 83.8248 -3.87284 0.460284 -0.881203 -0.107797
-44.3172 83.297 -3.01671 0.387075 -0.916018 -0.10196
-44.9839 82.9351 -2.46288 0.388954 -0.912339 -0.127877
-45.8077 82.3909 -1.82313 0.462938 -0.870227 -0.168501
-46.6114 81.9003 -1.47792 0.460659 -0.873721 -0.156178
-47.4508 81.3935 -1.12253 0.46585 -0.86931 -0.164929
-48.5822 80.6633 -0.585316 0.468273 -0.869113 -0.158541
-49.3792 80.1124 -0.0632949 0.510533 -0.848761 -0.137698
-50.2091 79.5268 0.469647 0.508823 -0.849658 -0.138474
-51.0909 78.9125 1.16845 0.497354 -0.858689 -0.123658
-51.8754 78.3641 1.81258 0.496447 -0.859968 -0.118139
-52.5953 77.8949 2.2031 0.508476 -0.854543 -0.105755
-53.6147 77.2026 2.83615 0.50821 -0.854187 -0.109888
-54.2837 76.7438 3.33055 0.505307 -0.855842 -0.110448
-54.9536 76.2731 3.91303 0.516548 -0.849122 -0.110302
-55.5938 75.797 4.56675 0.518127 -0.848156 -0.110346
-56.261 75.3119 5.15695 0.523055 -0.844451 -0.115237
-56.9903 74.7231 6.09549 0.521668 -0.84461 -0.120331
-57.4505 74.3158 6.89986 0.523982 -0.84219 -0.12712
-57.8791 73.9297 7.63871 0.514104 -0.84721 -0.132937
-58.3934 73.4585 8.51728 0.517871 -0.840375 -0.15937
-59.0088 72.8786 9.71325 0.500421 -0.851636 -0.155868
-59.2422 72.5723 10.589 0.502772 -0.845624 -0.179175
-59.7944 71.9055 12.0335 0.518647 -0.835288 -0.182468
-60.1942 71.3408 13.5033 0.513205 -0.837593 -0.187064
-60.3496 71.0399 14.3666 0.492533 -0.845859 -0.204777
-60.4945 70.7447 15.2147 0.481192 -0.851886 -0.206748
-60.626 70.4559 16.0901 0.481269 -0.850175 -0.213499
-60.772 70.1345 17.0402 0.478619 -0.849034 -0.223524
-60.9416 69.6596 18.3679 0.483205 -0.838648 -0.251362
-60.8239 69.3439 19.6618 0.482399 -0.840552 -0.246504
-60.5892 69.2046 20.5925 0.477793 -0.83963 -0.258251
-60.2904 69.0212 21.7134 0.463159 -0.847252 -0.259459
-60.0412 68.7797 22.9609 0.466158 -0.846658 -0.256647
-59.7088 68.5266 24.3164 0.459808 -0.841632 -0.283112
-59.4465 68.3205 25.3247 0.461789 -0.838008 -0.290677
-59.3264 67.9983 26.5207 0.419129 -0.863205 -0.281145
-59.3548 67.5518 27.7828 0.417629 -0.854267 -0.309228
-59.4721 67.1822 28.6461 0.376229 -0.872359 -0.312156
-59.5791 66.7871 29.631 0.375281 -0.874125 -0.308334
-59.6096 66.35 30.8393 0.369189 -0.877922 -0.304883
-59.5792 66.0005 31.8726 0.366689 -0.876616 -0.311582
-59.4466 65.6184 33.1005 0.379834 -0.869551 -0.315607
-59.1961 65.4127 33.9668 0.370431 -0.875561 -0.309827
-58.7679 65.3212 34.7749 0.333578 -0.901387 -0.276095
-58.2572 65.2805 35.5264 0.370534 -0.880076 -0.296936
-57.3862 65.2653 36.7316 0.347741 -0.900184 -0.262194
-56.6819 65.3015 37.4273 0.337586 -0.895266 -0.290482
-55.7173 65.4625 38.1003 0.350842 -0.891113 -0.287797
-54.6456 65.7332 38.4954 0.326948 -0.896699 -0.298389
-53.6775 66.012 38.6968 0.319462 -0.900187 -0.295985
-52.5681 66.2993 38.909 0.268025 -0.914041 -0.304453
-51.4724 66.4607 39.3789 0.271952 -0.9107 -0.310915
-50.1766 66.5417 40.1183 0.228583 -0.909119 -0.348031
-49.3099 66.5253 40.703 0.221309 -0.907026 -0.358212
-48.4101 66.5155 41.2825 0.220825 -0.908488 -0.354803
-47.3375 66.551 41.7475 0.174861 -0.915875 -0.361381
-46.4065 66.6201 42.0231 0.180264 -0.914358 -0.362521
-45.5263 66.7594 42.1291 0.178906 -0.914228 -0.363398
-44.5917 66.9769 42.0023 0.158466 -0.917129 -0.365737
-43.7191 67.2215 41.7742 0.139663 -0.918953 -0.368158
-42.8756 67.4959 41.353 0.120918 -0.922065 -0.367634
-41.8992 68.0328 40.3648 0.133554 -0.919594 -0.369474
-41.4201 68.4438 39.547 0.12595 -0.917202 -0.377747
-40.8584 68.9939 38.4469 0.0957727 -0.907843 -0.408227
-40.3485 69.4904 37.479 0.0945943 -0.90268 -0.419688
-39.9607 69.909 36.6768 0.0674059 -0.900438 -0.429155
-39.4081 70.4414 35.6687 0.0644172 -0.888267 -0.454787
-38.5454 71.0529 34.5818 0.0217435 -0.877949 -0.478259
-37.7846 71.5004 33.76 -0.0271916 -0.879232 -0.475518
-37.0881 71.8431 33.0908 -0.0323074 -0.871943 -0.488541
-36.1139 72.2591 32.3018 -0.018686 -0.874147 -0.485302
-35.2034 72.6378 31.587 -0.0542851 -0.861 -0.504491
-34.4236 72.8761 31.0279 -0.0797594 -0.868361 -0.48944
-33.5876 73.2472 30.1836 -0.104077 -0.84857 -0.517411
-32.7069 73.78 29.1477 -0.130154 -0.832131 -0.539067
-32.0496 74.1949 28.3511 -0.135639 -0.828942 -0.542639
-31.4621 74.5342 27.7222 -0.118576 -0.817497 -0.563595
-30.7782 75.0527 26.8184 -0.139374 -0.80844 -0.571811
-30.2897 75.6759 25.8357 -0.138378 -0.803491 -0.579011
-29.9406 76.3951 24.6544 -0.139544 -0.840432 -0.523642
-29.7704 76.9017 23.7945 -0.13416 -0.856969 -0.496595
-29.7616 77.3776 22.9094 -0.131067 -0.865628 -0.483034
-29.8168 77.9375 21.9426 -0.151486 -0.853975 -0.49731
-29.8527 78.492 21.0402 -0.166445 -0.846492 -0.505658
-29.8425 78.9411 20.2247 -0.155026 -0.871755 -0.46477
-29.8391 79.0875 19.9489 -0.153359 -0.869975 -0.46862
-28.8821 79.0109 19.7824 -0.151692 -0.868195 -0.472469
-28.9321 78.4723 20.7613 -0.169525 -0.849558 -0.499512
-28.8909 77.8159 21.8926 -0.139594 -0.864524 -0.482816
-28.7992 77.2029 22.9741 -0.138592 -0.869294 -0.474302
-28.8145 76.7233 23.7979 -0.176953 -0.820327 -0.543679
-28.9663 76.2414 24.5908 -0.18685 -0.823213 -0.536103
-29.2527 75.6018 25.6393 -0.178081 -0.812182 -0.55556
-29.6601 75.0148 26.6066 -0.143776 -0.805128 -0.575362
-30.3154 74.3658 27.6836 -0.141286 -0.811983 -0.56632
-30.9373 73.987 28.3831 -0.140257 -0.813068 -0.565021
-31.5523 73.6515 29.0673 -0.130068 -0.833586 -0.536858
-32.0977 73.2317 29.8867 -0.141059 -0.847025 -0.512495
-33.0086 72.8003 30.8596 -0.126231 -0.871485 -0.473899
-33.6003 72.4825 31.5784 -0.10144 -0.873901 -0.474975
-34.6522 72.1813 32.3499 -0.101895 -0.886431 -0.451505
-35.5571 71.8608 33.0203 -0.0251518 -0.883346 -0.467756
-36.2736 71.5813 33.5627 -0.00669687 -0.882453 -0.470335
-37.1066 71.1941 34.3063 -0.0196501 -0.881206 -0.472308
-37.991 70.6803 35.291 0.00166798 -0.87874 -0.476873
-38.5784 70.2838 36.0563 0.000209811 -0.893856 -0.448354
-39.0461 69.845 36.9062 0.0506489 -0.904802 -0.422646
-39.4295 69.4051 37.8226 0.0558724 -0.909007 -0.413018
-39.9723 68.9326 38.7716 0.0768559 -0.919195 -0.384276
-40.3379 68.5883 39.5216 0.120351 -0.918379 -0.376955
-40.7915 68.1791 40.3803 0.118545 -0.921596 -0.369474
-41.3208 67.7946 41.1748 0.131911 -0.92193 -0.364163
-41.8725 67.4613 41.8115 0.137453 -0.921272 -0.363819
-42.588 67.1543 42.3174 0.128768 -0.922615 -0.363481
-43.5716 66.8549 42.7441 0.13967 -0.9188 -0.368847
-44.5616 66.6014 42.9569 0.156895 -0.916745 -0.367366
-45.5078 66.365 43.1181 0.168557 -0.915284 -0.365848
-46.5553 66.21 42.9811 0.191965 -0.91288 -0.360277
-47.7957 66.134 42.5615 0.184452 -0.90897 -0.373721
-48.6529 66.101 42.2025 0.205621 -0.9084 -0.363566
-49.7626 66.1368 41.4493 0.203129 -0.917878 -0.340727
-50.619 66.1615 40.8389 0.222443 -0.915468 -0.334979
-51.5422 66.1066 40.3055 0.254944 -0.91173 -0.322107
-52.6373 65.9708 39.8143 0.258233 -0.913244 -0.315121
-53.5082 65.7761 39.5968 0.315935 -0.903528 -0.289404
-54.8849 65.3631 39.415 0.306188 -0.90856 -0.284196
-56.0012 65.0913 38.9759 0.331678 -0.908177 -0.255351
-57.2541 64.8981 38.1185 0.301063 -0.917703 -0.259145
-58.0989 64.8456 37.2759 0.323505 -0.914726 -0.242038
-58.9062 64.8641 36.1444 0.332413 -0.906402 -0.260638
-59.5866 64.9073 35.1372 0.332211 -0.903936 -0.269221
-60.0344 65.0174 34.2785 0.31678 -0.904765 -0.284694
-60.3785 65.3201 32.9754 0.333279 -0.894627 -0.297334
-60.4354 65.6076 32.0153 0.345094 -0.889899 -0.298092
-60.4846 65.8776 31.1433 0.363094 -0.882843 -0.297745
-60.4999 66.2406 30.0668 0.371741 -0.879007 -0.29859
-60.4468 66.6732 28.9 0.379129 -0.874495 -0.302412
-60.314 67.0348 27.9732 0.411745 -0.86667 -0.281689
-60.2036 67.475 26.8008 0.415235 -0.861953 -0.29089
-60.2212 67.7901 25.7816 0.430734 -0.865066 -0.257156
-60.4462 68.0224 24.6631 0.431287 -0.859973 -0.272832
-60.736 68.17 23.7192 0.430384 -0.86582 -0.255195
-60.9724 68.3549 22.7045 0.448431 -0.853149 -0.266547
-61.1591 68.5904 21.6267 0.450443 -0.853558 -0.261802
-61.5244 68.7823 20.3236 0.452801 -0.856238 -0.24865
-61.7591 68.9709 19.2263 0.453642 -0.858062 -0.240703
-61.7943 69.2144 18.2924 0.453732 -0.857948 -0.24094
-61.6827 69.5442 17.328 0.468468 -0.8483 -0.246145
-61.534 69.8489 16.4591 0.481707 -0.849811 -0.213963
-61.4087 70.1922 15.363 0.475553 -0.853704 -0.212073
-61.2446 70.5458 14.3266 0.468444 -0.857827 -0.211303
-61.0254 70.9263 13.2657 0.478811 -0.854773 -0.199763
-60.8 71.2514 12.3446 0.480443 -0.856375 -0.189093
-60.4606 71.681 11.3075 0.485163 -0.851921 -0.197097
-60.0901 72.104 10.4029 0.505766 -0.842883 -0.18371
-59.8325 72.4418 9.47974 0.489506 -0.85715 -0.16024
-59.4938 72.7762 8.68905 0.494454 -0.856384 -0.148322
-59.0551 73.1748 7.90007 0.507593 -0.847607 -0.154634
-58.5875 73.6045 7.03788 0.499979 -0.855575 -0.134064
-58.1127 74.0069 6.22289 0.507848 -0.851398 -0.129943
-57.5778 74.4744 5.31338 0.518252 -0.846755 -0.120091
-56.9196 74.9889 4.52295 0.51644 -0.847572 -0.121474
-56.2411 75.4985 3.88259 0.507542 -0.852007 -0.128188
-55.4937 76.0512 3.15396 0.510692 -0.851969 -0.115266
-54.7309 76.5861 2.5062 0.505775 -0.855585 -0.1103
-53.8958 77.1561 1.91063 0.505318 -0.855834 -0.110462
-53.0867 77.6961 1.43639 0.508887 -0.852092 -0.120816
-51.9842 78.4627 0.712394 0.49553 -0.860116 -0.120909
-51.1555 79.0491 0.000520488 0.510607 -0.850366 -0.127115
-50.2258 79.7006 -0.652431 0.507112 -0.850556 -0.139253
-49.5529 80.1714 -1.07672 0.504975 -0.853462 -0.128654
-48.8684 80.6303 -1.47139 0.503159 -0.855531 -0.122056
-47.97 81.2205 -1.91709 0.502099 -0.854929 -0.130354
-47.1947 81.7242 -2.23397 0.481822 -0.864415 -0.141454
-46.423 82.1987 -2.52102 0.467182 -0.86771 -0.169686
-45.6806 82.6895 -3.05184 0.441847 -0.872322 -0.204237
-45.0816 83.086 -3.60693 0.204271 -0.919144 -0.336821
-44.3137 83.5276 -4.32237 0.175179 -0.921205 -0.345743
-43.6067 83.8684 -4.97144 0.302416 -0.906466 -0.230334
-42.7835 84.1132 -5.64972 0.0654192 -0.996066 0.0210772
-41.6905 84.1164 -6.17008 0.0287593 -0.990344 0.135618
-40.6785 84.1965 -6.25466 0.197828 -0.96748 0.151724
-39.8506 84.4613 -5.85929 0.239019 -0.960467 0.142734
-39.2712 84.6983 -5.2069 0.236011 -0.961845 0.138398
-38.693 85.0649 -4.13245 0.365033 -0.905253 0.217411
-38.3449 85.3541 -3.25563 0.387489 -0.921123 0.0372048
-37.863 85.5433 -2.23004 0.411707 -0.90641 -0.0944302
-37.389 85.6904 -1.43329 0.43349 -0.897454 -0.0768268
-36.844 85.8518 -0.667407 0.399975 -0.888161 -0.223711
-35.8976 86.0632 0.327655 0.423151 -0.873551 -0.240493
-34.9925 86.3938 0.791122 0.445578 -0.862125 -0.241249
-33.9599 86.6741 1.08314 0.305167 -0.886491 -0.347859
-32.9189 86.9553 1.27169 0.292657 -0.895316 -0.335798
-32.001 87.2296 1.34382 0.294441 -0.893963 -0.33743
-30.9361 87.6142 1.26771 0.24678 -0.914958 -0.314053
-29.7965 87.9475 0.998111 0.197063 -0.938429 -0.282449
-28.7888 88.0818 0.812829 0.0370244 -0.996317 -0.077339
-27.5971 88.1345 0.663776 -0.0253272 -0.994541 -0.0855896
-26.5548 88.0514 0.604095 -0.134834 -0.989421 -0.0448489
-25.6372 87.9184 0.621066 -0.127712 -0.991687 -0.0042907
-24.7001 87.7938 0.914121 -0.258808 -0.965134 0.03917
-23.9225 87.6436 1.86262 -0.232469 -0.970486 0.0641472
-23.6877 87.6437 3.08785 -0.161682 -0.983959 0.075386
-23.8749 87.7297 4.01686 -0.16395 -0.985102 0.0518997
-24.3852 87.7963 5.0859 -0.107149 -0.992606 -0.0570266
-25.0861 87.7407 5.86348 0.0751429 -0.986461 -0.133317
-25.9345 87.3989 6.71982 0.405201 -0.880466 -0.246154
-26.7764 86.7877 7.40469 0.263046 -0.790388 -0.553257
-27.6151 85.8834 8.30419 0.256987 -0.790245 -0.556279
-28.1173 85.0608 9.26682 0.185999 -0.788729 -0.581927
-28.3881 84.3002 10.172 0.131257 -0.786054 -0.604062
-28.4568 83.7761 10.9054 0.0487647 -0.869255 -0.491859
-28.5294 83.244 11.8234 0.0427267 -0.865827 -0.498516
-28.6261 82.7729 12.6416 0.027224 -0.858308 -0.511793
-28.7284 82.1361 13.7679 0.016028 -0.88988 -0.455913
-28.7015 81.6369 14.7225 -0.0210319 -0.868774 -0.494763
-28.7366 81.1796 15.5829 -0.0634278 -0.885022 -0.461208
-28.7405 80.7148 16.5084 -0.090932 -0.888477 -0.449328
-28.7851 80.2686 17.3615 -0.107062 -0.882914 -0.457042
-28.8391 79.6503 18.5669 -0.120919 -0.876129 -0.466665
-28.8738 79.1173 19.5843 -0.151692 -0.868195 -0.472469
-27.9398 79.1602 19.2651 -0.110006 -0.874216 -0.472912
-27.839 79.762 18.1066 -0.111892 -0.878416 -0.464614
-27.7891 80.4431 16.8185 -0.0974706 -0.879514 -0.465783
-27.7886 81.06 15.6681 -0.0748905 -0.88471 -0.460086
-27.7506 81.5697 14.7565 -0.0523112 -0.869411 -0.491313
-27.7061 82.2125 13.6039 -0.0422746 -0.877058 -0.478521
-27.6643 82.7158 12.7569 0.0104432 -0.847851 -0.530131
-27.5851 83.2616 11.8785 0.0473742 -0.865316 -0.498982
-27.5666 83.9024 10.8709 0.133404 -0.78763 -0.601534
-27.2771 84.6802 9.91897 0.134285 -0.777132 -0.614681
-26.9958 85.6779 8.98836 0.31562 -0.733878 -0.58782
-26.438 86.3745 8.35083 0.426867 -0.752368 -0.49655
-25.6494 87.0731 7.80673 0.363133 -0.834662 -0.414094
-25.0439 87.6337 7.16582 0.140312 -0.923607 -0.263314
-24.4085 87.7066 6.50284 0.00414855 -0.993883 -0.110361
-23.3818 87.6891 5.32672 -0.090288 -0.99481 -0.0469078
-22.8964 87.5527 4.11777 -0.190062 -0.98098 0.0394385
-22.6834 87.4227 2.94251 -0.239883 -0.96819 0.0711508
-22.8771 87.3757 1.90461 -0.276376 -0.953421 0.115371
-23.236 87.3895 0.872708 -0.273533 -0.958038 0.0856899
-24.1591 87.5895 -0.000318608 -0.277944 -0.958371 0.065038
-25.0836 87.8366 -0.364609 -0.253267 -0.965572 0.0525507
-26.1112 88.0055 -0.479676 -0.152613 -0.988014 -0.0221077
-27.0789 88.1575 -0.356508 -0.162522 -0.986044 -0.0347469
-28.2302 88.2057 -0.208726 -0.0300139 -0.97195 -0.231336
-29.6926 88.2113 0.0553469 -0.0477467 -0.963673 -0.262781
-30.6757 87.9892 0.240191 0.195606 -0.941405 -0.274473
-31.5919 87.7171 0.445779 0.265558 -0.905341 -0.329549
-32.8085 87.3338 0.403898 0.296417 -0.887739 -0.352202
-34.1284 86.9776 0.176971 0.308655 -0.881647 -0.356975
-35.3557 86.5107 -0.326167 0.442376 -0.867479 -0.22756
-36.0186 86.3148 -0.897081 0.440381 -0.870519 -0.219686
-36.542 86.1468 -1.71806 0.452956 -0.885978 -0.099014
-37.0106 85.9943 -2.51569 0.457983 -0.885449 -0.0789409
-37.5019 85.7227 -3.46754 0.416346 -0.905975 0.0765866
-37.9235 85.3706 -4.64766 0.472879 -0.872215 0.125007
-38.2591 85.0091 -5.41658 0.412696 -0.892052 0.159433
-38.9613 84.5653 -6.44849 0.275631 -0.922305 0.26565
-40.0779 84.142 -7.15788 0.193081 -0.9493 0.24809
-41.0066 83.9724 -7.24154 0.0345961 -0.969041 0.244464
-42.2537 83.9203 -7.0326 0.127316 -0.962629 0.239031
-43.245 83.9113 -6.54429 0.180328 -0.962371 0.18925
-44.1763 83.8638 -5.77839 0.141165 -0.975987 0.165895
-45.0002 83.7277 -5.2034 0.175179 -0.921206 -0.345743
-45.5262 83.3567 -4.51389 0.301915 -0.815874 -0.452538
-46.1493 82.7373 -4.02657 0.427399 -0.868826 -0.249881
-46.8164 82.1833 -3.36559 0.480977 -0.848034 -0.219399
-47.8136 81.5023 -3.03679 0.534371 -0.822554 -0.194558
-48.5283 81.0225 -2.71097 0.499863 -0.854458 -0.141561
-49.6506 80.273 -2.10363 0.495385 -0.858144 -0.134842
-50.7014 79.5445 -1.48234 0.510655 -0.850163 -0.128275
-51.3817 79.0645 -0.964996 0.503 -0.853164 -0.138207
-52.2827 78.4224 -0.269135 0.49805 -0.857732 -0.126837
-52.9977 77.9296 0.298149 0.518395 -0.846006 -0.12459
-54.1103 77.162 0.942888 0.502613 -0.85562 -0.123534
-54.9472 76.59 1.53723 0.504514 -0.855234 -0.11849
-55.8366 75.976 2.19172 0.503879 -0.855882 -0.116496
-56.5977 75.4322 2.87754 0.505476 -0.854627 -0.118775
-57.1658 75.0129 3.43693 0.509134 -0.850629 -0.131132
-57.7463 74.5776 3.99812 0.507639 -0.850929 -0.134987
-58.1976 74.2027 4.64627 0.508928 -0.849382 -0.139794
-58.6478 73.8364 5.33623 0.492156 -0.860418 -0.132148
-59.202 73.3584 6.35369 0.498608 -0.855412 -0.140212
-59.7233 72.879 7.36253 0.50001 -0.850693 -0.162209
-60.1714 72.4993 8.0866 0.484864 -0.861763 -0.149237
-60.5816 72.1124 8.95336 0.493138 -0.854591 -0.162677
-60.7924 71.8291 9.78097 0.496339 -0.849872 -0.176708
-61.3056 71.2635 10.9953 0.492312 -0.849202 -0.19101
-61.5637 70.9361 11.8701 0.47048 -0.861777 -0.189708
-61.8359 70.5558 12.9171 0.474024 -0.85867 -0.194865
-62.0762 70.1827 13.9545 0.459247 -0.866477 -0.194859
-62.3148 69.7026 15.4178 0.445266 -0.869627 -0.213275
-62.5164 69.2964 16.6046 0.44933 -0.865774 -0.220308
-62.6322 68.959 17.6341 0.45056 -0.858802 -0.243832
-62.6597 68.6823 18.5641 0.450836 -0.859635 -0.240365
-62.4458 68.3824 20.0385 0.448859 -0.859685 -0.243826
-62.0733 68.1956 21.3584 0.445075 -0.858148 -0.25579
-61.7985 67.8973 22.8328 0.434889 -0.865739 -0.247715
-61.6438 67.6979 23.7901 0.43108 -0.862825 -0.263855
-61.3189 67.5935 24.6342 0.429976 -0.86123 -0.270915
-61.1179 67.4321 25.5012 0.429838 -0.868614 -0.246306
-61.1046 67.1798 26.3737 0.420997 -0.861785 -0.282998
-61.2186 66.7055 27.7271 0.385443 -0.881588 -0.272462
-61.4005 66.3708 28.5528 0.385304 -0.877665 -0.284744
-61.3869 66.0673 29.4634 0.373117 -0.88052 -0.291979
-61.3697 65.7319 30.5046 0.356618 -0.886374 -0.295236
-61.3348 65.367 31.6857 0.34578 -0.892668 -0.289102
-61.2518 64.9852 32.9764 0.343063 -0.894089 -0.287945
-61.1037 64.745 33.9218 0.33415 -0.898319 -0.285129
-60.8136 64.5485 34.8594 0.325697 -0.904551 -0.274677
-60.3042 64.495 35.6826 0.323951 -0.909783 -0.259519
-59.6453 64.4539 36.6828 0.320199 -0.919469 -0.228107
-58.9201 64.4561 37.6497 0.320192 -0.914706 -0.246555
-58.0137 64.5028 38.6323 0.309467 -0.914142 -0.261578
-57.021 64.5961 39.4333 0.298612 -0.920159 -0.253082
-56.2326 64.7585 39.8792 0.331034 -0.912079 -0.241925
-55.414 64.9441 40.2221 0.297139 -0.917463 -0.264518
-54.29 65.2352 40.4589 0.279299 -0.918224 -0.280732
-53.4256 65.4767 40.5997 0.280686 -0.908734 -0.307964
-52.3061 65.6641 40.955 0.251784 -0.91266 -0.321959
-51.2174 65.7578 41.5059 0.235908 -0.910561 -0.339449
-50.1051 65.7411 42.259 0.218838 -0.902694 -0.370473
-49.3684 65.6895 42.8168 0.20995 -0.901611 -0.378028
-47.9091 65.7188 43.4961 0.192973 -0.904663 -0.379929
-46.9758 65.7893 43.8222 0.190923 -0.911623 -0.363948
-46.0272 65.9066 44.0183 0.179957 -0.913975 -0.363601
-44.888 66.1271 44.0024 0.169737 -0.915671 -0.364331
-43.9831 66.3231 43.9068 0.152681 -0.920261 -0.36029
-43.1365 66.5708 43.6086 0.129212 -0.925057 -0.357152
-42.2862 66.8291 43.2539 0.145726 -0.918243 -0.367792
-41.2554 67.2883 42.527 0.158498 -0.92693 -0.340116
-40.6419 67.6 41.9023 0.13047 -0.928632 -0.346753
-40.04 68.0363 41.0034 0.122794 -0.924351 -0.361238
-39.6441 68.4018 40.1985 0.121042 -0.924882 -0.360476
-39.1618 68.7828 39.3834 0.0929739 -0.931648 -0.351266
-38.7825 69.1166 38.5718 0.0518336 -0.930664 -0.361535
-38.3617 69.449 37.8482 0.0385087 -0.908866 -0.415308
-38.0227 69.875 36.9362 0.0280932 -0.916262 -0.399593
-37.4402 70.3145 36.0147 -0.022565 -0.912388 -0.408703
-36.7175 70.7415 35.1451 -0.00727999 -0.885179 -0.465194
-36.0841 71.0896 34.4572 -0.0205052 -0.868802 -0.494735
-35.1817 71.3977 33.8395 -0.0651912 -0.868269 -0.491789
-34.2708 71.7252 33.1427 -0.0638007 -0.867382 -0.493533
-33.5613 71.9138 32.6288 -0.101895 -0.886434 -0.451501
-32.7923 72.0797 32.1469 -0.10144 -0.873901 -0.474975
-32.2091 72.3923 31.3871 -0.134346 -0.873857 -0.467078
-31.1427 72.9312 30.1231 -0.134627 -0.856171 -0.498594
-30.6873 73.2787 29.4308 -0.134169 -0.83914 -0.527107
-29.7363 73.8049 28.3309 -0.149999 -0.823595 -0.546184
-28.9136 74.559 27.0482 -0.150651 -0.805263 -0.573457
-28.4364 75.0807 26.1612 -0.170286 -0.81997 -0.54649
-28.2108 75.5922 25.3198 -0.180538 -0.820627 -0.542192
-27.9737 76.0304 24.5698 -0.175168 -0.819818 -0.545088
-27.799 76.6024 23.6694 -0.167054 -0.817441 -0.551256
-27.8532 77.1033 22.8563 -0.140635 -0.858963 -0.491955
-27.9472 77.5924 22.0594 -0.123286 -0.858364 -0.497818
-27.982 78.1436 21.1016 -0.113078 -0.859326 -0.49877
-27.9654 78.8303 19.8809 -0.113599 -0.870838 -0.478209
-27.965 78.8349 19.8724 -0.110006 -0.874215 -0.472912
