-46.2938 78.7333 20.8483 0.329492 -0.895411 -0.295861
-46.0938 79.1552 19.6899 0.292173 -0.910194 -0.293566
-45.8762 79.5911 18.391 0.282308 -0.927178 -0.24626
-46.3797 79.6401 17.6175 0.272796 -0.935338 -0.224779
-46.7856 79.2661 18.549 0.29635 -0.923249 -0.244515
-46.9353 78.9619 19.4129 0.31798 -0.904776 -0.283277
-47.0307 78.6448 20.306 0.327679 -0.893449 -0.306199
-46.4846 78.4817 21.3135 0.337603 -0.882584 -0.327214
-46.4075 78.5193 21.2939 0.353103 -0.875368 -0.330227
-45.6461 78.6035 21.7541 0.20639 -0.876608 -0.434696
-45.3284 79.0501 20.8041 0.204107 -0.932415 -0.298234
-45.1848 79.4603 19.5918 0.229714 -0.933335 -0.275892
-45.0097 79.8599 18.3661 0.285738 -0.927106 -0.242547
-44.9219 80.1922 17.1471 0.269211 -0.939402 -0.212216
-44.9125 80.523 15.674 0.259562 -0.945623 -0.195065
-45.8175 80.2353 15.7285 0.295273 -0.9454 -0.137959
-46.7667 79.768 16.6404 0.259235 -0.939103 -0.225574
-47.2319 79.4497 17.3759 0.288354 -0.919136 -0.268404
-47.5739 79.0788 18.3011 0.308366 -0.91424 -0.261821
-47.8402 78.5357 19.7019 0.433483 -0.855822 -0.281925
-47.8096 78.1842 20.6917 0.428994 -0.845463 -0.318052
-47.5487 77.7269 22.0627 0.392328 -0.823971 -0.40884
-47.1564 77.5312 22.8548 0.355892 -0.851069 -0.38309
-46.4192 77.9856 22.529 0.335666 -0.832532 -0.440703
-45.7495 78.5031 21.9075 0.20639 -0.876609 -0.434696
-44.825 78.549 22.2538 0.206291 -0.880699 -0.426293
-45.3885 78.1335 22.8555 0.206201 -0.884787 -0.417892
-46.3314 77.4978 23.5786 0.305365 -0.856846 -0.414844
-46.9571 77.0377 24.0479 0.319085 -0.832467 -0.451858
-47.8422 76.7669 23.7889 0.413094 -0.807462 -0.419974
-48.2257 77.0731 22.7368 0.410784 -0.827999 -0.381243
-48.4818 77.5103 21.53 0.42546 -0.818376 -0.386321
-48.6916 77.9379 20.1568 0.427062 -0.847061 -0.31638
-48.5861 78.3844 19.014 0.433484 -0.855821 -0.281925
-48.4116 78.7249 18.189 0.437439 -0.862035 -0.256014
-48.025 79.2655 16.9117 0.415962 -0.879687 -0.230492
-47.3731 79.6664 15.8765 0.344964 -0.930981 -0.117644
-46.4186 80.1336 15.0543 0.332709 -0.93452 -0.126403
-45.5932 80.5033 14.4766 0.31623 -0.934742 -0.162037
-44.6127 80.88 13.8074 0.22965 -0.96703 -0.110061
-43.9041 81.0233 14.0555 0.249981 -0.962246 -0.107668
-43.9932 80.8805 15.0477 0.233674 -0.957271 -0.169819
-44.0042 80.6749 16.1186 0.244621 -0.952617 -0.180747
-44.0387 80.4013 17.3307 0.267136 -0.939315 -0.215234
-44.1137 80.1534 18.2997 0.265202 -0.924006 -0.272987
-44.2268 79.79 19.3116 0.244656 -0.92091 -0.303426
-44.3888 79.3542 20.5204 0.222996 -0.920968 -0.319517
-44.5294 78.9224 21.5621 0.172213 -0.896579 -0.40803
-44.8081 78.5656 22.2285 0.189304 -0.886596 -0.421358
-43.9104 78.5893 22.6421 0.20866 -0.893159 -0.398407
-44.7224 78.0007 23.5138 0.224673 -0.878135 -0.421887
-45.386 77.5817 24.005 0.235997 -0.862954 -0.446509
-46.0455 77.0987 24.5561 0.273841 -0.852966 -0.443546
-46.7978 76.4825 25.1221 0.336171 -0.810701 -0.479326
-47.5013 75.9078 25.6404 0.351748 -0.818461 -0.453547
-48.1336 75.5068 25.8357 0.37674 -0.800099 -0.466295
-48.3952 75.8687 24.9105 0.399476 -0.816331 -0.41716
-48.6843 76.2484 23.9539 0.433713 -0.797979 -0.416147
-48.9979 76.6072 22.8246 0.44834 -0.809729 -0.37859
-49.2252 76.9521 21.8556 0.447083 -0.802265 -0.395585
-49.473 77.3913 20.5046 0.473745 -0.825741 -0.305148
-49.475 77.7918 19.3556 0.458782 -0.841886 -0.284054
-49.3353 78.156 18.476 0.461347 -0.847252 -0.263292
-49.1104 78.579 17.4714 0.467162 -0.856645 -0.214582
-48.8491 78.9299 16.5856 0.488714 -0.857811 -0.154865
-48.3164 79.3243 15.5655 0.405715 -0.906247 -0.11879
-47.5979 79.7266 14.8177 0.393341 -0.911172 -0.121417
-46.8825 80.0706 14.2402 0.334506 -0.936006 -0.109539
-45.945 80.4909 13.5977 0.349257 -0.929742 -0.116616
-44.8331 80.9157 12.7935 0.248243 -0.964474 -0.0899855
-43.7412 81.2693 12.1228 0.244278 -0.964612 -0.0989159
-42.8659 81.4789 12.3647 0.273198 -0.948891 -0.158014
-42.9297 81.3265 13.4964 0.237516 -0.96657 -0.0965874
-43.0222 81.2104 14.4307 0.243746 -0.964408 -0.102135
-43.1026 80.978 15.7237 0.233679 -0.957272 -0.16981
-43.1365 80.7198 16.8103 0.210278 -0.949312 -0.233646
-43.1841 80.4265 18.0023 0.196933 -0.954983 -0.221868
-43.2937 80.1301 19.0063 0.232422 -0.924445 -0.302293
-43.4229 79.7853 19.9449 0.214422 -0.912001 -0.348096
-43.4886 79.3819 20.9602 0.166193 -0.924889 -0.341995
-43.6255 79.0107 21.8343 0.189401 -0.905879 -0.378049
-43.7321 78.8066 22.2485 0.209212 -0.895275 -0.393297
-42.7543 78.8811 22.4547 0.126322 -0.898553 -0.42
-42.5536 79.3983 21.3633 0.145355 -0.909893 -0.38731
-42.5022 79.8242 20.3702 0.213238 -0.900386 -0.379255
-42.4235 80.1781 19.4799 0.215592 -0.923619 -0.316935
-42.3271 80.4654 18.5767 0.150774 -0.949699 -0.27448
-42.2571 80.8019 17.1847 0.191799 -0.95715 -0.216972
-42.2296 81.0247 16.2766 0.147644 -0.969863 -0.193823
-42.1375 81.2951 14.8684 0.167415 -0.974152 -0.151595
-42.0574 81.4485 13.9456 0.173596 -0.975718 -0.132441
-41.9222 81.6477 12.6934 0.201409 -0.966814 -0.156963
-41.9043 81.8118 11.7513 0.194408 -0.967818 -0.159667
-42.387 81.8676 10.834 0.233297 -0.95858 -0.156357
-43.2621 81.6081 10.8465 0.278932 -0.948682 -0.148997
-44.2525 81.2479 11.3441 0.26481 -0.952576 -0.149915
-45.0034 80.9857 11.7982 0.275441 -0.955102 -0.103793
-45.9206 80.6183 12.4245 0.32725 -0.938715 -0.108263
-46.6222 80.3124 12.9562 0.330728 -0.938529 -0.0983415
-47.4711 79.9283 13.5199 0.359913 -0.927712 -0.0990554
-48.1437 79.6104 14.0532 0.373496 -0.919706 -0.1184
-48.7834 79.2223 14.7173 0.443563 -0.889124 -0.112741
-49.3605 78.7875 15.6044 0.464789 -0.873007 -0.147747
-49.7457 78.4084 16.5502 0.494014 -0.849494 -0.185098
-50.0521 77.9462 17.7926 0.499236 -0.84126 -0.207472
-50.2755 77.4752 18.9427 0.495139 -0.822453 -0.280017
-50.3358 77.0811 19.9448 0.499304 -0.809642 -0.308505
-50.266 76.7603 20.8937 0.492839 -0.799682 -0.341596
-49.917 76.2956 22.3389 0.500639 -0.787391 -0.359273
-49.6447 75.9021 23.5029 0.469037 -0.791961 -0.390899
-49.4078 75.6313 24.3373 0.467418 -0.79374 -0.38922
-49.2136 75.3138 25.1697 0.441263 -0.787471 -0.430321
-48.9239 74.8076 26.3538 0.439214 -0.777623 -0.449881
-48.4477 74.389 27.4411 0.364693 -0.775871 -0.514804
-48.0522 74.5828 27.4208 0.350891 -0.792566 -0.498713
-47.2802 75.3422 26.729 0.318411 -0.80607 -0.498864
-46.523 76.0418 26.0683 0.313048 -0.81202 -0.49257
-45.6961 76.7203 25.3979 0.236247 -0.831766 -0.502259
-45.0172 77.2362 24.8608 0.245405 -0.845253 -0.474065
-43.9978 77.855 24.1021 0.163173 -0.869526 -0.466154
-43.293 78.2929 23.4836 0.142812 -0.882802 -0.447398
-42.856 78.7249 22.7455 0.130962 -0.891686 -0.433295
-41.8972 78.7407 23.0027 0.124521 -0.888092 -0.442325
-42.5117 78.1453 24.0504 0.136855 -0.89189 -0.429446
-43.259 77.6909 24.6733 0.17324 -0.868111 -0.464183
-44.223 77.0963 25.3839 0.153262 -0.853843 -0.497456
-44.9626 76.5813 25.9564 0.208126 -0.831935 -0.513849
-45.6414 76.0507 26.5092 0.232278 -0.827081 -0.511844
-46.3343 75.47 27.1374 0.281062 -0.823603 -0.490414
-47.1087 74.7208 27.8559 0.342441 -0.781681 -0.520755
-47.646 74.168 28.3659 0.278105 -0.823179 -0.495009
-48.2805 73.4772 29.0965 0.358314 -0.806767 -0.469221
-48.9643 72.8725 29.607 0.343775 -0.806043 -0.481778
-49.3956 73.0146 29.012 0.371681 -0.812118 -0.449798
-49.4546 73.5241 28.0435 0.370834 -0.812204 -0.45034
-49.5711 73.9631 27.2565 0.387268 -0.776007 -0.497833
-49.7946 74.4447 26.2132 0.388456 -0.817448 -0.4253
-50.0646 74.8892 25.0274 0.462381 -0.786825 -0.408751
-50.3662 75.2926 23.881 0.479373 -0.790877 -0.380064
-50.5866 75.5495 23.0457 0.49269 -0.786913 -0.371516
-50.8189 75.8531 22.0594 0.497456 -0.796083 -0.344659
-51.0083 76.129 21.2044 0.540833 -0.775752 -0.325128
-51.106 76.4436 20.2919 0.541035 -0.77527 -0.32594
-51.172 76.7784 19.3859 0.520169 -0.792456 -0.317223
-50.9682 77.2963 18.1182 0.523059 -0.818309 -0.238283
-50.681 77.8039 16.8483 0.52351 -0.828198 -0.199491
-50.4562 78.1366 15.9425 0.481027 -0.859296 -0.172992
-49.9915 78.5649 14.9358 0.464279 -0.873248 -0.147931
-49.3911 79.0164 14.0274 0.434097 -0.890683 -0.13507
-48.4686 79.5844 13.0865 0.423403 -0.899578 -0.107192
-47.7098 79.9486 12.5215 0.367247 -0.92108 -0.129387
-46.6896 80.4176 11.8323 0.329222 -0.938134 -0.107315
-45.6275 80.8659 11.1017 0.300288 -0.944755 -0.131396
-44.5658 81.2798 10.4531 0.284336 -0.948273 -0.140149
-43.5168 81.6987 9.82582 0.279222 -0.947628 -0.155004
-42.2788 82.0712 9.7253 0.213928 -0.964403 -0.146561
-41.4004 82.1424 10.2842 0.17063 -0.975769 -0.136967
-40.902 82.0518 11.485 0.192039 -0.969112 -0.154737
-40.9663 81.8847 12.4854 0.211354 -0.967553 -0.138154
-41.0969 81.6875 13.6 0.210446 -0.961316 -0.17507
-41.1997 81.4871 14.6523 0.165416 -0.975097 -0.147726
-41.2588 81.2981 15.6305 0.13756 -0.971036 -0.195361
-41.36 81.0402 16.7762 0.107445 -0.962425 -0.248654
-41.3608 80.7836 17.7418 0.070951 -0.96742 -0.243031
-41.4193 80.5335 18.7186 0.070806 -0.967279 -0.243634
-41.5247 80.205 19.7503 0.0205087 -0.930795 -0.364966
-41.5951 79.8257 20.729 0.0176273 -0.934014 -0.356802
-41.6734 79.3607 21.7382 0.140791 -0.89881 -0.415113
-41.8272 78.8643 22.7696 0.126322 -0.898553 -0.420001
-40.8637 78.8498 22.9373 0.0400749 -0.905917 -0.421554
-41.1313 78.4463 23.7459 0.0606226 -0.894641 -0.442655
-41.6687 78.0046 24.5202 0.0200105 -0.860044 -0.509827
-42.3758 77.5957 25.1534 0.106104 -0.848929 -0.512689
-43.1888 77.0934 25.7358 0.176165 -0.852809 -0.491612
-43.9251 76.6171 26.281 0.170835 -0.842056 -0.511077
-44.5619 76.1744 26.7743 0.195929 -0.839473 -0.506839
-45.2524 75.6424 27.3618 0.237065 -0.830707 -0.503712
-45.8098 75.1459 27.8931 0.206013 -0.803371 -0.558707
-46.4453 74.5272 28.5208 0.218158 -0.788856 -0.574554
-47.0658 73.8996 29.1211 0.27262 -0.800245 -0.534122
-47.6093 73.322 29.7447 0.252503 -0.819963 -0.513715
-48.2231 72.6395 30.5177 0.251572 -0.813934 -0.523664
-48.9084 72.1237 30.9031 0.337589 -0.816005 -0.469222
-49.9238 72.0155 30.3615 0.337185 -0.813584 -0.473695
-50.1781 72.4277 29.432 0.364554 -0.8181 -0.443651
-50.2882 72.8985 28.4863 0.369987 -0.812291 -0.450881
-50.4156 73.4906 27.3706 0.403204 -0.787076 -0.464633
-50.5576 73.8717 26.4991 0.446735 -0.806602 -0.387068
-50.7754 74.2569 25.4551 0.459107 -0.792529 -0.401359
-51.0458 74.7178 24.2213 0.478824 -0.784689 -0.393688
-51.2716 74.996 23.3223 0.476182 -0.799745 -0.365593
-51.4604 75.2671 22.4848 0.492687 -0.786911 -0.371524
-51.7517 75.4894 21.5098 0.529715 -0.781095 -0.330576
-51.8766 75.7951 20.5775 0.539052 -0.78219 -0.311874
-51.9403 76.1636 19.5407 0.547818 -0.774413 -0.316513
-51.8663 76.6262 18.3974 0.554192 -0.800533 -0.227276
-51.652 77.0868 17.2463 0.549856 -0.811694 -0.19562
-51.4586 77.4391 16.275 0.538974 -0.813616 -0.218027
-51.1308 77.8647 15.263 0.52482 -0.841054 -0.131121
-50.7656 78.2104 14.5152 0.519443 -0.844299 -0.131367
-50.3029 78.5843 13.7319 0.46801 -0.874061 -0.130315
-49.6955 79.0245 12.9707 0.442362 -0.887616 -0.124545
-48.9187 79.4761 12.2581 0.415854 -0.901753 -0.117929
-48.102 79.9102 11.65 0.382604 -0.916971 -0.11304
-47.1471 80.3564 11.0049 0.329281 -0.936912 -0.117343
-46.1793 80.7736 10.3459 0.321891 -0.94001 -0.11299
-45.1194 81.2333 9.68096 0.317485 -0.938174 -0.137959
-44.0758 81.6598 9.04201 0.282814 -0.948331 -0.143401
-43.2944 81.9655 8.56237 0.278969 -0.949184 -0.144531
-42.412 82.2015 8.60131 0.263004 -0.953832 -0.144988
-41.5636 82.2988 9.0313 0.163435 -0.974892 -0.151244
-40.2914 82.4436 9.92314 0.248831 -0.960173 -0.127085
-39.9561 82.3665 10.9675 0.232785 -0.953741 -0.190233
-39.9671 82.1919 11.8541 0.248401 -0.955194 -0.159709
-40.1198 81.9782 13.1256 0.211354 -0.967553 -0.138153
-40.2082 81.7737 14.084 0.204291 -0.957259 -0.204742
-40.3019 81.5313 15.1904 0.111616 -0.967648 -0.223346
-40.3655 81.2895 16.1871 0.0915132 -0.969898 -0.225115
-40.4189 80.9796 17.3763 0.0910752 -0.955902 -0.278414
-40.4669 80.627 18.5884 0.0657422 -0.964659 -0.255006
-40.5505 80.3226 19.5722 0.0504703 -0.92065 -0.387113
-40.6135 79.9601 20.4262 0.0354962 -0.925723 -0.376038
-40.7145 79.5095 21.5905 0.0156359 -0.918083 -0.394298
-40.8399 78.8983 22.8365 0.0399532 -0.895722 -0.442816
-40.8426 78.8896 22.8537 0.0400138 -0.90082 -0.432185
-39.8815 78.852 23.0006 -0.0164698 -0.901701 -0.431858
-39.7612 79.479 21.6994 0.0156366 -0.918081 -0.394303
-39.6805 79.9258 20.5428 0.0105465 -0.933072 -0.359534
-39.6155 80.293 19.7042 -0.00758826 -0.920721 -0.38936
-39.5593 80.6096 18.8252 -0.0108877 -0.956303 -0.292175
-39.511 80.9934 17.5653 0.078604 -0.953145 -0.292123
-39.4412 81.3083 16.4247 0.0610441 -0.968895 -0.239825
-39.3561 81.5615 15.3801 0.0756415 -0.968882 -0.235639
-39.2419 81.9061 13.9881 0.0722024 -0.969113 -0.235812
-39.1642 82.2307 12.8307 0.13839 -0.964695 -0.22408
-39.0299 82.5147 11.4522 0.223206 -0.959552 -0.168823
-38.9773 82.776 10.1336 0.232734 -0.951324 -0.201354
-39.6144 82.7856 9.26301 0.269486 -0.943417 -0.191175
-40.7678 82.6149 8.49487 0.273492 -0.932305 -0.236666
-41.6189 82.5394 7.92 0.242578 -0.951439 -0.189526
-42.6892 82.3559 7.35439 0.294734 -0.936283 -0.191066
-43.6595 81.9924 7.61477 0.300278 -0.938243 -0.169329
-44.4482 81.6775 8.11891 0.285936 -0.949107 -0.132021
-45.1545 81.385 8.608 0.317497 -0.936181 -0.150867
-45.924 81.0501 9.07481 0.320666 -0.936832 -0.139658
-46.6404 80.7255 9.52906 0.355043 -0.92803 -0.112719
-47.3791 80.3812 10.0107 0.35959 -0.926899 -0.1071
-48.169 80.0154 10.5386 0.381651 -0.917948 -0.108228
-49.1957 79.47 11.3035 0.42429 -0.89937 -0.105409
-49.8375 79.1002 11.8754 0.434425 -0.89498 -0.100711
-50.7428 78.4751 12.8184 0.485375 -0.866229 -0.118569
-51.209 78.0839 13.5466 0.513097 -0.848411 -0.130006
-51.6113 77.7164 14.3108 0.524185 -0.840369 -0.137873
-52.0319 77.2514 15.3563 0.548638 -0.819796 -0.164103
-52.3316 76.8113 16.4325 0.562119 -0.800095 -0.209302
-52.5069 76.4538 17.3462 0.567645 -0.796075 -0.209762
-52.6661 76.0041 18.5211 0.586445 -0.777189 -0.228166
-52.7268 75.6525 19.3899 0.585989 -0.760909 -0.278629
-52.6807 75.2602 20.4993 0.548745 -0.781724 -0.296289
-52.4178 74.8797 21.8706 0.532739 -0.776327 -0.336906
-52.0314 74.4796 23.3646 0.520176 -0.780366 -0.346875
-51.7253 74.099 24.6488 0.484592 -0.787306 -0.38053
-51.5384 73.7284 25.6308 0.469348 -0.798701 -0.37655
-51.3254 73.318 26.7669 0.45804 -0.802652 -0.38181
-51.1897 72.891 27.6679 0.443943 -0.781771 -0.437891
-51.1156 72.4499 28.5679 0.420623 -0.79358 -0.438359
-51.0188 72.0446 29.3889 0.400902 -0.806561 -0.434292
-50.8802 71.4887 30.5328 0.409399 -0.799999 -0.438628
-50.0844 71.3671 31.3608 0.35318 -0.805468 -0.475563
-49.1971 71.5296 31.7286 0.340547 -0.814858 -0.469068
-48.0755 71.9157 31.7667 0.274407 -0.82096 -0.500338
-47.454 72.5528 31.0218 0.254669 -0.821909 -0.509243
-46.9301 73.1347 30.3678 0.250746 -0.814577 -0.523059
-46.2505 73.8244 29.6013 0.205 -0.815597 -0.541088
-45.5969 74.4668 28.9238 0.216375 -0.787202 -0.57749
-44.9616 75.0625 28.296 0.156013 -0.802977 -0.575229
-44.2621 75.65 27.668 0.15823 -0.801659 -0.576459
-43.3864 76.2621 27.0136 0.140131 -0.829908 -0.539349
-42.5635 76.7969 26.3967 0.0989744 -0.837123 -0.534342
-41.8225 77.2087 25.8015 0.0369338 -0.842542 -0.537362
-41.0543 77.6142 25.2029 0.0231171 -0.859666 -0.510324
-40.4231 78.0568 24.4908 0.0249046 -0.860766 -0.508381
-40.0636 78.4721 23.7786 -0.00586966 -0.884156 -0.466226
-39.9399 78.6925 23.3269 -0.00764791 -0.897865 -0.440204
-38.9455 78.6935 23.2837 -0.0252837 -0.905539 -0.423509
-39.144 78.3014 24.0729 -0.0162613 -0.864967 -0.501307
-39.7834 77.649 25.1871 -0.00819962 -0.848927 -0.528091
-40.3985 77.267 25.7815 0.0151535 -0.841397 -0.540205
-41.1398 76.9062 26.3228 0.0260462 -0.841969 -0.538785
-41.9873 76.3922 27.0275 0.0137451 -0.814835 -0.57953
-42.8497 75.8903 27.681 0.0794546 -0.811601 -0.576162
-43.5304 75.4094 28.1904 0.143985 -0.804056 -0.576855
-44.2755 74.8249 28.8161 0.157454 -0.806224 -0.570272
-45.0016 74.149 29.5715 0.149194 -0.81498 -0.559731
-45.8579 73.3733 30.4873 0.230299 -0.823098 -0.518894
-46.5726 72.6077 31.373 0.250542 -0.82502 -0.506528
-47.1736 71.9196 32.2164 0.249602 -0.832308 -0.494937
-48.1388 71.2193 32.9643 0.26855 -0.841112 -0.468666
-49.1903 71.0556 32.5931 0.292732 -0.838395 -0.459784
-50.1798 70.8892 32.1986 0.336607 -0.834069 -0.437063
-51.1354 70.7397 31.7341 0.373158 -0.832829 -0.408382
-51.7731 70.8628 30.8681 0.392577 -0.819609 -0.417012
-51.8578 71.3136 29.9396 0.400779 -0.806474 -0.43456
-51.8844 71.7385 29.1086 0.449491 -0.805829 -0.385484
-51.9554 72.2322 28.055 0.472101 -0.772556 -0.424592
-52.0682 72.6069 27.2154 0.482693 -0.774977 -0.407844
-52.2824 73.1245 25.947 0.501345 -0.781049 -0.371847
-52.414 73.4369 25.0957 0.515251 -0.772198 -0.37179
-52.5925 73.7722 24.1414 0.532622 -0.773965 -0.342223
-52.907 74.08 22.9291 0.538647 -0.772235 -0.336917
-53.2356 74.3795 21.6949 0.546964 -0.766986 -0.335502
-53.4322 74.6194 20.7673 0.561937 -0.766694 -0.310495
-53.5066 75.0024 19.5897 0.562387 -0.779253 -0.276561
-53.4253 75.5024 18.3049 0.579954 -0.779331 -0.237118
-53.3081 75.8634 17.3707 0.580864 -0.783229 -0.221474
-53.1673 76.1996 16.5344 0.587933 -0.779068 -0.217688
-52.9378 76.6084 15.5334 0.550133 -0.818564 -0.165249
-52.6949 76.9373 14.7082 0.548019 -0.818958 -0.170137
-52.3781 77.3185 13.9229 0.528409 -0.833226 -0.16024
-51.9777 77.6875 13.1567 0.508698 -0.849374 -0.140678
-51.5476 78.0674 12.3978 0.503952 -0.852433 -0.139245
-51.002 78.4841 11.737 0.479867 -0.867779 -0.129111
-50.1904 79.0229 10.9591 0.44456 -0.890588 -0.096015
-49.5421 79.4052 10.4144 0.444366 -0.890611 -0.0966997
-48.8802 79.7686 9.92503 0.415918 -0.904759 -0.0917832
-47.9412 80.2536 9.27186 0.401017 -0.912392 -0.0820094
-47.2399 80.5832 8.81252 0.355334 -0.927413 -0.11673
-46.4541 80.9463 8.33996 0.355633 -0.926795 -0.120734
-45.5941 81.3726 7.75975 0.34529 -0.92749 -0.13989
-44.7908 81.6896 7.19607 0.317151 -0.936171 -0.141868
-43.9595 82.0883 6.68932 0.326755 -0.927446 -0.181863
-43.1669 82.4222 6.32484 0.294421 -0.934053 -0.201985
-42.2379 82.7072 6.38113 0.290948 -0.933277 -0.210429
-41.085 82.8459 7.22475 0.275444 -0.931075 -0.239226
-40.3506 82.9231 7.74817 0.26865 -0.93384 -0.236093
-39.2905 83.0708 8.36446 0.256535 -0.938294 -0.231936
-38.2429 83.2118 8.9937 0.260793 -0.940606 -0.217362
-37.9994 82.9381 10.418 0.186711 -0.960827 -0.204817
-38.1202 82.6809 11.5592 0.168878 -0.965481 -0.193392
-38.2467 82.4277 12.5495 0.14031 -0.963934 -0.226132
-38.2627 82.1273 13.6199 0.115799 -0.951932 -0.283579
-38.325 81.8425 14.5384 0.0709671 -0.957336 -0.279321
-38.4479 81.5178 15.8342 0.064442 -0.96989 -0.234864
-38.5388 81.2925 16.7213 0.0674614 -0.968212 -0.240861
-38.6174 80.8786 18.0621 0.0397598 -0.937425 -0.345909
-38.6537 80.5333 19.0414 -0.0187632 -0.94154 -0.333422
-38.6912 80.1962 19.8778 0.010863 -0.930825 -0.363172
-38.7742 79.7525 21.0186 0.0100899 -0.933012 -0.359703
-38.8374 79.2289 22.1749 -0.0242582 -0.889866 -0.455516
-38.8992 78.8476 22.9513 -0.025287 -0.90554 -0.423506
-37.9511 78.7595 23.0265 -0.0543564 -0.888603 -0.454947
-37.8808 79.2667 22.0584 -0.0362461 -0.883907 -0.466256
-37.8617 79.7084 21.1586 0.017747 -0.928757 -0.370018
-37.7811 80.0724 20.2792 0.0254044 -0.924501 -0.380333
-37.75 80.4332 19.3773 0.042964 -0.938033 -0.343723
-37.7122 80.7581 18.4708 0.0333851 -0.939623 -0.340515
-37.6528 81.2335 17.1401 0.0190625 -0.945557 -0.324897
-37.5628 81.4847 16.214 0.0644604 -0.969906 -0.234794
-37.4499 81.74 15.1906 0.0735838 -0.965679 -0.24852
-37.295 82.106 13.8971 0.07096 -0.957339 -0.279314
-37.3348 82.4645 12.842 0.106752 -0.946384 -0.303938
-37.1922 82.809 11.5957 0.141786 -0.963221 -0.228259
-37.0789 83.0962 10.5157 0.166396 -0.960204 -0.222686
-36.975 83.3742 9.52899 0.210079 -0.939385 -0.270966
-37.2271 83.6046 8.441 0.246681 -0.935241 -0.253916
-38.377 83.4515 7.86911 0.258737 -0.933283 -0.248995
-39.4207 83.3012 7.32809 0.267948 -0.93092 -0.24813
-40.6243 83.1694 6.49458 0.271447 -0.931575 -0.241811
-41.3449 83.0832 5.9276 0.292522 -0.928876 -0.227202
-42.3505 82.945 5.17218 0.305299 -0.926118 -0.221229
-43.2223 82.6591 5.21089 0.295814 -0.930829 -0.214596
-43.97 82.2925 5.62717 0.326785 -0.927606 -0.180992
-44.7458 81.9354 6.05661 0.326765 -0.927529 -0.181424
-45.6308 81.4859 6.66265 0.317151 -0.936171 -0.141868
-46.769 80.9399 7.45503 0.365911 -0.921873 -0.127507
-47.7774 80.4636 8.05734 0.383853 -0.916118 -0.11391
-48.7217 79.9626 8.69235 0.401313 -0.910207 -0.100599
-49.4709 79.5568 9.22189 0.436217 -0.895807 -0.0851093
-50.5285 78.9534 10.0468 0.461771 -0.882309 -0.0885532
-51.241 78.5042 10.6705 0.48219 -0.872229 -0.0819131
-51.9541 77.9871 11.4202 0.514177 -0.846641 -0.13719
-52.4287 77.5825 12.1056 0.522385 -0.841489 -0.137511
-52.8998 77.1449 13.0751 0.536136 -0.832887 -0.135811
-53.3913 76.5588 14.2251 0.567743 -0.805386 -0.170358
-53.7322 76.0751 15.4102 0.574061 -0.804197 -0.154016
-53.9042 75.7228 16.2505 0.591496 -0.778076 -0.211369
-54.1554 75.1369 17.7205 0.572869 -0.789164 -0.22138
-54.278 74.6807 18.9022 0.571069 -0.780853 -0.253086
-54.2982 74.3624 19.7698 0.569852 -0.7742 -0.27547
-54.1973 74.0366 20.8138 0.567153 -0.763127 -0.309798
-53.91 73.7703 22.0178 0.541633 -0.781856 -0.307662
-53.6225 73.5127 23.1026 0.526359 -0.781787 -0.334298
-53.3205 73.1684 24.3538 0.533654 -0.768027 -0.354045
-53.164 72.8866 25.1992 0.51533 -0.77488 -0.365999
-53.0146 72.5098 26.2444 0.504883 -0.786642 -0.355371
-52.8155 72.0135 27.4804 0.486679 -0.776595 -0.399861
-52.7343 71.5377 28.5388 0.447207 -0.807395 -0.384863
-52.72 70.9886 29.7115 0.446551 -0.809004 -0.382236
-52.6966 70.5445 30.6279 0.411336 -0.809595 -0.418122
-52.5568 70.1361 31.5925 0.399228 -0.827857 -0.393869
-51.6017 70.1863 32.4346 0.390345 -0.832448 -0.39327
-50.7341 70.35 32.8074 0.335896 -0.835914 -0.434075
-49.3912 70.5696 33.357 0.309569 -0.830892 -0.462369
-48.4543 70.654 33.7706 0.253011 -0.835651 -0.487517
-47.1609 70.9771 33.8472 0.223764 -0.848023 -0.480402
-46.5826 71.6122 33.0189 0.205698 -0.840299 -0.501062
-46.0348 72.2598 32.1597 0.18202 -0.82539 -0.534415
-45.5565 72.7712 31.5184 0.167555 -0.824434 -0.540587
-44.716 73.5499 30.555 0.150943 -0.837086 -0.525835
-44.121 74.0502 29.9564 0.151717 -0.807193 -0.570417
-43.4753 74.6555 29.2646 0.145016 -0.807776 -0.571375
-42.859 75.1108 28.7566 0.13516 -0.80671 -0.575165
-42.0187 75.6408 28.0997 0.0387276 -0.834514 -0.549625
-41.1611 76.1251 27.4448 0.0523091 -0.819583 -0.570567
-40.3616 76.5399 26.8625 -0.00703903 -0.831798 -0.555034
-39.6976 76.8998 26.3363 -0.0106043 -0.826093 -0.563311
-38.8001 77.4844 25.3925 -0.0363357 -0.844335 -0.534582
-38.3265 77.9582 24.5801 -0.0663953 -0.867898 -0.492223
-38.0679 78.3752 23.8173 -0.0720955 -0.878789 -0.470793
-37.9727 78.6638 23.2223 -0.0724608 -0.892832 -0.444523
-37.0461 78.5336 23.3779 -0.0562293 -0.879796 -0.472014
-37.2973 77.9416 24.4844 -0.0467411 -0.871805 -0.487619
-37.934 77.2422 25.7188 -0.0337774 -0.844321 -0.534772
-38.8809 76.5893 26.7517 -0.053477 -0.809126 -0.585197
-39.5585 76.2438 27.2914 -0.0536091 -0.817348 -0.573466
-40.4939 75.8024 27.9695 0.022632 -0.825692 -0.562799
-41.4189 75.2809 28.686 0.0353729 -0.829485 -0.557408
-42.0459 74.8934 29.2103 0.0571914 -0.811728 -0.58079
-42.8466 74.3108 29.9005 0.0745878 -0.816228 -0.572481
-43.5414 73.7257 30.6122 0.160551 -0.828915 -0.535839
-44.0874 73.2685 31.1794 0.146999 -0.836746 -0.527491
-44.7498 72.6622 31.9419 0.1543 -0.829408 -0.536912
-45.2354 72.1751 32.5548 0.157139 -0.834361 -0.528243
-45.8452 71.4343 33.6039 0.191029 -0.849338 -0.49207
-46.4175 70.724 34.6263 0.216456 -0.854893 -0.471217
-47.1355 70.2887 35.113 0.208317 -0.866147 -0.454305
-48.1674 70.1984 34.7888 0.242609 -0.868643 -0.431973
-49.2803 70.1287 34.2597 0.290265 -0.850049 -0.439356
-50.3572 69.9825 33.8021 0.313288 -0.844386 -0.434302
-51.4582 69.7648 33.3773 0.3363 -0.839198 -0.427374
-52.6314 69.5266 32.8166 0.386094 -0.840597 -0.379905
-53.4507 69.5875 31.8589 0.397129 -0.833595 -0.383936
-53.5686 69.9696 30.9258 0.404864 -0.824349 -0.395536
-53.5642 70.4075 29.9584 0.439263 -0.817797 -0.371613
-53.5469 70.9309 28.8677 0.446873 -0.808201 -0.383553
-53.6114 71.5118 27.5244 0.466453 -0.804862 -0.366905
-53.7267 71.8696 26.6594 0.48626 -0.790545 -0.371407
-53.9 72.2299 25.6099 0.511321 -0.787832 -0.342983
-54.1143 72.66 24.2965 0.525496 -0.777023 -0.346451
-54.4118 73.0236 22.9953 0.530456 -0.778448 -0.335611
-54.6664 73.2303 22.0006 0.557384 -0.7779 -0.290163
-54.9133 73.406 21.0561 0.564197 -0.768733 -0.301023
-55.0604 73.6457 20.1544 0.576361 -0.762086 -0.295014
-55.075 74.0816 18.9286 0.574543 -0.775816 -0.260787
-54.9932 74.4198 18.0835 0.571374 -0.786096 -0.235528
-54.8708 74.7896 17.1071 0.572876 -0.78916 -0.221378
-54.6649 75.2223 16.0175 0.579024 -0.790359 -0.200162
-54.4296 75.6785 14.9066 0.574936 -0.796569 -0.186129
-54.1388 76.1028 13.888 0.569368 -0.804418 -0.169463
-53.8154 76.5417 13.0131 0.553201 -0.814731 -0.171372
-53.3686 77.0155 12.0179 0.536143 -0.832883 -0.135806
-52.9233 77.4413 11.1512 0.536424 -0.833144 -0.133131
-52.2322 77.9625 10.3374 0.522891 -0.846903 -0.0966435
-51.5195 78.4479 9.63026 0.480778 -0.873108 -0.0808143
-50.7068 78.9635 9.01866 0.480579 -0.870439 -0.106676
-49.6479 79.5865 8.22453 0.426178 -0.898037 -0.10906
-48.7045 80.1149 7.58573 0.414664 -0.902575 -0.114939
-47.9192 80.5225 7.07427 0.398379 -0.910671 -0.109416
-46.8638 81.055 6.37772 0.364943 -0.920498 -0.139644
-46.1015 81.4472 5.84167 0.378572 -0.912349 -0.155896
-45.395 81.8151 5.34056 0.355308 -0.920508 -0.162527
-44.4995 82.2507 4.8643 0.364678 -0.912003 -0.187461
-43.573 82.7248 4.3031 0.338837 -0.918136 -0.205465
-42.4402 83.2192 3.93773 0.317775 -0.921584 -0.222886
-41.454 83.3748 4.67263 0.303002 -0.922974 -0.236824
-40.4268 83.4599 5.56967 0.291867 -0.926711 -0.236493
-39.6827 83.5388 6.12164 0.2713 -0.932462 -0.238559
-38.9071 83.6199 6.68787 0.297553 -0.914589 -0.273837
-38.0364 83.7538 7.07265 0.253172 -0.935414 -0.24679
-37.1554 83.895 7.44131 0.249924 -0.935327 -0.250355
-35.8902 84.0913 8.17289 0.266782 -0.917557 -0.291804
-35.9523 83.6951 9.25213 0.238202 -0.916077 -0.322586
-36.1359 83.2903 10.4716 0.213717 -0.935708 -0.28067
-36.2563 82.9581 11.6198 0.172214 -0.945051 -0.275601
-36.3745 82.5424 12.9368 0.106744 -0.946384 -0.303941
-36.3868 82.2216 13.8633 0.111919 -0.939826 -0.322803
-36.4665 81.9365 14.7844 0.0812254 -0.960937 -0.264551
-36.5691 81.6836 15.6649 0.0711851 -0.965251 -0.250797
-36.7171 81.3311 16.9592 0.0457213 -0.94957 -0.309652
-36.7693 81.0224 17.8486 0.0551831 -0.944179 -0.324777
-36.8013 80.5262 19.267 0.0607229 -0.941873 -0.330436
-36.8666 79.8598 20.8163 -0.0161118 -0.911741 -0.408855
-36.9463 79.2502 22.0221 -0.0280054 -0.882195 -0.470051
-36.9886 78.7991 22.8762 -0.0462449 -0.882082 -0.468697
-37.0233 78.6148 23.2239 -0.0562293 -0.879796 -0.472014
-36.0738 78.579 23.2296 -0.00232235 -0.868192 -0.496224
-35.9995 79.0708 22.3131 -0.0200386 -0.885028 -0.465106
-35.9436 79.7403 21.0003 -0.0100427 -0.897452 -0.440998
-35.8565 80.3316 19.7637 -0.00744833 -0.905848 -0.423538
-35.8592 80.8789 18.4051 -0.00385443 -0.944962 -0.327158
-35.8389 81.176 17.5466 -0.0065718 -0.945483 -0.32559
-35.6918 81.6416 16.0792 0.0502501 -0.962401 -0.264777
-35.5123 82.075 14.6849 0.136454 -0.949768 -0.28164
-35.4284 82.5485 13.2511 0.117357 -0.937659 -0.327101
-35.386 82.8685 12.3429 0.148027 -0.944791 -0.292332
-35.3011 83.1584 11.4654 0.148618 -0.941655 -0.301993
-35.1863 83.4807 10.5168 0.161406 -0.942265 -0.293402
-35.0795 83.792 9.62671 0.242357 -0.897515 -0.368339
-34.8785 84.2959 8.46833 0.291273 -0.8968 -0.333032
-34.7268 84.6822 7.53535 0.294566 -0.902422 -0.314261
-36.0182 84.4464 6.96608 0.305577 -0.901454 -0.306529
-36.8953 84.2694 6.62751 0.303985 -0.896783 -0.321517
-38.0046 84.0721 6.14496 0.292423 -0.915449 -0.276481
-38.8637 83.9482 5.63769 0.296359 -0.914973 -0.273854
-39.591 83.8727 5.08836 0.309455 -0.916141 -0.2548
-40.5186 83.7621 4.37089 0.305532 -0.916933 -0.256677
-41.3313 83.694 3.58314 0.337096 -0.910814 -0.238294
-42.1228 83.6446 2.74653 0.339224 -0.900333 -0.27263
-43.4315 83.0442 3.15668 0.338422 -0.913283 -0.226684
-44.2547 82.6195 3.6077 0.372214 -0.907549 -0.194452
-45.0756 82.1747 4.11347 0.364675 -0.912003 -0.187468
-45.9914 81.7012 4.61459 0.38539 -0.908915 -0.158961
-46.9132 81.2072 5.27259 0.380742 -0.912016 -0.152516
-47.6353 80.8203 5.78079 0.393956 -0.910346 -0.126761
-48.6115 80.2974 6.43972 0.431544 -0.895725 -0.106992
-49.7398 79.6666 7.18505 0.452512 -0.886409 -0.093729
-50.4046 79.2609 7.66428 0.474937 -0.876109 -0.082871
-51.2295 78.7485 8.2813 0.494225 -0.865542 -0.0810173
-52.0509 78.2125 8.90714 0.505826 -0.858182 -0.0875473
-52.6775 77.7859 9.47652 0.514568 -0.852746 -0.0887566
-53.2798 77.3305 10.1483 0.53188 -0.841485 -0.0949018
-53.788 76.889 10.9735 0.561796 -0.818336 -0.121289
-54.169 76.5171 11.7069 0.563502 -0.815704 -0.130743
-54.6923 75.9341 12.9216 0.590114 -0.787124 -0.177208
-54.9842 75.5237 13.7887 0.57051 -0.804346 -0.165967
-55.2284 75.1113 14.8298 0.569809 -0.797473 -0.198379
-55.4325 74.733 15.7653 0.568573 -0.797811 -0.200536
-55.6136 74.3711 16.6701 0.573118 -0.790885 -0.214561
-55.749 73.9775 17.7218 0.568826 -0.790226 -0.227991
-55.8839 73.4483 19.0816 0.560947 -0.782465 -0.270275
-55.81 73.0281 20.3841 0.549335 -0.781738 -0.295157
-55.4139 72.6892 22.0167 0.538124 -0.790541 -0.291963
-55.1024 72.4184 23.3068 0.531098 -0.79079 -0.304111
-54.9157 72.1692 24.1787 0.510037 -0.791429 -0.336902
-54.7319 71.8288 25.281 0.499792 -0.801003 -0.329549
-54.5787 71.5332 26.2012 0.499084 -0.791653 -0.352422
-54.4421 71.2243 27.0882 0.485882 -0.803272 -0.343934
-54.3788 70.7571 28.2241 0.454322 -0.813199 -0.36373
-54.367 70.2652 29.3286 0.449236 -0.811205 -0.374222
-54.3839 69.8918 30.1504 0.427638 -0.82895 -0.360512
-54.4375 69.362 31.3086 0.426888 -0.830101 -0.358746
-54.286 69.0003 32.2615 0.399196 -0.83818 -0.371614
-53.3873 68.9253 33.378 0.391603 -0.838354 -0.379223
-52.5083 69.0888 33.8636 0.342358 -0.836391 -0.428066
-51.5602 69.304 34.2013 0.347461 -0.850788 -0.392326
-50.6425 69.4885 34.5369 0.32744 -0.838084 -0.436346
-49.817 69.6231 34.8832 0.290271 -0.850048 -0.439354
-48.3855 69.7302 35.5933 0.255556 -0.857992 -0.444661
-47.2153 69.7707 36.0676 0.208029 -0.867522 -0.451807
-46.1875 70.065 35.936 0.165392 -0.874295 -0.456344
-45.594 70.5939 35.1801 0.162494 -0.858794 -0.485869
-45.1292 71.2098 34.2693 0.150391 -0.857545 -0.491559
-44.6852 71.7469 33.4418 0.129696 -0.862202 -0.48968
-44.2576 72.2188 32.7854 0.159995 -0.839313 -0.519571
-43.4992 72.9323 31.8475 0.0807419 -0.824386 -0.56024
-42.8029 73.508 31.0978 0.0777681 -0.826174 -0.558023
-42.0803 74.0668 30.366 0.0731134 -0.828786 -0.554769
-41.1395 74.6956 29.5549 0.0383223 -0.819785 -0.571387
-40.5028 75.0915 29.0259 -0.000680437 -0.829083 -0.557961
-39.6197 75.5114 28.3449 -0.036734 -0.828677 -0.55852
-38.5665 75.9772 27.5883 -0.0537504 -0.825565 -0.561742
-37.6419 76.5311 26.7057 -0.0675033 -0.811674 -0.580197
-37.0323 77.0085 25.957 -0.0686396 -0.827031 -0.557947
-36.5348 77.5616 25.073 -0.0665572 -0.828216 -0.556428
-36.2548 78.0091 24.2509 -0.0689092 -0.871078 -0.486059
-36.0969 78.4549 23.4468 -0.00232234 -0.868192 -0.496224
-35.1554 78.3234 23.6217 -0.0362054 -0.860319 -0.508455
-35.038 78.7969 22.7897 -0.0323007 -0.877345 -0.478401
-34.9843 79.2463 21.9268 -0.0280775 -0.890329 -0.454451
-34.9759 79.8329 20.7697 -0.0263114 -0.892935 -0.449415
-34.9123 80.3206 19.7314 -0.0157493 -0.91471 -0.403804
-34.9338 80.7049 18.8617 -0.0251389 -0.918607 -0.394123
-34.9151 81.0387 17.921 -0.00928207 -0.946003 -0.324026
-34.8476 81.3297 17.0435 0.00147853 -0.950542 -0.310333
-34.7537 81.6348 16.1361 0.0116274 -0.948145 -0.317626
-34.5798 82.0981 14.9514 0.0118146 -0.930885 -0.365122
-34.5185 82.3762 14.0866 0.0338558 -0.958686 -0.282444
-34.4927 82.7262 13.0889 0.122703 -0.935583 -0.331101
-34.477 83.0514 12.1759 0.120371 -0.936312 -0.329883
-34.3369 83.4408 11.0921 0.163755 -0.937448 -0.307127
-34.2083 83.81 10.1681 0.243253 -0.900115 -0.361416
-34.0377 84.3185 9.04139 0.241469 -0.894918 -0.375252
-33.8284 84.7562 8.16232 0.280792 -0.888872 -0.359397
-33.544 85.1813 7.33194 0.31441 -0.863147 -0.395124
-34.3169 85.2172 6.57411 0.339145 -0.873524 -0.348882
-35.2861 84.9517 6.31295 0.315006 -0.887471 -0.336229
-36.5543 84.6514 5.88098 0.312751 -0.892735 -0.324176
-37.4223 84.4728 5.48997 0.325536 -0.900183 -0.289302
-38.4308 84.3144 4.89069 0.297795 -0.910928 -0.285532
-39.2582 84.2153 4.27881 0.330732 -0.905078 -0.2673
-40.1357 84.1155 3.56525 0.305428 -0.916871 -0.257025
-40.9027 84.0742 2.79808 0.316736 -0.906357 -0.2796
-41.5786 84.0399 1.99853 0.374054 -0.899367 -0.226325
-42.2463 83.8757 1.54776 0.37446 -0.899542 -0.224948
-43.2072 83.4201 1.92576 0.328584 -0.92034 -0.212147
-43.9709 83.0387 2.37331 0.367825 -0.90228 -0.222696
-44.8159 82.5484 2.85167 0.384484 -0.898812 -0.208914
-45.6479 82.0969 3.32553 0.385913 -0.904054 -0.18373
-46.4115 81.6794 3.77694 0.401125 -0.897798 -0.18104
-47.132 81.2833 4.25405 0.387805 -0.911822 -0.134864
-47.9128 80.8614 4.82857 0.414354 -0.897988 -0.144161
-48.6756 80.3968 5.38004 0.443928 -0.886184 -0.132687
-49.4283 79.9708 5.88184 0.431373 -0.89577 -0.1073
-50.1079 79.5561 6.32255 0.471938 -0.876301 -0.0967089
-50.8352 79.111 6.84672 0.477052 -0.873876 -0.0932782
-51.606 78.6154 7.42118 0.487485 -0.867479 -0.0991881
-52.6012 77.9542 8.19787 0.51982 -0.850522 -0.0799926
-53.5055 77.3183 8.97776 0.530099 -0.843567 -0.0859607
-54.0878 76.8569 9.73479 0.559746 -0.822201 -0.103298
-54.6043 76.3708 10.6858 0.562654 -0.817965 -0.119802
-54.9528 76.0175 11.4452 0.578538 -0.803247 -0.140072
-55.5169 75.356 12.7682 0.57011 -0.805303 -0.162581
-55.838 74.9046 13.842 0.57276 -0.802772 -0.165842
-56.0293 74.5787 14.6708 0.572912 -0.796924 -0.191377
-56.217 74.2386 15.4993 0.570854 -0.796756 -0.198252
-56.4179 73.802 16.6199 0.572749 -0.791099 -0.214756
-56.5952 73.3009 17.9146 0.578073 -0.781202 -0.235703
-56.6789 72.9291 18.9402 0.566144 -0.783283 -0.255779
-56.6655 72.6342 19.8102 0.553574 -0.78634 -0.274272
-56.4543 72.3269 21.121 0.540041 -0.793172 -0.280998
-56.1338 72.1029 22.3046 0.529936 -0.795054 -0.295053
-55.7902 71.7816 23.7372 0.532258 -0.786521 -0.313187
-55.5775 71.4382 24.9209 0.508726 -0.799416 -0.319581
-55.4432 71.1403 25.8817 0.481155 -0.811589 -0.331228
-55.2828 70.7764 26.9918 0.472795 -0.811373 -0.343599
-55.1838 70.265 28.3299 0.45108 -0.819356 -0.353539
-55.1931 69.6917 29.6364 0.437271 -0.828077 -0.350832
-55.2855 69.1316 30.8477 0.403845 -0.843026 -0.35527
-55.2221 68.6247 32.1115 0.400105 -0.840466 -0.365337
-54.9373 68.3781 32.9739 0.394331 -0.840875 -0.370719
-54.3257 68.3462 33.7378 0.367143 -0.864738 -0.342681
-53.5263 68.4603 34.3013 0.364633 -0.865139 -0.344349
-52.5791 68.6779 34.7131 0.352572 -0.865188 -0.35657
-51.6113 68.9026 35.0447 0.315605 -0.863543 -0.393302
-50.741 69.0624 35.3753 0.307851 -0.865884 -0.394301
-49.8842 69.1762 35.7366 0.271598 -0.864539 -0.422855
-48.8352 69.2497 36.2601 0.27316 -0.866383 -0.418013
-47.9969 69.2877 36.6488 0.218261 -0.883417 -0.414564
-46.8062 69.299 37.1906 0.19332 -0.887408 -0.41849
-45.8711 69.5057 37.1534 0.160533 -0.890158 -0.426377
-45.2825 69.9409 36.5017 0.165388 -0.874294 -0.456348
-44.7562 70.4384 35.7299 0.137975 -0.872679 -0.468197
-44.2923 71.1118 34.6654 0.130802 -0.861803 -0.490086
-43.8065 71.6897 33.7709 0.125789 -0.860104 -0.494309
-43.2575 72.2377 33.001 0.118679 -0.842097 -0.526106
-42.3955 72.9657 31.9585 0.0949242 -0.856915 -0.506569
-41.7806 73.4816 31.2796 0.078012 -0.826162 -0.558005
-41.1365 73.9507 30.6553 0.031208 -0.835254 -0.548978
-40.4561 74.3708 30.0701 0.00414608 -0.821639 -0.568838
-39.803 74.7359 29.5027 -0.0380393 -0.82648 -0.561679
-38.8377 75.1712 28.7967 -0.0395777 -0.826135 -0.562079
-38.1134 75.4761 28.2945 -0.0378256 -0.830788 -0.555302
-37.1792 75.9923 27.4619 -0.0347953 -0.830003 -0.556673
-36.6044 76.4004 26.8237 -0.0338432 -0.827512 -0.560427
-36.0739 76.8262 26.1184 -0.0628767 -0.83115 -0.552469
-35.6431 77.2902 25.3751 -0.0649363 -0.829643 -0.554505
-35.3581 77.7357 24.6112 -0.0310557 -0.854123 -0.519144
-35.1644 78.2945 23.6709 -0.0333997 -0.859105 -0.510708
-34.2243 78.1581 23.8088 -0.0981994 -0.85165 -0.514829
-34.1111 78.6168 22.9897 -0.132531 -0.863387 -0.486825
-34.021 79.3206 21.7077 -0.113881 -0.872166 -0.475771
-34.0337 79.7614 20.8567 -0.0298304 -0.895903 -0.443179
-33.9623 80.2894 19.765 -0.0245493 -0.90679 -0.420374
-33.9881 80.6593 18.8862 -0.03453 -0.922503 -0.384443
-33.9819 80.9813 18.009 -0.0154385 -0.938871 -0.343349
-33.8866 81.4182 16.7921 -0.00554394 -0.945886 -0.32445
-33.7082 81.8649 15.5851 0.0291527 -0.931132 -0.363516
-33.5995 82.2879 14.5104 0.0302778 -0.93239 -0.360162
-33.5634 82.6825 13.4804 0.0436039 -0.9275 -0.370742
-33.5381 83.0193 12.6045 0.118031 -0.93704 -0.328672
-33.4369 83.4873 11.452 0.150508 -0.927094 -0.340709
-33.3385 83.8467 10.5778 0.208608 -0.904374 -0.372278
-33.1752 84.3809 9.44135 0.226468 -0.884604 -0.407663
-32.9476 84.8467 8.52624 0.258609 -0.882224 -0.393407
-32.5663 85.4417 7.45449 0.264305 -0.87945 -0.395866
-32.1513 85.9458 6.61175 0.279081 -0.873736 -0.398049
-31.9024 86.4058 5.79941 0.314769 -0.86618 -0.388131
-33.0475 85.9426 5.87928 0.327411 -0.860384 -0.390566
-33.9777 85.6615 5.74942 0.321577 -0.885615 -0.334752
-35.1902 85.3266 5.48534 0.315856 -0.875748 -0.365104
-36.1551 85.0878 5.17315 0.357419 -0.872369 -0.333501
-37.3448 84.8213 4.62596 0.352229 -0.881204 -0.314513
-38.2948 84.647 3.97147 0.33226 -0.896188 -0.291564
-39.3467 84.5259 3.13538 0.328416 -0.904085 -0.273448
-40.2252 84.4629 2.29955 0.325166 -0.905434 -0.272866
-40.7978 84.4521 1.58454 0.345618 -0.909073 -0.232668
-41.4091 84.4608 0.654347 0.388881 -0.888168 -0.244806
-42.0378 84.4877 -0.253474 0.335189 -0.886471 -0.319089
-42.7282 84.0546 0.242273 0.320207 -0.894619 -0.311647
-43.4793 83.5805 0.936241 0.32128 -0.915313 -0.242807
-44.1985 83.1857 1.43065 0.382627 -0.892923 -0.237243
-45.1097 82.6642 1.92894 0.382363 -0.893958 -0.233743
-46.069 82.108 2.48202 0.403918 -0.889032 -0.213527
-46.8485 81.6457 2.92545 0.414907 -0.891042 -0.18402
-47.727 81.1405 3.50846 0.414925 -0.900101 -0.129431
-48.3654 80.7508 4.02472 0.443678 -0.887321 -0.125714
-49.266 80.2044 4.67776 0.455846 -0.881718 -0.120843
-50.1716 79.6451 5.25855 0.470003 -0.875969 -0.108511
-50.9173 79.1827 5.76221 0.484284 -0.868071 -0.107955
-51.8535 78.5859 6.46242 0.485699 -0.868789 -0.0963798
-52.6119 78.0791 7.04066 0.505266 -0.857609 -0.0959822
-53.259 77.6243 7.58366 0.516165 -0.850011 -0.105072
-53.9841 77.1083 8.18574 0.517936 -0.849289 -0.102227
-54.5359 76.6864 8.80307 0.545918 -0.826995 -0.134359
-54.9822 76.274 9.52825 0.55283 -0.8246 -0.118826
-55.4079 75.8634 10.3784 0.561839 -0.818546 -0.119666
-55.7652 75.497 11.1359 0.571029 -0.806512 -0.153182
-56.1862 75.0082 12.14 0.569568 -0.807063 -0.155669
-56.4722 74.6179 13.0687 0.545701 -0.819596 -0.174562
-56.6944 74.2853 13.9109 0.552068 -0.813033 -0.184928
-56.9432 73.8389 15.0434 0.554322 -0.80078 -0.226889
-57.1427 73.4359 16.029 0.573834 -0.791106 -0.211814
-57.3 73.0071 17.1586 0.578323 -0.781169 -0.235194
-57.3912 72.671 18.05 0.578282 -0.780906 -0.236167
-57.4893 72.2202 19.3532 0.53036 -0.809063 -0.252515
-57.3842 71.9705 20.3035 0.539235 -0.798452 -0.267767
-57.2116 71.7866 21.1991 0.53779 -0.794973 -0.280402
-56.9528 71.5997 22.1779 0.526907 -0.799905 -0.28692
-56.6332 71.3372 23.4759 0.495471 -0.814508 -0.301805
-56.4138 71.015 24.6908 0.495627 -0.81102 -0.310808
-56.2705 70.7308 25.6553 0.490678 -0.810264 -0.320403
-56.0891 70.2709 27.0779 0.479501 -0.81329 -0.329499
-55.9878 69.8399 28.2613 0.463373 -0.82352 -0.326707
-55.999 69.4601 29.186 0.432492 -0.830841 -0.35022
-56.0995 68.915 30.3787 0.428506 -0.838726 -0.336036
-56.1299 68.5117 31.3678 0.40817 -0.846479 -0.34078
-56.0302 68.0811 32.4827 0.380672 -0.856906 -0.346933
-55.7141 67.8688 33.4179 0.379579 -0.868191 -0.319628
-55.0952 67.8144 34.2516 0.368944 -0.864197 -0.342117
-54.3769 67.9053 34.795 0.364627 -0.86514 -0.344352
-53.4684 68.1011 35.2615 0.353636 -0.867997 -0.348424
-52.3844 68.3535 35.6567 0.306714 -0.878281 -0.366809
-51.4831 68.548 35.9617 0.291348 -0.891806 -0.344712
-50.1514 68.7267 36.506 0.258393 -0.899135 -0.353128
-49.2045 68.8123 36.9645 0.256713 -0.896156 -0.361942
-48.1438 68.8556 37.487 0.204443 -0.889743 -0.408118
-46.9625 68.8485 38.0801 0.189688 -0.893754 -0.406475
-45.8337 68.9957 38.2479 0.15846 -0.896047 -0.414716
-44.8665 69.5039 37.5441 0.163727 -0.887484 -0.430774
-44.2002 70.0705 36.6086 0.153469 -0.893394 -0.42225
-43.8035 70.5363 35.8395 0.115624 -0.871138 -0.47635
-43.2674 71.2078 34.7528 0.111891 -0.850889 -0.513292
-42.7527 71.7693 33.9082 0.129782 -0.856478 -0.499602
-42.076 72.4027 32.9638 0.08495 -0.856195 -0.509614
-41.4564 72.9189 32.1974 0.0912228 -0.846885 -0.523525
-40.4737 73.6223 31.1725 0.0161202 -0.850243 -0.526143
-39.8379 73.9953 30.6121 -0.0187026 -0.840874 -0.540907
-39.1633 74.3574 30.0318 -0.00916167 -0.84997 -0.526573
-37.9841 74.8562 29.1968 -0.0405948 -0.825509 -0.562926
-36.9934 75.2927 28.4707 -0.0605664 -0.816562 -0.574044
-36.2601 75.7833 27.7069 -0.0547967 -0.814557 -0.577486
-35.41 76.3803 26.7232 -0.0582485 -0.834223 -0.548342
-34.7639 77.0039 25.7162 -0.0530924 -0.833485 -0.549985
-34.4163 77.6098 24.7269 -0.0707491 -0.839896 -0.538116
-34.2457 78.0946 23.9179 -0.0981997 -0.851653 -0.514823
-33.3231 77.8833 24.0914 -0.114725 -0.859307 -0.497803
-33.1915 78.3994 23.125 -0.131891 -0.865172 -0.483808
-33.1266 78.8563 22.3222 -0.122159 -0.856968 -0.500682
-33.0989 79.299 21.5266 -0.111162 -0.871065 -0.478408
-33.0586 79.9644 20.2499 -0.0832682 -0.88956 -0.44866
-33.0478 80.4415 19.2453 -0.0825542 -0.912353 -0.400994
-33.0547 80.8469 18.3017 -0.0833465 -0.922698 -0.376405
-32.9857 81.2042 17.41 -0.0216213 -0.937342 -0.346102
-32.8879 81.5864 16.3252 0.0146266 -0.933511 -0.357148
-32.6715 82.1056 15.0486 0.0111094 -0.929524 -0.368595
-32.6232 82.4381 14.2026 0.0436041 -0.9275 -0.370742
-32.643 82.8587 13.1928 0.0563356 -0.922103 -0.382816
-32.577 83.2889 12.2363 0.119161 -0.909699 -0.39699
-32.4878 83.7195 11.2493 0.142234 -0.901998 -0.407639
-32.3226 84.3502 9.96827 0.205288 -0.878635 -0.430364
-32.1295 84.8101 9.08963 0.22241 -0.87477 -0.430478
-31.7647 85.4168 8.04527 0.243214 -0.87756 -0.412267
-31.3013 86.019 7.07711 0.293862 -0.86802 -0.400234
-30.6425 86.5915 6.39751 0.310392 -0.857642 -0.40943
-29.7959 87.2547 5.56698 0.309377 -0.873913 -0.374886
-28.7998 87.9714 4.63806 0.313505 -0.888143 -0.336031
-29.6796 87.715 4.51626 0.280876 -0.890467 -0.358019
-30.6366 87.3279 4.70457 0.304326 -0.877554 -0.370521
-31.7407 86.8493 4.88457 0.322347 -0.886624 -0.330795
-32.9052 86.3894 5.01423 0.322184 -0.863205 -0.388632
-34.329 85.8976 4.83382 0.351652 -0.862737 -0.363354
-35.2056 85.668 4.62462 0.322091 -0.885171 -0.335358
-36.4529 85.3479 4.16797 0.355955 -0.874528 -0.329388
-37.6903 85.0969 3.44266 0.377847 -0.866312 -0.326704
-38.7513 84.9541 2.55685 0.379413 -0.86957 -0.316059
-39.5143 84.8744 1.81565 0.334345 -0.897136 -0.288722
-40.1521 84.872 1.06973 0.340626 -0.897011 -0.281681
-40.7183 84.9184 0.137752 0.371044 -0.894029 -0.249197
-41.193 84.9484 -0.732505 0.356284 -0.906748 -0.225542
-41.6468 85.0283 -1.59274 0.29968 -0.925099 -0.233202
-42.2844 84.9284 -2.0203 0.318117 -0.92087 -0.22539
-42.7557 84.5695 -1.32396 0.384289 -0.876505 -0.289934
-43.3941 84.0205 -0.449799 0.357522 -0.899743 -0.250282
-44.0595 83.5662 0.232602 0.38646 -0.888032 -0.247112
-44.8244 83.0878 0.726689 0.412888 -0.888411 -0.200622
-45.5389 82.6703 1.10514 0.418925 -0.884838 -0.203727
-46.8127 81.891 1.83981 0.418593 -0.888063 -0.189907
-47.5301 81.4766 2.2338 0.412892 -0.891121 -0.188207
-48.2765 81.0077 2.76667 0.472228 -0.870556 -0.138325
-49.3679 80.2896 3.60735 0.465333 -0.876255 -0.124628
-50.401 79.6472 4.29741 0.469908 -0.875002 -0.116439
-51.3496 79.037 4.92217 0.498722 -0.860625 -0.10286
-51.9878 78.6178 5.41634 0.490958 -0.86678 -0.0873139
-52.9914 77.9547 6.18195 0.503564 -0.857972 -0.101525
-53.695 77.4591 6.7463 0.521154 -0.847902 -0.0972685
-54.3615 76.9854 7.29445 0.524688 -0.845439 -0.0993306
-55.1773 76.3464 8.20247 0.557115 -0.823045 -0.110548
-55.6264 75.9336 8.92217 0.554776 -0.822681 -0.124122
-56.0305 75.5436 9.71223 0.552496 -0.821848 -0.138975
-56.4468 75.1236 10.5609 0.566436 -0.812528 -0.136421
-56.8282 74.6702 11.5628 0.561189 -0.813929 -0.150266
-57.2631 74.1327 12.8743 0.552729 -0.817422 -0.161517
-57.4998 73.7748 13.7489 0.552321 -0.812985 -0.184382
-57.7103 73.4075 14.6916 0.550204 -0.803931 -0.225704
-57.8886 73.0275 15.624 0.546964 -0.808899 -0.215472
-58.0745 72.6519 16.5624 0.535628 -0.81331 -0.227222
-58.1816 72.3092 17.4697 0.53656 -0.808262 -0.242519
-58.2746 71.975 18.4222 0.536246 -0.812988 -0.226916
-58.2272 71.5457 19.9077 0.526638 -0.806553 -0.268562
-58.0882 71.3325 20.8204 0.524153 -0.810063 -0.262696
-57.8838 71.1734 21.6959 0.510425 -0.811693 -0.283938
-57.6371 71.0025 22.6359 0.51723 -0.807364 -0.283946
-57.3913 70.7895 23.6767 0.509762 -0.811957 -0.284212
-57.1939 70.5072 24.7784 0.489643 -0.815189 -0.30938
-57.0444 70.1904 25.8359 0.49102 -0.810036 -0.320532
-56.9111 69.8214 26.9727 0.477873 -0.820255 -0.313842
-56.8455 69.4916 27.9564 0.458233 -0.831707 -0.313403
-56.8384 69.0318 29.1416 0.432502 -0.836297 -0.33667
-56.8954 68.6634 29.9947 0.421172 -0.83872 -0.345199
-56.9535 68.1616 31.1991 0.425392 -0.84664 -0.319754
-56.9732 67.8393 32.0414 0.401277 -0.855477 -0.327306
-56.7029 67.4272 33.4405 0.385119 -0.861459 -0.330631
-56.2419 67.3349 34.2264 0.381957 -0.865111 -0.325102
-55.5497 67.3358 35.0098 0.366332 -0.878059 -0.307918
-54.5775 67.4694 35.7713 0.362307 -0.877926 -0.313018
-53.5574 67.7167 36.1601 0.315177 -0.883765 -0.345866
-52.1806 68.0472 36.5935 0.320961 -0.882067 -0.34488
-51.3506 68.2268 36.8998 0.267151 -0.89154 -0.365485
-50.4764 68.3225 37.279 0.254746 -0.8972 -0.360744
-49.4779 68.3891 37.7718 0.230375 -0.888465 -0.396856
-48.3359 68.4228 38.3342 0.205827 -0.890244 -0.40632
-47.4373 68.4021 38.8401 0.198448 -0.892251 -0.405495
-46.5556 68.4352 39.1467 0.173982 -0.889411 -0.422703
-45.6451 68.5643 39.2536 0.182951 -0.90673 -0.379836
-44.7178 68.9092 38.8326 0.143821 -0.896735 -0.418546
-44.0913 69.3562 38.129 0.160035 -0.883935 -0.439371
-43.5696 69.8002 37.3529 0.101257 -0.894469 -0.435512
-43.1404 70.2035 36.6261 0.103399 -0.89183 -0.440365
-42.7613 70.6584 35.8054 0.0966169 -0.882881 -0.459155
-42.3466 71.1677 35.0077 0.0772705 -0.855534 -0.511948
-41.8746 71.6762 34.2246 0.076024 -0.857588 -0.508688
-41.0777 72.4032 33.1258 0.0834575 -0.855128 -0.511655
-40.3609 72.9558 32.2516 0.016489 -0.854721 -0.518723
-39.696 73.3755 31.5934 0.0142591 -0.84954 -0.527332
-39.0157 73.7367 31.0128 0.00287942 -0.852719 -0.522361
-37.9687 74.2255 30.2091 -0.0275168 -0.854325 -0.518913
-37.2271 74.5039 29.6993 -0.0365198 -0.85255 -0.521367
-36.4892 74.8176 29.1373 -0.0401212 -0.851839 -0.522245
-35.7432 75.2388 28.4285 -0.0526081 -0.814875 -0.577245
-35.1151 75.6743 27.7422 -0.0624323 -0.8193 -0.569955
-34.3615 76.2561 26.8038 -0.0931942 -0.816133 -0.5703
-33.908 76.7229 26.0482 -0.0846853 -0.836266 -0.541524
-33.6065 77.1952 25.2675 -0.070857 -0.84048 -0.537188
-33.3603 77.7731 24.2808 -0.0979647 -0.85067 -0.516488
-32.4079 77.6171 24.3545 -0.101465 -0.854706 -0.5091
-32.6082 77.1112 25.2309 -0.0937892 -0.85078 -0.517086
-32.9051 76.5733 26.0952 -0.099618 -0.825335 -0.55568
-33.3699 76.0901 26.8793 -0.0970079 -0.817666 -0.567438
-33.981 75.5927 27.6965 -0.0927229 -0.818992 -0.566264
-34.5272 75.1924 28.3519 -0.0825704 -0.815527 -0.572798
-35.2503 74.7554 29.1295 -0.0741443 -0.841041 -0.535867
-36.1298 74.3193 29.9194 -0.0445681 -0.851695 -0.522138
-37.0649 73.9387 30.5935 -0.0539998 -0.830476 -0.554431
-37.9918 73.5767 31.2495 -0.0501558 -0.842037 -0.536571
-38.955 73.1026 32.0355 -0.0273293 -0.859079 -0.509875
-39.5744 72.7355 32.6517 0.0176234 -0.859592 -0.510677
-40.1655 72.3065 33.3471 0.0393945 -0.858431 -0.511278
-40.6817 71.8764 34.0392 0.045535 -0.863381 -0.502494
-41.2752 71.304 34.9416 0.076652 -0.856557 -0.510323
-41.7569 70.7316 35.8758 0.102023 -0.873841 -0.475387
-42.1884 70.2191 36.8058 0.0947152 -0.896887 -0.431613
-42.5805 69.8232 37.5373 0.101819 -0.894945 -0.434403
-43.1481 69.3289 38.4183 0.11356 -0.899408 -0.42164
-43.7511 68.8815 39.2391 0.122271 -0.909019 -0.398414
-44.6338 68.4182 40.0263 0.140853 -0.921558 -0.361789
-45.5958 68.1707 40.2355 0.190204 -0.907934 -0.373467
-46.4782 68.0397 40.1046 0.182948 -0.906733 -0.37983
-47.8738 67.99 39.5865 0.17557 -0.905572 -0.386153
-48.771 68.0051 39.0816 0.206539 -0.908233 -0.363687
-49.7107 67.9866 38.5597 0.220321 -0.905005 -0.363902
-50.5329 67.9483 38.17 0.239458 -0.894455 -0.376969
-51.7335 67.7964 37.6405 0.279556 -0.885871 -0.370244
-52.6037 67.6146 37.3359 0.323385 -0.885248 -0.334276
-53.5143 67.3958 37.037 0.311335 -0.899009 -0.307872
-54.7208 67.0805 36.7287 0.343213 -0.887122 -0.307885
-55.7714 66.9033 35.9856 0.353536 -0.888868 -0.291407
-56.5285 66.8488 35.268 0.349429 -0.886411 -0.303603
-57.2668 66.897 34.2745 0.352725 -0.882838 -0.310016
-57.6666 67.0069 33.4439 0.372827 -0.881057 -0.291099
-57.8949 67.4459 31.9351 0.402722 -0.855516 -0.325434
-57.8931 67.829 30.9209 0.398794 -0.861414 -0.314525
-57.817 68.2168 29.9757 0.401842 -0.853562 -0.331595
-57.7393 68.591 29.1059 0.430766 -0.843047 -0.322045
-57.6828 69.0924 27.8169 0.427962 -0.851369 -0.303348
-57.7065 69.3965 26.9248 0.442958 -0.843355 -0.30415
-57.8121 69.6597 26.0513 0.446826 -0.840231 -0.307178
-57.9379 69.9045 25.1944 0.454801 -0.844839 -0.281621
-58.0943 70.1647 24.2134 0.503124 -0.811056 -0.29842
-58.2948 70.3839 23.2412 0.50025 -0.818185 -0.283394
-58.6157 70.6113 22.0057 0.496281 -0.825215 -0.269678
-58.8552 70.7714 21.0546 0.489781 -0.832468 -0.259061
-59.0153 70.9931 20.0293 0.505257 -0.822328 -0.260585
-59.1192 71.2182 19.1611 0.521601 -0.808634 -0.272109
-59.1217 71.4674 18.2755 0.522865 -0.824009 -0.218222
-58.9834 71.9145 17.0189 0.527456 -0.81231 -0.248882
-58.85 72.2615 16.1039 0.527152 -0.825587 -0.201288
-58.6156 72.7126 14.9407 0.567052 -0.799709 -0.197275
-58.3455 73.1719 13.7782 0.563704 -0.808243 -0.170236
-58.0679 73.5865 12.7653 0.570869 -0.802395 -0.173989
-57.7122 74.0758 11.5718 0.54563 -0.822234 -0.161704
-57.3049 74.5862 10.3939 0.540969 -0.827023 -0.152145
-56.9427 74.9467 9.63992 0.538315 -0.830808 -0.141243
-56.5322 75.3424 8.84056 0.544162 -0.828721 -0.130803
-56.014 75.8308 7.88897 0.54404 -0.829588 -0.125715
-55.5328 76.2486 7.21553 0.542649 -0.832208 -0.113101
-54.9283 76.7113 6.57264 0.530542 -0.84211 -0.0968224
-54.2184 77.2254 5.97898 0.525617 -0.845209 -0.0965506
-53.5936 77.6655 5.47915 0.519944 -0.848879 -0.0951971
-52.8394 78.1928 4.88229 0.50293 -0.858767 -0.0963292
-51.9272 78.7856 4.21323 0.492865 -0.864104 -0.102023
-50.9571 79.4157 3.56856 0.494036 -0.862943 -0.105698
-50.0706 80.0031 2.96956 0.492887 -0.862587 -0.114044
-49.2364 80.5562 2.33133 0.468254 -0.872947 -0.136664
-48.1556 81.3007 1.51987 0.469507 -0.864662 -0.178669
-47.3143 81.8194 1.05104 0.456482 -0.86285 -0.216915
-46.3461 82.4419 0.486299 0.408928 -0.881694 -0.235359
-45.6321 82.8755 0.0919515 0.406865 -0.883495 -0.232158
-44.9317 83.3018 -0.302638 0.411152 -0.879899 -0.238046
-44.063 83.932 -1.08723 0.386456 -0.888032 -0.247118
-43.5037 84.4069 -1.82325 0.384262 -0.876401 -0.290283
-42.9263 84.8826 -2.80041 0.328687 -0.92514 -0.189948
-42.6419 85.2892 -3.54929 0.82712 0.0552654 -0.559301
-42.1157 85.3355 -4.18601 -0.0431367 -0.992564 0.094259
-41.5181 85.4162 -3.57049 0.00609403 -0.995922 0.0845655
-41.1722 85.4653 -2.66323 0.126345 -0.891216 -0.254109
-40.7269 85.3398 -1.61621 0.355812 -0.913213 -0.198595
-40.0733 85.2858 -0.319615 0.356528 -0.906628 -0.22564
-39.4216 85.2832 0.643606 0.339048 -0.904573 -0.257165
-38.6213 85.3434 1.50338 0.372423 -0.887971 -0.269565
-37.8796 85.4243 2.24784 0.360442 -0.893839 -0.266688
-37.058 85.559 2.89382 0.362189 -0.892304 -0.269425
-36.1458 85.7524 3.41041 0.35253 -0.885073 -0.303858
-35.1406 86.0142 3.75796 0.338215 -0.877863 -0.339069
-34.0718 86.3352 4.01638 0.347292 -0.873273 -0.341734
-33.1162 86.6807 4.06991 0.29852 -0.896802 -0.326545
-32.2564 86.9871 4.01437 0.301389 -0.894096 -0.33124
-31.2663 87.4156 3.88133 0.343036 -0.88619 -0.311438
-30.2489 87.8401 3.68881 0.288817 -0.907075 -0.306266
-29.0205 88.2461 3.48329 0.214312 -0.942773 -0.255439
-27.742 88.5299 3.28521 0.151874 -0.974481 -0.165294
-26.3286 88.7399 3.56659 0.147299 -0.98105 -0.111243
-26.8152 88.5809 3.98244 0.197844 -0.970262 -0.13946
-27.5517 88.2369 4.76883 0.23718 -0.938228 -0.25194
-28.3006 87.8591 5.40082 0.298722 -0.893205 -0.332405
-29.2448 87.1511 6.26162 0.324528 -0.87526 -0.35778
-29.838 86.6538 6.84496 0.30819 -0.851219 -0.424789
-30.4916 86.0555 7.55726 0.286911 -0.850544 -0.440016
-30.8853 85.5669 8.27446 0.262308 -0.859832 -0.438035
-31.3058 84.7878 9.5622 0.223149 -0.856272 -0.463368
-31.4334 84.3327 10.3732 0.171644 -0.870813 -0.460676
-31.5649 83.849 11.3046 0.177636 -0.895311 -0.40849
-31.6698 83.3706 12.2806 0.0923667 -0.901603 -0.422589
-31.6876 82.8077 13.468 0.0763352 -0.910393 -0.405699
-31.6807 82.2689 14.7135 0.0552248 -0.91118 -0.40829
-31.7928 81.8545 15.7018 -0.00235872 -0.9232 -0.384033
-31.9562 81.4942 16.5513 -0.0162824 -0.923044 -0.384233
-32.0795 81.045 17.6919 -0.0483862 -0.921421 -0.384649
-32.1197 80.6502 18.5768 -0.0643415 -0.917113 -0.39257
-32.1122 80.2763 19.4324 -0.10936 -0.90057 -0.42073
-32.1099 79.8752 20.2449 -0.1086 -0.879567 -0.463215
-32.1487 79.4435 21.0683 -0.0883203 -0.872995 -0.479666
-32.1835 78.8234 22.1816 -0.094731 -0.863448 -0.495463
-32.2652 78.1201 23.4401 -0.0903028 -0.871069 -0.482788
-32.3574 77.744 24.1314 -0.101469 -0.854708 -0.509096
-31.4167 77.521 24.288 -0.150724 -0.853552 -0.498623
-31.2954 78.1162 23.2205 -0.159135 -0.853552 -0.49611
-31.2263 78.7545 22.1174 -0.125305 -0.855807 -0.500895
-31.2174 79.2301 21.2853 -0.0918547 -0.868401 -0.487189
-31.1631 79.6683 20.4321 -0.101577 -0.886354 -0.451729
-31.1896 80.2402 19.288 -0.0825525 -0.894514 -0.439351
-31.2 80.7954 18.1128 -0.0722767 -0.909415 -0.409562
-31.0833 81.2626 17.0784 -0.0427193 -0.916379 -0.396639
-30.9028 81.6494 16.1602 0.00391766 -0.917199 -0.398411
-30.7334 82.1378 15.098 0.0272388 -0.903284 -0.427938
-30.7192 82.6241 14.0354 0.0454437 -0.902786 -0.427261
-30.7594 83.0945 13.0497 0.0646077 -0.900917 -0.429156
-30.7089 83.6774 11.9155 0.124455 -0.87529 -0.467291
-30.5689 84.1883 10.994 0.152988 -0.88539 -0.437206
-30.3783 84.8631 9.78621 0.183862 -0.864092 -0.468551
-30.1155 85.4328 8.89156 0.209084 -0.840092 -0.499726
-29.709 86.0434 8.13414 0.277647 -0.823653 -0.490358
-29.0283 86.7047 7.33048 0.326576 -0.842869 -0.427207
-28.2216 87.4404 6.54913 0.344232 -0.854503 -0.386043
-27.3615 87.966 5.83799 0.253943 -0.911923 -0.32235
-26.3658 88.4452 5.04244 0.211138 -0.94772 -0.239265
-25.7197 88.7226 4.45922 0.0752368 -0.994935 -0.0510062
-25.1522 88.8405 3.69477 0.00652971 -0.994177 -0.0170993
-24.8339 88.7204 2.6542 -0.0197083 -0.996341 0.0436459
-25.4042 88.7698 2.07626 -0.0574825 -0.991882 -0.113407
-26.4487 88.8344 2.09384 -0.0776337 -0.989219 -0.124175
-27.5053 88.7769 2.30512 0.104913 -0.977133 -0.176571
-28.4059 88.6124 2.46887 0.156046 -0.963519 -0.216503
-29.3461 88.4114 2.60017 0.195053 -0.951943 -0.234177
-30.5292 88.0416 2.80963 0.30019 -0.900349 -0.315053
-31.7642 87.5292 3.04817 0.317843 -0.886646 -0.335909
-32.652 87.1794 3.14576 0.304258 -0.891389 -0.335935
-33.5187 86.872 3.17657 0.30139 -0.894095 -0.331239
-34.4646 86.5495 3.06936 0.347278 -0.873275 -0.341745
-35.4397 86.2586 2.76037 0.356397 -0.887618 -0.291746
-36.3806 86.0026 2.38711 0.374068 -0.880524 -0.290569
-37.274 85.8337 1.69521 0.378503 -0.881865 -0.280577
-38.0501 85.7252 0.902806 0.333449 -0.92312 -0.191472
-38.6931 85.6321 0.23182 0.317032 -0.92552 -0.205959
-39.4523 85.6555 -0.90218 0.306636 -0.923638 -0.229626
-39.8857 85.6403 -1.88644 0.209671 -0.97491 -0.0747569
-40.3619 85.5669 -3.22645 0.220655 -0.974493 0.0409313
-40.7338 85.4047 -4.3399 0.203395 -0.975123 0.0881198
-41.0908 85.277 -5.20889 0.0613325 -0.991745 0.108774
-41.9391 85.1696 -5.63559 -0.0353756 -0.992496 0.117048
-42.8391 85.3095 -4.90714 -0.0641097 -0.987951 0.140865
-43.1792 85.1132 -4.36116 0.580916 -0.433422 -0.376711
-43.6974 84.6934 -3.24095 0.339101 -0.921867 -0.18748
-44.2508 84.2503 -2.33761 0.386735 -0.87509 -0.290934
-44.7245 83.7874 -1.69306 0.425514 -0.861902 -0.273662
-45.4261 83.2929 -1.11163 0.438058 -0.86548 -0.241664
-46.1225 82.8431 -0.697277 0.428223 -0.886436 -0.175662
-46.8454 82.4202 -0.325853 0.45669 -0.872525 -0.170602
-47.5692 81.9326 0.0825158 0.461282 -0.859081 -0.221808
-48.3103 81.4351 0.49996 0.451672 -0.866624 -0.212026
-49.2257 80.7953 1.11547 0.480404 -0.860447 -0.169832
-50.2731 80.0288 1.97109 0.487639 -0.862541 -0.135021
-50.9216 79.585 2.45563 0.492502 -0.862225 -0.11835
-51.6545 79.1008 2.94267 0.492471 -0.862518 -0.11634
-52.5428 78.5178 3.50728 0.492567 -0.863378 -0.109111
-53.569 77.8114 4.31181 0.518919 -0.849578 -0.0945439
-54.3176 77.2923 4.8977 0.516168 -0.850444 -0.101464
-55.201 76.6615 5.57905 0.523346 -0.845092 -0.109214
-55.8996 76.1344 6.2652 0.529314 -0.83984 -0.120396
-56.4696 75.6704 6.99172 0.532543 -0.836637 -0.127984
-57.0153 75.1675 7.94691 0.528123 -0.838639 -0.133163
-57.4734 74.74 8.86626 0.530602 -0.836364 -0.137254
-57.9129 74.3145 9.66162 0.546204 -0.825674 -0.141153
-58.2735 73.9047 10.6215 0.536907 -0.825847 -0.17236
-58.6032 73.4828 11.5812 0.546579 -0.817551 -0.181276
-58.8254 73.1451 12.4376 0.530252 -0.829301 -0.176332
-59.0592 72.8216 13.256 0.528354 -0.827315 -0.19024
-59.3484 72.3602 14.3928 0.523083 -0.828508 -0.199895
-59.5241 72.0338 15.2845 0.525385 -0.825844 -0.204821
-59.7327 71.6576 16.2692 0.527305 -0.818949 -0.225083
-59.8804 71.24 17.4271 0.500676 -0.83471 -0.229309
-59.9795 70.8893 18.4576 0.497105 -0.835079 -0.235623
-59.9235 70.6105 19.5306 0.488922 -0.836018 -0.249055
-59.786 70.4058 20.476 0.488065 -0.832936 -0.260787
-59.6223 70.2289 21.3473 0.490464 -0.829633 -0.266625
-59.2927 70.0397 22.5239 0.4768 -0.835486 -0.27298
-59.0148 69.8086 23.6854 0.468596 -0.841243 -0.2695
-58.8317 69.6038 24.6529 0.45479 -0.844846 -0.281617
-58.6837 69.3357 25.6606 0.473278 -0.834665 -0.280903
-58.5244 68.9796 26.9042 0.439022 -0.847903 -0.297158
-58.569 68.4809 28.2821 0.436141 -0.850848 -0.292964
-58.6038 68.1448 29.123 0.422292 -0.852415 -0.307892
-58.7323 67.7441 30.0834 0.400736 -0.857553 -0.322353
-58.7885 67.3674 31.0752 0.389888 -0.867321 -0.309379
-58.7496 66.9826 32.1838 0.380949 -0.867526 -0.319657
-58.6702 66.6962 33.1044 0.369601 -0.881431 -0.294067
-58.3599 66.4718 34.1602 0.375903 -0.875899 -0.302487
-57.735 66.3995 35.1528 0.377878 -0.876019 -0.299665
-57.0071 66.403 36.0311 0.349224 -0.889803 -0.293758
-56.2897 66.4574 36.7237 0.351065 -0.889942 -0.291129
-55.517 66.5659 37.327 0.335229 -0.899668 -0.279238
-54.3343 66.8471 37.7862 0.32418 -0.898231 -0.296755
-53.2889 67.1397 38.0129 0.311334 -0.89901 -0.307871
-52.1854 67.3692 38.3582 0.276303 -0.897818 -0.342898
-51.3227 67.5031 38.7021 0.26458 -0.895137 -0.35826
-50.2698 67.5859 39.2175 0.236724 -0.898676 -0.368796
-49.3743 67.589 39.7508 0.219708 -0.904865 -0.364619
-48.553 67.5901 40.2457 0.187044 -0.915029 -0.356784
-47.5951 67.5827 40.7172 0.166973 -0.920363 -0.353628
-46.4565 67.6511 41.0752 0.178312 -0.915732 -0.359829
-45.4279 67.8055 41.2228 0.169067 -0.909779 -0.378329
-44.4928 68.0275 41.0327 0.127297 -0.912576 -0.388588
-43.5899 68.3635 40.5126 0.116098 -0.919361 -0.375893
-42.8256 68.8394 39.6195 0.122462 -0.909188 -0.39797
-42.2126 69.3196 38.7114 0.0990529 -0.909223 -0.404353
-41.6808 69.8019 37.805 0.105394 -0.891343 -0.440909
-41.2633 70.2423 36.9776 0.0853563 -0.900919 -0.42551
-40.7699 70.8035 35.9389 0.0759946 -0.876174 -0.475966
-40.2612 71.3247 35.0372 0.0626406 -0.874926 -0.479868
-39.7324 71.8014 34.2476 0.0391465 -0.871 -0.489452
-38.9809 72.3737 33.2903 0.0219724 -0.872033 -0.488954
-38.2448 72.8105 32.529 -0.0276432 -0.877214 -0.479303
-37.3744 73.1819 31.7956 -0.0388904 -0.870222 -0.491123
-36.3123 73.5887 31.0626 -0.0334647 -0.834499 -0.549993
-35.5955 73.886 30.56 -0.0607621 -0.846248 -0.529208
-34.6441 74.3321 29.6985 -0.112943 -0.82856 -0.54838
-33.8078 74.8225 28.7976 -0.110137 -0.825839 -0.553046
-33.2353 75.2078 28.1035 -0.117095 -0.809045 -0.575964
-32.4468 75.8553 27.0216 -0.126601 -0.810916 -0.571303
-31.9082 76.4987 25.9935 -0.124682 -0.809285 -0.574031
-31.6298 77.0196 25.1942 -0.146137 -0.829847 -0.537092
-31.4537 77.4068 24.4912 -0.142684 -0.851445 -0.504662
-30.4837 77.2842 24.4004 -0.147813 -0.858157 -0.491647
-30.3793 77.7414 23.5725 -0.147757 -0.853191 -0.500202
-30.3221 78.219 22.7433 -0.153037 -0.851735 -0.501127
-30.2659 78.7709 21.796 -0.157247 -0.848342 -0.505552
-30.2288 79.3196 20.8598 -0.148635 -0.862942 -0.482151
-30.211 79.8403 19.8478 -0.119735 -0.885375 -0.449193
-30.2755 80.3126 18.9335 -0.121959 -0.885631 -0.448081
-30.2516 80.8979 17.741 -0.0629123 -0.906202 -0.418138
-30.0836 81.2924 16.8715 -0.0550396 -0.893969 -0.444735
-29.8881 81.7562 15.9149 -0.0682999 -0.896087 -0.43834
-29.7832 82.2351 14.9269 -0.0635703 -0.886334 -0.457987
-29.7891 82.6671 14.0636 -0.0155835 -0.896971 -0.441814
-29.8383 83.3458 12.7473 0.118046 -0.871776 -0.475469
-29.728 83.9432 11.6714 0.122026 -0.874545 -0.469338
-29.5883 84.4115 10.8375 0.123313 -0.865062 -0.485931
-29.4472 84.9334 9.98162 0.194719 -0.811904 -0.542376
-29.1067 85.7202 8.88653 0.238993 -0.816768 -0.524715
-28.6031 86.3589 8.22161 0.355869 -0.769767 -0.529921
-28.0846 86.91 7.67871 0.338555 -0.834401 -0.43492
-27.2712 87.5932 6.9557 0.308207 -0.845904 -0.435264
-26.5673 88.0162 6.43614 0.440107 -0.856362 -0.270094
-25.8806 88.4663 5.87423 0.337611 -0.93153 -0.135167
-25.0982 88.7601 5.20393 0.070287 -0.997491 -0.00845087
-24.4278 88.8333 4.39236 0.00652889 -0.994179 -0.0170984
-23.906 88.744 3.48544 -0.146248 -0.984993 0.0409932
-23.6847 88.6377 2.53491 -0.257151 -0.964662 0.0574501
-24.1087 88.6835 1.43286 -0.243966 -0.967109 0.0702308
-25.0834 88.7778 1.08242 -0.0909975 -0.993755 0.0645855
-26.1565 88.9105 1.08052 -0.10972 -0.993874 -0.0132916
-27.1316 88.9442 1.26686 0.0651429 -0.985976 -0.152176
-28.2576 88.8346 1.52259 0.0404295 -0.983814 -0.17379
-29.3636 88.6493 1.67426 0.146869 -0.94203 -0.301678
-30.3565 88.4053 1.81489 0.224939 -0.926831 -0.300644
-31.4082 88.0033 2.08821 0.306754 -0.896954 -0.318218
-32.5484 87.5619 2.2258 0.301867 -0.89215 -0.336072
-33.411 87.2564 2.25679 0.30342 -0.891119 -0.337405
-34.6786 86.81 2.10639 0.380477 -0.857821 -0.345514
-35.8634 86.4437 1.69431 0.372015 -0.870887 -0.321185
-36.8064 86.2193 1.05281 0.426623 -0.871966 -0.237973
-37.6533 86.0631 0.160291 0.385388 -0.896751 -0.217412
-38.382 85.9993 -0.803404 0.364045 -0.899958 -0.239889
-38.9756 85.9601 -2.01411 0.387238 -0.92177 -0.0196714
-39.2465 85.8416 -2.86516 0.349627 -0.93055 0.0851234
-39.6447 85.6569 -4.03857 0.248248 -0.965361 0.0615977
-39.9095 85.536 -4.94473 0.224595 -0.972377 0.0635626
-40.3041 85.3372 -5.92452 0.290062 -0.935898 0.1999
-41.047 85.0728 -6.58985 0.0620587 -0.983535 0.168593
-42.0164 85.0919 -6.77603 -0.142451 -0.98396 0.0775942
-42.9401 85.1981 -6.30632 -0.118649 -0.992467 0.0305387
-43.6025 85.3223 -5.45438 0.120713 -0.965582 0.23039
-44.056 85.1752 -4.5881 0.0966573 -0.878665 -0.467553
-44.4765 84.773 -3.69099 -0.072229 -0.959123 -0.273617
-44.8846 84.15 -2.9731 0.482646 -0.607197 -0.527304
-45.5031 83.5722 -2.23129 0.44857 -0.851083 -0.27257
-46.5698 82.7895 -1.51767 0.444579 -0.870549 -0.2073
-47.4448 82.2237 -1.06308 0.485156 -0.858615 -0.165543
-48.1486 81.7643 -0.687936 0.486566 -0.861195 -0.146464
-48.9723 81.1924 -0.176582 0.504395 -0.850015 -0.151858
-49.73 80.634 0.330196 0.527754 -0.837305 -0.142817
-50.5576 80.0101 1.02753 0.503704 -0.855154 -0.122262
-51.3339 79.4608 1.65729 0.496906 -0.858811 -0.12443
-52.1424 78.9236 2.18837 0.505421 -0.855035 -0.115728
-52.8093 78.4726 2.60062 0.509494 -0.853861 -0.106394
-53.7928 77.7941 3.33303 0.513159 -0.852147 -0.102532
-54.5274 77.2804 3.92976 0.516163 -0.850448 -0.101456
-55.313 76.7325 4.48455 0.521295 -0.84689 -0.104938
-56.021 76.2188 5.0599 0.525648 -0.843892 -0.107425
-56.9804 75.4605 6.19601 0.532508 -0.837831 -0.120308
-57.437 75.0668 6.90862 0.528136 -0.838632 -0.133158
-57.9368 74.5918 7.90543 0.536286 -0.834106 -0.129089
-58.3587 74.1908 8.65587 0.546642 -0.825573 -0.140043
-58.8164 73.7314 9.62488 0.525698 -0.838194 -0.144205
-59.1738 73.3267 10.5648 0.529277 -0.828685 -0.180897
-59.4393 72.9733 11.4558 0.51334 -0.837883 -0.185484
-59.717 72.5569 12.5588 0.516553 -0.836246 -0.184028
-60.0406 72.1025 13.6792 0.510353 -0.834899 -0.206114
-60.2245 71.7842 14.5129 0.501842 -0.841261 -0.200731
-60.4774 71.3554 15.6596 0.498332 -0.841738 -0.207705
-60.6779 70.902 16.9566 0.48497 -0.841712 -0.237329
-60.7906 70.5719 17.8929 0.485263 -0.84091 -0.239562
-60.7579 70.1655 19.3763 0.481634 -0.842018 -0.242969
-60.6096 69.9151 20.494 0.488675 -0.830995 -0.265761
-60.3752 69.6943 21.6286 0.4914 -0.830299 -0.262925
-60.0644 69.5075 22.7824 0.484863 -0.832827 -0.267035
-59.7732 69.2843 23.9812 0.469728 -0.836188 -0.281855
-59.5769 69.1017 24.8591 0.487536 -0.82381 -0.289064
-59.4623 68.8331 25.899 0.464348 -0.845036 -0.265131
-59.3426 68.4214 27.301 0.442175 -0.849751 -0.287061
-59.367 68.0627 28.3035 0.406273 -0.860856 -0.30638
-59.4826 67.6936 29.2413 0.37932 -0.877275 -0.294116
-59.6118 67.3243 30.1545 0.382568 -0.870339 -0.310085
-59.6757 66.9779 31.0479 0.386665 -0.869498 -0.307308
-59.6381 66.5856 32.2414 0.362684 -0.882426 -0.29964
-59.5084 66.206 33.5368 0.363644 -0.883845 -0.294244
-59.2314 66.0415 34.3727 0.328535 -0.90378 -0.274312
-58.765 65.9617 35.2019 0.330288 -0.906253 -0.263847
-58.126 65.9384 36.0841 0.349347 -0.897033 -0.269843
-57.4154 65.9862 36.8775 0.33201 -0.908442 -0.253728
-56.4433 66.0789 37.7842 0.335223 -0.899672 -0.279234
-55.456 66.2603 38.3324 0.324371 -0.90387 -0.27848
-54.3447 66.5404 38.6908 0.317421 -0.898929 -0.301918
-53.1891 66.866 38.9532 0.288897 -0.912497 -0.287324
-52.1431 67.0522 39.2762 0.246483 -0.921782 -0.299059
-50.8546 67.187 39.8734 0.238758 -0.92114 -0.307401
-50.0584 67.1703 40.3891 0.208098 -0.909304 -0.36019
-49.0943 67.1867 40.9536 0.214903 -0.909291 -0.356276
-48.326 67.1651 41.4511 0.198223 -0.910003 -0.363931
-47.0705 67.2518 41.8212 0.166699 -0.919956 -0.354813
-46.0626 67.313 42.1309 0.166322 -0.915004 -0.367566
-45.0906 67.4624 42.1464 0.145813 -0.914939 -0.375926
-44.1475 67.694 41.9499 0.150374 -0.917228 -0.368891
-43.0736 68.0815 41.3807 0.122187 -0.92325 -0.364248
-42.2387 68.5711 40.4262 0.125132 -0.922401 -0.365395
-41.5925 69.0422 39.5206 0.114377 -0.910471 -0.397443
-41.0031 69.5393 38.5215 0.0919547 -0.917042 -0.387536
-40.5071 70.0545 37.527 0.0856636 -0.899537 -0.428351
-40.1285 70.4849 36.6928 0.0861171 -0.900646 -0.425935
-39.5836 71.0673 35.6176 0.0623414 -0.883367 -0.464517
-38.9951 71.5831 34.71 0.026505 -0.876831 -0.480068
-38.2943 72.0797 33.8235 -0.00587681 -0.866078 -0.499874
-37.6466 72.4641 33.1205 -0.0367728 -0.884603 -0.464893
-36.9255 72.7739 32.483 -0.041157 -0.872015 -0.487725
-36.123 73.0745 31.9238 -0.0136269 -0.868743 -0.495076
-34.981 73.4785 31.1125 -0.107763 -0.856386 -0.504965
-33.8391 73.9967 30.0493 -0.0837188 -0.842143 -0.532716
-33.1931 74.3625 29.3591 -0.129906 -0.831451 -0.53998
-32.3928 74.8966 28.3814 -0.138466 -0.824287 -0.548803
-31.8819 75.2632 27.7231 -0.144453 -0.80595 -0.574089
-31.4204 75.7113 26.9785 -0.142334 -0.805262 -0.575582
-30.9819 76.2657 26.0939 -0.145649 -0.807224 -0.571973
-30.6305 76.9087 25.0905 -0.14937 -0.815772 -0.55853
-30.6177 76.9466 25.0301 -0.153703 -0.839696 -0.519732
-29.6784 76.7623 25.0326 -0.159598 -0.821231 -0.547821
-29.468 77.2913 24.0872 -0.141931 -0.856097 -0.496944
-29.3796 78.0287 22.7955 -0.154292 -0.857162 -0.491178
-29.2848 78.6286 21.7241 -0.161261 -0.847962 -0.504931
-29.2569 79.0851 20.9474 -0.161275 -0.848936 -0.503286
-29.2805 79.5561 20.1231 -0.141099 -0.877206 -0.458912
-29.269 80.0027 19.268 -0.132707 -0.881091 -0.453793
-29.3362 80.4949 18.3268 -0.119867 -0.875642 -0.467849
-29.2348 81.0385 17.2833 -0.0913874 -0.890922 -0.442994
-29.0371 81.4547 16.3811 -0.0815718 -0.898202 -0.431949
-28.8677 82.1407 15.0137 -0.045715 -0.87942 -0.473846
-28.8435 82.6435 14.0783 -0.0306444 -0.888196 -0.45783
-28.9188 83.178 13.1324 0.0206988 -0.849006 -0.527978
-28.8823 83.6367 12.3346 0.0322014 -0.872626 -0.487327
-28.7318 84.2013 11.388 0.0199318 -0.849532 -0.52716
-28.5848 84.8402 10.4984 0.266294 -0.767657 -0.582914
-28.386 85.4443 9.69735 0.258239 -0.826976 -0.499268
-27.9441 86.17 8.87402 0.296524 -0.7537 -0.586523
-27.4341 86.7992 8.31529 0.402092 -0.697365 -0.592968
-26.7766 87.3866 7.7439 0.335251 -0.847902 -0.410693
-25.8396 88.1269 7.12119 0.392442 -0.820761 -0.41514
-25.0936 88.614 6.45149 0.0590305 -0.969689 -0.237106
-24.332 88.7151 5.79129 -0.0645684 -0.993059 -0.0983105
-23.6907 88.7569 5.00738 -0.135478 -0.984264 -0.0235758
-23.0993 88.5702 4.03869 -0.213654 -0.975624 0.0438112
-22.7555 88.4281 2.90246 -0.233116 -0.97013 0.0666856
-22.7883 88.3192 1.61553 -0.306748 -0.944534 0.110596
-23.268 88.4185 0.808671 -0.295529 -0.951671 0.0726262
-24.0245 88.5718 0.292581 -0.23048 -0.969951 0.077935
-25.0863 88.766 0.0973811 -0.169109 -0.985469 -0.0159085
-26.0563 88.9126 0.102488 -0.138846 -0.989002 -0.0352574
-27.159 89.0446 0.31069 -0.0371807 -0.997611 -0.0582197
-28.128 89.0081 0.570347 0.0404331 -0.983815 -0.173781
-29.3349 88.9424 0.773108 0.0854624 -0.963057 -0.238872
-30.2171 88.7333 0.856794 0.210561 -0.934662 -0.28648
-31.4287 88.3314 1.14691 0.273946 -0.905658 -0.32363
-32.5416 87.9087 1.31584 0.301984 -0.890949 -0.339139
-33.5051 87.5761 1.34135 0.306379 -0.883004 -0.355577
-34.8874 87.098 1.11217 0.395863 -0.859742 -0.322702
-35.9418 86.7815 0.687513 0.410586 -0.863613 -0.288014
-36.7701 86.5684 -0.148955 0.456924 -0.866812 -0.199452
-37.3259 86.4501 -0.891735 0.373861 -0.899466 -0.225584
-37.9936 86.3348 -1.91574 0.306862 -0.949494 -0.0655436
-38.35 86.2329 -2.91156 0.391631 -0.915982 0.0531605
-38.5864 85.9918 -3.93435 0.349627 -0.930551 0.0851214
-38.9101 85.8949 -4.83949 0.328779 -0.943402 0.0172634
-39.185 85.7093 -5.78021 0.273882 -0.930711 0.242415
-39.6358 85.328 -6.78775 0.256972 -0.937322 0.23518
-40.4071 84.9844 -7.41552 0.114132 -0.980315 0.161112
-41.3499 84.8426 -7.68859 -0.06714 -0.975967 0.150815
-42.5675 84.9063 -7.70547 0.0900823 -0.897818 0.426117
-43.7335 84.998 -6.85718 0.132975 -0.969926 0.203649
-44.4102 85.1167 -5.89308 0.122395 -0.968059 0.218473
-45.01 85.1901 -4.81334 0.142082 -0.92489 -0.16
-45.6149 84.5455 -3.69835 0.403394 -0.658508 -0.553356
-45.8742 83.6804 -3.18004 0.448563 -0.851085 -0.272575
-46.6897 83.0517 -2.507 0.440381 -0.853321 -0.27892
-47.5731 82.3324 -2.04276 0.523554 -0.8038 -0.282484
-48.7773 81.5222 -1.43258 0.496253 -0.858001 -0.132538
-49.5975 80.9363 -0.896258 0.535735 -0.830463 -0.15271
-50.2377 80.4465 -0.446934 0.524357 -0.839363 -0.143193
-51.0575 79.8183 0.260202 0.51355 -0.848015 -0.129802
-51.8585 79.2572 0.932824 0.499039 -0.858562 -0.117608
-52.5461 78.7929 1.3662 0.512617 -0.850682 -0.116465
-53.4569 78.1711 1.9274 0.515231 -0.850186 -0.108267
-54.5048 77.4348 2.75931 0.514932 -0.851071 -0.102556
-55.2048 76.9432 3.30703 0.517358 -0.849516 -0.103258
-55.9823 76.396 3.85054 0.524788 -0.844661 -0.105572
-56.7477 75.8389 4.49424 0.523539 -0.845188 -0.107536
-57.516 75.2309 5.42402 0.524693 -0.842657 -0.120585
-57.9937 74.8284 6.20359 0.523872 -0.841939 -0.128671
-58.4088 74.4457 6.95342 0.51171 -0.84761 -0.140395
-58.896 74.005 7.81299 0.515053 -0.844163 -0.148693
-59.3018 73.6299 8.54915 0.512318 -0.846008 -0.147647
-59.6624 73.2601 9.39786 0.503901 -0.85029 -0.151954
-60.0528 72.8019 10.5239 0.507074 -0.841106 -0.188195
-60.2893 72.4444 11.4804 0.514706 -0.835944 -0.190461
-60.6184 71.9731 12.6922 0.514243 -0.838141 -0.181863
-60.9566 71.5129 13.8414 0.493343 -0.847615 -0.195347
-61.1695 71.1653 14.7714 0.498033 -0.841648 -0.208788
-61.3713 70.8151 15.7437 0.49152 -0.848823 -0.1947
-61.5075 70.4564 16.8414 0.485066 -0.841628 -0.237432
-61.6533 70.087 17.8536 0.481766 -0.843732 -0.236682
-61.6166 69.7602 19.0771 0.482549 -0.841819 -0.241841
-61.4722 69.4745 20.2978 0.468311 -0.844819 -0.257624
-61.2289 69.2314 21.5624 0.460015 -0.85151 -0.251387
-60.911 69.0638 22.7007 0.46475 -0.84476 -0.265307
-60.7183 68.8832 23.6278 0.467614 -0.845714 -0.25711
-60.4294 68.7069 24.6798 0.44614 -0.850318 -0.279117
-60.299 68.3792 25.9158 0.44859 -0.851846 -0.270417
-60.1804 68.0846 27.0787 0.411663 -0.867579 -0.278993
-60.1842 67.7957 27.9699 0.408403 -0.86438 -0.293016
-60.3156 67.446 28.8736 0.392391 -0.878351 -0.272999
-60.4402 67.1033 29.7527 0.38104 -0.871253 -0.309392
-60.524 66.7008 30.7867 0.379512 -0.872167 -0.308699
-60.5375 66.3994 31.6761 0.379612 -0.879923 -0.285709
-60.432 65.987 33.0847 0.344049 -0.895487 -0.282372
-60.254 65.7512 34.0646 0.34857 -0.899305 -0.264103
-59.9184 65.5873 35.0461 0.329193 -0.905037 -0.269283
-59.4041 65.5253 35.901 0.330286 -0.906254 -0.263847
-58.707 65.5506 36.7307 0.330133 -0.91113 -0.246689
-58.0779 65.5729 37.4798 0.326444 -0.908045 -0.262463
-57.4258 65.6192 38.1328 0.326226 -0.908412 -0.261466
-56.5076 65.7685 38.7468 0.321951 -0.909029 -0.264601
-55.4726 65.985 39.2626 0.321857 -0.909503 -0.263084
-54.6232 66.1983 39.5242 0.293708 -0.920877 -0.25633
-53.6204 66.4547 39.7685 0.310607 -0.911345 -0.269268
-52.4158 66.7092 40.0919 0.238989 -0.921064 -0.307449
-51.4949 66.8132 40.496 0.238874 -0.921102 -0.307425
-50.4022 66.8074 41.1756 0.200903 -0.92089 -0.334065
-49.3146 66.7744 41.8752 0.197854 -0.912989 -0.356658
-48.3396 66.7699 42.4093 0.18885 -0.908754 -0.372157
-47.0479 66.8797 42.7619 0.179173 -0.911933 -0.369155
-45.8185 66.9708 43.0945 0.166987 -0.915046 -0.367159
-44.5276 67.2138 43.0087 0.144559 -0.921887 -0.359481
-43.3406 67.5502 42.6363 0.149301 -0.918972 -0.364937
-42.528 67.8445 42.1606 0.112908 -0.922408 -0.369344
-41.8308 68.1936 41.522 0.125772 -0.92073 -0.369342
-41.209 68.6133 40.6647 0.119008 -0.926699 -0.356463
-40.6723 69.0305 39.815 0.112899 -0.923946 -0.365275
-39.9844 69.6093 38.5458 0.0768909 -0.90816 -0.410574
-39.5421 70.0876 37.6093 0.0573959 -0.902425 -0.427007
-39.1608 70.5293 36.7266 0.0420364 -0.904245 -0.42494
-38.6171 71.0592 35.7068 0.0319913 -0.880503 -0.472928
-38.0697 71.4736 34.961 0.0272609 -0.879601 -0.474894
-37.5511 71.8313 34.2956 0.0108353 -0.887736 -0.460226
-36.9332 72.1826 33.5963 -0.041101 -0.885184 -0.463401
-36.2821 72.4495 33.0322 -0.042561 -0.883217 -0.467029
-35.4535 72.7342 32.4778 -0.0763525 -0.8596 -0.50523
-34.6941 72.9726 31.9575 -0.0805556 -0.863771 -0.497306
-33.806 73.3063 31.1867 -0.10519 -0.866103 -0.488672
-32.8544 73.7752 30.2066 -0.134773 -0.838808 -0.527482
-32.2675 74.0886 29.5582 -0.129908 -0.831451 -0.539981
-31.6474 74.4865 28.794 -0.151889 -0.824479 -0.545127
-30.9232 74.9947 27.8643 -0.145819 -0.814378 -0.561688
-30.3364 75.6763 26.766 -0.135535 -0.806087 -0.576068
-29.8944 76.2238 25.8855 -0.139679 -0.809214 -0.570665
-29.74 76.582 25.3208 -0.159601 -0.821233 -0.547817
-28.8249 76.2802 25.4803 -0.181053 -0.814377 -0.551372
-29.0697 75.8101 26.2596 -0.164137 -0.811444 -0.56053
-29.4446 75.3542 26.9991 -0.148423 -0.805219 -0.574098
-29.8033 74.8889 27.741 -0.136151 -0.805377 -0.576914
-30.259 74.4546 28.4676 -0.151359 -0.813429 -0.561626
-30.8206 74.1269 29.1272 -0.142387 -0.837268 -0.527887
-31.7986 73.5929 30.257 -0.129121 -0.849182 -0.511905
-32.3839 73.2865 30.8931 -0.116781 -0.848511 -0.516131
-33.006 73.0098 31.5562 -0.10965 -0.871251 -0.478246
-33.6608 72.7378 32.1792 -0.0994865 -0.876147 -0.471514
-34.3783 72.5062 32.7702 -0.0375371 -0.881186 -0.471278
-35.1559 72.2537 33.3044 -0.038733 -0.883266 -0.467247
-35.9304 72.0039 33.8546 -0.0396406 -0.887146 -0.459783
-36.8241 71.5586 34.7653 -0.0276384 -0.880922 -0.472453
-37.4129 71.1983 35.4755 -0.0158679 -0.87935 -0.47573
-38.0323 70.6878 36.4812 0.00751602 -0.904879 -0.425126
-38.4446 70.2815 37.3021 0.0271144 -0.908575 -0.416434
-39.0213 69.6504 38.6301 0.0740775 -0.9047 -0.41956
-39.4059 69.3305 39.4215 0.109938 -0.928653 -0.354285
-39.8533 68.9229 40.3301 0.115862 -0.919238 -0.376268
-40.3503 68.5733 41.0596 0.121974 -0.927066 -0.3545
-40.8388 68.2248 41.8083 0.133959 -0.924994 -0.355328
-41.5475 67.804 42.5984 0.146733 -0.923892 -0.353341
-42.3052 67.4732 43.1774 0.114224 -0.927074 -0.357053
-43.0996 67.2001 43.604 0.140893 -0.918861 -0.36857
-44.1477 66.9393 43.8714 0.140644 -0.924112 -0.35526
-45.3947 66.6856 44.0117 0.158117 -0.920164 -0.358101
-46.3892 66.5586 43.877 0.17509 -0.914631 -0.364161
-47.4647 66.4822 43.5435 0.17889 -0.912869 -0.366973
-48.5743 66.3863 43.24 0.180992 -0.913841 -0.363484
-49.4305 66.381 42.8201 0.188805 -0.914555 -0.35762
-50.3586 66.4086 42.2542 0.192406 -0.910188 -0.366794
-51.1261 66.4311 41.742 0.227305 -0.9094 -0.348316
-52.1881 66.4133 41.1364 0.205495 -0.912915 -0.352644
-53.0518 66.3023 40.8085 0.253261 -0.9153 -0.312847
-54.2987 66.0069 40.518 0.298077 -0.908617 -0.292515
-55.2121 65.7846 40.2786 0.320688 -0.910416 -0.261348
-56.6297 65.464 39.6546 0.321047 -0.910268 -0.261422
-57.7927 65.2717 38.9194 0.315199 -0.913949 -0.255503
-58.8445 65.135 38.0826 0.319554 -0.912931 -0.253855
-59.6957 65.1122 37.0612 0.328918 -0.91346 -0.239518
-60.3192 65.0776 36.3173 0.334498 -0.911848 -0.238002
-60.899 65.2683 34.8671 0.344552 -0.90278 -0.25737
-61.2373 65.5038 33.6319 0.343261 -0.897821 -0.275743
-61.3652 65.939 32.0895 0.34706 -0.895016 -0.280169
-61.4118 66.3633 30.6642 0.357247 -0.88547 -0.29624
-61.3031 66.7127 29.8165 0.3699 -0.87473 -0.313085
-61.1374 67.2226 28.4246 0.38678 -0.880593 -0.273782
-61.0294 67.5278 27.558 0.405917 -0.872495 -0.271999
-61.1668 67.8377 26.298 0.430077 -0.870135 -0.240622
-61.1472 68.1627 25.2088 0.435611 -0.855992 -0.278425
-61.4551 68.3764 24.0092 0.44388 -0.859198 -0.254461
-61.6377 68.5573 23.0842 0.443526 -0.85762 -0.260331
-61.9202 68.6871 22.161 0.450691 -0.854944 -0.256805
-62.149 68.9201 20.9916 0.44626 -0.858341 -0.253047
-62.3523 69.0997 19.9958 0.449821 -0.858261 -0.247081
-62.4887 69.4062 18.6509 0.450972 -0.859629 -0.240129
-62.5035 69.7232 17.5261 0.449132 -0.85731 -0.251595
-62.3944 70.0127 16.6299 0.469628 -0.85204 -0.230791
-62.3472 70.2791 15.6854 0.474428 -0.854991 -0.209229
-62.1973 70.5994 14.758 0.468905 -0.855851 -0.218278
-61.8275 71.0211 13.8784 0.47049 -0.856928 -0.210508
-61.5789 71.4214 12.74 0.47384 -0.859619 -0.19113
-61.2174 71.8579 11.6791 0.484466 -0.854175 -0.188445
-60.9667 72.2329 10.6619 0.492899 -0.84956 -0.187849
-60.5838 72.7091 9.46774 0.497624 -0.852037 -0.162391
-59.9686 73.3222 8.03798 0.498366 -0.853816 -0.150362
-59.5279 73.7402 7.15064 0.502434 -0.852046 -0.146808
-58.8858 74.3073 6.06187 0.509394 -0.848542 -0.14316
-58.4827 74.6576 5.31301 0.516357 -0.847749 -0.121237
-58.0259 75.0367 4.60764 0.515539 -0.847492 -0.126292
-57.18 75.6902 3.68522 0.511286 -0.849458 -0.130416
-56.5566 76.14 3.15168 0.514492 -0.848809 -0.121743
-55.7514 76.7157 2.52471 0.510146 -0.852143 -0.116588
-54.9785 77.2522 1.95666 0.507593 -0.853847 -0.115297
-54.3206 77.717 1.42971 0.51063 -0.851748 -0.117391
-53.6034 78.2156 0.937333 0.51155 -0.85124 -0.117076
-52.6117 78.9002 0.337935 0.510378 -0.851178 -0.122519
-51.8574 79.4231 -0.24535 0.495684 -0.859933 -0.12171
-50.8388 80.1988 -1.1767 0.52103 -0.841393 -0.143477
-49.9233 80.8938 -1.79208 0.534045 -0.830913 -0.156141
-48.8483 81.6355 -2.44698 0.498546 -0.85719 -0.129137
-48.173 82.1437 -2.79589 0.550687 -0.813483 -0.187057
-47.0567 83.1092 -3.324 0.588661 -0.757128 -0.28326
-46.4759 83.9413 -3.89666 0.376376 -0.523761 -0.734707
-46.4164 84.6816 -4.44462 0.403394 -0.658508 -0.553357
-45.7939 84.9947 -5.30687 0.189152 -0.975937 0.0901004
-45.0812 84.8953 -6.53147 0.135523 -0.970003 0.201406
-44.5413 84.8035 -7.2869 0.117214 -0.95476 0.266129
-43.5449 84.5517 -8.26742 0.0685498 -0.938132 0.339426
-42.5342 84.4716 -8.61101 0.0452871 -0.916246 0.398048
-41.1049 84.5839 -8.58478 0.0924472 -0.9266 0.364421
-40.1179 84.7907 -8.33199 0.112899 -0.927074 0.357125
-39.1393 85.1607 -7.73393 0.156579 -0.935716 0.316099
-38.4537 85.6965 -6.68361 0.269929 -0.909274 0.307571
-38.1396 86.0483 -5.6827 0.301578 -0.921296 0.244814
-37.8177 86.2919 -4.55135 0.370535 -0.928808 -0.0045017
-37.5218 86.5647 -3.09402 0.369011 -0.925813 0.0244042
-37.1538 86.689 -2.15572 0.434857 -0.894031 -0.107741
-36.3883 86.9637 -1.03596 0.469724 -0.878844 -0.0836183
-35.7826 87.1237 -0.319794 0.452129 -0.86768 -0.206664
-34.9823 87.4291 0.154252 0.403575 -0.850271 -0.337884
-34.126 87.745 0.358802 0.332042 -0.878548 -0.343369
-33.1548 88.0678 0.393158 0.289184 -0.889354 -0.3541
-31.9419 88.4546 0.324138 0.240944 -0.915339 -0.320471
-30.9491 88.8362 0.0276676 0.235861 -0.925298 -0.295381
-29.8651 89.0574 -0.0597336 0.125535 -0.972503 -0.196162
-28.6596 89.1707 -0.253707 0.00817686 -0.974931 -0.222358
-27.3021 89.1426 -0.632669 -0.0414654 -0.992867 -0.111786
-26.1711 88.9804 -0.85286 -0.164374 -0.985316 -0.046199
-25.2561 88.7736 -0.867401 -0.188036 -0.981411 0.0384173
-24.2121 88.5534 -0.704714 -0.237776 -0.969709 0.0552304
-22.9244 88.178 -0.278441 -0.352527 -0.929977 0.104064
-22.2127 88.0156 0.613883 -0.34037 -0.93392 0.108905
-21.7508 88.0311 1.85152 -0.320473 -0.936625 0.141531
-21.7594 88.1857 2.80543 -0.289826 -0.9474 0.13401
-21.9207 88.2865 3.70336 -0.226381 -0.97012 0.0847813
-22.2176 88.4445 4.53867 -0.171684 -0.98189 0.0801094
-22.7321 88.5979 5.31669 -0.171322 -0.98315 0.0607357
-23.5514 88.6013 6.39596 -0.0709192 -0.992199 -0.102527
-24.2267 88.5164 6.97704 0.218708 -0.920528 -0.273473
-24.9223 88.1972 7.61762 0.270788 -0.839661 -0.47079
-25.7644 87.5964 8.21852 0.309517 -0.837578 -0.448652
-26.4061 87.0965 8.64493 0.356302 -0.783085 -0.504789
-26.8262 86.4432 9.11831 0.402317 -0.684443 -0.608012
-27.3197 85.7637 9.67624 0.22796 -0.732799 -0.631002
-27.6625 84.9026 10.6572 0.13027 -0.732324 -0.66838
-27.7697 84.3361 11.3269 0.106107 -0.82701 -0.552083
-27.9268 83.7612 12.1787 0.0378181 -0.87245 -0.487239
-27.9702 83.2146 13.1071 0.0152077 -0.848597 -0.528821
-27.9212 82.5123 14.2516 -0.00499074 -0.867257 -0.496388
-27.9906 81.9739 15.2597 -0.0312069 -0.880758 -0.472536
-28.0819 81.4678 16.1602 -0.0699068 -0.882163 -0.464098
-28.296 80.9186 17.2807 -0.110158 -0.869056 -0.482294
-28.3655 80.435 18.1906 -0.119366 -0.875624 -0.46801
-28.3159 79.943 19.1061 -0.113836 -0.877524 -0.465824
-28.3254 79.3885 20.1219 -0.157727 -0.866635 -0.473357
-28.294 78.9307 20.9108 -0.149718 -0.843702 -0.515511
-28.3164 78.4445 21.7364 -0.113766 -0.85661 -0.503265
-28.3961 77.9224 22.6607 -0.143851 -0.86717 -0.476785
-28.444 77.4915 23.4616 -0.137262 -0.863392 -0.485311
-28.7141 76.7275 24.7837 -0.180406 -0.814225 -0.551807
-28.7259 76.6545 24.895 -0.180515 -0.813998 -0.552105
-28.7581 76.56 25.0451 -0.18105 -0.814375 -0.551375
