-46.4231 79.5225 21.3508 0.302677 -0.90544 -0.280266
-46.2031 79.8763 20.3027 0.260681 -0.930659 -0.251037
-45.9204 80.2784 19.025 0.294373 -0.924523 -0.242079
-45.8937 80.5443 18.0278 0.261243 -0.939858 -0.219866
-46.1585 80.6316 17.3401 0.261252 -0.939857 -0.219861
-46.7245 80.2399 18.3047 0.268214 -0.931573 -0.244387
-47.0881 79.769 19.5218 0.339113 -0.906359 -0.251846
-47.2463 79.4992 20.3876 0.367962 -0.890302 -0.262085
-47.2811 79.1637 21.2793 0.391926 -0.8528 -0.343588
-46.6194 79.3939 21.4627 0.391924 -0.8528 -0.34359
-45.8645 79.3031 22.1449 0.181579 -0.888616 -0.421177
-45.429 79.7017 21.4668 0.172747 -0.896093 -0.408872
-45.1771 80.0524 20.5396 0.227105 -0.92872 -0.29309
-45.0471 80.525 19.0711 0.224785 -0.935656 -0.267301
-44.9692 80.8057 18.0156 0.268451 -0.940792 -0.20699
-44.9106 81.0581 16.9444 0.260898 -0.941736 -0.212087
-44.9245 81.2603 15.9001 0.282628 -0.941401 -0.184082
-45.7077 81.0668 15.6347 0.308878 -0.94265 -0.126242
-46.5694 80.6974 16.278 0.31571 -0.941891 -0.114758
-47.1633 80.4245 17.0091 0.283997 -0.942575 -0.164143
-47.6895 79.8782 18.3511 0.338081 -0.898184 -0.28101
-47.9519 79.536 19.2087 0.334228 -0.910186 -0.244648
-48.1383 79.1972 20.0668 0.442914 -0.846378 -0.295262
-48.2001 78.8385 20.9571 0.436883 -0.841365 -0.318058
-47.9983 78.414 22.2221 0.386655 -0.8328 -0.395281
-47.3399 78.153 23.3374 0.35955 -0.829607 -0.426328
-46.5996 78.7078 22.8376 0.334641 -0.836828 -0.433282
-46.0382 79.1549 22.3827 0.181577 -0.888616 -0.42118
-45.3275 79.0099 23.0072 0.193045 -0.893116 -0.406297
-46.003 78.5732 23.5614 0.301943 -0.845347 -0.439264
-46.7001 78.0356 24.0636 0.328413 -0.843916 -0.424043
-47.7559 77.3244 24.6349 0.384941 -0.820986 -0.421244
-48.2402 77.3318 24.1778 0.384935 -0.820987 -0.421248
-48.5715 77.64 23.2505 0.407171 -0.81865 -0.403387
-48.8479 77.9764 22.2607 0.444882 -0.807764 -0.386612
-49.0468 78.2815 21.2548 0.428317 -0.843885 -0.323115
-49.0404 78.7277 20.0357 0.450797 -0.847527 -0.280143
-48.8386 79.1508 19.0561 0.447522 -0.853042 -0.268411
-48.586 79.5562 18.1554 0.43198 -0.870251 -0.236677
-48.2685 79.9863 17.1289 0.42579 -0.886029 -0.172405
-47.6921 80.3301 16.0589 0.361515 -0.929603 -0.0717263
-46.8513 80.7381 15.234 0.335704 -0.934752 -0.116364
-46.0605 81.0753 14.6878 0.302804 -0.944486 -0.127353
-45.3348 81.374 14.2221 0.280851 -0.952967 -0.108606
-44.2747 81.7199 13.5256 0.23944 -0.966208 -0.0929152
-43.8925 81.69 14.6342 0.219979 -0.970157 -0.101999
-44.0001 81.5474 15.749 0.201824 -0.971899 -0.118736
-43.988 81.3517 16.6658 0.232158 -0.94629 -0.225028
-44.0206 81.1375 17.6124 0.231907 -0.951431 -0.20248
-44.1007 80.8329 18.6796 0.181984 -0.937824 -0.295582
-44.1706 80.5153 19.6438 0.184546 -0.940395 -0.285446
-44.2395 80.1873 20.7433 0.205745 -0.941879 -0.26558
-44.5246 79.7174 21.8147 0.173082 -0.896058 -0.408807
-45.1897 79.1074 22.8582 0.193046 -0.893113 -0.406303
-44.4477 78.9875 23.4743 0.184008 -0.896378 -0.403169
-43.6883 79.6502 22.3162 0.17403 -0.897852 -0.404416
-43.3823 80.0401 21.5523 0.127988 -0.90893 -0.39682
-43.2505 80.4143 20.7278 0.17572 -0.924832 -0.328677
-43.1942 80.7109 19.7698 0.229374 -0.933528 -0.275524
-43.1452 81.0957 18.4573 0.197906 -0.948131 -0.245726
-43.0726 81.4187 17.2498 0.199374 -0.949675 -0.241595
-43.0446 81.6133 16.3507 0.179307 -0.965058 -0.19108
-43.0002 81.8105 15.2113 0.183747 -0.973711 -0.134623
-42.8851 81.9884 14.0587 0.17513 -0.975721 -0.131518
-42.7402 82.1346 12.9265 0.221413 -0.973289 -0.0606979
-42.6665 82.2329 11.9965 0.21918 -0.965301 -0.139449
-43.4743 82.0282 11.9843 0.256786 -0.95758 -0.117984
-44.8253 81.6603 12.7264 0.222969 -0.972109 -0.0727285
-45.7238 81.3607 13.2998 0.292534 -0.950244 -0.0977498
-46.5296 81.0237 13.8202 0.333745 -0.936245 -0.109818
-47.4891 80.599 14.5003 0.336398 -0.934937 -0.112825
-48.2351 80.2289 15.1892 0.384165 -0.916533 -0.111284
-48.9112 79.7938 16.2799 0.40532 -0.904898 -0.129906
-49.3634 79.34 17.5207 0.436705 -0.86712 -0.239565
-49.6581 78.8937 18.5142 0.446198 -0.853109 -0.270394
-49.8945 78.3802 19.6549 0.474183 -0.834903 -0.279432
-49.9519 77.9304 20.8937 0.472734 -0.835204 -0.280994
-49.8204 77.676 21.7455 0.492354 -0.785487 -0.371688
-49.5469 77.3542 22.7485 0.441687 -0.804027 -0.398054
-49.261 77.0051 23.7674 0.443257 -0.802497 -0.399402
-48.9545 76.6052 24.8505 0.45307 -0.779765 -0.431414
-48.7304 76.2548 25.7283 0.420131 -0.793882 -0.435406
-48.1632 76.1197 26.4134 0.34431 -0.800425 -0.490685
-47.5203 76.6948 25.9263 0.35564 -0.797862 -0.485847
-46.779 77.3467 25.3067 0.271107 -0.831909 -0.483939
-46.0753 77.9063 24.7689 0.244456 -0.836004 -0.490055
-45.0575 78.5835 24.0236 0.200508 -0.87974 -0.431108
-44.5298 78.9285 23.565 0.196769 -0.886427 -0.418707
-43.8929 78.6518 24.2481 0.142739 -0.855899 -0.496828
-44.6836 78.2493 24.8963 0.212003 -0.869019 -0.432364
-45.4193 77.6844 25.4457 0.212875 -0.848498 -0.484496
-46.1445 77.1505 26.0135 0.26617 -0.840315 -0.472255
-47.001 76.4271 26.7079 0.32788 -0.805867 -0.493025
-47.632 75.8774 27.1814 0.350234 -0.791403 -0.500798
-48.1867 75.2811 27.7126 0.36082 -0.785713 -0.502458
-48.8339 74.567 28.3548 0.369003 -0.780296 -0.50495
-49.1397 74.8539 27.6807 0.38908 -0.793778 -0.46583
-49.3645 75.3244 26.686 0.452822 -0.745545 -0.488994
-49.5487 75.6817 25.8583 0.47697 -0.771351 -0.421328
-49.8668 76.1957 24.5938 0.467948 -0.764804 -0.442831
-50.1155 76.5446 23.6346 0.518842 -0.779492 -0.34915
-50.338 76.8091 22.7853 0.535709 -0.759907 -0.368181
-50.5719 77.078 21.8898 0.535383 -0.760457 -0.367517
-50.7399 77.3469 21.0402 0.544967 -0.768458 -0.335384
-50.8269 77.6866 20.1155 0.533557 -0.789884 -0.299762
-50.7189 78.0654 19.1887 0.496417 -0.823226 -0.274397
-50.5023 78.4932 18.244 0.532891 -0.817324 -0.219106
-50.2463 78.8977 17.3378 0.512367 -0.83583 -0.194571
-49.8329 79.3735 16.0688 0.482574 -0.863431 -0.146998
-49.4114 79.7213 15.1764 0.406422 -0.907486 -0.105692
-48.8069 80.0839 14.3764 0.417156 -0.902816 -0.104143
-48.1313 80.428 13.7965 0.369451 -0.922874 -0.108673
-47.0872 80.9023 13.0345 0.329949 -0.939696 -0.0900243
-46.0996 81.3099 12.4098 0.329965 -0.939062 -0.0959068
-44.9846 81.7043 11.695 0.20444 -0.973767 -0.0999111
-43.7877 82.1176 10.9152 0.285375 -0.943857 -0.166416
-42.6508 82.4818 10.4539 0.187587 -0.972724 -0.136451
-41.7288 82.5479 11.2339 0.184023 -0.97447 -0.128273
-41.6944 82.4068 12.5083 0.211468 -0.970375 -0.114343
-41.8493 82.2209 13.483 0.144986 -0.986071 -0.0815048
-41.981 82.1054 14.3945 0.175385 -0.975837 -0.130312
-42.0995 81.9303 15.5572 0.149705 -0.978042 -0.142047
-42.1263 81.7523 16.4605 0.101514 -0.97503 -0.197511
-42.1868 81.477 17.6554 0.127092 -0.957085 -0.258268
-42.2336 81.1778 18.7809 0.166703 -0.959764 -0.225971
-42.2585 80.9413 19.7669 0.197906 -0.948131 -0.245726
-42.2998 80.551 20.7038 0.122062 -0.91614 -0.381823
-42.4062 80.1636 21.5842 0.128271 -0.909041 -0.396473
-42.6334 79.7873 22.3741 0.128722 -0.90798 -0.398741
-42.9726 79.3889 23.1653 0.142318 -0.902198 -0.40688
-43.6218 78.8454 24.0046 0.154801 -0.850025 -0.503482
-43.0005 78.5483 24.7441 0.14575 -0.887057 -0.433893
-42.2268 79.1491 23.8592 0.0700545 -0.883715 -0.462297
-41.6527 79.8167 22.602 0.0501615 -0.89515 -0.442704
-41.4451 80.1827 21.7969 0.0723379 -0.928563 -0.364057
-41.3149 80.7124 20.4948 0.0525583 -0.92811 -0.36823
-41.2813 81.0457 19.6269 0.054259 -0.950282 -0.300763
-41.2755 81.3393 18.4796 0.0719068 -0.965855 -0.248904
-41.188 81.6983 17.1802 0.08461 -0.963026 -0.255337
-41.1325 81.9776 15.9513 0.120329 -0.969523 -0.213413
-41.0808 82.1444 15.0165 0.123749 -0.980135 -0.154989
-40.9447 82.3141 14.0891 0.163159 -0.983286 -0.0807931
-40.8237 82.4538 13.0925 0.213177 -0.965479 -0.149612
-40.6821 82.6324 12.1108 0.160891 -0.967026 -0.185823
-40.6151 82.771 11.2014 0.229533 -0.963856 -0.129247
-40.9934 82.8148 10.2617 0.184034 -0.974467 -0.128276
-42.0397 82.7547 9.50164 0.22966 -0.956059 -0.174324
-43.2473 82.5225 9.35718 0.225204 -0.96351 -0.13903
-43.9868 82.2472 9.83853 0.274759 -0.949057 -0.153248
-44.9463 81.859 10.506 0.25655 -0.952026 -0.166817
-45.7142 81.5956 11.0155 0.322489 -0.941173 -0.100962
-46.4992 81.2687 11.532 0.331009 -0.937788 -0.10471
-47.4309 80.8697 12.1151 0.332662 -0.937968 -0.0973981
-48.2302 80.5113 12.6663 0.362434 -0.92741 -0.0924831
-49.168 80.0346 13.4032 0.420712 -0.900437 -0.110516
-50.0003 79.517 14.3672 0.465993 -0.879392 -0.0975663
-50.4775 79.1386 15.2958 0.48717 -0.86198 -0.1402
-50.8003 78.8171 16.1509 0.502064 -0.853585 -0.137937
-51.0819 78.407 17.1244 0.534368 -0.818764 -0.209945
-51.3139 78.034 17.9828 0.537738 -0.812687 -0.22429
-51.6202 77.4569 19.2908 0.5299 -0.809858 -0.250465
-51.6507 77.0492 20.2272 0.549891 -0.768104 -0.328079
-51.5224 76.7496 21.1332 0.543049 -0.772918 -0.328044
-51.3339 76.5037 22.0062 0.507961 -0.776317 -0.373238
-51.0988 76.2243 22.9073 0.502359 -0.784437 -0.363457
-50.9094 75.9727 23.8065 0.506377 -0.79982 -0.322288
-50.6853 75.6538 24.7319 0.435882 -0.774343 -0.45869
-50.4382 75.2533 25.6617 0.457451 -0.781088 -0.425018
-50.2211 74.8681 26.6308 0.436774 -0.805497 -0.400048
-50.07 74.3565 27.7513 0.389073 -0.793782 -0.465828
-49.9527 73.6683 28.9383 0.363074 -0.791984 -0.490855
-49.7534 73.1446 29.9945 0.35677 -0.805464 -0.472909
-48.6676 73.6477 29.9228 0.356232 -0.796822 -0.487682
-48.0517 74.4273 29.1423 0.369763 -0.783559 -0.499266
-47.5376 75.0474 28.4936 0.258686 -0.801834 -0.538651
-46.9189 75.6742 27.861 0.266248 -0.797589 -0.541261
-46.1059 76.3927 27.208 0.259899 -0.797148 -0.544928
-45.3552 77.0266 26.5826 0.200414 -0.840507 -0.502186
-44.7222 77.4852 26.0484 0.173305 -0.838252 -0.516445
-43.9166 78.02 25.4703 0.163641 -0.80059 -0.576434
-43.2724 78.415 24.9748 0.114615 -0.878508 -0.456991
-42.6967 78.0326 25.6873 0.0831117 -0.836568 -0.541522
-43.6606 77.4643 26.3962 0.142004 -0.842831 -0.519106
-44.3074 77.054 26.8765 0.135605 -0.821581 -0.553628
-44.9586 76.5705 27.4402 0.173181 -0.79525 -0.579589
-45.6799 75.9151 28.0784 0.212066 -0.799059 -0.562513
-46.5145 75.1652 28.8063 0.220245 -0.801816 -0.555375
-47.2619 74.3274 29.6912 0.256817 -0.79997 -0.542303
-47.8044 73.6796 30.3955 0.258439 -0.808613 -0.528334
-48.6161 72.81 31.2982 0.298573 -0.796978 -0.525052
-49.8191 72.4284 31.1388 0.335664 -0.816188 -0.470283
-50.5871 72.5787 30.3016 0.39505 -0.797241 -0.456434
-50.7586 73.0483 29.3362 0.397394 -0.795454 -0.457527
-50.86 73.5383 28.3729 0.447704 -0.764809 -0.463281
-50.9723 74.0785 27.3553 0.453045 -0.768944 -0.451082
-51.0924 74.4518 26.5022 0.443685 -0.810261 -0.382912
-51.3307 74.8499 25.47 0.469246 -0.761989 -0.444712
-51.6074 75.276 24.3434 0.54344 -0.754336 -0.368306
-51.7952 75.5346 23.4747 0.505502 -0.794313 -0.336387
-52.0304 75.8666 22.4004 0.526268 -0.776316 -0.345209
-52.3115 76.1752 21.1707 0.557394 -0.767982 -0.315461
-52.4508 76.4503 20.2331 0.560891 -0.769113 -0.306377
-52.4586 76.7964 19.3431 0.598357 -0.763206 -0.243896
-52.317 77.197 18.4676 0.602552 -0.755725 -0.256535
-52.1043 77.5821 17.6365 0.554789 -0.808559 -0.196065
-51.7997 78.0516 16.5629 0.557198 -0.809173 -0.186184
-51.4911 78.5076 15.4468 0.538222 -0.827543 -0.155936
-51.0744 78.9281 14.3975 0.516839 -0.846673 -0.126435
-50.643 79.2961 13.6521 0.475115 -0.86927 -0.12908
-49.8788 79.7774 12.7415 0.418034 -0.902409 -0.104433
-48.9569 80.2974 12.0325 0.429104 -0.89686 -0.107293
-48.2379 80.6463 11.5024 0.347959 -0.930406 -0.115194
-47.4514 80.9977 10.9863 0.325737 -0.938384 -0.115456
-46.6358 81.346 10.4804 0.320572 -0.939415 -0.121103
-45.6715 81.7584 9.82509 0.30329 -0.943318 -0.133115
-44.8824 82.0692 9.27128 0.286083 -0.948619 -0.135029
-43.9485 82.4439 8.55785 0.265551 -0.954248 -0.137452
-43.183 82.7348 8.09242 0.191459 -0.96811 -0.161577
-42.0136 82.9475 8.30327 0.25295 -0.938592 -0.234606
-40.8872 83.0646 9.13167 0.226314 -0.950459 -0.209888
-39.8519 83.2065 9.87187 0.282599 -0.939918 -0.191549
-39.626 83.0287 11.1488 0.199664 -0.96213 -0.18558
-39.7566 82.7855 12.4207 0.203874 -0.968824 -0.140764
-39.8674 82.5956 13.4606 0.149563 -0.97455 -0.16698
-39.9996 82.39 14.4222 0.108487 -0.97142 -0.208907
-40.1054 82.2146 15.2982 0.0147041 -0.977585 -0.210025
-40.1726 81.9742 16.4111 0.0849031 -0.969077 -0.23169
-40.255 81.6385 17.6762 0.0853505 -0.95861 -0.271629
-40.3222 81.2581 18.9714 -0.00106841 -0.960063 -0.279782
-40.3496 80.846 20.2154 0.0181118 -0.934771 -0.354765
-40.3881 80.5215 21.0757 0.0236196 -0.934159 -0.356039
-40.5258 80.1241 22.095 -0.00593244 -0.914861 -0.400074
-40.7151 79.7014 22.9345 -0.0266495 -0.887 -0.461001
-41.0682 79.2602 23.7838 0.0362022 -0.897093 -0.440357
-41.6205 78.764 24.6225 0.0337487 -0.84927 -0.526879
-42.2149 78.322 25.3142 0.0548515 -0.850505 -0.521775
-42.4397 78.1829 25.4945 0.0831121 -0.836568 -0.541522
-41.6888 77.8929 26.0577 0.0827092 -0.849451 -0.520563
-42.8016 77.2979 26.9014 0.112159 -0.852582 -0.509355
-43.5005 76.8362 27.4092 0.137067 -0.812697 -0.566136
-44.241 76.2951 27.9991 0.129397 -0.805442 -0.578377
-44.8451 75.7816 28.565 0.142867 -0.799185 -0.58386
-45.6661 75.0473 29.3215 0.218967 -0.808779 -0.54583
-46.3284 74.3833 30.0285 0.232024 -0.802759 -0.549311
-46.9686 73.6408 30.8626 0.23224 -0.811205 -0.536667
-47.4197 73.1206 31.4536 0.235351 -0.817975 -0.524717
-47.9333 72.525 32.1567 0.246836 -0.818239 -0.519189
-48.674 72.1271 32.4456 0.28053 -0.836093 -0.468807
-49.9673 71.866 32.0091 0.328581 -0.815364 -0.476577
-50.7892 71.7413 31.5871 0.338035 -0.836992 -0.430322
-51.436 71.9034 30.739 0.40755 -0.802099 -0.435944
-51.5778 72.3843 29.755 0.422054 -0.789005 -0.446477
-51.6882 72.9726 28.5809 0.431394 -0.788923 -0.437607
-51.7677 73.4342 27.6154 0.484928 -0.753274 -0.444323
-51.9095 73.9124 26.6255 0.490683 -0.773759 -0.399466
-52.1179 74.2994 25.5643 0.47532 -0.787441 -0.392438
-52.3578 74.6604 24.4904 0.551568 -0.749917 -0.365236
-52.5511 74.9512 23.5884 0.56139 -0.750023 -0.349724
-52.7564 75.2122 22.6792 0.555774 -0.760085 -0.336729
-52.9704 75.4491 21.7608 0.561509 -0.762286 -0.321913
-53.2183 75.7762 20.4957 0.582731 -0.757208 -0.295059
-53.2923 76.1054 19.4762 0.593591 -0.762054 -0.258314
-53.112 76.6324 18.2932 0.588515 -0.765127 -0.261173
-52.8741 77.1501 17.2432 0.575672 -0.788916 -0.212327
-52.4976 77.72 15.9154 0.551466 -0.813776 -0.183444
-52.2669 78.07 15.0176 0.545143 -0.827598 -0.133791
-51.8068 78.5724 13.7849 0.532401 -0.835925 -0.132462
-51.1599 79.121 12.7542 0.508513 -0.850619 -0.133649
-50.4218 79.6081 11.9425 0.427982 -0.898847 -0.0943668
-49.6303 80.0458 11.3485 0.437927 -0.894398 -0.0909539
-48.9403 80.4336 10.8298 0.434013 -0.896797 -0.0859487
-48.2074 80.7855 10.3222 0.37385 -0.923018 -0.090785
-47.3713 81.1699 9.79148 0.360268 -0.928458 -0.0904008
-46.4111 81.6002 9.16111 0.355995 -0.930367 -0.0876628
-45.3331 82.0615 8.40032 0.292179 -0.946763 -0.135172
-44.301 82.4859 7.58142 0.300207 -0.94822 -0.103709
-43.3988 82.8777 6.98321 0.30101 -0.930511 -0.20711
-42.0604 83.2166 7.15512 0.258066 -0.940824 -0.219665
-41.2159 83.2999 7.74789 0.249446 -0.938802 -0.237543
-40.2718 83.3872 8.44507 0.257006 -0.945904 -0.198024
-39.441 83.503 8.92783 0.234622 -0.95076 -0.201834
-38.6947 83.5752 9.47857 0.220266 -0.95564 -0.195104
-38.5845 83.3911 10.4571 0.210991 -0.957504 -0.196513
-38.7453 83.0793 11.8162 0.191233 -0.962161 -0.193878
-38.8337 82.8547 12.8973 0.170785 -0.968338 -0.180946
-38.9306 82.6428 13.7906 0.0930856 -0.961353 -0.259104
-39.0763 82.4156 14.6664 0.0692709 -0.967567 -0.239292
-39.1431 82.1484 15.6738 0.0154719 -0.980965 -0.192762
-39.226 81.8937 17.0949 0.0505795 -0.976713 -0.203588
-39.3508 81.5366 18.1467 0.0333006 -0.95139 -0.305744
-39.3838 81.269 19.0118 -0.0096561 -0.949982 -0.312154
-39.388 80.9149 20.0756 -0.00131458 -0.941703 -0.335907
-39.4458 80.455 21.3025 0.00101994 -0.933704 -0.35786
-39.5351 80.0527 22.1548 -0.0380125 -0.897191 -0.440003
-39.7148 79.6363 23.0018 -0.0260522 -0.887529 -0.460012
-40.0568 79.1769 23.9096 -0.0254549 -0.888059 -0.459024
-40.5794 78.6645 24.8185 -0.0072811 -0.858182 -0.513295
-41.2082 78.1786 25.6144 0.0265904 -0.864443 -0.502028
-41.5758 77.9592 25.9727 0.0548515 -0.850505 -0.521775
-40.9618 77.5191 26.5972 -0.00953202 -0.810951 -0.585036
-40.3244 77.9197 25.9947 -0.014995 -0.835993 -0.548535
-39.5841 78.4977 25.058 -0.0246872 -0.84843 -0.528732
-39.0868 79.0169 24.1855 -0.0190603 -0.873195 -0.485654
-38.7669 79.4087 23.4235 -0.0190095 -0.895882 -0.443268
-38.5596 79.9985 22.2445 -0.0368704 -0.8787 -0.475948
-38.476 80.4569 21.2776 -0.0176552 -0.931759 -0.362494
-38.4234 80.9123 20.0419 -0.0251783 -0.945458 -0.32477
-38.4454 81.2122 19.1555 0.00376626 -0.947865 -0.318302
-38.3757 81.5774 18.0947 0.0171192 -0.944807 -0.327166
-38.2396 81.9479 17.0279 0.0352283 -0.966286 -0.241703
-38.1767 82.1778 15.7034 0.0746413 -0.969922 -0.226168
-38.0963 82.4583 14.7484 0.0706843 -0.961327 -0.265802
-37.891 82.8399 13.3825 0.0773755 -0.964042 -0.254236
-37.8182 83.2294 11.9877 0.133974 -0.962657 -0.224855
-37.6563 83.5182 10.7403 0.178938 -0.963322 -0.199979
-37.4443 83.7961 9.88919 0.219946 -0.944398 -0.241331
-37.6835 84.0776 8.76794 0.323263 -0.913731 -0.229877
-38.6529 83.8405 8.30391 0.224873 -0.95127 -0.210992
-39.5618 83.7253 7.80267 0.253284 -0.940446 -0.226733
-40.3944 83.6409 7.24643 0.244327 -0.940307 -0.236911
-41.283 83.5562 6.57635 0.246176 -0.947486 -0.204127
-42.1221 83.4795 5.96992 0.278387 -0.934134 -0.22048
-42.9363 83.2727 5.69996 0.276857 -0.944802 -0.175213
-43.7672 82.9661 6.04049 0.302651 -0.93891 -0.161098
-44.9625 82.3606 6.85045 0.330009 -0.917553 -0.221572
-46.0894 81.9097 7.75712 0.34745 -0.932414 -0.0912175
-47.1929 81.3615 8.51966 0.360117 -0.925612 -0.113383
-48.1429 80.9357 9.1221 0.360148 -0.928555 -0.0898768
-48.8397 80.5902 9.58852 0.411353 -0.90873 -0.0706979
-49.7856 80.0757 10.2952 0.434402 -0.896866 -0.0831765
-50.5857 79.6376 10.8233 0.442657 -0.893652 -0.0737584
-51.3311 79.1853 11.4399 0.486254 -0.866649 -0.111701
-51.9668 78.7154 12.2797 0.502924 -0.853875 -0.132468
-52.3944 78.3294 13.0089 0.514438 -0.845709 -0.141298
-52.8046 77.9144 13.9232 0.553999 -0.818711 -0.147838
-53.1348 77.4974 14.9244 0.586413 -0.7956 -0.151872
-53.4413 77.0033 16.2482 0.569577 -0.803375 -0.172192
-53.7717 76.4005 17.438 0.587491 -0.775674 -0.230617
-53.954 75.9935 18.2703 0.591638 -0.764745 -0.255205
-54.0717 75.6284 19.0915 0.586445 -0.770527 -0.249555
-54.0543 75.2991 20.0745 0.570058 -0.766636 -0.294998
-53.887 75.0492 21.0243 0.586072 -0.751149 -0.303764
-53.605 74.7474 22.2943 0.583879 -0.751474 -0.30719
-53.4039 74.5013 23.1847 0.56109 -0.750289 -0.349635
-53.181 74.1669 24.2465 0.562902 -0.743967 -0.360076
-52.941 73.7953 25.4207 0.554929 -0.759772 -0.338823
-52.7873 73.5103 26.318 0.519333 -0.764288 -0.378125
-52.629 73.0341 27.3513 0.486481 -0.768345 -0.415717
-52.5376 72.5256 28.4523 0.494882 -0.773138 -0.396674
-52.4613 72.0707 29.4254 0.470757 -0.791056 -0.389214
-52.4378 71.6686 30.2583 0.401754 -0.811278 -0.424761
-52.2853 71.2343 31.2367 0.398193 -0.821641 -0.407735
-51.7806 71.0964 32.006 0.395909 -0.822769 -0.407765
-50.82 71.2373 32.5399 0.334726 -0.834728 -0.437251
-49.8293 71.4228 32.932 0.31658 -0.840451 -0.439795
-48.8971 71.5707 33.2868 0.237665 -0.84507 -0.478703
-47.9007 71.7397 33.4889 0.223814 -0.851081 -0.474617
-47.2462 72.219 32.9922 0.229149 -0.826087 -0.51485
-46.575 73.0603 31.9434 0.238465 -0.824745 -0.512767
-45.8725 73.8671 30.9716 0.160917 -0.813439 -0.558947
-45.2944 74.4606 30.2751 0.163925 -0.806706 -0.567661
-44.3989 75.2646 29.3902 0.143637 -0.808391 -0.570853
-43.5746 75.9617 28.6127 0.129479 -0.805429 -0.578376
-42.6852 76.6113 27.9052 0.0570543 -0.812122 -0.576258
-41.9361 77.0006 27.3336 -0.014355 -0.817582 -0.575633
-41.2518 77.3637 26.8173 -0.00953037 -0.810949 -0.58504
-40.4954 77.0061 27.3324 0.0240473 -0.817916 -0.574835
-39.5989 77.5221 26.556 -0.0241181 -0.82578 -0.563476
-38.982 77.9716 25.8666 -0.0313911 -0.830777 -0.555336
-38.3478 78.5517 24.9105 -0.0310733 -0.85292 -0.521018
-37.8607 79.1304 23.8661 -0.0893051 -0.874191 -0.476371
-37.668 79.564 22.971 -0.0759238 -0.883113 -0.46246
-37.5591 80.1145 21.9452 -0.0423292 -0.8796 -0.473827
-37.4999 80.5077 21.0524 -0.0475268 -0.925901 -0.374766
-37.4447 80.9708 19.8887 0.0544536 -0.917175 -0.394747
-37.4204 81.3966 18.7155 0.0608415 -0.955297 -0.289321
-37.3359 81.7199 17.7409 0.0182138 -0.943688 -0.330333
-37.2487 82.0723 16.5888 0.0302913 -0.980034 -0.196508
-37.1431 82.3803 15.263 0.0598796 -0.964543 -0.257043
-37.0111 82.689 14.1643 0.0617813 -0.960835 -0.270147
-36.8728 83.0016 13.1492 0.12577 -0.949803 -0.286456
-36.8312 83.288 12.2184 0.12559 -0.949774 -0.28663
-36.7372 83.5861 11.1059 0.160514 -0.948445 -0.268601
-36.5204 83.9443 10.0892 0.214308 -0.936759 -0.276684
-36.2926 84.2467 9.258 0.205936 -0.927458 -0.311989
-36.3841 84.523 8.3967 0.242561 -0.913777 -0.324021
-37.1438 84.4116 7.93023 0.342636 -0.904988 -0.230418
-38.2836 84.1501 7.48059 0.329102 -0.881716 -0.338036
-39.1873 84.0321 7.00207 0.263449 -0.929632 -0.257641
-40.2293 83.928 6.27237 0.276738 -0.926798 -0.253893
-41.3183 83.8443 5.42063 0.301346 -0.914638 -0.269496
-42.2689 83.7402 4.63985 0.309275 -0.923013 -0.228903
-43.5062 83.291 4.73056 0.331332 -0.91987 -0.209901
-44.3897 82.8703 5.25786 0.32321 -0.935441 -0.142952
-45.3439 82.451 5.90467 0.319898 -0.929646 -0.178323
-46.1325 82.0064 6.53072 0.338207 -0.913682 -0.225392
-47.2197 81.4981 7.37455 0.371239 -0.921068 -0.117486
-47.9537 81.1416 7.87252 0.360702 -0.92619 -0.109199
-48.8046 80.7178 8.41295 0.414316 -0.904459 -0.101464
-49.4949 80.3449 8.88102 0.430926 -0.897351 -0.094552
-50.3185 79.8979 9.45944 0.429241 -0.899299 -0.0837445
-51.0604 79.4773 9.91571 0.445131 -0.891542 -0.0831455
-51.6956 79.0876 10.4218 0.506402 -0.859567 -0.0685748
-52.4699 78.5385 11.333 0.52865 -0.846169 -0.0672848
-52.9801 78.122 12.1576 0.576147 -0.802628 -0.154305
-53.469 77.5551 13.2699 0.568217 -0.809629 -0.146078
-53.7735 77.1886 14.069 0.55749 -0.810781 -0.178433
-54.0373 76.8023 15.0638 0.601411 -0.780341 -0.169946
-54.2574 76.4043 16.0086 0.616198 -0.766873 -0.179459
-54.4692 76.022 16.8479 0.607864 -0.770543 -0.191411
-54.6957 75.5661 17.8223 0.587343 -0.769256 -0.251541
-54.855 75.1441 18.7479 0.595906 -0.766311 -0.240133
-54.8567 74.8507 19.6655 0.599527 -0.751586 -0.273984
-54.7337 74.5707 20.5835 0.583792 -0.750662 -0.309344
-54.5684 74.3424 21.4593 0.582072 -0.753277 -0.306213
-54.3558 74.1103 22.4166 0.584265 -0.744244 -0.323629
-54.1433 73.8707 23.3513 0.572677 -0.747269 -0.336626
-53.8816 73.4941 24.5922 0.540027 -0.767672 -0.345036
-53.6491 73.0745 25.8978 0.549569 -0.765845 -0.333829
-53.5524 72.7766 26.7503 0.519334 -0.764283 -0.378134
-53.4335 72.3737 27.6663 0.452535 -0.796957 -0.40009
-53.3624 71.9282 28.6676 0.449484 -0.810014 -0.376619
-53.3295 71.4882 29.6468 0.449597 -0.806532 -0.383864
-53.2859 70.9731 30.7784 0.453304 -0.805449 -0.381794
-53.1271 70.5441 31.8175 0.401124 -0.824735 -0.398638
-52.3366 70.4947 32.7023 0.391157 -0.830944 -0.395637
-51.45 70.6597 33.1675 0.324538 -0.840887 -0.43311
-50.5675 70.8095 33.549 0.32981 -0.833781 -0.442699
-49.5233 71.0014 33.9407 0.297193 -0.836082 -0.460547
-48.4565 71.0982 34.3771 0.223808 -0.851081 -0.47462
-47.1963 71.2625 34.6323 0.217424 -0.846518 -0.485839
-46.4969 72.0483 33.5996 0.227662 -0.834486 -0.501552
-45.9958 72.6525 32.785 0.177515 -0.84952 -0.496793
-45.4408 73.2743 31.9891 0.16268 -0.826343 -0.53916
-44.7103 74.0567 31.0257 0.140214 -0.809922 -0.569531
-44.0386 74.6515 30.3356 0.125094 -0.806125 -0.578372
-43.191 75.3746 29.4675 0.0830354 -0.816238 -0.571718
-42.6013 75.8548 28.9388 0.0587376 -0.793463 -0.604216
-41.872 76.2817 28.3628 -0.007014 -0.823825 -0.566801
-41.1213 76.6528 27.8141 0.00664064 -0.82336 -0.567315
-40.7184 76.8772 27.5065 0.0240532 -0.817915 -0.574836
-40.0158 76.4789 28.0773 -0.042462 -0.809756 -0.585024
-39.3398 76.8152 27.5445 -0.0516164 -0.810456 -0.583514
-38.6601 77.2501 26.8851 -0.0453794 -0.816431 -0.575521
-37.891 77.8774 25.9458 -0.0314005 -0.830776 -0.555338
-37.4359 78.3043 25.2394 -0.0546872 -0.856907 -0.511648
-36.9405 78.9273 24.0578 -0.0753846 -0.86573 -0.494614
-36.728 79.3374 23.273 -0.0772393 -0.876502 -0.475161
-36.6157 79.9006 22.22 -0.077127 -0.874474 -0.478901
-36.5608 80.372 21.3472 -0.0344169 -0.899333 -0.430711
-36.4609 80.9941 19.9305 0.0162461 -0.906979 -0.420862
-36.4364 81.4643 18.687 0.0507258 -0.957689 -0.283298
-36.3555 81.8465 17.4672 0.0497613 -0.94994 -0.308443
-36.2845 82.163 16.3921 0.0882213 -0.965057 -0.246742
-36.1723 82.4475 15.3341 0.114917 -0.95855 -0.260721
-36.066 82.7582 14.2937 0.112925 -0.949823 -0.291691
-35.9321 83.1456 13.0781 0.11275 -0.95079 -0.288591
-35.8717 83.4738 12.0605 0.183674 -0.935186 -0.302106
-35.7557 83.8796 10.8476 0.202141 -0.93369 -0.29556
-35.4758 84.2448 9.88075 0.239442 -0.919651 -0.308207
-35.1975 84.7369 8.78936 0.252051 -0.910622 -0.326947
-35.0581 85.2191 7.58982 0.21807 -0.911364 -0.349085
-36.1339 85.0048 7.31385 0.318312 -0.894109 -0.315036
-37.1673 84.7515 6.99478 0.340305 -0.885187 -0.315459
-38.2658 84.4968 6.48664 0.334775 -0.899516 -0.280708
-39.1087 84.3662 5.97619 0.312691 -0.901707 -0.298538
-39.9767 84.2889 5.37374 0.283704 -0.907724 -0.309109
-40.7401 84.2301 4.75343 0.30106 -0.915331 -0.267453
-41.5508 84.1593 3.99517 0.329165 -0.914373 -0.235738
-42.5667 84.0194 3.23013 0.336951 -0.899551 -0.277977
-43.3828 83.6484 3.45598 0.332412 -0.902228 -0.274748
-44.382 83.123 4.09451 0.323274 -0.921764 -0.214115
-45.3635 82.6162 4.7092 0.334683 -0.92384 -0.17934
-46.3014 82.1576 5.38705 0.372063 -0.914431 -0.159329
-47.1359 81.7147 6.05719 0.383848 -0.911612 -0.145974
-48.0073 81.2459 6.75477 0.393157 -0.915464 -0.08575
-49.0164 80.7336 7.39811 0.416165 -0.902816 -0.108035
-49.9068 80.2492 8.00249 0.432618 -0.895399 -0.105363
-50.6569 79.8229 8.54519 0.44926 -0.888478 -0.0907484
-51.5787 79.2653 9.1097 0.487243 -0.870818 -0.0653422
-52.3675 78.7452 9.75226 0.506446 -0.859193 -0.0726783
-52.9404 78.3267 10.4346 0.530781 -0.842777 -0.0894326
-53.5177 77.8439 11.3517 0.586552 -0.80407 -0.0970983
-53.9315 77.4295 12.1668 0.56822 -0.809628 -0.146075
-54.2904 77.0531 12.947 0.564347 -0.814274 -0.135468
-54.6206 76.6396 13.8691 0.57881 -0.79512 -0.181006
-54.8267 76.2742 14.7667 0.584916 -0.785795 -0.200936
-55.0644 75.821 15.821 0.579954 -0.788983 -0.202772
-55.2596 75.4658 16.6441 0.575609 -0.790801 -0.208106
-55.4898 75.0111 17.6607 0.582578 -0.771471 -0.255645
-55.6867 74.5667 18.5647 0.576464 -0.772514 -0.266086
-55.6486 74.1892 19.7475 0.599528 -0.751586 -0.273981
-55.5181 73.9308 20.656 0.588742 -0.749104 -0.303588
-55.2757 73.6514 21.8726 0.549089 -0.78391 -0.289746
-54.9947 73.3325 23.2082 0.540515 -0.784554 -0.303839
-54.7834 73.0864 24.1162 0.521015 -0.775939 -0.355615
-54.6137 72.8128 25.0141 0.499388 -0.797946 -0.337483
-54.439 72.4732 26.0849 0.502478 -0.800569 -0.326442
-54.3097 72.0477 27.2683 0.506038 -0.785309 -0.356672
-54.2262 71.4908 28.5694 0.456222 -0.804705 -0.379883
-54.1931 71.0583 29.523 0.455994 -0.803579 -0.38253
-54.158 70.572 30.6225 0.428071 -0.826465 -0.365629
-54.1216 70.2056 31.4883 0.424745 -0.829 -0.3638
-53.9103 69.8349 32.5518 0.388038 -0.836142 -0.387633
-53.2395 69.8341 33.2376 0.38998 -0.837635 -0.382469
-52.1597 70.0652 33.7853 0.3627 -0.841053 -0.400993
-50.8925 70.3037 34.3097 0.328242 -0.850296 -0.411404
-49.7529 70.4929 34.7357 0.283048 -0.854277 -0.435964
-48.9363 70.5677 35.1098 0.254029 -0.855313 -0.450669
-47.755 70.5912 35.6502 0.219467 -0.860412 -0.459714
-46.8805 70.6868 35.8315 0.184669 -0.866664 -0.463456
-46.1825 71.2122 35.1496 0.199533 -0.858428 -0.472534
-45.7861 71.7402 34.3953 0.124135 -0.860134 -0.494733
-45.379 72.2601 33.6335 0.145993 -0.843016 -0.517658
-44.9548 72.7376 32.9722 0.163541 -0.835849 -0.524034
-44.4048 73.3438 32.1916 0.151267 -0.831406 -0.534549
-43.8242 73.9093 31.4535 0.141082 -0.823212 -0.549394
-43.0735 74.5433 30.6538 0.0556279 -0.814202 -0.577736
-42.4385 75.088 29.9717 0.0590791 -0.805985 -0.58898
-41.8013 75.5318 29.3865 0.0292052 -0.810754 -0.584036
-41.0593 75.9587 28.8222 0.00663771 -0.823357 -0.567321
-40.4988 76.2255 28.4459 -0.0296776 -0.805106 -0.592387
-39.9736 75.714 29.1301 -0.0258118 -0.826697 -0.562056
-39.1838 76.1201 28.5036 -0.0552429 -0.814401 -0.577667
-38.5198 76.4715 27.9505 -0.0596865 -0.809262 -0.584321
-37.799 76.8975 27.2738 -0.0666167 -0.806606 -0.587299
-37.0669 77.4739 26.4062 -0.0677492 -0.804386 -0.590231
-36.4619 78.098 25.4388 -0.111922 -0.828578 -0.547893
-36.0691 78.5714 24.5492 -0.0837566 -0.86998 -0.485922
-35.7693 79.163 23.4363 -0.0631485 -0.867833 -0.492314
-35.6597 79.6525 22.539 -0.024116 -0.877561 -0.478859
-35.612 80.2913 21.3487 -0.0541309 -0.878066 -0.475467
-35.5054 80.7972 20.3299 -0.0508987 -0.917562 -0.394322
-35.4742 81.2741 19.2252 -0.047368 -0.915641 -0.399196
-35.4402 81.6027 18.2755 -0.030857 -0.94685 -0.320192
-35.3802 81.9312 17.2459 -0.003808 -0.957029 -0.289967
-35.252 82.3766 15.8589 0.0535324 -0.943697 -0.326452
-35.1309 82.721 14.7473 0.100912 -0.94885 -0.299167
-34.9864 83.0875 13.6368 0.106477 -0.949253 -0.295853
-34.9509 83.3817 12.7779 0.159981 -0.930028 -0.330837
-34.876 83.831 11.5143 0.165148 -0.935962 -0.310968
-34.6519 84.2258 10.4294 0.167055 -0.939532 -0.298953
-34.3911 84.7195 9.45952 0.252057 -0.910623 -0.326939
-34.0733 85.1364 8.55639 0.32725 -0.891542 -0.313144
-33.7453 85.6702 7.64018 0.351738 -0.838462 -0.416248
-34.0465 85.9284 6.86118 0.319849 -0.876625 -0.359478
-35.0221 85.6539 6.66167 0.320199 -0.876372 -0.359784
-35.9497 85.3896 6.45731 0.331822 -0.87443 -0.35393
-37.0678 85.0892 6.10434 0.365967 -0.882956 -0.294037
-37.9092 84.8725 5.70796 0.350375 -0.891236 -0.287368
-38.7201 84.7554 5.21862 0.311064 -0.900767 -0.30308
-39.5948 84.6636 4.58475 0.310924 -0.908273 -0.279615
-40.4891 84.6007 3.81226 0.319554 -0.903349 -0.286004
-41.2123 84.5628 3.0995 0.327265 -0.901885 -0.281933
-41.9707 84.5645 2.1064 0.340552 -0.910091 -0.236134
-42.95 84.2704 1.87276 0.295545 -0.915753 -0.272122
-43.8507 83.7306 2.57065 0.35233 -0.893644 -0.27734
-44.658 83.2684 3.1199 0.319928 -0.917439 -0.23654
-45.402 82.8728 3.57113 0.365963 -0.906699 -0.209463
-46.2177 82.4354 4.08451 0.393799 -0.895138 -0.205734
-47.1494 81.9165 4.76616 0.396087 -0.905591 -0.150601
-47.807 81.5352 5.32013 0.400227 -0.905045 -0.143919
-48.6493 81.0645 5.99993 0.390849 -0.911739 -0.126366
-49.3752 80.682 6.48966 0.449527 -0.887683 -0.0985583
-50.1054 80.2506 6.96968 0.466847 -0.880872 -0.0782216
-50.772 79.853 7.42871 0.484715 -0.871634 -0.0728419
-51.6737 79.3009 8.00912 0.487106 -0.870135 -0.0747827
-52.4075 78.8346 8.50639 0.504568 -0.85936 -0.0830302
-53.0238 78.4219 9.04563 0.524162 -0.847218 -0.0864657
-53.6892 77.9134 9.94322 0.545662 -0.831281 -0.102757
-54.1035 77.53 10.6502 0.565391 -0.817033 -0.113087
-54.5725 77.0839 11.5035 0.568245 -0.814677 -0.115757
-54.9534 76.6797 12.2778 0.603274 -0.785202 -0.139707
-55.3286 76.2145 13.2896 0.595898 -0.79171 -0.134363
-55.5675 75.8665 14.1591 0.602223 -0.77739 -0.181637
-55.8491 75.3601 15.3884 0.575731 -0.792873 -0.199713
-56.0804 74.9386 16.3768 0.577932 -0.788658 -0.209762
-56.3588 74.367 17.6365 0.58624 -0.773982 -0.239321
-56.5269 73.825 18.8975 0.552566 -0.788812 -0.269159
-56.4216 73.5172 20.0043 0.553231 -0.785584 -0.277112
-56.2142 73.2357 21.2057 0.552456 -0.784975 -0.280369
-56.0462 73.0068 22.1488 0.548596 -0.782197 -0.295315
-55.8498 72.8042 23.0538 0.533337 -0.790525 -0.300707
-55.6161 72.6181 23.918 0.525586 -0.789807 -0.316148
-55.4205 72.3035 25.0089 0.518089 -0.792459 -0.321778
-55.284 72.0268 25.887 0.51151 -0.791797 -0.33379
-55.1588 71.6448 26.9925 0.496154 -0.799344 -0.338436
-55.0904 71.3085 27.8673 0.478761 -0.801331 -0.358479
-55.0588 70.8226 28.9767 0.454488 -0.816766 -0.355391
-55.0455 70.3563 30.0561 0.432429 -0.823595 -0.366975
-55.0334 69.8649 31.2157 0.412457 -0.838235 -0.356691
-54.9422 69.4475 32.2903 0.411416 -0.837103 -0.360547
-54.3768 69.201 33.4767 0.398173 -0.837059 -0.375
-53.2442 69.3924 34.2241 0.384128 -0.848983 -0.362869
-52.4112 69.5531 34.6003 0.35611 -0.836801 -0.415872
-51.3532 69.7688 35.0351 0.332836 -0.845802 -0.41694
-50.3163 69.9517 35.4329 0.274435 -0.865184 -0.419693
-49.4677 70.0569 35.7751 0.283047 -0.854277 -0.435965
-48.6192 70.0728 36.1933 0.233359 -0.864813 -0.444569
-47.4938 70.0999 36.7082 0.204847 -0.867218 -0.453841
-46.5951 70.1728 36.9746 0.206093 -0.871847 -0.444175
-45.9096 70.541 36.48 0.138946 -0.87928 -0.455589
-45.3277 71.1094 35.6398 0.161497 -0.856465 -0.490292
-44.8195 71.7379 34.6419 0.1297 -0.865221 -0.484151
-44.2597 72.4081 33.6865 0.100446 -0.84982 -0.517197
-43.8019 72.8984 33.0022 0.0859448 -0.831229 -0.549247
-43.3443 73.3594 32.3713 0.0834637 -0.833072 -0.546831
-42.7067 73.9435 31.5832 0.0669123 -0.835682 -0.545122
-42.1675 74.3811 30.9785 0.051676 -0.834058 -0.549023
-41.4359 74.9642 30.242 0.0511605 -0.814954 -0.577009
-40.5718 75.4633 29.5255 -0.0220779 -0.824664 -0.565192
-40.4662 75.514 29.4469 -0.0258091 -0.826695 -0.562059
-39.8786 75.0686 30.0755 -0.0283582 -0.828052 -0.559867
-39.0201 75.4257 29.4968 -0.0477212 -0.825582 -0.562142
-38.1498 75.8637 28.7733 -0.0558525 -0.818236 -0.572142
-37.2491 76.3533 27.9805 -0.0586991 -0.816292 -0.574649
-36.4472 76.9208 27.1053 -0.0512632 -0.817375 -0.573821
-35.7737 77.5253 26.1241 -0.0949045 -0.822603 -0.560298
-35.2006 78.2035 24.9936 -0.114846 -0.843269 -0.52508
-34.9247 78.7022 24.1631 -0.042073 -0.865235 -0.499598
-34.6687 79.3485 23.0219 -0.0421846 -0.865367 -0.499361
-34.6654 79.9485 21.9182 -0.0364632 -0.892455 -0.44966
-34.6214 80.4247 20.9895 -0.0632202 -0.889921 -0.450791
-34.5178 80.8576 20.0953 -0.0239788 -0.906834 -0.419531
-34.5435 81.3136 19.0243 -0.0306126 -0.91788 -0.395295
-34.4949 81.6281 18.1186 -0.006782 -0.946428 -0.322844
-34.407 81.998 17.0436 -0.000152559 -0.943588 -0.331083
-34.3094 82.2948 16.1863 0.0024083 -0.945041 -0.326943
-34.1852 82.63 15.2597 0.0312315 -0.946081 -0.322421
-34.104 82.9616 14.3224 0.0687259 -0.935822 -0.345441
-33.9952 83.3505 13.2004 0.111695 -0.93722 -0.329613
-33.9705 83.8205 11.9861 0.131607 -0.929148 -0.344714
-33.8037 84.2003 10.9522 0.176723 -0.912384 -0.363415
-33.5907 84.6288 10.1329 0.224146 -0.883638 -0.410982
-33.257 85.1865 9.10267 0.236872 -0.892379 -0.384123
-32.8755 85.7684 8.10046 0.272989 -0.856683 -0.437689
-32.4734 86.388 7.06357 0.300644 -0.88033 -0.366924
-32.3102 86.8625 6.11959 0.310241 -0.861531 -0.401889
-33.3969 86.4985 6.0611 0.321038 -0.863047 -0.389635
-34.3031 86.2213 5.92129 0.321527 -0.86926 -0.37551
-35.5704 85.86 5.65877 0.328591 -0.871451 -0.364146
-36.7734 85.509 5.2837 0.376954 -0.867856 -0.32351
-38.0085 85.2021 4.65074 0.388608 -0.868589 -0.307469
-38.9126 85.0824 4.02419 0.31511 -0.903237 -0.291322
-39.755 85.0162 3.31843 0.312836 -0.906033 -0.284928
-40.7181 84.9844 2.28851 0.320839 -0.907536 -0.270999
-41.2776 84.9989 1.5612 0.324701 -0.903234 -0.280228
-41.9433 85.069 0.575203 0.374215 -0.874008 -0.309956
-42.7585 84.8632 0.216711 0.29257 -0.905675 -0.306846
-43.6432 84.2506 1.18643 0.297797 -0.911246 -0.28421
-44.3419 83.818 1.72274 0.374853 -0.883494 -0.279483
-45.0467 83.3512 2.21863 0.379572 -0.890525 -0.249957
-45.7589 82.9495 2.64104 0.368831 -0.901295 -0.226982
-46.7182 82.4009 3.20963 0.426625 -0.879869 -0.209336
-47.3996 81.9839 3.70231 0.396086 -0.905592 -0.150599
-48.0486 81.5965 4.22328 0.407086 -0.901538 -0.146317
-48.947 81.0513 5.02624 0.44703 -0.886608 -0.118399
-49.8837 80.5199 5.63038 0.449529 -0.887682 -0.0985571
-50.8009 79.9506 6.2716 0.47999 -0.87174 -0.0983758
-51.6285 79.4333 6.83036 0.486836 -0.868218 -0.0954337
-52.5888 78.835 7.45341 0.496458 -0.864205 -0.0808757
-53.4633 78.2299 8.13271 0.539383 -0.83935 -0.0675025
-54.2224 77.657 9.10067 0.563548 -0.82113 -0.087347
-54.6992 77.2142 9.91976 0.56658 -0.816937 -0.10762
-55.1245 76.8295 10.6205 0.562766 -0.817907 -0.119675
-55.592 76.3417 11.5877 0.577488 -0.802519 -0.149666
-56.1063 75.709 12.8941 0.579387 -0.798643 -0.162728
-56.3236 75.384 13.7173 0.590113 -0.788705 -0.171258
-56.5614 75.023 14.6584 0.577991 -0.795894 -0.179236
-56.768 74.6302 15.6179 0.583792 -0.785846 -0.204023
-56.9619 74.233 16.5796 0.580912 -0.787713 -0.204999
-57.262 73.6434 17.7871 0.580359 -0.778622 -0.238604
-57.3593 73.1837 19.0476 0.574904 -0.783041 -0.237227
-57.218 72.9032 20.1538 0.561856 -0.78014 -0.274967
-57.0476 72.705 21.0641 0.53094 -0.802573 -0.27199
-56.8731 72.4914 21.9958 0.534549 -0.791366 -0.296496
-56.5524 72.2199 23.3367 0.540739 -0.79005 -0.28883
-56.3677 71.9852 24.2443 0.525254 -0.788603 -0.319708
-56.1941 71.7082 25.2088 0.523996 -0.788936 -0.320948
-56.0634 71.4036 26.1708 0.51775 -0.790369 -0.327369
-55.9516 70.9881 27.3757 0.487492 -0.811224 -0.322905
-55.9115 70.5818 28.4092 0.47586 -0.81579 -0.327879
-55.9293 70.1647 29.4203 0.43304 -0.830632 -0.350039
-55.9145 69.809 30.284 0.434577 -0.831124 -0.346952
-55.9262 69.296 31.538 0.428053 -0.841522 -0.329561
-55.8346 68.9324 32.5301 0.393914 -0.856341 -0.333934
-55.4414 68.7005 33.5636 0.373808 -0.861044 -0.344687
-54.6954 68.6834 34.4368 0.368548 -0.864998 -0.340436
-53.9074 68.8281 34.9002 0.362245 -0.86516 -0.346811
-52.8358 69.0686 35.3544 0.315389 -0.878339 -0.359236
-51.6815 69.2666 35.8532 0.301349 -0.877869 -0.372202
-50.6714 69.4367 36.2624 0.281145 -0.869687 -0.405377
-49.809 69.5799 36.5771 0.287857 -0.874192 -0.391058
-48.7589 69.6194 37.0919 0.198515 -0.893915 -0.401879
-47.8839 69.6304 37.4846 0.190139 -0.891035 -0.412189
-46.7743 69.6472 37.9556 0.188312 -0.891332 -0.412391
-45.8491 69.8528 37.8871 0.150489 -0.88668 -0.436945
-45.0689 70.3567 37.092 0.138674 -0.885786 -0.442655
-44.5352 70.9128 36.2182 0.106678 -0.867608 -0.485672
-44.0386 71.5054 35.2571 0.110389 -0.871697 -0.477449
-43.6463 71.9675 34.5288 0.121059 -0.865014 -0.486924
-43.232 72.4244 33.8511 0.0946229 -0.857479 -0.505744
-42.586 73.0671 32.9333 0.0864426 -0.833245 -0.546105
-41.753 73.789 31.8972 0.0378272 -0.83903 -0.542628
-41.129 74.2691 31.237 0.0636285 -0.810396 -0.582417
-40.5769 74.6955 30.6492 -0.0182714 -0.824885 -0.564992
-40.1981 74.9087 30.3221 -0.0201935 -0.826726 -0.562242
-39.5426 74.493 30.9098 -0.028361 -0.828047 -0.559875
-38.6893 74.846 30.3361 -0.0290407 -0.832576 -0.553133
-37.958 75.1864 29.7605 -0.042893 -0.840841 -0.53958
-37.1732 75.5629 29.1136 -0.0452686 -0.831571 -0.553571
-36.2083 76.1122 28.2272 -0.0512337 -0.81356 -0.579219
-35.692 76.5145 27.6071 -0.0725597 -0.824126 -0.561724
-35.0127 77.109 26.6417 -0.0805121 -0.82646 -0.55714
-34.4293 77.7662 25.5835 -0.0620002 -0.830356 -0.553774
-34.075 78.2812 24.7409 -0.0626102 -0.841841 -0.536081
-33.8328 78.7693 23.9024 -0.134847 -0.867557 -0.478642
-33.6497 79.3921 22.721 -0.145814 -0.862207 -0.485091
-33.6983 80.0641 21.4851 -0.126564 -0.884161 -0.449712
-33.6307 80.5198 20.6327 -0.098437 -0.87792 -0.46858
-33.5394 80.9992 19.6631 -0.108874 -0.921692 -0.369963
-33.519 81.5279 18.3252 -0.0775841 -0.916225 -0.393081
-33.4406 81.9409 17.1962 -0.00272122 -0.942135 -0.335222
-33.3439 82.2424 16.3449 0.011534 -0.939463 -0.341959
-33.2019 82.6491 15.2841 0.0017359 -0.931772 -0.362927
-33.0705 83.173 13.9552 0.0687258 -0.935822 -0.345441
-33.0274 83.6134 12.8149 0.0961768 -0.915168 -0.391429
-32.9597 84.0323 11.7844 0.176727 -0.912381 -0.363419
-32.7515 84.569 10.6929 0.188149 -0.885447 -0.424001
-32.4648 85.0854 9.76504 0.213994 -0.883214 -0.417299
-32.1383 85.6045 8.91116 0.248179 -0.872443 -0.419613
-31.6933 86.2796 7.83298 0.270722 -0.85793 -0.436653
-31.0737 87.001 6.7786 0.306918 -0.848764 -0.430583
-30.4127 87.5731 6.0523 0.301635 -0.877276 -0.373238
-29.7943 88.0296 5.49352 0.310919 -0.875105 -0.370837
-30.297 87.9466 5.26787 0.301636 -0.877275 -0.373238
-31.3858 87.5921 5.24183 0.295856 -0.88158 -0.367795
-32.3041 87.2692 5.25213 0.314941 -0.863232 -0.394516
-33.2398 86.9384 5.19152 0.331843 -0.864554 -0.377395
-34.1443 86.6421 5.08301 0.326091 -0.869745 -0.370351
-35.6603 86.1985 4.76756 0.329624 -0.870845 -0.364658
-37.0215 85.7984 4.23173 0.400003 -0.857093 -0.324035
-37.982 85.5775 3.63468 0.398727 -0.864739 -0.305109
-38.766 85.444 3.02519 0.31055 -0.908831 -0.278542
-39.5987 85.3981 2.22312 0.317646 -0.908699 -0.270864
-40.3118 85.4032 1.39539 0.325722 -0.898621 -0.293913
-40.8608 85.4807 0.613444 0.302623 -0.895968 -0.325055
-41.418 85.5731 -0.452869 0.360484 -0.908016 -0.213443
-41.8891 85.6576 -1.47067 0.246948 -0.924269 -0.269181
-42.3077 85.9232 -2.41032 0.0324387 -0.96295 -0.267723
-42.7138 85.909 -2.40832 0.077517 -0.938043 -0.328254
-43.0081 85.46 -1.37347 0.211592 -0.900978 -0.363254
-43.5041 84.8806 -0.546482 0.286962 -0.881598 -0.368621
-44.01 84.4681 0.122601 0.427434 -0.860774 -0.276347
-44.5902 84.0186 0.664194 0.397805 -0.882075 -0.252378
-45.4004 83.4773 1.26709 0.392429 -0.881451 -0.262762
-46.0867 83.0645 1.69787 0.392887 -0.891297 -0.224299
-47.1259 82.4178 2.2775 0.434212 -0.876349 -0.208301
-48.0395 81.8012 2.93813 0.445104 -0.878727 -0.166824
-48.7333 81.3757 3.52437 0.451544 -0.882016 -0.134742
-49.4189 80.9301 4.15221 0.44703 -0.886608 -0.118399
-50.3606 80.3624 4.77074 0.476948 -0.87395 -0.0932805
-51.1093 79.8911 5.29707 0.480992 -0.871292 -0.0974458
-51.81 79.4435 5.77118 0.494539 -0.864159 -0.0930648
-52.7251 78.863 6.36213 0.505698 -0.858277 -0.0844754
-53.4229 78.3837 6.84019 0.524893 -0.847081 -0.0833082
-54.1978 77.8115 7.55749 0.527915 -0.843269 -0.100995
-54.9727 77.2007 8.58515 0.540557 -0.834601 -0.104956
-55.4276 76.7874 9.35511 0.563061 -0.819477 -0.106864
-55.918 76.3445 10.1736 0.564187 -0.818788 -0.106186
-56.2955 75.9364 11.0253 0.57086 -0.807875 -0.146483
-56.7113 75.4445 12.0401 0.578819 -0.799007 -0.162964
-57.0809 74.9505 13.2113 0.564361 -0.809361 -0.162298
-57.3608 74.5101 14.3627 0.569 -0.803224 -0.176095
-57.5472 74.1505 15.2426 0.574188 -0.791974 -0.207513
-57.7606 73.7582 16.1604 0.577128 -0.790815 -0.203799
-57.9618 73.3714 16.9722 0.58042 -0.778603 -0.238515
-58.142 72.9164 18.0575 0.558711 -0.793594 -0.240938
-58.1823 72.6073 18.9856 0.569552 -0.78122 -0.25473
-58.0844 72.3749 19.9608 0.535246 -0.808744 -0.243814
-57.9431 72.1597 20.9162 0.537437 -0.800801 -0.264346
-57.7027 71.9507 21.9648 0.528297 -0.793036 -0.303308
-57.4209 71.7255 23.1033 0.510715 -0.812341 -0.281552
-57.2313 71.5227 24.0141 0.510811 -0.807005 -0.296336
-57.0201 71.2057 25.187 0.494074 -0.812895 -0.30837
-56.8564 70.8405 26.3792 0.488052 -0.811055 -0.322483
-56.7697 70.4599 27.4679 0.48777 -0.811139 -0.322696
-56.7915 69.9919 28.6732 0.460318 -0.831077 -0.312119
-56.792 69.6608 29.5549 0.444105 -0.831603 -0.33244
-56.7857 69.2947 30.4251 0.425607 -0.840911 -0.333556
-56.8203 68.7726 31.7489 0.406318 -0.853532 -0.326175
-56.7657 68.4675 32.6376 0.396656 -0.858365 -0.32518
-56.493 68.2588 33.4955 0.387984 -0.861832 -0.32667
-55.9599 68.1677 34.3691 0.379331 -0.864581 -0.32942
-55.2711 68.1853 35.1005 0.362624 -0.869116 -0.336124
-54.373 68.3255 35.6678 0.357934 -0.867272 -0.345974
-53.4984 68.5384 36.0341 0.35614 -0.865182 -0.353021
-52.3165 68.7515 36.554 0.30669 -0.88478 -0.350055
-51.3764 68.9424 36.9296 0.284789 -0.895126 -0.341618
-50.3278 69.088 37.3212 0.256176 -0.897486 -0.358995
-49.3419 69.1675 37.7991 0.229515 -0.894334 -0.383151
-48.4243 69.1872 38.1953 0.184162 -0.896655 -0.40261
-47.5096 69.1799 38.6296 0.187017 -0.892733 -0.409928
-46.2545 69.2466 39.0581 0.170942 -0.89668 -0.407916
-45.2436 69.5229 38.7842 0.130233 -0.900296 -0.415339
-44.493 70.0144 37.9971 0.142639 -0.89349 -0.425822
-44.0499 70.3967 37.3092 0.123224 -0.901415 -0.415051
-43.5213 70.9641 36.3494 0.0870611 -0.867877 -0.488684
-43.0823 71.4844 35.4998 0.0758413 -0.862619 -0.500136
-42.6501 71.9714 34.7247 0.0760269 -0.862809 -0.499781
-42.2012 72.4669 33.9721 0.0936327 -0.858225 -0.504658
-41.2307 73.3339 32.6597 0.0470238 -0.848058 -0.527812
-40.6057 73.7872 31.9869 0.0247844 -0.850215 -0.525371
-39.715 74.3982 31.0554 -0.0182668 -0.824882 -0.564997
-39.0788 73.9828 31.6648 -0.0425202 -0.845207 -0.532744
-38.1804 74.3466 31.059 -0.0330698 -0.833037 -0.552228
-37.4288 74.6489 30.5546 -0.0587348 -0.836832 -0.544215
-36.5261 75.1198 29.7262 -0.0496588 -0.836596 -0.545464
-35.6569 75.5727 28.9579 -0.0559757 -0.833464 -0.549731
-34.9551 76.0733 28.154 -0.0725121 -0.821747 -0.565221
-34.3646 76.5964 27.3131 -0.0687921 -0.825621 -0.559999
-33.7402 77.2234 26.3205 -0.06342 -0.827575 -0.557737
-33.3678 77.6982 25.5278 -0.113375 -0.837977 -0.533775
-32.9353 78.3465 24.4023 -0.124971 -0.852826 -0.506333
-32.7481 78.7644 23.6057 -0.134847 -0.867557 -0.478642
-32.6923 79.2892 22.6567 -0.102885 -0.874504 -0.47398
-32.7436 79.7908 21.7539 -0.134912 -0.872318 -0.469324
-32.6846 80.5311 20.4074 -0.103392 -0.867724 -0.486149
-32.6229 80.9321 19.5219 -0.0700994 -0.911802 -0.404602
-32.5836 81.3017 18.6867 -0.0601535 -0.912734 -0.403958
-32.5147 81.7119 17.7358 -0.0511796 -0.915644 -0.39872
-32.4029 82.1821 16.4914 -0.00518963 -0.927487 -0.37382
-32.226 82.6401 15.3266 0.00746349 -0.929207 -0.369483
-32.137 83.0536 14.3234 0.0411516 -0.914683 -0.402072
-32.0707 83.7018 12.8724 0.130897 -0.906489 -0.401428
-31.9945 84.119 11.982 0.13927 -0.885549 -0.443178
-31.8043 84.6367 10.9717 0.188156 -0.885448 -0.423997
-31.5447 85.1869 10.0092 0.181376 -0.863458 -0.469979
-31.1612 85.8026 9.03166 0.231654 -0.864391 -0.446278
-30.7963 86.3437 8.23228 0.26716 -0.83572 -0.478534
-30.2216 87.006 7.3568 0.291006 -0.851356 -0.436472
-29.6547 87.5119 6.75523 0.289107 -0.862987 -0.414332
-29.0702 88.0501 6.06238 0.322743 -0.869593 -0.372243
-28.3503 88.5492 5.465 0.282792 -0.903795 -0.316302
-27.4994 88.977 4.75743 0.180057 -0.950883 -0.244412
-26.4166 89.4026 3.91642 0.306653 -0.931373 -0.196234
-25.7515 89.4843 3.27402 0.109606 -0.992428 0.0554287
-25.9645 89.5118 2.70176 0.0227966 -0.975254 -0.21991
-27.2954 89.4165 2.98243 0.0610182 -0.963709 -0.254661
-28.5197 89.1625 3.44088 0.166081 -0.944922 -0.270229
-29.7358 88.72 3.86123 0.258472 -0.903923 -0.337591
-30.6297 88.2982 4.16009 0.296299 -0.883221 -0.363493
-31.8673 87.8121 4.33335 0.292502 -0.882363 -0.368618
-32.7215 87.5208 4.32894 0.325821 -0.884436 -0.333666
-33.9109 87.0905 4.2092 0.353374 -0.866009 -0.353773
-35.2996 86.6455 3.93077 0.355176 -0.871498 -0.337681
-36.1568 86.4033 3.67876 0.364298 -0.870607 -0.329697
-36.9544 86.168 3.30483 0.414719 -0.855158 -0.310986
-37.9725 85.9424 2.5843 0.407422 -0.863784 -0.296453
-38.7648 85.8454 1.84454 0.369032 -0.864167 -0.340639
-39.4699 85.8669 1.04323 0.371619 -0.878985 -0.298807
-40.1023 85.865 0.154304 0.306273 -0.91158 -0.274259
-40.595 85.953 -0.679106 0.321282 -0.914006 -0.242774
-41.0926 86.102 -1.98855 0.348538 -0.906829 -0.237029
-41.3346 86.2546 -2.9145 0.34676 -0.906565 -0.240619
-41.5851 86.3028 -4.05589 0.183958 -0.982923 0.00460234
-41.783 86.2233 -5.00008 0.0469831 -0.98661 0.133305
-42.2704 86.2908 -4.93984 -0.16783 -0.979604 0.109861
-43.0412 86.4974 -4.17172 -0.198106 -0.9724 0.116926
-43.4624 86.2878 -3.40214 -0.0552707 -0.912748 -0.404766
-43.5451 85.7154 -2.86505 0.6516 -0.75768 0.0365776
-43.7625 85.3609 -2.0031 0.478604 -0.813932 -0.329322
-44.1954 84.7906 -1.18164 0.455171 -0.841871 -0.287564
-44.8255 84.2523 -0.46652 0.427973 -0.861327 -0.273765
-45.7373 83.5776 0.337288 0.421014 -0.872382 -0.248391
-46.5001 83.0851 0.83539 0.419336 -0.876716 -0.235641
-47.4063 82.5155 1.30501 0.443992 -0.871958 -0.206301
-48.1038 82.0504 1.72709 0.470738 -0.859529 -0.198741
-48.9179 81.4621 2.38931 0.465508 -0.865199 -0.18628
-49.7962 80.8658 3.19065 0.469041 -0.874291 -0.12496
-50.5829 80.3466 3.76376 0.476062 -0.872091 -0.111211
-51.2634 79.9167 4.25346 0.496469 -0.863351 -0.0902393
-52.3098 79.2442 4.94373 0.495298 -0.864104 -0.0894722
-53.1216 78.7124 5.45947 0.517878 -0.850202 -0.0946266
-53.7819 78.2588 5.90513 0.518399 -0.849656 -0.0966763
-54.687 77.6048 6.71526 0.527749 -0.843615 -0.0989697
-55.2119 77.202 7.34295 0.540558 -0.834601 -0.104948
-55.7801 76.7134 8.17875 0.555138 -0.824041 -0.112855
-56.3428 76.1879 9.18752 0.555724 -0.822458 -0.121315
-56.8441 75.7049 10.1639 0.568309 -0.812778 -0.126429
-57.2238 75.2689 11.0369 0.579313 -0.800842 -0.15182
-57.7592 74.6366 12.3721 0.564527 -0.811133 -0.152879
-57.9891 74.2693 13.4314 0.569001 -0.803224 -0.17609
-58.267 73.8215 14.5301 0.572339 -0.796318 -0.195143
-58.445 73.4651 15.3878 0.571248 -0.793132 -0.211231
-58.671 73.071 16.3115 0.535813 -0.813124 -0.226553
-58.9385 72.5523 17.4568 0.525389 -0.81606 -0.24079
-59.0157 72.1722 18.6121 0.528707 -0.814302 -0.239396
-58.9365 71.8258 19.9203 0.530173 -0.809384 -0.252544
-58.7301 71.5344 21.2393 0.525517 -0.809278 -0.26249
-58.4909 71.3504 22.2402 0.511811 -0.810161 -0.285812
-58.224 71.1115 23.418 0.511515 -0.812177 -0.280571
-57.9364 70.8734 24.6034 0.503888 -0.815154 -0.285695
-57.7716 70.6273 25.5214 0.489667 -0.813341 -0.314168
-57.6413 70.2318 26.7299 0.47586 -0.822808 -0.310175
-57.6223 69.9081 27.6637 0.464539 -0.831466 -0.304663
-57.6225 69.4285 28.9729 0.450889 -0.840305 -0.300976
-57.6311 68.9865 30.1185 0.426312 -0.848832 -0.311755
-57.6993 68.6313 31.0015 0.402645 -0.859077 -0.316011
-57.7291 68.1688 32.2176 0.402821 -0.85844 -0.317515
-57.5472 67.848 33.3436 0.382404 -0.875999 -0.293905
-56.8116 67.6844 34.7195 0.364394 -0.880646 -0.302785
-56.136 67.6762 35.5458 0.356196 -0.88421 -0.302052
-55.4286 67.7645 36.1429 0.344796 -0.89029 -0.29707
-54.5169 67.9452 36.6036 0.328435 -0.895161 -0.30136
-53.6128 68.1482 36.9751 0.315957 -0.895987 -0.311788
-52.4207 68.388 37.4489 0.308237 -0.895302 -0.321596
-51.5016 68.5553 37.8133 0.252995 -0.898023 -0.359911
-50.2664 68.7038 38.3141 0.251093 -0.897108 -0.363504
-49.4052 68.7414 38.7102 0.211648 -0.890862 -0.401957
-48.3124 68.7492 39.217 0.181028 -0.895369 -0.40687
-47.2749 68.7271 39.7309 0.186403 -0.894486 -0.406385
-46.2413 68.8118 40.0206 0.186945 -0.894776 -0.405496
-45.2007 69.0193 39.9296 0.128027 -0.911199 -0.391568
-44.3594 69.3557 39.408 0.106986 -0.906512 -0.407439
-43.7525 69.7763 38.683 0.0990214 -0.897091 -0.430607
-43.0533 70.4066 37.5283 0.0908865 -0.901343 -0.423332
-42.6403 70.7953 36.7683 0.0750797 -0.886504 -0.454657
-42.2174 71.2809 35.9811 0.0756584 -0.86243 -0.50049
-41.6863 71.933 34.926 0.0634239 -0.866706 -0.494087
-41.1326 72.4812 34.0614 0.0440662 -0.857502 -0.512589
-40.4173 73.1044 33.1009 0.0247851 -0.850218 -0.525366
-39.7651 73.5656 32.3523 0.0063733 -0.849564 -0.527407
-39.3566 73.8387 31.9156 -0.0425143 -0.845208 -0.532744
-38.7168 73.4627 32.495 -0.0167826 -0.868264 -0.495818
-39.3189 73.0812 33.1718 0.0246844 -0.859796 -0.51004
-40.0821 72.4987 34.134 0.0373493 -0.864095 -0.501657
-40.5258 72.0707 34.8139 0.0467489 -0.87106 -0.488439
-40.9474 71.6302 35.6042 0.0405563 -0.881788 -0.469899
-41.3696 71.1202 36.4354 0.116745 -0.858262 -0.499757
-41.8562 70.5936 37.3618 0.0840219 -0.904932 -0.417179
-42.3907 70.0941 38.3505 0.100965 -0.90596 -0.410701
-42.8099 69.7021 39.0744 0.116859 -0.900112 -0.419694
-43.614 69.1538 40.1077 0.115214 -0.917594 -0.380455
-44.4986 68.7685 40.7472 0.129157 -0.912036 -0.389238
-45.3714 68.5349 41.0063 0.122039 -0.915509 -0.383236
-46.4042 68.3798 40.9764 0.176171 -0.915524 -0.361634
-47.3738 68.2938 40.7313 0.164346 -0.915613 -0.366829
-48.1976 68.3152 40.3258 0.159776 -0.918509 -0.361681
-49.3684 68.3483 39.6762 0.202857 -0.911456 -0.357858
-50.5129 68.286 39.1912 0.226002 -0.902759 -0.364944
-51.5927 68.1683 38.7239 0.251419 -0.900036 -0.355981
-52.4392 68.0316 38.3818 0.277401 -0.908137 -0.313586
-53.4436 67.8395 38.0165 0.306926 -0.902982 -0.300698
-54.3561 67.6524 37.6469 0.308161 -0.902221 -0.301714
-55.2911 67.4406 37.2728 0.322236 -0.899704 -0.294442
-56.5783 67.2087 36.4284 0.355426 -0.888687 -0.289667
-57.1695 67.2016 35.7234 0.355984 -0.888546 -0.289415
-57.8101 67.2251 34.8541 0.368892 -0.884984 -0.284115
-58.4338 67.3832 33.5755 0.382406 -0.875999 -0.293906
-58.6607 67.7567 32.1501 0.393181 -0.867508 -0.304112
-58.5904 68.2831 30.8129 0.402888 -0.85883 -0.316373
-58.5023 68.6319 29.9492 0.414233 -0.85981 -0.298497
-58.4704 68.9726 29.0032 0.423682 -0.854586 -0.30016
-58.4813 69.3504 27.9404 0.432627 -0.850708 -0.298401
-58.4806 69.7784 26.7193 0.443353 -0.844227 -0.301196
-58.5997 70.207 25.3683 0.451911 -0.835161 -0.3135
-58.8908 70.5343 23.9298 0.488066 -0.82347 -0.28929
-59.1728 70.704 22.8853 0.501617 -0.82244 -0.268277
-59.4052 70.9083 21.827 0.495424 -0.826149 -0.268388
-59.707 71.1328 20.5377 0.493262 -0.834617 -0.245168
-59.8186 71.331 19.6511 0.521514 -0.815033 -0.252236
-59.8686 71.6554 18.5205 0.515182 -0.820428 -0.247749
-59.8057 71.9976 17.4676 0.516786 -0.823037 -0.235673
-59.5781 72.5017 16.1653 0.543842 -0.812992 -0.208037
-59.2469 73.0427 14.9314 0.545321 -0.811023 -0.211815
-59.0368 73.3831 14.1106 0.553839 -0.810309 -0.191467
-58.7162 73.9108 12.7427 0.559676 -0.811179 -0.169555
-58.4758 74.2985 11.6711 0.552989 -0.816135 -0.16754
-58.131 74.6901 10.8576 0.546896 -0.821211 -0.162839
-57.7688 75.0851 10.1002 0.551107 -0.820188 -0.153049
-57.4199 75.4475 9.32799 0.534924 -0.835167 -0.127874
-56.8271 76.0121 8.16977 0.542789 -0.829126 -0.133908
-56.3354 76.4554 7.35754 0.542148 -0.831992 -0.117594
-55.8686 76.862 6.66712 0.547193 -0.828638 -0.118061
-55.2894 77.3152 5.97191 0.532011 -0.840931 -0.0988629
-54.6917 77.7531 5.40065 0.522016 -0.846367 -0.105649
-53.9442 78.2827 4.82814 0.517047 -0.850362 -0.0976113
-53.1207 78.836 4.32909 0.50889 -0.856096 -0.0895658
-52.1831 79.4491 3.7285 0.49519 -0.861235 -0.114268
-51.2872 80.0481 3.07766 0.489491 -0.863917 -0.118516
-50.5338 80.5522 2.54596 0.492973 -0.861553 -0.121255
-49.8265 81.0667 1.9291 0.515042 -0.847531 -0.128152
-48.8998 81.7531 1.09913 0.481948 -0.859396 -0.170777
-47.8942 82.502 0.399243 0.474527 -0.851268 -0.220736
-46.8979 83.1292 -0.0825962 0.435252 -0.871666 -0.225287
-46.182 83.612 -0.531128 0.426775 -0.869012 -0.250232
-45.5902 84.0511 -1.0626 0.419668 -0.871733 -0.252904
-45.001 84.5426 -1.68803 0.426797 -0.831273 -0.345417
-44.5683 85.1348 -2.42612 0.393863 -0.823193 -0.408933
-44.3736 85.8435 -3.21896 0.385447 -0.724471 -0.571465
-44.2235 86.4679 -3.90984 0.388353 -0.723241 -0.571055
-43.8507 86.6082 -4.76597 -0.23129 -0.963424 0.135349
-43.2145 86.3387 -5.88695 -0.171449 -0.977886 0.119767
-42.2911 86.0492 -6.89248 -0.188501 -0.973813 0.126386
-41.4547 85.9826 -6.69513 0.0448083 -0.981239 0.169058
-40.9412 86.1655 -5.83445 0.124393 -0.978108 0.165676
-40.7361 86.3566 -4.84712 0.0999816 -0.985792 0.134974
-40.5489 86.4961 -3.96251 0.181735 -0.981764 -0.0123217
-40.3742 86.4778 -3.04076 0.209024 -0.976125 -0.0590585
-40.185 86.4888 -2.15603 0.289191 -0.940678 -0.126162
-39.8378 86.373 -1.21786 0.337409 -0.910942 -0.23736
-39.3803 86.2723 -0.385869 0.344178 -0.898379 -0.270289
-38.8754 86.279 0.415444 0.381535 -0.897573 -0.220892
-38.2984 86.3458 1.12744 0.387623 -0.875962 -0.280519
-37.3262 86.4513 2.04961 0.395143 -0.861649 -0.317993
-36.1697 86.7281 2.73415 0.400928 -0.871759 -0.281591
-34.9621 87.0912 3.09807 0.354517 -0.876441 -0.325725
-33.998 87.4228 3.29601 0.352854 -0.870878 -0.341426
-32.8156 87.8361 3.40128 0.325821 -0.88444 -0.333657
-31.7635 88.2085 3.37872 0.308274 -0.892791 -0.328468
-30.8402 88.589 3.18147 0.296346 -0.898244 -0.324556
-29.9423 88.9836 2.84913 0.236415 -0.931029 -0.277789
-28.8949 89.3295 2.55555 0.233754 -0.934768 -0.267521
-28.0333 89.5571 2.27359 0.0610226 -0.963707 -0.254665
-26.5424 89.6977 1.81736 0.0238341 -0.975294 -0.219619
-25.4648 89.6964 1.64402 -0.0287447 -0.988395 -0.149162
-24.4344 89.6985 1.6558 0.0214689 -0.988906 -0.146986
-23.8389 89.7016 2.69373 0.138415 -0.988449 0.0617254
-24.528 89.6455 3.64037 0.155589 -0.987396 0.0290002
-25.2898 89.5923 4.33814 0.099976 -0.99424 0.0320723
-26.1591 89.2916 5.01447 0.370742 -0.924548 -0.088096
-26.9197 88.8852 5.55061 0.368682 -0.902754 -0.194817
-27.6928 88.5039 6.21729 0.320001 -0.8856 -0.315225
-28.2925 88.0207 6.73965 0.320911 -0.855125 -0.407114
-28.9969 87.3761 7.49398 0.316465 -0.840396 -0.439974
-29.5712 86.8233 8.14688 0.297774 -0.84771 -0.438923
-30.1223 86.0695 9.06012 0.232312 -0.81276 -0.532962
-30.4566 85.5378 9.81048 0.184538 -0.850745 -0.492117
-30.7409 85.0178 10.6598 0.165717 -0.868974 -0.465719
-30.9967 84.3616 11.813 0.142188 -0.884847 -0.443653
-31.0992 83.9096 12.684 0.094226 -0.894872 -0.436114
-31.1658 83.3156 13.8958 0.0776664 -0.903548 -0.421071
-31.2094 82.7746 15.0491 0.0441709 -0.901241 -0.43106
-31.3438 82.3953 15.9725 0.00344664 -0.922303 -0.385805
-31.5069 81.9061 17.1466 -0.0230803 -0.927089 -0.37413
-31.5908 81.3805 18.3383 -0.0841419 -0.910001 -0.405979
-31.6449 80.9735 19.2591 -0.0891455 -0.902569 -0.420388
-31.7092 80.5416 20.1597 -0.108182 -0.893341 -0.436164
-31.7663 80.106 20.9795 -0.0934174 -0.87109 -0.482098
-31.7421 79.4356 22.1962 -0.0884018 -0.87199 -0.481475
-31.7436 78.853 23.188 -0.137779 -0.845103 -0.516544
-31.8649 78.3291 24.1219 -0.14573 -0.862606 -0.484432
-32.1329 77.8255 25.0463 -0.136623 -0.836987 -0.529894
-32.4777 77.3683 25.8449 -0.131125 -0.811492 -0.56946
-32.8317 76.916 26.5717 -0.132298 -0.811372 -0.569362
-33.2614 76.4716 27.2848 -0.121265 -0.80558 -0.579943
-33.7221 76.0531 27.9613 -0.119967 -0.804286 -0.582007
-34.2091 75.6228 28.6655 -0.111164 -0.832594 -0.542614
-34.7725 75.2362 29.3458 -0.0763889 -0.823392 -0.562292
-35.3959 74.9054 29.9175 -0.0747317 -0.825627 -0.559246
-36.1113 74.564 30.5311 -0.0712438 -0.831482 -0.550908
-36.9531 74.1849 31.1906 -0.0611866 -0.82728 -0.558447
-37.7055 73.8905 31.7021 -0.0543067 -0.826579 -0.560194
-38.3051 73.6658 32.1255 -0.0301169 -0.86606 -0.49884
-37.7523 73.2185 32.8474 -0.0434501 -0.863859 -0.501857
-38.6061 72.7671 33.6985 -0.0299815 -0.873274 -0.485761
-39.2224 72.3307 34.4663 0.0332926 -0.870797 -0.490515
-40.0067 71.5711 35.7938 0.0340675 -0.879989 -0.473771
-40.3767 71.1601 36.5305 0.0370279 -0.893512 -0.446461
-40.7719 70.7127 37.3822 0.0751924 -0.889592 -0.450524
-41.405 70.0862 38.5771 0.0850841 -0.91181 -0.401699
-41.9874 69.5717 39.6215 0.111918 -0.913905 -0.390006
-42.6701 69.0819 40.5668 0.119079 -0.916125 -0.382769
-43.3645 68.7104 41.2607 0.115925 -0.919911 -0.3746
-44.537 68.2932 41.8525 0.132547 -0.91299 -0.385829
-45.4473 68.1071 42.0214 0.115072 -0.918431 -0.378475
-46.5055 67.9848 41.927 0.170048 -0.918929 -0.355767
-47.7674 67.8985 41.5577 0.161608 -0.920028 -0.356849
-48.8253 67.9101 41.0765 0.170174 -0.915355 -0.364612
-49.9853 67.9252 40.4039 0.202861 -0.911453 -0.357862
-50.885 67.8744 40.0178 0.226672 -0.913764 -0.335821
-52.1025 67.7327 39.4885 0.260794 -0.902612 -0.342107
-52.9377 67.6005 39.1598 0.259489 -0.911826 -0.317131
-53.9536 67.3984 38.8146 0.309397 -0.901462 -0.302722
-54.7866 67.2134 38.503 0.319408 -0.898693 -0.300549
-55.6711 67.0297 38.1124 0.320825 -0.899196 -0.297498
-56.5295 66.8457 37.6688 0.321945 -0.912631 -0.251905
-57.3328 66.7527 36.9459 0.333816 -0.907956 -0.253342
-57.9389 66.7604 36.1315 0.355964 -0.88854 -0.28946
-58.7636 66.7823 34.9954 0.3689 -0.884982 -0.284113
-59.3476 66.9076 33.8398 0.371976 -0.883855 -0.283608
-59.5113 67.1477 32.8871 0.366633 -0.88407 -0.289772
-59.6113 67.4643 31.8049 0.378469 -0.873465 -0.305976
-59.5175 67.9154 30.6441 0.40023 -0.866007 -0.299746
-59.4061 68.2588 29.762 0.39886 -0.871429 -0.28552
-59.3558 68.6238 28.7596 0.419238 -0.85903 -0.293781
-59.3486 68.9922 27.6887 0.42717 -0.855717 -0.292017
-59.3277 69.2897 26.8343 0.454651 -0.850355 -0.264842
-59.3889 69.6128 25.7906 0.47539 -0.831703 -0.286836
-59.4941 69.8616 24.8662 0.47531 -0.835977 -0.274269
-59.7203 70.0505 23.8916 0.469287 -0.842128 -0.265688
-60.0286 70.242 22.7226 0.4717 -0.842672 -0.259621
-60.3635 70.4748 21.3894 0.4964 -0.825944 -0.267214
-60.6318 70.7152 20.1122 0.487024 -0.836267 -0.251924
-60.6941 70.966 19.1189 0.485819 -0.842877 -0.231383
-60.7032 71.2344 18.1592 0.51759 -0.821906 -0.237847
-60.6147 71.6117 17.0245 0.523143 -0.821762 -0.225894
-60.424 71.9991 16.0175 0.51264 -0.831535 -0.213722
-60.2088 72.3511 15.1752 0.506744 -0.836499 -0.208221
-59.9366 72.779 14.1166 0.519244 -0.829357 -0.206282
-59.6406 73.2442 12.9079 0.514961 -0.837615 -0.182253
-59.3422 73.7294 11.5732 0.552671 -0.813749 -0.179908
-58.9395 74.2228 10.5134 0.543591 -0.823256 -0.163579
-58.3927 74.8015 9.32847 0.540628 -0.82848 -0.146092
-58.0223 75.1811 8.54804 0.543658 -0.828369 -0.134447
-57.4359 75.7352 7.41698 0.538887 -0.831844 -0.132714
-56.9959 76.1251 6.68451 0.537096 -0.835349 -0.117131
-56.5154 76.5312 5.98796 0.531141 -0.8397 -0.113101
-56.0111 76.9379 5.3431 0.532033 -0.839122 -0.113206
-55.4326 77.374 4.76553 0.529414 -0.841967 -0.103975
-54.7017 77.8922 4.18143 0.519609 -0.848581 -0.099588
-53.9363 78.4156 3.70612 0.514171 -0.851927 -0.0992163
-52.6758 79.2705 2.93009 0.514694 -0.851294 -0.101918
-51.6001 79.998 2.13904 0.504536 -0.856679 -0.107369
-50.64 80.657 1.37118 0.511628 -0.849462 -0.127181
-49.9229 81.2086 0.718292 0.518282 -0.841541 -0.152128
-49.1903 81.7891 0.0697697 0.522302 -0.835091 -0.172662
-48.4285 82.3816 -0.461249 0.526202 -0.832309 -0.174277
-47.5757 83.0027 -0.854114 0.492349 -0.843371 -0.201139
-46.763 83.5424 -1.30588 0.435036 -0.865574 -0.248038
-46.0109 84.133 -1.98308 0.486602 -0.810014 -0.319949
-45.4281 84.8443 -2.6846 0.541778 -0.530545 -0.560689
-45.2795 85.5791 -3.42996 0.281263 -0.718103 -0.636568
-45.1751 86.2232 -4.11042 0.281265 -0.718095 -0.636577
-44.9088 86.5156 -4.93597 0.246386 -0.959391 0.137343
-44.356 86.3362 -5.97581 0.0738824 -0.984515 0.158971
-43.8366 86.2614 -6.71469 0.0852967 -0.984421 0.153752
-43.1274 85.9894 -7.59264 0.0598291 -0.904716 0.421794
-42.3058 85.8283 -8.04496 0.0267674 -0.903854 0.426486
-40.8303 85.8905 -7.62817 0.103337 -0.975414 0.194651
-40.2684 86.0996 -6.87843 0.1105 -0.97973 0.164048
-39.9769 86.3825 -5.85163 0.410639 -0.900906 0.140511
-39.7665 86.5151 -4.92875 0.334376 -0.942439 -0.00156612
-39.5922 86.6434 -4.02855 0.154424 -0.987405 0.0344099
-39.2858 86.7168 -2.45986 0.240989 -0.970412 -0.0149575
-38.9885 86.7479 -1.44227 0.361441 -0.898889 -0.246552
-38.2458 86.6798 -0.125673 0.38007 -0.893005 -0.240196
-37.5947 86.7562 0.665674 0.375586 -0.89925 -0.224241
-36.6949 86.95 1.48255 0.392609 -0.84668 -0.359152
-35.6696 87.2054 1.9972 0.38907 -0.848779 -0.358042
-34.8287 87.4876 2.24497 0.389911 -0.84915 -0.356251
-33.831 87.8285 2.4143 0.361501 -0.864146 -0.34936
-32.8378 88.1673 2.50443 0.29934 -0.892441 -0.337555
-31.9635 88.4788 2.45615 0.303806 -0.892618 -0.333007
-30.6391 89.0471 2.03971 0.293005 -0.908586 -0.297691
-29.819 89.3318 1.77833 0.223114 -0.932753 -0.283183
-28.7913 89.6022 1.52814 0.0888865 -0.966853 -0.239364
-27.3607 89.779 1.06624 0.0386573 -0.9887 -0.14484
-25.9546 89.8483 0.707253 -0.0492601 -0.99312 -0.0846298
-24.9611 89.7282 0.558338 -0.173605 -0.982622 0.0574977
-23.9534 89.5857 0.61345 -0.153753 -0.985352 0.0725795
-23.049 89.3747 1.01153 -0.290449 -0.954585 0.0663835
-22.5935 89.3239 1.94575 -0.264129 -0.960525 0.0868579
-22.7594 89.4617 2.88004 -0.204981 -0.972673 0.109046
-23.2296 89.6442 3.63904 -0.200893 -0.975809 0.0862467
-23.8691 89.7295 4.38106 0.107302 -0.992788 -0.0452308
-24.7406 89.64 5.17775 0.0124599 -0.99952 -0.0283483
-25.6447 89.4242 5.86101 0.364636 -0.92877 -0.0665366
-26.4614 88.958 6.43615 0.465389 -0.868746 -0.16939
-27.1144 88.3781 6.97312 0.343341 -0.83428 -0.431386
-27.7561 87.8321 7.52151 0.326268 -0.838048 -0.437196
-28.3696 87.2561 8.17436 0.316463 -0.840392 -0.439983
-28.848 86.6774 8.77414 0.289143 -0.762619 -0.578627
-29.4088 85.8587 9.73708 0.210517 -0.82862 -0.518722
-29.7133 85.229 10.5715 0.159547 -0.820149 -0.543767
-29.9967 84.6319 11.5643 0.120868 -0.876636 -0.465724
-30.107 84.0894 12.556 0.107514 -0.885988 -0.450811
-30.1857 83.571 13.5666 0.0741772 -0.888295 -0.453245
-30.1761 83.0994 14.4321 0.0349445 -0.888917 -0.454943
-30.2288 82.6859 15.3094 -0.000427278 -0.890949 -0.452904
-30.393 82.2816 16.1895 -0.0548352 -0.913898 -0.402224
-30.5716 81.6316 17.6224 -0.072279 -0.9 -0.429856
-30.6162 81.2373 18.4574 -0.104936 -0.896543 -0.429017
-30.68 80.8051 19.3193 -0.125739 -0.883084 -0.452054
-30.7614 80.4082 20.1661 -0.142837 -0.888729 -0.435469
-30.8136 79.9507 21.0639 -0.142267 -0.873983 -0.464666
-30.8006 79.3963 22.0328 -0.160938 -0.843622 -0.51225
-30.8025 78.7723 23.0618 -0.143058 -0.847165 -0.511709
-30.9421 78.013 24.3847 -0.154742 -0.853269 -0.497983
-31.1614 77.5932 25.1628 -0.140559 -0.831334 -0.537606
-31.572 77.0751 26.0561 -0.137223 -0.818655 -0.557426
-31.9593 76.5623 26.871 -0.137311 -0.805998 -0.575771
-32.5518 75.9493 27.8555 -0.130072 -0.802022 -0.582959
-33.2428 75.3432 28.8823 -0.115436 -0.825162 -0.552947
-34.1027 74.763 29.9142 -0.112536 -0.816117 -0.566823
-34.9542 74.3644 30.6939 -0.0859741 -0.846693 -0.524522
-35.6496 74.0622 31.2728 -0.0625834 -0.851928 -0.519907
-36.4222 73.7531 31.8228 -0.0390736 -0.862076 -0.505271
-37.2363 73.4525 32.4 -0.0424063 -0.863065 -0.503305
-36.4266 73.1484 32.8585 -0.0621924 -0.879708 -0.47143
-35.5557 73.4609 32.2542 -0.0529385 -0.858183 -0.510383
-34.6586 73.7872 31.5688 -0.082561 -0.863855 -0.496928
-33.772 74.1468 30.7965 -0.0997912 -0.859137 -0.501581
-32.8005 74.6117 29.8726 -0.125865 -0.826257 -0.549051
-32.2737 75.0728 29.0888 -0.140242 -0.817026 -0.558841
-31.8065 75.478 28.3744 -0.158888 -0.80878 -0.566242
-31.1953 76.025 27.4307 -0.151272 -0.8039 -0.575204
-30.8031 76.5599 26.5822 -0.151906 -0.802927 -0.576397
-30.4125 76.9843 25.8794 -0.152403 -0.814852 -0.559026
-30.0972 77.5287 24.9645 -0.152245 -0.827156 -0.540957
-29.9344 78.0343 24.0607 -0.150861 -0.863632 -0.48102
-29.8696 78.633 22.9992 -0.160994 -0.844418 -0.51092
-29.8637 79.1543 22.137 -0.160753 -0.843901 -0.511849
-29.8668 79.6709 21.2714 -0.165618 -0.849287 -0.50128
-29.8207 80.1999 20.2645 -0.14931 -0.883914 -0.443174
-29.7216 80.6914 19.282 -0.122903 -0.880627 -0.457563
-29.6436 81.1695 18.345 -0.114672 -0.874891 -0.470549
-29.5675 81.7475 17.2109 -0.0718331 -0.899619 -0.430725
-29.4009 82.195 16.2509 -0.0631182 -0.906565 -0.416914
-29.2233 82.6684 15.3144 -0.0248384 -0.878162 -0.47756
-29.1845 83.262 14.2395 -0.01766 -0.873777 -0.486006
-29.2619 83.73 13.4008 -0.000513255 -0.858723 -0.511306
-29.1197 84.4456 12.142 0.117169 -0.873063 -0.473248
-28.8602 84.9997 11.1618 0.136883 -0.821839 -0.543895
-28.6825 85.5986 10.4474 0.209488 -0.80413 -0.554618
-28.1796 86.4311 9.46681 0.300719 -0.7843 -0.542625
-27.7607 87.0147 8.89138 0.322159 -0.750209 -0.577408
-27.0221 87.8015 8.14734 0.339761 -0.833626 -0.435411
-26.3879 88.3088 7.68545 0.344258 -0.832238 -0.43457
-25.7517 88.9055 7.11315 0.370103 -0.812994 -0.449462
-25.0717 89.3949 6.62508 0.255535 -0.87779 -0.405199
-24.1605 89.6042 5.95715 -0.00951054 -0.998677 -0.0505443
-23.3172 89.6802 5.22775 -0.0310403 -0.988195 -0.109643
-22.4822 89.5533 4.2954 -0.195097 -0.976446 0.0921464
-21.7602 89.2677 3.10953 -0.201398 -0.970906 0.12954
-21.5852 89.0851 1.97825 -0.22667 -0.96544 0.128635
-21.84 89.0284 0.909394 -0.255493 -0.962737 0.0886628
-22.6098 89.1716 0.0530939 -0.341687 -0.934048 0.103946
-23.4116 89.4236 -0.265898 -0.231022 -0.96842 0.0615446
-24.709 89.6225 -0.491907 -0.19603 -0.979121 -0.00824202
-25.842 89.8662 -0.341424 -0.138109 -0.987387 0.0125391
-26.7221 89.9695 -0.0921404 -0.161442 -0.984129 -0.0736596
-27.8517 89.9129 0.205045 0.0214383 -0.984645 -0.173222
-28.787 89.8258 0.533691 0.0732146 -0.976959 -0.200478
-29.7017 89.6946 0.769196 0.229532 -0.923399 -0.307649
-30.7808 89.3327 1.04893 0.234656 -0.922212 -0.307308
-31.7851 88.936 1.40723 0.24832 -0.903958 -0.348135
-32.763 88.5492 1.59489 0.304508 -0.882852 -0.357557
-33.7888 88.209 1.53495 0.343476 -0.871585 -0.349805
-34.6416 87.9159 1.42589 0.364753 -0.862989 -0.3489
-35.9665 87.5061 0.967869 0.390424 -0.847539 -0.359502
-36.9817 87.1604 0.071588 0.424196 -0.881154 -0.200985
-37.6286 87.0777 -0.708593 0.375098 -0.901692 -0.215064
-38.1242 87.0877 -1.62022 0.324626 -0.943959 -0.0596589
-38.4346 87.0437 -2.83851 0.326598 -0.943509 0.015276
-38.596 86.924 -3.82702 0.299665 -0.952454 0.053317
-38.8109 86.862 -4.91089 0.333956 -0.942016 -0.0209713
-39.0246 86.7829 -5.86786 0.284441 -0.942367 0.11615
-39.2096 86.3154 -7.02345 0.231214 -0.930959 0.272328
-39.8055 85.9569 -8.05846 0.180005 -0.964785 0.185423
-40.745 85.6066 -8.75225 0.119118 -0.91171 0.393187
-41.7702 85.4224 -8.96878 0.0693161 -0.909122 0.408271
-42.9723 85.4028 -8.93397 0.015768 -0.926232 0.376624
-43.6868 85.6032 -8.42427 0.00948087 -0.91286 0.408164
-44.3441 85.9238 -7.69219 0.0815686 -0.933984 0.330636
-44.9804 86.0957 -6.8328 0.0891673 -0.959232 0.268185
-45.6947 86.2639 -5.64611 0.131275 -0.978246 0.151862
-46.0314 86.3034 -4.7953 0.195312 -0.976324 0.0618125
-46.1727 85.6405 -3.8939 0.281266 -0.718099 -0.636572
-46.2096 84.8514 -3.22269 0.541028 -0.289321 -0.789672
-46.6514 84.0427 -2.62949 0.461329 -0.8378 -0.289607
-47.2225 83.5442 -2.14449 0.525907 -0.795231 -0.296941
-48.2161 82.7201 -1.62786 0.527229 -0.836674 -0.145846
-48.9444 82.2451 -1.36703 0.516065 -0.841892 -0.156107
-49.7866 81.5782 -0.714234 0.522296 -0.835093 -0.172671
-50.5607 80.9464 -0.0164769 0.527836 -0.834343 -0.158562
-51.3242 80.3456 0.698167 0.511633 -0.849461 -0.127169
-52.1371 79.7798 1.372 0.506002 -0.855379 -0.110852
-53.038 79.1631 2.01631 0.514688 -0.851044 -0.104022
-53.9607 78.5304 2.63105 0.51705 -0.849822 -0.10223
-54.8092 77.9533 3.13475 0.518524 -0.848184 -0.108119
-55.8592 77.2153 3.86655 0.526169 -0.844477 -0.0998993
-56.4732 76.7581 4.44866 0.525636 -0.844193 -0.104972
-57.0145 76.3331 5.11926 0.529322 -0.840536 -0.115375
-57.724 75.7443 6.11843 0.534041 -0.836485 -0.122843
-58.1607 75.3529 6.87685 0.535252 -0.835676 -0.12309
-58.6165 74.929 7.7054 0.541624 -0.829911 -0.133757
-59.018 74.5322 8.54164 0.541121 -0.829199 -0.139926
-59.3879 74.1558 9.35258 0.532892 -0.834377 -0.140858
-59.7754 73.7619 10.1339 0.50971 -0.844447 -0.164636
-60.0656 73.4204 10.9296 0.512379 -0.837811 -0.188524
-60.3784 73.0358 11.7928 0.514228 -0.837176 -0.186297
-60.5179 72.7393 12.7497 0.518056 -0.834637 -0.186973
-60.7426 72.3975 13.6215 0.520199 -0.830507 -0.198988
-61.003 72.0086 14.5915 0.506968 -0.839067 -0.19736
-61.1909 71.6841 15.444 0.49667 -0.841391 -0.212568
-61.361 71.3737 16.3205 0.485911 -0.845225 -0.221858
-61.5044 71.0037 17.3379 0.485109 -0.841508 -0.237768
-61.5479 70.6262 18.5779 0.482316 -0.842806 -0.23885
-61.5171 70.3133 19.7146 0.493343 -0.832144 -0.253279
-61.3032 70.0553 20.955 0.495226 -0.828461 -0.261541
-61.0765 69.9003 21.8762 0.484593 -0.840152 -0.243546
-60.8089 69.6888 23.1006 0.471739 -0.842391 -0.260459
-60.488 69.541 24.1504 0.469055 -0.839645 -0.273702
-60.2868 69.3364 25.0932 0.472058 -0.836575 -0.277991
-60.1807 69.0259 26.2216 0.456527 -0.847479 -0.270854
-60.1915 68.7363 27.1473 0.452767 -0.853234 -0.258831
-60.1959 68.4327 28.0921 0.405667 -0.870486 -0.277492
-60.2449 68.0957 29.116 0.382822 -0.875154 -0.295892
-60.4062 67.6624 30.1891 0.386778 -0.872968 -0.297166
-60.5262 67.1729 31.497 0.378997 -0.877603 -0.293555
-60.4628 66.8135 32.7214 0.361971 -0.885574 -0.29109
-60.3615 66.52 33.7719 0.345683 -0.90016 -0.264811
-59.9046 66.3719 34.9058 0.34217 -0.902504 -0.261519
-59.3567 66.3407 35.7196 0.339569 -0.906179 -0.251657
-58.7081 66.3526 36.5895 0.331889 -0.910612 -0.246082
-57.9241 66.3428 37.6359 0.330444 -0.909148 -0.253465
-57.2011 66.4219 38.3458 0.331892 -0.910341 -0.24698
-56.4042 66.5764 38.7736 0.321527 -0.909571 -0.263214
-55.6119 66.7383 39.1967 0.305775 -0.916328 -0.257749
-54.6911 66.9183 39.5883 0.28588 -0.924647 -0.251586
-53.568 67.1763 39.9529 0.281048 -0.913943 -0.290214
-52.6116 67.3285 40.2746 0.247432 -0.923862 -0.291988
-51.3707 67.4671 40.7936 0.238925 -0.919712 -0.310983
-50.3364 67.5134 41.2713 0.200403 -0.914319 -0.351935
-49.4718 67.4887 41.802 0.184829 -0.91237 -0.365265
-48.6154 67.5049 42.1887 0.1616 -0.920025 -0.356859
-47.5522 67.4955 42.6995 0.175962 -0.913208 -0.367439
-46.2515 67.6341 42.9414 0.160453 -0.917807 -0.363159
-45.1895 67.748 42.9908 0.131031 -0.921981 -0.364042
-44.2269 67.9626 42.8271 0.145135 -0.922937 -0.356542
-43.1211 68.3068 42.3326 0.118996 -0.928025 -0.352782
-42.2268 68.7381 41.5682 0.130623 -0.920081 -0.369308
-41.582 69.1181 40.7978 0.110758 -0.92672 -0.359059
-40.9716 69.5824 39.8561 0.100739 -0.913203 -0.394856
-40.4335 70.0716 38.8581 0.0769896 -0.921503 -0.379662
-39.9565 70.5245 37.9066 0.0854576 -0.895991 -0.435773
-39.5698 70.9682 37.0227 0.0352145 -0.905983 -0.421811
-39.0016 71.5855 35.8351 0.0289096 -0.880837 -0.472536
-38.4233 72.1108 34.9109 0.00848984 -0.875375 -0.482648
-37.8229 72.5254 34.1219 -0.0163118 -0.879948 -0.47479
-36.9348 72.9637 33.2702 -0.0393541 -0.881198 -0.47055
-36.9174 72.9705 33.2552 -0.0621847 -0.879708 -0.471431
-36.2454 72.6415 33.788 -0.0564171 -0.882946 -0.466072
-36.9439 72.3357 34.4485 -0.011529 -0.881781 -0.471518
-37.5119 71.9696 35.147 -0.00983207 -0.884502 -0.466394
-37.9719 71.6034 35.8505 0.0193026 -0.877652 -0.478909
-38.4215 71.1662 36.6747 0.0242209 -0.907163 -0.420081
-38.6539 70.7034 37.653 0.0311521 -0.903458 -0.42753
-39.3452 70.1465 38.8318 0.0615557 -0.927081 -0.369717
-39.8179 69.7481 39.7969 0.0896666 -0.926622 -0.363214
-40.5562 69.1579 41.0471 0.124762 -0.929602 -0.346762
-41.0456 68.8298 41.7382 0.129603 -0.928154 -0.348903
-41.8022 68.3657 42.6385 0.132957 -0.918336 -0.372787
-42.5983 68.004 43.2739 0.107866 -0.927362 -0.358281
-43.4342 67.7979 43.5603 0.11703 -0.926234 -0.358052
-44.9536 67.4111 43.9668 0.145179 -0.924254 -0.353097
-45.9709 67.2615 43.9778 0.117843 -0.925639 -0.359591
-47.0402 67.1041 43.9172 0.164656 -0.910811 -0.378557
-47.9632 67.0623 43.5891 0.18205 -0.914537 -0.36122
-48.8105 67.0881 43.1216 0.157087 -0.913104 -0.376024
-49.7083 67.091 42.7376 0.180518 -0.92386 -0.337485
-50.6152 67.1131 42.1668 0.196517 -0.919179 -0.341268
-51.4492 67.0637 41.837 0.194788 -0.918547 -0.343358
-52.4111 66.9971 41.4076 0.203152 -0.921339 -0.331074
-53.5368 66.8785 40.9514 0.234302 -0.93176 -0.277355
-54.8817 66.5958 40.556 0.279746 -0.922746 -0.264782
-55.8286 66.3792 40.1696 0.321514 -0.909123 -0.264808
-56.6074 66.2383 39.6965 0.321949 -0.909765 -0.262043
-57.3948 66.0832 39.2836 0.315392 -0.911718 -0.263241
-58.1234 65.9845 38.7047 0.339008 -0.910364 -0.237298
-58.7777 65.9335 38.0266 0.322771 -0.913934 -0.246047
-59.438 65.9528 37.0854 0.336773 -0.910788 -0.238834
-60.1484 65.9147 36.2212 0.33845 -0.910107 -0.239075
-60.6659 65.942 35.4023 0.341426 -0.903725 -0.25825
-61.2234 66.0437 34.2884 0.344644 -0.903716 -0.254003
-61.3406 66.2591 33.3945 0.346163 -0.897395 -0.273594
-61.408 66.4957 32.5262 0.348715 -0.897677 -0.269394
-61.4228 66.8603 31.2973 0.347485 -0.895208 -0.278929
-61.3584 67.2391 30.1914 0.369018 -0.884131 -0.285859
-61.2133 67.5993 29.3188 0.383007 -0.872505 -0.303383
-61.0541 68.0405 28.1197 0.39921 -0.879793 -0.258061
-61.0444 68.4597 26.6646 0.410744 -0.875156 -0.255719
-61.0346 68.7262 25.7414 0.446504 -0.851583 -0.274664
-61.2263 69.0167 24.5181 0.450337 -0.849476 -0.27493
-61.5544 69.1341 23.5511 0.467503 -0.844808 -0.26027
-61.7776 69.2981 22.6194 0.461235 -0.850693 -0.251834
-62.0059 69.4554 21.6347 0.451118 -0.856186 -0.251669
-62.2614 69.659 20.5309 0.447285 -0.855301 -0.261528
-62.3699 69.8586 19.6315 0.460301 -0.852855 -0.246462
-62.4093 70.1653 18.5084 0.462831 -0.851541 -0.246304
-62.3265 70.6184 17.0291 0.476535 -0.848203 -0.230942
-62.1237 71.0793 15.7583 0.482054 -0.849787 -0.21319
-61.8477 71.5808 14.3314 0.482098 -0.851273 -0.207087
-61.5526 72.019 13.2178 0.486323 -0.851647 -0.195415
-61.3992 72.3125 12.3176 0.486549 -0.852836 -0.18956
-61.1705 72.6792 11.2374 0.49816 -0.846238 -0.188487
-60.8038 73.1009 10.3441 0.508844 -0.842221 -0.17802
-60.339 73.6071 9.21687 0.505011 -0.845921 -0.171411
-59.8748 74.0476 8.29622 0.51162 -0.844782 -0.156808
-59.332 74.5872 7.07448 0.513338 -0.845363 -0.147802
-58.8399 75.021 6.22545 0.523579 -0.841785 -0.131353
-58.4035 75.4205 5.42072 0.526257 -0.840085 -0.131574
-57.7367 75.9637 4.53221 0.522709 -0.843876 -0.121028
-56.942 76.5827 3.59196 0.516215 -0.848313 -0.117841
-56.3838 77.0013 3.02407 0.517073 -0.847687 -0.118583
-55.6136 77.5316 2.59162 0.517383 -0.848264 -0.112827
-54.8729 78.0494 2.05317 0.515261 -0.85048 -0.105778
-54.2055 78.5046 1.6401 0.51461 -0.850832 -0.106124
-53.4163 79.0498 1.10501 0.512327 -0.85194 -0.108259
-52.7633 79.5116 0.654584 0.507975 -0.852832 -0.120565
-52.1395 79.9467 0.141279 0.504563 -0.85254 -0.135329
-51.3277 80.5898 -0.677874 0.515262 -0.844513 -0.145617
-50.5942 81.1614 -1.26504 0.541478 -0.829334 -0.137862
-49.9798 81.6764 -1.78091 0.539512 -0.824958 -0.167655
-49.3181 82.174 -2.23821 0.49868 -0.854612 -0.144764
-48.4289 82.7796 -2.56149 0.572894 -0.788721 -0.209194
-47.8162 83.3922 -2.89233 0.648378 -0.718284 -0.246534
-47.058 84.1213 -3.47877 0.464408 -0.818457 -0.338309
-47.1163 85.1109 -3.93896 0.541032 -0.289318 -0.789671
-47.2231 86.0156 -4.50087 0.409547 -0.715365 -0.311704
-46.7469 86.1012 -5.68045 0.199458 -0.978866 0.0277398
-46.3123 86.0054 -6.56677 0.0740133 -0.98303 0.167849
-45.7151 85.8522 -7.50339 0.0729743 -0.966878 0.244584
-44.8027 85.4485 -8.70411 0.0429703 -0.909225 0.414081
-44.1668 85.18 -9.3304 0.0338592 -0.874519 0.481971
-43.3646 84.9706 -9.82355 0.0604835 -0.864213 0.49918
-42.3064 84.9267 -9.94563 -0.0288951 -0.89684 0.441409
-41.4571 85.0026 -9.85933 0.0801932 -0.890703 0.447456
-40.2538 85.218 -9.69388 0.118067 -0.880371 0.459355
-39.4968 85.5409 -9.23216 0.101342 -0.906837 0.409116
-38.9337 85.8709 -8.60589 0.0770981 -0.915972 0.393765
-38.2195 86.2498 -7.71959 0.158226 -0.917405 0.351608
-38.0715 86.7365 -6.76128 0.243399 -0.891254 0.380827
-37.9545 87.037 -5.85092 0.209477 -0.950842 0.22769
-37.8314 87.1447 -4.6364 0.226596 -0.972952 -0.0449355
-37.6697 87.2593 -3.64679 0.348897 -0.935274 0.0594388
-37.437 87.4037 -2.31275 0.359749 -0.930063 -0.0342851
-36.9176 87.552 -1.18229 0.454571 -0.873439 -0.126599
-35.9497 87.7905 -0.0285064 0.500117 -0.839045 -0.214128
-34.8863 88.2185 0.421507 0.364757 -0.862991 -0.348892
-33.4113 88.6952 0.685199 0.323507 -0.878006 -0.352116
-32.3439 89.0844 0.588059 0.245579 -0.916097 -0.316729
-31.233 89.5119 0.167913 0.229962 -0.928205 -0.291271
-30.318 89.8209 -0.160354 0.155663 -0.958642 -0.224922
-28.9659 89.9987 -0.4206 0.0570897 -0.98258 -0.172748
-27.8572 90.1004 -0.802665 0.0217527 -0.981218 -0.190689
-26.9604 90.07 -1.0816 -0.165169 -0.98533 -0.0429297
-25.6444 89.8656 -1.38402 -0.179855 -0.98211 -0.0524078
-24.4611 89.6129 -1.54228 -0.232685 -0.971464 -0.0459852
-23.1019 89.181 -1.33519 -0.368633 -0.923209 0.108603
-22.1048 88.8572 -0.9257 -0.334577 -0.930486 0.149179
-21.2276 88.6546 0.0277689 -0.406217 -0.896759 0.175532
-20.6822 88.7363 1.58605 -0.364185 -0.916558 0.156679
-20.6885 88.9588 2.9858 -0.305793 -0.938498 0.155815
-21.1813 89.2765 4.2111 -0.245288 -0.961374 0.115429
-21.7463 89.4698 5.00105 -0.210461 -0.975248 0.029383
-22.4442 89.5207 5.74705 -0.12415 -0.989045 -0.0798507
-23.2372 89.5428 6.46292 -0.0355805 -0.993673 -0.106527
-24.3789 89.2797 7.26778 0.149642 -0.892863 -0.41609
-25.1947 88.6983 7.9127 0.316142 -0.819824 -0.475804
-25.8437 88.0936 8.48773 0.328251 -0.832078 -0.447099
-26.5085 87.5513 8.94734 0.351558 -0.777759 -0.519977
-27.265 86.5341 9.77411 0.309739 -0.742449 -0.589828
-27.6489 85.9579 10.3888 0.25256 -0.779642 -0.573037
-27.8933 85.339 10.9943 0.194789 -0.741945 -0.639977
-28.1029 84.753 11.8126 0.0938346 -0.854415 -0.508261
-28.2143 84.2481 12.5594 0.0263973 -0.865943 -0.499445
-28.2194 83.6964 13.4859 0.0166198 -0.84366 -0.53662
-28.1584 83.1076 14.4537 -0.0341417 -0.868025 -0.495346
-28.2735 82.4842 15.5817 -0.0367876 -0.879213 -0.475006
-28.4394 82.0511 16.3583 -0.0733769 -0.88141 -0.464956
-28.5547 81.6174 17.2526 -0.111239 -0.872777 -0.475249
-28.6474 81.1638 18.1173 -0.117856 -0.871372 -0.476162
-28.7292 80.6369 19.1126 -0.123218 -0.877594 -0.463273
-28.8424 80.1124 20.155 -0.127798 -0.882551 -0.452516
-28.9349 79.6374 21.024 -0.162097 -0.8497 -0.501732
-28.9326 78.9021 22.2607 -0.1632 -0.845326 -0.508699
-28.9509 78.4241 23.0555 -0.15519 -0.852818 -0.498338
-28.9945 77.9721 23.8725 -0.155184 -0.862737 -0.481252
-29.1843 77.2704 25.0984 -0.156368 -0.826488 -0.540802
-29.4641 76.705 26.0132 -0.156814 -0.804972 -0.572214
-29.8759 76.2219 26.8057 -0.153629 -0.807934 -0.568868
-30.2634 75.6399 27.728 -0.14631 -0.80653 -0.572802
-30.7739 75.1885 28.4982 -0.15588 -0.809288 -0.566344
-31.3467 74.6373 29.4578 -0.149817 -0.826651 -0.54199
-31.8292 74.2348 30.2208 -0.137241 -0.837507 -0.528911
-32.8325 73.8537 31.084 -0.121952 -0.843572 -0.522692
-33.4816 73.5806 31.6849 -0.102614 -0.865363 -0.489922
-34.3191 73.2746 32.407 -0.0808075 -0.872955 -0.480937
-35.0204 73.0374 32.9197 -0.0427451 -0.879461 -0.474047
-35.6733 72.7873 33.4425 -0.0495832 -0.881205 -0.470057
-35.6884 72.7826 33.4532 -0.0564212 -0.882948 -0.466068
