-46.9497 80.1551 21.4702 0.36794 -0.875961 -0.31195
-46.38 80.6731 20.4361 0.27041 -0.941313 -0.202013
-46.1889 80.9514 19.4293 0.270658 -0.932926 -0.236855
-46.1255 81.2466 18.4086 0.275179 -0.928267 -0.250163
-46.1745 81.2525 18.328 0.264789 -0.940803 -0.208993
-46.8881 81.0235 18.3653 0.286188 -0.929721 -0.231766
-47.133 80.6989 19.3816 0.262442 -0.938823 -0.223014
-47.3258 80.4408 20.2527 0.317292 -0.90823 -0.260298
-47.3167 80.0877 21.2331 0.364172 -0.875149 -0.31858
-47.1676 79.9853 21.6902 0.367935 -0.875962 -0.311951
-46.4585 80.0132 22.3056 0.198666 -0.885082 -0.420562
-45.841 80.4656 21.5371 0.199789 -0.90921 -0.365268
-45.3679 80.9866 20.1211 0.209773 -0.95092 -0.227477
-45.266 81.4038 18.7579 0.257932 -0.941109 -0.215119
-45.2186 81.588 17.8503 0.242781 -0.952587 -0.183369
-45.1768 81.8443 16.7197 0.256036 -0.946361 -0.196602
-45.0913 81.9953 15.8454 0.228937 -0.967038 -0.111469
-46.0696 81.7067 16.155 0.254511 -0.954447 -0.151948
-46.7615 81.4312 16.6367 0.288696 -0.944174 -0.147805
-47.3246 81.1431 17.3297 0.344405 -0.919833 -0.180964
-47.7913 80.7574 18.2132 0.326398 -0.917317 -0.228022
-48.1411 80.3473 19.4255 0.381759 -0.884222 -0.269092
-48.2904 79.915 20.4851 0.393617 -0.860269 -0.324041
-48.2873 79.6097 21.3453 0.415321 -0.855317 -0.309502
-47.9802 79.2339 22.5653 0.379577 -0.836294 -0.395643
-47.1633 79.4424 22.8926 0.345172 -0.831303 -0.43565
-46.5982 79.9081 22.4516 0.276287 -0.854291 -0.434254
-45.9013 79.7612 23.0833 0.207402 -0.87728 -0.432856
-46.5837 79.2725 23.6862 0.332435 -0.838262 -0.431948
-47.3654 78.6919 24.1945 0.355683 -0.831421 -0.42672
-48.3177 78.3488 24.0428 0.368047 -0.823051 -0.432553
-48.6875 78.6147 23.168 0.426848 -0.808269 -0.403209
-48.9627 78.9194 22.2501 0.462549 -0.786773 -0.40862
-49.1421 79.1828 21.3393 0.445437 -0.844639 -0.295859
-49.1489 79.6251 20.0856 0.476461 -0.820552 -0.315722
-49.0226 79.9855 19.2299 0.459136 -0.857484 -0.229445
-48.76 80.3903 18.1221 0.433463 -0.873939 -0.219865
-48.2178 80.8446 16.968 0.385252 -0.913958 -0.124844
-47.6123 81.1836 16.1725 0.33452 -0.936511 -0.104805
-46.9421 81.488 15.5499 0.335354 -0.937066 -0.0971855
-45.7285 81.9686 14.6095 0.29859 -0.947301 -0.11604
-44.7032 82.2996 13.8832 0.233396 -0.968241 -0.0896396
-44.0989 82.4332 14.0339 0.237592 -0.967253 -0.0892801
-44.1249 82.306 15.1319 0.228315 -0.96741 -0.109502
-44.2132 82.1585 16.1918 0.216931 -0.968803 -0.119844
-44.2738 81.9726 17.1097 0.213904 -0.95285 -0.215207
-44.3126 81.7662 18.0332 0.218344 -0.959812 -0.176316
-44.3693 81.5224 19.0242 0.119855 -0.955249 -0.270325
-44.4743 81.1349 20.3091 0.116963 -0.952784 -0.280183
-44.6442 80.8174 21.2066 0.209062 -0.925365 -0.316217
-45.0098 80.4465 22.0301 0.17615 -0.894166 -0.411627
-45.6589 79.9437 22.8296 0.198668 -0.885082 -0.420561
-45.1859 79.6588 23.661 0.176561 -0.893286 -0.413359
-45.8635 79.1726 24.3384 0.217687 -0.880948 -0.420169
-46.5431 78.7102 24.7905 0.319439 -0.839654 -0.439249
-47.2269 78.1974 25.2079 0.326194 -0.808715 -0.487937
-47.8855 77.6312 25.6628 0.356287 -0.806998 -0.4709
-48.7061 77.0291 26.093 0.397532 -0.795942 -0.453671
-48.993 77.3599 25.217 0.444416 -0.780203 -0.440201
-49.3037 77.7172 24.2899 0.422737 -0.800876 -0.424135
-49.5013 78.0391 23.3541 0.458095 -0.803342 -0.379509
-49.7733 78.3167 22.493 0.46255 -0.786773 -0.40862
-50.0299 78.6819 21.3735 0.49172 -0.818125 -0.295808
-50.0303 79.0401 20.2922 0.461896 -0.838269 -0.289754
-49.9147 79.4226 19.3881 0.488153 -0.829414 -0.270145
-49.7499 79.8296 18.325 0.477972 -0.841307 -0.25246
-49.526 80.1753 17.5108 0.42132 -0.887918 -0.175134
-48.9427 80.5998 16.328 0.411901 -0.90365 -0.117194
-48.164 81.0498 15.3889 0.40814 -0.908231 -0.0923979
-47.0968 81.5325 14.4514 0.334348 -0.939554 -0.0730759
-46.4025 81.8131 13.9145 0.32451 -0.94303 -0.0733988
-45.6448 82.1101 13.3765 0.240157 -0.967731 -0.0762939
-44.8559 82.3529 12.7683 0.226232 -0.97162 -0.0675343
-44.0189 82.5761 12.1309 0.215778 -0.972579 -0.0836646
-42.8452 82.8218 12.0616 0.198843 -0.97744 -0.0505215
-42.9415 82.7657 13.2486 0.227524 -0.972423 -0.0512458
-43.0278 82.6512 14.1714 0.162037 -0.978996 -0.121645
-43.158 82.4978 15.1182 0.181121 -0.97443 -0.132974
-43.2871 82.3524 16.3005 0.201169 -0.973382 -0.107919
-43.3406 82.157 17.1859 0.16192 -0.9578 -0.237491
-43.4066 81.8475 18.3344 0.177861 -0.947742 -0.264861
-43.4482 81.6015 19.2052 0.210405 -0.939774 -0.266164
-43.5237 81.2423 20.3284 0.116861 -0.956399 -0.267159
-43.774 80.872 21.6222 0.164722 -0.942843 -0.283898
-44.0987 80.4577 22.3947 0.175612 -0.894468 -0.411203
-44.5818 80.0632 23.0451 0.176627 -0.893579 -0.412697
-44.678 79.9989 23.143 0.176561 -0.893286 -0.413359
-43.7401 79.9994 23.5686 0.162054 -0.906603 -0.388123
-44.7236 79.3327 24.4658 0.121704 -0.855264 -0.501361
-45.3529 78.8574 25.1604 0.187739 -0.841136 -0.505276
-46.2297 78.2646 25.6766 0.299784 -0.806859 -0.508818
-47.2337 77.4534 26.4012 0.2817 -0.808049 -0.517394
-47.9357 76.7623 27.0814 0.352397 -0.790656 -0.500353
-48.4062 76.2002 27.6067 0.365248 -0.780819 -0.506868
-48.94 75.6028 28.1437 0.368665 -0.77993 -0.505747
-49.3615 75.9382 27.248 0.445547 -0.75895 -0.474849
-49.5751 76.4015 26.2859 0.458812 -0.764835 -0.452239
-49.8296 76.8207 25.3263 0.458647 -0.753819 -0.470366
-50.1557 77.2376 24.3164 0.488591 -0.765511 -0.414669
-50.3498 77.524 23.4543 0.524675 -0.764787 -0.373921
-50.6399 77.9147 22.2272 0.5082 -0.780783 -0.36347
-50.8302 78.2014 21.2586 0.568781 -0.772921 -0.281215
-50.8821 78.5487 20.2987 0.51969 -0.797398 -0.302423
-50.8049 78.8993 19.3731 0.49348 -0.82985 -0.260433
-50.6464 79.2818 18.4548 0.485929 -0.835885 -0.255042
-50.3528 79.7933 17.2191 0.51244 -0.830804 -0.217187
-49.8196 80.2636 15.9197 0.403075 -0.906883 -0.122696
-49.3108 80.5765 15.2369 0.391571 -0.913081 -0.113187
-48.7032 80.9037 14.61 0.381698 -0.918361 -0.104365
-47.9782 81.2532 13.9727 0.328986 -0.939982 -0.0905647
-47.1178 81.6226 13.2561 0.330302 -0.939764 -0.0879763
-46.3231 81.9564 12.6939 0.331172 -0.939352 -0.0891166
-45.6244 82.2085 12.1807 0.238719 -0.968247 -0.0742308
-44.8128 82.4635 11.5227 0.222069 -0.969887 -0.100022
-43.878 82.7565 10.8794 0.215245 -0.96551 -0.1435
-43.0377 82.9616 10.6339 0.190168 -0.968856 -0.158603
-42.014 83.1021 11.1857 0.208434 -0.971091 -0.116354
-41.7911 83.0701 12.2245 0.23839 -0.970912 -0.0223788
-41.9375 82.9405 13.1902 0.0366375 -0.980504 -0.193054
-42.1243 82.7612 14.3854 0.155899 -0.981803 -0.108435
-42.2332 82.6374 15.3523 0.157801 -0.981426 -0.109078
-42.326 82.52 16.2599 0.159199 -0.981031 -0.11061
-42.3939 82.3251 17.1535 0.146525 -0.96407 -0.220286
-42.4527 82.096 18.0268 0.160722 -0.9571 -0.241096
-42.5295 81.7996 19.1524 0.192301 -0.953607 -0.231634
-42.6015 81.4759 20.3942 0.110307 -0.96042 -0.255786
-42.8414 80.9062 21.8391 0.110308 -0.891786 -0.438454
-43.1964 80.3931 22.7951 0.123071 -0.907513 -0.400426
-43.6472 80.0595 23.4539 0.13326 -0.917967 -0.373602
-42.7813 79.9326 23.928 0.0521657 -0.881191 -0.469873
-43.3982 79.4847 24.5816 0.0996854 -0.837299 -0.537581
-44.1389 78.9686 25.2776 0.0941709 -0.870148 -0.483281
-44.7974 78.5384 25.8692 0.146437 -0.834692 -0.526646
-45.9882 77.7004 26.6974 0.247178 -0.814931 -0.522878
-46.8674 76.9333 27.4153 0.280125 -0.809329 -0.516252
-47.5567 76.2246 28.1812 0.321765 -0.799015 -0.505786
-48.0659 75.6204 28.7391 0.309958 -0.772556 -0.554151
-48.8555 74.6212 29.6752 0.344057 -0.7646 -0.544988
-49.3445 74.0477 30.171 0.344061 -0.7836 -0.516139
-49.8322 74.2486 29.5284 0.375456 -0.765784 -0.522119
-49.9679 74.7204 28.7387 0.375327 -0.765863 -0.522096
-50.0873 75.1531 27.8783 0.438379 -0.785491 -0.436839
-50.2505 75.5666 27.0045 0.476889 -0.762807 -0.436695
-50.507 76.1118 25.7761 0.471144 -0.752607 -0.459441
-50.8037 76.4566 24.9534 0.482411 -0.736405 -0.473772
-51.0216 76.7706 24.064 0.522184 -0.769358 -0.367984
-51.226 77.0539 23.1862 0.533281 -0.764645 -0.361527
-51.4771 77.4185 22.0221 0.560925 -0.756177 -0.335086
-51.6294 77.6573 21.1377 0.573657 -0.764911 -0.292594
-51.703 77.9976 20.1861 0.580305 -0.75148 -0.313886
-51.6145 78.4395 19.1476 0.563367 -0.798712 -0.211289
-51.4962 78.7409 18.3078 0.559364 -0.802441 -0.207842
-51.1292 79.3581 16.8895 0.560153 -0.797448 -0.223034
-50.8567 79.7463 15.9201 0.47334 -0.869386 -0.141833
-50.1669 80.2415 14.7702 0.423809 -0.900545 -0.0969824
-49.3933 80.6927 13.953 0.371724 -0.922027 -0.108106
-48.4861 81.1475 13.1932 0.371524 -0.92189 -0.109928
-47.8302 81.4368 12.5881 0.321076 -0.94208 -0.0969308
-46.8148 81.8748 11.8087 0.335182 -0.935647 -0.110535
-45.9582 82.2223 11.1741 0.288105 -0.953674 -0.0866128
-45.0542 82.5216 10.4917 0.230095 -0.9654 -0.122718
-43.9818 82.8815 9.7486 0.239568 -0.961664 -0.133356
-43.1624 83.1325 9.44222 0.208407 -0.96439 -0.157768
-42.1865 83.2455 9.84889 0.177204 -0.973039 -0.147624
-41.2765 83.3291 10.4657 0.181418 -0.97768 -0.104992
-40.7528 83.336 11.2247 0.173383 -0.97999 -0.0971222
-40.8521 83.1681 12.4768 0.204316 -0.967854 -0.146677
-41.0361 82.9989 13.5694 0.156191 -0.984421 -0.0807415
-41.1907 82.8994 14.4765 0.15615 -0.981812 -0.107993
-41.3631 82.7019 15.9646 0.0903543 -0.98709 -0.131701
-41.4361 82.4886 16.9383 0.088796 -0.961506 -0.260043
-41.528 82.1245 18.2681 0.080923 -0.96227 -0.259677
-41.5947 81.7727 19.5509 0.0695013 -0.969396 -0.23509
-41.6568 81.5464 20.5196 0.0579992 -0.971176 -0.230615
-41.8517 81.0277 21.7854 0.0193935 -0.922945 -0.383749
-42.1314 80.5191 22.8112 0.111507 -0.900156 -0.421054
-42.5216 80.1251 23.5959 0.0692752 -0.897483 -0.433401
-42.624 80.037 23.7497 0.0521655 -0.881191 -0.469873
-41.7724 79.8291 24.2275 0.0425721 -0.881142 -0.470931
-42.5258 79.301 25.036 0.106579 -0.844252 -0.525243
-43.3022 78.7785 25.7534 0.0912194 -0.860656 -0.500945
-44.1374 78.2094 26.5021 0.094187 -0.857095 -0.505855
-45.1914 77.5375 27.2593 0.16693 -0.80466 -0.569786
-45.8109 77.072 27.7352 0.167711 -0.797031 -0.580044
-46.6096 76.2677 28.4751 0.212832 -0.77572 -0.593837
-47.0894 75.7346 29.041 0.193653 -0.792112 -0.578841
-47.6719 75.1 29.695 0.267944 -0.779204 -0.564708
-48.1585 74.4702 30.3271 0.326139 -0.773254 -0.543427
-48.6201 73.8544 31.001 0.344079 -0.802597 -0.487285
-49.103 73.3189 31.5578 0.329893 -0.812665 -0.480361
-49.9546 73.0354 31.4306 0.354749 -0.798381 -0.48656
-50.4848 73.2063 30.7496 0.359612 -0.804514 -0.472553
-50.6462 73.6276 29.8883 0.3596 -0.808936 -0.465077
-50.7669 74.1281 28.9692 0.455552 -0.766793 -0.452217
-50.9252 74.6879 27.8427 0.452686 -0.775703 -0.439724
-51.0727 75.1257 26.9203 0.450365 -0.778351 -0.437425
-51.3968 75.6675 25.5436 0.485899 -0.782294 -0.389767
-51.712 76.0389 24.4659 0.564 -0.743161 -0.360021
-51.923 76.3748 23.4665 0.580062 -0.726659 -0.368096
-52.1455 76.6849 22.4989 0.588535 -0.727398 -0.35255
-52.373 76.9938 21.3948 0.571499 -0.760917 -0.307235
-52.5038 77.2463 20.5193 0.5722 -0.761726 -0.303909
-52.5113 77.6356 19.5278 0.588798 -0.754719 -0.289339
-52.381 78.0361 18.6126 0.567487 -0.795253 -0.213381
-52.1943 78.4121 17.6815 0.556347 -0.806226 -0.201189
-51.9104 78.9367 16.4472 0.592361 -0.777155 -0.212459
-51.6554 79.3382 15.5037 0.559103 -0.820466 -0.110725
-51.2754 79.6613 14.7221 0.529156 -0.840733 -0.112939
-50.6391 80.1424 13.8424 0.475742 -0.873827 -0.10048
-49.6193 80.7295 12.8756 0.371332 -0.92175 -0.111759
-48.9609 81.0572 12.3373 0.357173 -0.928781 -0.098963
-48.0768 81.4641 11.5457 0.323961 -0.939798 -0.108758
-47.2649 81.8215 10.9131 0.330226 -0.937213 -0.112171
-46.3733 82.1968 10.2406 0.284212 -0.950464 -0.125867
-45.4524 82.5327 9.57075 0.240345 -0.964474 -0.109654
-44.4872 82.8809 8.87939 0.246216 -0.959635 -0.135698
-43.7477 83.1433 8.42551 0.247692 -0.956731 -0.152691
-42.5029 83.4034 8.5101 0.169136 -0.972048 -0.162838
-41.502 83.4947 9.18089 0.243278 -0.946782 -0.21076
-40.6464 83.5894 9.72588 0.23654 -0.947937 -0.213225
-39.7466 83.6623 10.4917 0.216853 -0.961043 -0.171382
-39.703 83.5318 11.4317 0.210116 -0.973332 -0.0920619
-39.9174 83.3438 12.6284 0.21192 -0.965822 -0.149254
-40.1051 83.1391 13.6867 0.156225 -0.963884 -0.201664
-40.2382 82.99 14.5842 0.108902 -0.983378 -0.145283
-40.3652 82.8145 15.7748 0.0420334 -0.98274 -0.172436
-40.4627 82.6188 16.7451 0.0305218 -0.972625 -0.224606
-40.5501 82.3024 17.8798 0.0619228 -0.96246 -0.264263
-40.6189 81.9966 18.971 0.0623687 -0.961896 -0.266207
-40.6743 81.6783 20.1637 0.0123842 -0.948831 -0.30596
-40.7785 81.2149 21.3434 0.0350056 -0.921013 -0.385445
-41.0063 80.7127 22.4951 0.00464677 -0.910094 -0.413698
-41.4589 80.113 23.7244 0.0166537 -0.90031 -0.434932
-41.4622 80.1098 23.7303 0.0425753 -0.881144 -0.470927
-40.5035 79.9913 23.9549 -0.0555615 -0.871975 -0.484151
-41.0023 79.4983 24.7645 -0.0148852 -0.852357 -0.521907
-41.8166 78.9984 25.6662 0.0446143 -0.856006 -0.510962
-42.4348 78.6004 26.2059 0.0477438 -0.808146 -0.587044
-43.0827 78.2144 26.7397 0.0154556 -0.858803 -0.512073
-43.7948 77.701 27.374 0.120188 -0.814672 -0.56733
-44.4533 77.2727 27.8496 0.143558 -0.809663 -0.568563
-45.1643 76.7263 28.3821 0.168493 -0.789402 -0.5903
-45.8284 76.0627 29.0343 0.209013 -0.786969 -0.580511
-46.4592 75.3927 29.7298 0.212844 -0.800154 -0.560485
-46.9972 74.8037 30.3481 0.236159 -0.795963 -0.556084
-47.5628 74.1555 31.0918 0.247517 -0.813516 -0.526225
-48.2085 73.2395 32.1828 0.246587 -0.807891 -0.535264
-49.1345 72.6562 32.6528 0.279317 -0.82702 -0.486557
-50.1409 72.4609 32.2892 0.336506 -0.822889 -0.45784
-51.0392 72.3721 31.736 0.357716 -0.810041 -0.46438
-51.4779 72.9266 30.3834 0.421479 -0.791743 -0.442122
-51.5865 73.4524 29.3379 0.428977 -0.786698 -0.443842
-51.6789 73.8893 28.4941 0.444704 -0.782696 -0.434875
-51.8334 74.4477 27.3311 0.457371 -0.77156 -0.442163
-52.1039 75.0016 25.9672 0.547456 -0.746946 -0.377311
-52.3638 75.2817 25.0498 0.53692 -0.7525 -0.381131
-52.6007 75.6287 23.957 0.555729 -0.758328 -0.340741
-52.7896 75.9186 23.0594 0.56484 -0.74647 -0.351381
-53.072 76.2635 21.8148 0.574405 -0.746242 -0.336423
-53.2865 76.6466 20.499 0.598133 -0.745027 -0.295189
-53.3002 77.1055 19.2887 0.61679 -0.74319 -0.256223
-53.1468 77.5437 18.302 0.639621 -0.732904 -0.231811
-52.9529 77.9914 17.2696 0.556794 -0.806242 -0.199882
-52.7091 78.4077 16.2462 0.556345 -0.808471 -0.191979
-52.4201 78.8401 15.1206 0.540799 -0.825436 -0.161841
-51.8869 79.3995 13.9388 0.51667 -0.843837 -0.144884
-51.0949 80.0071 12.9439 0.473246 -0.873062 -0.117478
-50.25 80.5223 12.1757 0.417096 -0.905152 -0.0820428
-49.4291 80.9511 11.4744 0.397403 -0.915207 -0.057255
-48.5378 81.3614 10.6979 0.377659 -0.923462 -0.0677672
-47.5854 81.8146 9.95343 0.333212 -0.937167 -0.103344
-46.2544 82.4034 8.9495 0.309506 -0.943424 -0.115593
-45.5358 82.6801 8.43627 0.249899 -0.954144 -0.164803
-44.5181 83.0769 7.72972 0.25935 -0.950353 -0.171951
-43.305 83.4998 7.13791 0.229761 -0.955028 -0.187437
-42.4379 83.6331 7.39305 0.174488 -0.96314 -0.204732
-41.4925 83.7188 8.08217 0.264562 -0.943744 -0.19838
-40.6352 83.8203 8.69685 0.222187 -0.9522 -0.209591
-39.8072 83.9105 9.17552 0.225846 -0.952712 -0.203268
-38.9297 84.0207 9.65333 0.230821 -0.953684 -0.192691
-38.5953 83.9046 10.655 0.21657 -0.957329 -0.19136
-38.7758 83.683 11.7304 0.171697 -0.97918 -0.10829
-38.9621 83.5401 12.6159 0.0875692 -0.963388 -0.253383
-39.1133 83.2551 13.6398 0.100523 -0.961948 -0.254069
-39.2471 83.0817 14.5265 0.0737288 -0.987401 -0.140011
-39.3831 82.8413 15.603 -0.0299525 -0.98139 -0.189676
-39.4905 82.6622 16.5095 -0.000701426 -0.980922 -0.194203
-39.5504 82.4842 17.4518 0.0305263 -0.972626 -0.224598
-39.6369 82.1511 18.6419 0.0258873 -0.96183 -0.270013
-39.6991 81.8119 19.7718 0.0106468 -0.957153 -0.289386
-39.7351 81.4893 20.7377 0.0303187 -0.941036 -0.336445
-39.852 81.0495 21.7488 0.0244021 -0.904851 -0.425029
-40.0382 80.6665 22.5857 -0.0260559 -0.883626 -0.467468
-40.3862 80.126 23.6716 -0.0462195 -0.894582 -0.444507
-39.4391 79.9732 23.8524 -0.03824 -0.863088 -0.502247
-39.1557 80.4007 23.0375 -0.0297223 -0.883698 -0.467113
-38.9113 80.9756 21.94 -0.00984275 -0.893467 -0.447871
-38.7756 81.4998 20.7103 -0.0166811 -0.936184 -0.351114
-38.7127 81.9374 19.3524 -0.0101769 -0.961078 -0.276091
-38.638 82.3423 17.9379 -0.00534573 -0.958989 -0.283228
-38.543 82.6403 16.7713 0.0358453 -0.98349 -0.177375
-38.4099 82.8271 15.5228 0.0275372 -0.98903 -0.145111
-38.2793 83.0723 14.6276 0.070389 -0.964649 -0.253964
-38.1458 83.3488 13.6359 0.0795322 -0.96312 -0.256863
-37.9892 83.6227 12.6415 0.0884838 -0.962468 -0.256567
-37.7815 83.8954 11.63 0.16644 -0.964968 -0.196143
-37.5707 84.1518 10.6748 0.247964 -0.938368 -0.238239
-37.4683 84.4636 9.48422 0.27399 -0.92951 -0.245541
-38.1951 84.4103 8.94065 0.274395 -0.923407 -0.268334
-39.0265 84.2724 8.54791 0.288661 -0.927486 -0.235263
-39.8269 84.1412 8.10842 0.221894 -0.951306 -0.213962
-40.7775 84.0388 7.48837 0.248886 -0.948471 -0.196108
-41.5367 83.9716 6.88699 0.239685 -0.942252 -0.233896
-42.5619 83.9199 6.07497 0.281171 -0.928183 -0.238598
-43.4619 83.6698 6.05054 0.235082 -0.954066 -0.185682
-44.6083 83.2202 6.61224 0.314283 -0.93104 -0.185448
-45.4476 82.8633 7.16851 0.313041 -0.941929 -0.121551
-46.4596 82.4487 7.89263 0.331949 -0.936973 -0.104596
-47.3669 82.018 8.54805 0.354881 -0.930315 -0.0902664
-48.074 81.703 9.09115 0.381066 -0.922178 -0.0661585
-48.9086 81.2941 9.77088 0.390934 -0.916704 -0.082604
-49.6005 80.937 10.3513 0.424937 -0.902514 -0.0683908
-50.255 80.5905 10.9364 0.425349 -0.903598 -0.0505829
-51.1581 80.1187 11.6858 0.458789 -0.88675 -0.0524781
-51.8472 79.6857 12.3299 0.491584 -0.861231 -0.126278
-52.403 79.2402 13.0262 0.514831 -0.845921 -0.139013
-52.8175 78.8441 13.7418 0.539293 -0.828173 -0.15262
-53.2345 78.3589 14.7786 0.569339 -0.803699 -0.172976
-53.4609 78.0031 15.6833 0.569703 -0.803158 -0.174286
-53.6753 77.6028 16.7053 0.603477 -0.777723 -0.173824
-53.8911 77.0769 17.8335 0.589352 -0.755382 -0.286464
-54.0601 76.5336 19.0446 0.612397 -0.758047 -0.224356
-54.1107 76.1287 20.1197 0.604545 -0.739815 -0.295294
-53.9879 75.8712 21.0115 0.600907 -0.739066 -0.304371
-53.7413 75.5046 22.3555 0.587189 -0.741632 -0.323801
-53.463 75.182 23.5369 0.584291 -0.737069 -0.339606
-53.2429 74.7929 24.7382 0.574113 -0.735132 -0.360192
-53.0099 74.5147 25.6167 0.543566 -0.745835 -0.384956
-52.7852 74.213 26.6219 0.53235 -0.774854 -0.340889
-52.6262 73.7918 27.5936 0.498508 -0.760628 -0.415764
-52.4994 73.3694 28.5454 0.496174 -0.768829 -0.403377
-52.4147 72.8729 29.57 0.459602 -0.776424 -0.431198
-52.351 72.3267 30.6417 0.406101 -0.802825 -0.436525
-52.1781 71.8638 31.6813 0.395666 -0.821153 -0.411274
-51.5272 71.7663 32.5018 0.361355 -0.829469 -0.424918
-50.5089 71.9028 33.0226 0.336779 -0.833189 -0.438604
-49.664 72.0254 33.3731 0.302151 -0.836811 -0.456566
-48.2246 72.2551 33.7634 0.222436 -0.832845 -0.506845
-47.5054 72.9786 32.904 0.240768 -0.824297 -0.512404
-47.1346 73.5347 32.2099 0.226453 -0.807795 -0.54423
-46.6018 74.273 31.3361 0.226667 -0.807668 -0.544329
-46.1112 74.8165 30.7241 0.237872 -0.809172 -0.537268
-45.5546 75.3804 30.1212 0.233818 -0.803972 -0.546651
-45.0146 75.9313 29.5217 0.145443 -0.811697 -0.56568
-44.4019 76.4557 28.9398 0.150801 -0.785762 -0.599864
-43.5416 77.0669 28.3141 0.112515 -0.805397 -0.581959
-42.8583 77.5272 27.7603 -0.0104976 -0.819132 -0.573509
-42.0859 78.014 27.0892 0.0123834 -0.802795 -0.596127
-41.4599 78.4104 26.5467 0.0126602 -0.815632 -0.577235
-40.8084 78.7901 25.9703 -0.0259326 -0.842265 -0.537241
-39.8998 79.4425 24.8314 -0.0102756 -0.86797 -0.496188
-39.6078 79.7491 24.2652 -0.011569 -0.876807 -0.480703
-38.5639 79.704 24.3025 -0.0310793 -0.879448 -0.47498
-39.1748 79.032 25.475 -0.0598528 -0.831152 -0.552814
-39.9092 78.4812 26.3572 -0.0508356 -0.810339 -0.583727
-40.7226 78.0128 27.0682 -0.0461495 -0.809846 -0.584824
-41.3825 77.6394 27.6017 -0.0132552 -0.797129 -0.603663
-42.2047 77.1183 28.321 -0.0146865 -0.807304 -0.589953
-42.889 76.6997 28.886 0.0285986 -0.79266 -0.608993
-43.6587 76.1812 29.5161 0.0898491 -0.798208 -0.592161
-44.2556 75.7061 30.04 0.146555 -0.811096 -0.566253
-44.867 75.1091 30.6819 0.149395 -0.784488 -0.60188
-45.7524 74.2006 31.7357 0.141795 -0.807046 -0.572873
-46.178 73.631 32.4095 0.156074 -0.822407 -0.545804
-46.6449 72.9882 33.2929 0.24077 -0.824298 -0.512402
-46.9481 72.4248 34.024 0.199733 -0.828366 -0.521808
-47.6674 71.7621 34.869 0.209019 -0.846511 -0.489623
-48.8851 71.6007 34.5806 0.255769 -0.832063 -0.492192
-49.9366 71.498 34.1593 0.309933 -0.833298 -0.457693
-51.1188 71.3368 33.6323 0.327312 -0.831842 -0.447987
-51.9823 71.2105 33.2045 0.340054 -0.832252 -0.437858
-52.8886 71.1838 32.3569 0.394436 -0.827664 -0.399062
-53.1491 71.4892 31.4882 0.446418 -0.799498 -0.401888
-53.2346 72.048 30.2602 0.448501 -0.806186 -0.38589
-53.2919 72.6403 29.0025 0.484702 -0.783841 -0.388146
-53.3732 73.0643 28.0522 0.495131 -0.767542 -0.407073
-53.5523 73.5769 26.8682 0.52771 -0.767416 -0.361413
-53.7724 73.9127 25.7194 0.551567 -0.764854 -0.332825
-53.997 74.1962 24.754 0.574111 -0.735134 -0.360192
-54.1992 74.5354 23.6734 0.584252 -0.736969 -0.339892
-54.3807 74.781 22.8199 0.597034 -0.734374 -0.32287
-54.67 75.0841 21.571 0.59689 -0.739947 -0.310163
-54.8216 75.3469 20.6364 0.598327 -0.74536 -0.294012
-54.9172 75.6935 19.5414 0.622549 -0.737949 -0.260462
-54.8125 76.0833 18.6298 0.585827 -0.769681 -0.253769
-54.6912 76.5301 17.6316 0.588209 -0.756526 -0.285795
-54.5241 76.9537 16.5909 0.613317 -0.775777 -0.148366
-54.3253 77.3202 15.662 0.62188 -0.757199 -0.199788
-54.0868 77.7571 14.664 0.601554 -0.784755 -0.149012
-53.5949 78.346 13.3449 0.592267 -0.797082 -0.117815
-53.1286 78.8066 12.5003 0.583547 -0.805133 -0.105994
-52.4837 79.36 11.6515 0.535761 -0.840403 -0.0785653
-51.8678 79.787 11.0084 0.499314 -0.863613 -0.0627046
-51.1591 80.1812 10.402 0.443054 -0.894514 -0.0595584
-50.4965 80.5679 9.8223 0.443756 -0.892085 -0.0813327
-49.6298 81.0358 9.08493 0.41737 -0.905284 -0.079146
-48.7437 81.4943 8.36116 0.368615 -0.921147 -0.124947
-47.9859 81.8688 7.78719 0.359642 -0.92636 -0.111874
-47.2414 82.2217 7.25392 0.358146 -0.926894 -0.112247
-46.5206 82.566 6.74387 0.308913 -0.941944 -0.131583
-45.4543 83.0576 5.97849 0.320926 -0.929369 -0.182425
-44.666 83.4187 5.5 0.312045 -0.936597 -0.159417
-43.8929 83.7579 5.03801 0.316184 -0.934711 -0.162305
-43.1678 84.0694 4.60214 0.337344 -0.907728 -0.248335
-42.3085 84.2988 4.91959 0.283445 -0.916366 -0.281314
-41.3246 84.2595 5.95469 0.237019 -0.940719 -0.242521
-40.6101 84.3126 6.51401 0.257491 -0.938013 -0.232002
-39.6567 84.416 7.14764 0.254514 -0.939075 -0.230998
-38.4913 84.6102 7.78674 0.298389 -0.932387 -0.204007
-37.6222 84.8203 8.16769 0.305304 -0.910802 -0.277154
-36.7714 84.9878 8.51065 0.297865 -0.90761 -0.29584
-36.2888 84.838 9.37408 0.260129 -0.914626 -0.309504
-36.5569 84.4268 10.5251 0.241035 -0.934252 -0.26161
-36.7756 84.0921 11.4589 0.210076 -0.931133 -0.298093
-36.9968 83.7733 12.5057 0.120204 -0.957037 -0.263877
-37.1677 83.4327 13.6266 0.122471 -0.952077 -0.280267
-37.2863 83.1435 14.6323 0.0725264 -0.965142 -0.251454
-37.4554 82.8666 15.6558 0.0746503 -0.965639 -0.248936
-37.5832 82.6575 16.8378 0.0220035 -0.988014 -0.152469
-37.6733 82.2675 18.2137 0.0433788 -0.95405 -0.296209
-37.7444 81.9506 19.1816 -0.0564596 -0.953713 -0.295371
-37.8045 81.683 20.0573 -0.0583752 -0.947249 -0.314486
-37.8692 81.177 21.4682 -0.0889979 -0.909065 -0.4026
-38.0445 80.5669 22.6525 -0.0289155 -0.882582 -0.469261
-38.336 80.0465 23.6526 -0.0312784 -0.882656 -0.468978
-38.3878 79.9644 23.8089 -0.0310793 -0.879448 -0.47498
-37.4877 79.715 24.1594 -0.0971776 -0.857214 -0.505139
-37.8553 79.2136 25.0559 -0.0677293 -0.844314 -0.530937
-38.3921 78.6433 25.9746 -0.060833 -0.831291 -0.552498
-38.9044 78.2319 26.6088 -0.0557088 -0.811481 -0.581717
-39.5336 77.8471 27.2038 -0.0461435 -0.809849 -0.58482
-40.4335 77.3837 27.9185 -0.0297949 -0.803816 -0.593781
-41.3254 76.871 28.6649 -0.01928 -0.81947 -0.572798
-42.4982 76.1294 29.6358 0.0242492 -0.787896 -0.615331
-43.193 75.6363 30.2338 0.0324366 -0.795322 -0.605119
-43.7806 75.1679 30.8371 0.0748543 -0.791223 -0.605195
-44.482 74.5233 31.5643 0.130279 -0.821797 -0.554487
-45.1405 73.7488 32.5219 0.143982 -0.823053 -0.549195
-45.5477 73.1852 33.3032 0.137598 -0.837848 -0.528278
-45.8525 72.6624 34.066 0.199731 -0.828359 -0.521819
-46.1736 72.1507 34.7966 0.140472 -0.832985 -0.535167
-46.5372 71.683 35.4834 0.161861 -0.866448 -0.472041
-47.1986 71.2684 35.9873 0.174751 -0.860448 -0.478636
-48.1347 71.1681 35.7806 0.214384 -0.867233 -0.449334
-49.0405 71.1168 35.435 0.232475 -0.869238 -0.43592
-50.3165 70.9883 34.9025 0.288134 -0.862297 -0.416261
-51.1547 70.8761 34.5326 0.295047 -0.864711 -0.406476
-52.2425 70.7063 34.0194 0.32943 -0.853515 -0.403717
-53.2439 70.5361 33.4151 0.384548 -0.844179 -0.373477
-53.9333 70.6943 32.3234 0.408814 -0.836144 -0.365696
-54.0358 71.1378 31.2287 0.416503 -0.823737 -0.384684
-54.0897 71.6354 30.1246 0.452845 -0.80523 -0.382801
-54.1464 72.1518 28.9614 0.460245 -0.799821 -0.385121
-54.2598 72.7432 27.5605 0.48086 -0.802343 -0.35358
-54.4238 73.1329 26.4766 0.540301 -0.778183 -0.320166
-54.6479 73.4781 25.2907 0.526918 -0.779732 -0.337046
-54.8262 73.7522 24.4129 0.542959 -0.769148 -0.336766
-55.0903 74.1121 23.081 0.558717 -0.767452 -0.314313
-55.3219 74.3711 22.0581 0.566574 -0.764297 -0.307658
-55.52 74.5741 21.1607 0.576279 -0.759319 -0.302222
-55.6804 74.9069 19.9463 0.603314 -0.749559 -0.272347
-55.6374 75.2998 18.937 0.611555 -0.748697 -0.255681
-55.5172 75.746 17.9442 0.618014 -0.746607 -0.24586
-55.3856 76.2054 16.8544 0.628803 -0.750696 -0.196693
-55.1427 76.6657 15.65 0.590785 -0.781387 -0.201017
-54.8773 77.1506 14.5416 0.608185 -0.768756 -0.196551
-54.648 77.5082 13.7264 0.592577 -0.7896 -0.158979
-54.302 77.9143 12.8312 0.576346 -0.805532 -0.137633
-53.9024 78.3317 12.0571 0.567677 -0.812811 -0.130017
-53.095 79.0299 10.9619 0.545356 -0.834391 -0.0720597
-52.2389 79.6175 10.0719 0.528073 -0.847478 -0.0540316
-51.4249 80.121 9.32807 0.454827 -0.887676 -0.0698109
-50.66 80.5841 8.65338 0.470825 -0.879356 -0.0709025
-49.9467 80.9859 8.0746 0.41583 -0.90509 -0.0888734
-49.1674 81.4326 7.43547 0.433726 -0.895622 -0.0985065
-48.2453 81.8815 6.77316 0.367101 -0.925715 -0.09104
-47.3172 82.3431 6.1102 0.37717 -0.918271 -0.120501
-46.4434 82.7873 5.5011 0.348682 -0.926505 -0.141074
-45.6399 83.1652 4.96652 0.341496 -0.9281 -0.14836
-44.8363 83.5314 4.50464 0.314115 -0.935655 -0.160857
-43.8884 84.0109 3.8693 0.326301 -0.908714 -0.259219
-43.0877 84.4735 3.35252 0.346163 -0.898848 -0.268783
-42.1408 84.6947 3.72536 0.30806 -0.911184 -0.273574
-41.3365 84.6657 4.65768 0.282815 -0.909305 -0.304612
-40.6921 84.6569 5.31554 0.291256 -0.903329 -0.314659
-39.9807 84.6818 5.86667 0.291683 -0.90061 -0.322028
-38.9921 84.8034 6.52668 0.318292 -0.901335 -0.293744
-37.9241 85.0274 7.07023 0.330559 -0.908228 -0.255923
-36.8059 85.2857 7.50981 0.351208 -0.878839 -0.313865
-35.6372 85.5536 7.86316 0.276419 -0.845863 -0.456189
-35.0838 85.3664 8.76973 0.256964 -0.921787 -0.289664
-35.3724 84.9557 9.79319 0.281692 -0.901428 -0.32875
-35.631 84.5204 10.8525 0.184492 -0.931796 -0.3126
-35.874 84.1336 11.8886 0.176214 -0.936978 -0.301698
-36.0675 83.8109 12.7948 0.138625 -0.951771 -0.273707
-36.2009 83.5313 13.7141 0.113847 -0.950309 -0.289463
-36.3424 83.2248 14.6377 0.0969963 -0.956476 -0.273862
-36.474 82.988 15.5078 0.0831557 -0.963834 -0.253104
-36.5874 82.6844 16.7626 0.0463479 -0.982352 -0.177402
-36.6531 82.4902 17.646 0.0433791 -0.95405 -0.296208
-36.7336 82.1402 18.7209 0.0393331 -0.948629 -0.313841
-36.8192 81.7665 19.7612 0.00359735 -0.939802 -0.3417
-36.8921 81.355 20.7956 0.0125014 -0.92363 -0.383082
-36.9947 80.7669 22.0775 -0.115642 -0.872374 -0.474964
-37.132 80.3432 22.9039 -0.114609 -0.884727 -0.4518
-37.3505 79.9343 23.7508 -0.125507 -0.867023 -0.481709
-36.3891 79.7211 23.8841 -0.125515 -0.867019 -0.481714
-36.195 80.1293 23.0859 -0.0739838 -0.87515 -0.478162
-36.0468 80.6256 22.1871 -0.0657926 -0.864004 -0.499169
-35.9652 81.0819 21.3296 -0.065159 -0.89598 -0.439288
-35.9011 81.5297 20.4067 -0.0263242 -0.909803 -0.41119
-35.792 82.0297 18.9876 -0.0251808 -0.944255 -0.328249
-35.6848 82.3243 18.0929 -0.0275215 -0.949123 -0.313702
-35.6097 82.7371 16.7808 -0.0426907 -0.960825 -0.273849
-35.5321 82.9981 15.7539 0.0670015 -0.964996 -0.253307
-35.3595 83.3302 14.6559 0.10317 -0.941848 -0.319024
-35.206 83.7463 13.4108 0.119102 -0.943658 -0.308747
-35.0037 84.0951 12.4557 0.13422 -0.936765 -0.323198
-34.7636 84.5 11.4169 0.17878 -0.933268 -0.311526
-34.5181 84.9808 10.3417 0.231628 -0.886727 -0.400079
-34.2101 85.4997 9.23198 0.315019 -0.906559 -0.280915
-33.8974 86.0279 8.21196 0.377524 -0.828648 -0.413302
-33.7423 86.5124 7.33883 0.317641 -0.848488 -0.423155
-34.635 86.28 7.16554 0.302111 -0.850371 -0.430811
-35.9048 85.9238 6.90774 0.343878 -0.862837 -0.370488
-37.1802 85.5769 6.4496 0.394085 -0.846061 -0.358807
-38.296 85.2859 5.91707 0.382369 -0.852212 -0.357111
-39.2956 85.1122 5.3101 0.312578 -0.889763 -0.332182
-40.0922 85.0703 4.67928 0.291683 -0.900612 -0.322021
-40.8171 85.1017 3.92959 0.306113 -0.890128 -0.33759
-41.5483 85.1073 3.0184 0.33314 -0.902052 -0.273143
-42.3159 85.1775 2.03469 0.339153 -0.880909 -0.330112
-43.0286 84.9967 1.77292 0.34156 -0.883064 -0.321736
-43.7165 84.5023 2.4557 0.327511 -0.893999 -0.305781
-44.3435 84.0978 2.99175 0.326301 -0.908713 -0.259219
-45.3913 83.5232 3.70699 0.342768 -0.90939 -0.235626
-46.5185 82.9334 4.37858 0.373386 -0.910212 -0.17687
-47.5895 82.3819 5.09386 0.384337 -0.91221 -0.141982
-48.6004 81.8458 5.85336 0.40674 -0.910261 -0.077376
-49.6645 81.2663 6.67483 0.44615 -0.891827 -0.0748013
-50.689 80.6702 7.44952 0.473962 -0.877111 -0.077621
-51.5636 80.1419 8.17666 0.478053 -0.875891 -0.06416
-52.2303 79.7158 8.751 0.508804 -0.856477 -0.0869815
-53.0906 79.1241 9.58375 0.513551 -0.855373 -0.0678368
-53.9877 78.4419 10.6231 0.573074 -0.814916 -0.0865932
-54.6611 77.859 11.586 0.580664 -0.808696 -0.0940193
-55.056 77.4406 12.4207 0.595364 -0.791342 -0.13761
-55.4248 76.9734 13.4714 0.611367 -0.779884 -0.134004
-55.686 76.5759 14.3313 0.605931 -0.77542 -0.177685
-55.9826 76.039 15.6403 0.572363 -0.793961 -0.205004
-56.1383 75.6401 16.6738 0.600443 -0.763081 -0.239013
-56.2835 75.1884 17.7189 0.593803 -0.768192 -0.23907
-56.4585 74.5687 19.1539 0.57043 -0.78087 -0.254049
-56.401 74.1332 20.5884 0.578464 -0.765807 -0.279958
-56.2102 73.8878 21.5898 0.571947 -0.765403 -0.295018
-55.9182 73.6144 22.833 0.545615 -0.780494 -0.304846
-55.6779 73.3107 24.0551 0.53504 -0.788948 -0.302145
-55.447 72.9767 25.2701 0.516352 -0.793068 -0.323021
-55.268 72.7168 26.1609 0.510997 -0.790715 -0.337123
-55.1281 72.3614 27.2148 0.505727 -0.793157 -0.339218
-55.056 71.9943 28.1582 0.499978 -0.794942 -0.343616
-54.9916 71.5949 29.1225 0.47402 -0.797288 -0.373681
-54.9522 71.1973 30.0546 0.43385 -0.820177 -0.37294
-54.9203 70.8162 30.929 0.433864 -0.819903 -0.373524
-54.8997 70.3594 32.0127 0.413704 -0.836071 -0.360324
-54.7181 70.0127 33.0411 0.401203 -0.846 -0.351169
-54.0946 69.9527 33.8544 0.386126 -0.84335 -0.373721
-53.3092 70.0651 34.4165 0.359821 -0.857372 -0.368014
-52.4665 70.2299 34.8497 0.331714 -0.857983 -0.390747
-51.5552 70.3695 35.2682 0.327546 -0.847367 -0.41795
-50.4438 70.527 35.7634 0.2783 -0.86827 -0.410678
-49.3251 70.6339 36.2417 0.226949 -0.869787 -0.437979
-48.3982 70.6808 36.607 0.214975 -0.873352 -0.437081
-47.252 70.7154 37.0263 0.15974 -0.888576 -0.430019
-46.3441 70.9682 36.8827 0.175645 -0.878125 -0.445023
-45.815 71.3912 36.2616 0.139563 -0.872095 -0.468906
-45.3034 72.0314 35.2211 0.13629 -0.868423 -0.476653
-44.9955 72.5378 34.4833 0.122586 -0.837465 -0.532564
-44.5918 73.2229 33.4967 0.13056 -0.843479 -0.520839
-44.1812 73.7564 32.7728 0.146809 -0.831141 -0.536331
-43.5843 74.3898 31.9626 0.0788635 -0.829582 -0.55128
-42.9625 74.8743 31.2596 0.0141397 -0.819861 -0.570886
-41.9115 75.6788 30.2332 0.0224216 -0.792828 -0.609033
-41.235 76.148 29.6597 -0.0149998 -0.790329 -0.611326
-40.1774 76.7257 28.7925 -0.0545798 -0.802352 -0.59435
-39.5214 77.0641 28.2771 -0.055089 -0.806352 -0.588864
-38.5596 77.5692 27.4837 -0.0649799 -0.808158 -0.58537
-37.8642 78.0219 26.781 -0.0733858 -0.807656 -0.585069
-37.3252 78.5219 26.011 -0.0780356 -0.822245 -0.563758
-36.8905 79.0392 25.1956 -0.087874 -0.845871 -0.524034
-36.5243 79.5115 24.2757 -0.10862 -0.863266 -0.492674
-35.6799 79.1851 24.7114 -0.0813157 -0.871036 -0.484442
-35.3285 79.7472 23.6416 -0.0813521 -0.871065 -0.484384
-35.1031 80.425 22.4091 -0.0676883 -0.864114 -0.498724
-34.9874 81.0475 21.2379 -0.0821763 -0.892943 -0.442524
-34.9014 81.6499 19.9787 -0.0784447 -0.898915 -0.431044
-34.8294 81.9517 19.1229 -0.033775 -0.938335 -0.3439
-34.7124 82.3379 17.9922 -0.00355077 -0.949732 -0.313043
-34.6453 82.6785 16.9404 0.0138901 -0.957357 -0.288575
-34.5364 82.9984 15.9149 0.0190086 -0.952249 -0.304729
-34.422 83.2786 15.0672 0.0763519 -0.9392 -0.334031
-34.3005 83.6472 14.0318 0.0979776 -0.947749 -0.303598
-34.1178 84.0222 13.009 0.124106 -0.92815 -0.350906
-33.9118 84.4223 12.0253 0.159386 -0.921809 -0.353344
-33.7078 84.8588 11.0664 0.197723 -0.886981 -0.416507
-33.5071 85.2906 10.2072 0.217861 -0.889028 -0.402653
-33.2463 85.7237 9.40596 0.226524 -0.884222 -0.408404
-32.9713 86.2121 8.5846 0.316886 -0.862124 -0.395379
-32.5668 86.7938 7.67256 0.309329 -0.857552 -0.410998
-32.1051 87.4752 6.58206 0.311808 -0.860783 -0.402253
-32.7112 87.2863 6.52359 0.307612 -0.862589 -0.40164
-33.717 86.9934 6.37571 0.302298 -0.869794 -0.389967
-34.6233 86.696 6.27677 0.336245 -0.866661 -0.368561
-35.5463 86.4156 6.10987 0.32916 -0.867523 -0.372905
-36.4441 86.1698 5.82947 0.390267 -0.854804 -0.342057
-37.3052 85.9254 5.45779 0.394405 -0.851614 -0.345198
-38.3614 85.6504 4.85393 0.401923 -0.864753 -0.301098
-39.1414 85.5468 4.33588 0.323026 -0.882258 -0.342454
-39.9225 85.524 3.6286 0.307739 -0.889583 -0.337548
-40.6918 85.5376 2.76094 0.358996 -0.886785 -0.291091
-41.4641 85.6126 1.69186 0.31416 -0.894456 -0.318178
-41.9719 85.7156 0.88725 0.32841 -0.893036 -0.307627
-42.6649 85.835 -0.144201 0.319206 -0.884685 -0.339765
-43.2212 85.423 0.403219 0.328006 -0.870598 -0.365499
-43.8056 84.9358 1.12607 0.337377 -0.884601 -0.32196
-44.4914 84.4325 1.82972 0.357853 -0.8823 -0.304019
-45.097 83.9877 2.33335 0.366074 -0.89013 -0.267551
-45.991 83.4952 2.93659 0.373456 -0.898444 -0.228727
-46.7585 83.0446 3.39688 0.389268 -0.89715 -0.208786
-47.6543 82.5437 3.97794 0.391105 -0.905373 -0.165335
-48.3622 82.1532 4.47158 0.400314 -0.904663 -0.144954
-49.1599 81.6792 5.10106 0.429357 -0.892924 -0.134003
-49.9201 81.2317 5.6959 0.443167 -0.891332 -0.095546
-50.6641 80.7893 6.28339 0.481376 -0.872767 -0.0805022
-51.6672 80.1715 7.04216 0.482933 -0.872688 -0.0720565
-52.4237 79.6957 7.64393 0.488322 -0.870006 -0.0676876
-53.1462 79.2115 8.2957 0.520288 -0.849279 -0.0895839
-53.8517 78.7142 8.9915 0.53297 -0.842473 -0.0747747
-54.6484 78.0587 9.98246 0.565335 -0.817171 -0.112373
-55.3057 77.4695 10.9342 0.586161 -0.805094 -0.0907684
-55.7227 77.0335 11.8006 0.607162 -0.78075 -0.147589
-56.1361 76.4882 13.025 0.61583 -0.775671 -0.138158
-56.4205 76.0989 13.9085 0.594207 -0.786042 -0.169523
-56.7605 75.5767 15.2591 0.577416 -0.795318 -0.183187
-56.8732 75.2375 16.0975 0.60109 -0.764672 -0.23231
-57.0262 74.7651 17.2521 0.587806 -0.774895 -0.232428
-57.1843 74.3231 18.2792 0.570437 -0.780867 -0.254041
-57.2989 73.9677 19.1707 0.559221 -0.788866 -0.254611
-57.2611 73.6617 20.1142 0.573909 -0.770198 -0.278251
-57.103 73.4138 21.1266 0.567503 -0.772046 -0.285974
-56.7955 73.1616 22.4084 0.555346 -0.78198 -0.283017
-56.5799 72.8761 23.5921 0.544199 -0.785139 -0.295409
-56.3172 72.6082 24.7547 0.529596 -0.788798 -0.311796
-56.1407 72.362 25.6388 0.525979 -0.786208 -0.32438
-55.9957 72.0901 26.5302 0.511339 -0.792808 -0.33164
-55.9197 71.7228 27.5251 0.511824 -0.793258 -0.329807
-55.8415 71.1981 28.8712 0.487714 -0.809929 -0.324822
-55.8106 70.851 29.7451 0.460752 -0.816658 -0.347531
-55.7949 70.4378 30.778 0.433416 -0.830398 -0.350129
-55.8013 70.0839 31.6244 0.410751 -0.845255 -0.341404
-55.733 69.6234 32.7956 0.39793 -0.851958 -0.339854
-55.4816 69.4165 33.6403 0.389697 -0.860609 -0.327854
-54.734 69.4145 34.49 0.365741 -0.864841 -0.343924
-53.8428 69.5312 35.1343 0.362491 -0.856396 -0.367675
-52.6075 69.7646 35.7111 0.306265 -0.857626 -0.413132
-51.7725 69.8842 36.0818 0.316904 -0.852495 -0.415547
-50.4961 70.0735 36.6653 0.307659 -0.868804 -0.385189
-49.6347 70.1525 37.0374 0.223699 -0.89739 -0.380329
-48.7155 70.2082 37.398 0.189024 -0.894148 -0.405917
-47.751 70.2306 37.7972 0.197322 -0.87466 -0.442757
-46.6611 70.2932 38.1124 0.155143 -0.885623 -0.437725
-45.592 70.6948 37.6511 0.141399 -0.8902 -0.43307
-45.0255 71.2194 36.8059 0.132014 -0.875252 -0.465302
-44.6071 71.7228 35.9824 0.136289 -0.868424 -0.476653
-44.1904 72.3504 34.9631 0.0903505 -0.861006 -0.500203
-43.7656 73.0206 33.9608 0.083647 -0.842872 -0.531573
-43.189 73.7422 32.9874 0.0684967 -0.83125 -0.550526
-42.4652 74.3761 32.0602 0.0292178 -0.836875 -0.546423
-41.7881 74.8768 31.323 0.0565627 -0.826992 -0.558906
-41.0498 75.4438 30.6033 0.0205212 -0.818069 -0.573103
-40.3059 75.8828 29.9532 -0.0179384 -0.815855 -0.577978
-39.4806 76.3064 29.3093 -0.0356767 -0.816959 -0.575591
-38.7459 76.6648 28.7551 -0.0611287 -0.81294 -0.578548
-37.9313 77.0719 28.0873 -0.0819442 -0.80165 -0.592151
-37.1696 77.5348 27.3678 -0.0720414 -0.80531 -0.588437
-36.6126 78.0098 26.6417 -0.0957847 -0.810959 -0.576673
-36.1375 78.5813 25.7302 -0.119661 -0.810792 -0.572972
-35.7653 79.0729 24.9274 -0.109838 -0.845036 -0.520626
-35.7375 79.1073 24.861 -0.0813215 -0.871036 -0.484442
-34.7667 78.9136 24.9648 -0.0596797 -0.829548 -0.555237
-34.4749 79.4027 24.1385 -0.0850571 -0.855424 -0.510896
-34.2016 80.0902 22.8912 -0.0543754 -0.87135 -0.48764
-34.1147 80.5214 22.1004 -0.138622 -0.863795 -0.484396
-34.0357 80.9315 21.2695 -0.116453 -0.887844 -0.445165
-33.962 81.4321 20.2483 -0.107966 -0.893068 -0.436776
-33.882 81.8774 19.2456 -0.0673191 -0.929441 -0.36047
-33.781 82.2478 18.2549 -0.0156168 -0.942564 -0.33278
-33.6935 82.5417 17.3715 -0.00139915 -0.948549 -0.316626
-33.5598 83.012 15.9882 0.0565402 -0.944402 -0.323894
-33.4175 83.4059 14.8703 0.0587938 -0.938766 -0.339281
-33.2823 83.8067 13.8389 0.0823188 -0.926861 -0.366214
-33.088 84.2177 12.8239 0.108687 -0.931125 -0.348128
-32.906 84.6625 11.8624 0.135217 -0.913634 -0.381316
-32.7445 85.0569 11.0662 0.206163 -0.874361 -0.439306
-32.5425 85.5031 10.2614 0.203184 -0.880912 -0.427447
-32.1521 86.2013 9.0813 0.235764 -0.857903 -0.456528
-31.6412 86.8922 8.03651 0.258998 -0.851696 -0.45475
-30.8285 87.7809 6.85851 0.286763 -0.855183 -0.431698
-30.1995 88.3234 6.19181 0.276626 -0.873812 -0.399913
-29.3996 88.9282 5.42376 0.313526 -0.863642 -0.392822
-28.7428 89.3192 4.85246 0.291088 -0.912471 -0.287515
-28.7766 89.335 4.77763 0.242666 -0.909554 -0.337379
-29.3995 88.9413 5.3909 0.254378 -0.906577 -0.336546
-30.516 88.6961 5.08494 0.30125 -0.882452 -0.361207
-31.8177 88.1262 5.36823 0.308344 -0.881428 -0.357782
-32.8071 87.7418 5.45239 0.323235 -0.862486 -0.389402
-33.9541 87.3047 5.46358 0.337384 -0.864554 -0.372437
-34.8794 86.9831 5.35804 0.339287 -0.867938 -0.362275
-35.8454 86.7126 5.13973 0.362435 -0.868421 -0.335719
-36.8973 86.3864 4.70937 0.394325 -0.863996 -0.313079
-37.6702 86.1748 4.28535 0.409197 -0.859621 -0.305958
-38.4856 86.0137 3.72133 0.370182 -0.863705 -0.342023
-39.3121 85.9551 3.00606 0.305244 -0.903884 -0.299699
-40.1686 85.9621 2.04452 0.328115 -0.902122 -0.280207
-40.8783 86.0495 1.01079 0.295508 -0.904557 -0.307329
-41.3571 86.1748 0.18176 0.295314 -0.906831 -0.300663
-41.7784 86.3777 -0.804171 0.27241 -0.91083 -0.310131
-42.1268 86.5416 -1.69546 0.173699 -0.932301 -0.317243
-42.4892 86.8459 -3.04708 0.187193 -0.959028 -0.212661
-42.6393 87.2147 -4.01811 -0.0604482 -0.961277 -0.194421
-42.7202 86.8378 -3.07111 -0.0115544 -0.928715 -0.370614
-43.19 86.4895 -2.12432 0.224713 -0.908166 -0.347343
-43.4588 86.012 -1.20232 0.275726 -0.884031 -0.377443
-43.7978 85.5815 -0.42531 0.304976 -0.874197 -0.376463
-44.315 85.078 0.243479 0.328006 -0.870598 -0.365499
-44.9498 84.5515 0.914815 0.38635 -0.863633 -0.323639
-45.821 83.9008 1.65355 0.385312 -0.869747 -0.30827
-46.644 83.3859 2.19685 0.40297 -0.887226 -0.2246
-47.4976 82.8695 2.71433 0.447025 -0.871427 -0.201949
-48.5411 82.2322 3.40792 0.42821 -0.893292 -0.135218
-49.2827 81.7676 3.9943 0.444017 -0.886687 -0.128665
-50.0722 81.2857 4.61701 0.447925 -0.885864 -0.120865
-50.9059 80.7683 5.25784 0.487469 -0.867448 -0.0995334
-51.6747 80.2781 5.84773 0.479827 -0.872843 -0.088945
-52.5353 79.7017 6.54655 0.514959 -0.85526 -0.0560148
-53.201 79.2754 7.06164 0.529181 -0.846897 -0.0491975
-53.9666 78.728 7.77811 0.550465 -0.833144 -0.0534735
-54.6143 78.2449 8.47166 0.560721 -0.825836 -0.0598837
-55.1844 77.7896 9.17209 0.584517 -0.803923 -0.109757
-55.8625 77.1689 10.1381 0.58072 -0.80717 -0.106024
-56.2896 76.764 10.9308 0.57176 -0.809246 -0.132443
-56.6782 76.2731 12.0189 0.584512 -0.797267 -0.150698
-57.1045 75.7271 13.2482 0.585954 -0.794569 -0.158966
-57.3825 75.3097 14.2757 0.603326 -0.779319 -0.168016
-57.5491 74.9751 15.1387 0.616129 -0.761212 -0.200981
-57.6692 74.6155 16.1024 0.578021 -0.790101 -0.204037
-57.9041 74.0419 17.4996 0.570329 -0.786393 -0.237277
-58.0451 73.6704 18.3974 0.566395 -0.78784 -0.241879
-58.1341 73.2929 19.3373 0.576672 -0.77177 -0.267993
-57.9886 72.9418 20.6643 0.543509 -0.797849 -0.260837
-57.6958 72.6782 22.0119 0.5357 -0.793479 -0.28882
-57.4734 72.4646 23.0228 0.532244 -0.797327 -0.284408
-57.2882 72.2332 24.0339 0.535173 -0.792777 -0.291456
-57.0459 71.9959 25.0661 0.530935 -0.789094 -0.308931
-56.862 71.7046 26.0847 0.519232 -0.791852 -0.321511
-56.7384 71.2376 27.4393 0.47264 -0.817916 -0.328063
-56.6985 70.8086 28.605 0.461676 -0.830282 -0.312228
-56.6802 70.3881 29.7374 0.447977 -0.83331 -0.323784
-56.6552 70.0673 30.592 0.436937 -0.833277 -0.338496
-56.6806 69.6447 31.6335 0.4195 -0.846593 -0.327566
-56.6445 69.176 32.8751 0.391892 -0.86123 -0.323569
-56.4184 68.9109 33.8682 0.382262 -0.868407 -0.315766
-55.8721 68.8689 34.6268 0.384631 -0.864985 -0.322201
-55.0907 68.9229 35.3477 0.365801 -0.865093 -0.343226
-54.2627 69.0455 35.8984 0.357945 -0.865317 -0.350858
-53.0799 69.3002 36.4356 0.340084 -0.869242 -0.358832
-52.2426 69.4294 36.8225 0.298476 -0.889558 -0.34583
-51.2002 69.5913 37.3037 0.282752 -0.886669 -0.365093
-50.376 69.684 37.6677 0.269145 -0.882999 -0.384544
-49.4146 69.7584 38.0634 0.189025 -0.894142 -0.405932
-48.4622 69.7899 38.4373 0.187266 -0.894317 -0.406356
-47.3414 69.8014 38.9177 0.183528 -0.893704 -0.409402
-46.4708 69.8527 39.1303 0.133773 -0.901672 -0.411188
-45.3007 70.1926 38.7651 0.13308 -0.89972 -0.415684
-44.6391 70.6476 38.0224 0.100605 -0.892095 -0.440023
-44.1555 71.0794 37.2216 0.0763485 -0.88296 -0.462135
-43.6555 71.7217 36.1639 0.0768325 -0.866749 -0.492791
-43.2396 72.3784 35.1041 0.0729445 -0.85369 -0.514874
-42.8759 72.9122 34.2558 0.052393 -0.839249 -0.540502
-42.439 73.4387 33.4983 0.0111163 -0.83685 -0.547293
-41.8822 73.9705 32.7062 0.0158047 -0.833394 -0.552436
-41.2896 74.4306 32.0504 0.0245086 -0.825807 -0.56342
-40.5227 74.9748 31.2582 -0.0162652 -0.825153 -0.564601
-39.9031 75.347 30.6969 -0.020346 -0.818647 -0.57391
-39.0442 75.7806 30.0286 -0.0357647 -0.81703 -0.575485
-38.2852 76.1104 29.4618 -0.0708506 -0.818274 -0.570445
-37.3087 76.5538 28.7112 -0.0689073 -0.806339 -0.587376
-36.4206 77.0807 27.8918 -0.0718364 -0.802288 -0.592599
-35.8923 77.5187 27.1921 -0.120448 -0.812983 -0.569694
-35.4276 78.0635 26.3165 -0.119882 -0.813283 -0.569384
-34.9575 78.6461 25.385 -0.0596827 -0.829546 -0.55524
-34.0051 78.4228 25.6023 -0.0707983 -0.822691 -0.564063
-33.6569 78.9553 24.719 -0.142203 -0.853608 -0.501123
-33.4316 79.3999 23.895 -0.14037 -0.854806 -0.499602
-33.231 79.9686 22.8338 -0.141852 -0.862848 -0.485139
-33.1023 80.659 21.5688 -0.127048 -0.875555 -0.465393
-33.0252 81.1943 20.5029 -0.108623 -0.889037 -0.444674
-32.9537 81.6022 19.6094 -0.12604 -0.901641 -0.413711
-32.854 82.0549 18.5392 -0.0698514 -0.913819 -0.400069
-32.6902 82.5264 17.3075 -0.0258814 -0.942601 -0.332281
-32.6182 82.8904 16.3301 -0.0158512 -0.933487 -0.35826
-32.5368 83.2556 15.3748 0.000134096 -0.929593 -0.368089
-32.4421 83.6053 14.5478 0.0814389 -0.929194 -0.360509
-32.2423 84.0426 13.4853 0.111156 -0.91958 -0.37576
-32.0541 84.4857 12.532 0.153353 -0.889025 -0.431015
-31.8331 85.12 11.3445 0.178741 -0.864941 -0.468965
-31.596 85.6654 10.3924 0.222326 -0.871843 -0.436417
-31.2853 86.1974 9.52559 0.230724 -0.856716 -0.461306
-30.8693 86.7914 8.65314 0.241382 -0.841811 -0.482793
-30.2881 87.5336 7.7234 0.310156 -0.830066 -0.46124
-29.5941 88.1745 6.92306 0.296919 -0.853555 -0.428094
-28.9029 88.7534 6.26176 0.350421 -0.85347 -0.385739
-28.0781 89.3018 5.55904 0.263827 -0.919099 -0.292666
-27.2159 89.6728 4.95901 0.168176 -0.952102 -0.25538
-26.1703 90.0919 4.19503 0.307689 -0.944299 -0.071239
-25.2326 90.432 3.31085 0.118481 -0.989892 -0.0774906
-24.545 90.5696 2.5539 0.0734867 -0.994908 -0.0301245
-24.9422 90.5807 2.00518 0.00797199 -0.99144 -0.122914
-25.9528 90.4669 2.32865 0.0692996 -0.9851 -0.157401
-26.9884 90.2476 2.83554 0.0947092 -0.975985 -0.192052
-28.1778 89.9585 3.33262 0.134858 -0.952037 -0.274663
-29.4055 89.5475 3.7521 0.234374 -0.919893 -0.31322
-30.2786 89.2278 3.97255 0.238142 -0.90115 -0.362239
-31.3378 88.7308 4.30289 0.303434 -0.875501 -0.376044
-32.4292 88.2968 4.49022 0.283051 -0.880763 -0.379656
-33.2656 87.9653 4.57138 0.340536 -0.860486 -0.378943
-34.107 87.6345 4.56658 0.338189 -0.86229 -0.376922
-34.9787 87.3275 4.46359 0.353034 -0.85931 -0.370073
-36.2018 86.9361 4.10115 0.401471 -0.843736 -0.356273
-37.3562 86.6167 3.49951 0.417854 -0.845727 -0.331454
-38.4268 86.4269 2.68515 0.390332 -0.868263 -0.306203
-39.1657 86.3661 1.91555 0.347788 -0.886074 -0.302951
-39.7901 86.4007 1.10219 0.327707 -0.899385 -0.289335
-40.2908 86.4771 0.317222 0.295305 -0.906833 -0.300663
-40.8852 86.684 -0.91925 0.283757 -0.909968 -0.302069
-41.1318 86.8477 -1.78086 0.337809 -0.902107 -0.268491
-41.4301 87.0666 -3.02872 0.251949 -0.940275 -0.228921
-41.5696 87.1883 -4.22593 0.187415 -0.981965 0.0249184
-41.6619 87.1581 -5.66429 -0.0486795 -0.995378 0.0827837
-41.8706 87.0919 -6.58341 -0.0496417 -0.995382 0.0821573
-42.9822 87.203 -5.91719 -0.0505991 -0.995385 0.081534
-43.4549 87.3261 -4.68039 -0.134706 -0.990308 -0.0338388
-43.8527 87.0647 -3.42569 -0.138507 -0.922093 -0.361331
-44.1157 86.7664 -2.56367 -0.00596417 -0.755113 -0.580064
-44.2963 86.1312 -1.95985 0.348992 -0.829823 -0.41178
-44.4916 85.5678 -1.14097 0.455133 -0.799577 -0.389184
-45.131 84.9021 -0.311134 0.436488 -0.84339 -0.313324
-45.7266 84.4421 0.286351 0.396315 -0.866294 -0.302378
-46.6651 83.6991 1.04192 0.436273 -0.844704 -0.310066
-47.3438 83.27 1.4767 0.431054 -0.866885 -0.246937
-48.3812 82.5544 2.11465 0.447608 -0.871467 -0.20048
-49.2269 81.9936 2.72383 0.444479 -0.885053 -0.138272
-50.0279 81.4728 3.37511 0.477423 -0.866845 -0.143691
-50.8644 80.9297 4.0356 0.47913 -0.872525 -0.094992
-51.8987 80.25 4.83135 0.505452 -0.857322 -0.097154
-52.7292 79.6713 5.50794 0.51412 -0.852965 -0.0889787
-53.4828 79.1746 6.09039 0.504858 -0.859696 -0.0777204
-54.1822 78.6766 6.68427 0.528258 -0.84297 -0.101712
-54.9034 78.1382 7.39995 0.533466 -0.841452 -0.0839833
-55.5499 77.6666 8.1202 0.561497 -0.821991 -0.0879935
-56.2201 77.0734 9.00852 0.562075 -0.819633 -0.110775
-56.7625 76.5775 9.94276 0.560486 -0.820663 -0.11119
-57.2133 76.08 10.9708 0.583899 -0.797466 -0.152018
-57.4941 75.7291 11.7531 0.571168 -0.807197 -0.148918
-57.7742 75.381 12.5378 0.572676 -0.804923 -0.155351
-58.0241 75.0217 13.4228 0.573569 -0.801593 -0.168721
-58.2572 74.6322 14.396 0.568907 -0.79654 -0.20462
-58.4317 74.2225 15.4822 0.570038 -0.793912 -0.211566
-58.566 73.8713 16.431 0.564521 -0.795902 -0.218761
-58.7239 73.4725 17.4292 0.566293 -0.789641 -0.236177
-58.9028 73.0432 18.4343 0.561913 -0.788156 -0.250691
-58.9828 72.7002 19.3239 0.538461 -0.805937 -0.246021
-58.8121 72.3972 20.6508 0.530423 -0.805241 -0.265024
-58.6124 72.2173 21.5962 0.528039 -0.804089 -0.273041
-58.3227 71.9403 22.9361 0.526086 -0.801676 -0.283767
-58.0554 71.6726 24.1984 0.502981 -0.819523 -0.274499
-57.8374 71.4471 25.1924 0.486381 -0.820909 -0.299235
-57.6912 71.1793 26.1381 0.48451 -0.817743 -0.310719
-57.6079 70.8655 27.0846 0.484821 -0.815335 -0.316507
-57.5638 70.5289 28.0639 0.463013 -0.830301 -0.310192
-57.5381 70.0654 29.3417 0.433363 -0.843441 -0.317495
-57.5318 69.7198 30.3014 0.430929 -0.851343 -0.29919
-57.5747 69.2009 31.634 0.420107 -0.846344 -0.327431
-57.5876 68.8235 32.6776 0.395777 -0.862938 -0.313987
-57.5072 68.5212 33.6059 0.385799 -0.868672 -0.310754
-57.0415 68.3608 34.6214 0.376856 -0.875214 -0.302651
-56.1392 68.3828 35.6515 0.350533 -0.884548 -0.306758
-55.3831 68.4903 36.243 0.343754 -0.892338 -0.292516
-54.5279 68.6403 36.7616 0.326744 -0.89834 -0.293635
-53.3912 68.882 37.2551 0.31212 -0.902192 -0.29771
-52.0834 69.0993 37.8695 0.292126 -0.902973 -0.315121
-51.0046 69.2182 38.3548 0.255441 -0.898735 -0.356405
-50.0811 69.3148 38.7457 0.216251 -0.896102 -0.386166
-49.1925 69.3479 39.0846 0.191536 -0.905298 -0.37862
-48.2111 69.3435 39.5305 0.145299 -0.908601 -0.391577
-46.9112 69.3874 40.0095 0.178587 -0.893471 -0.412087
-45.7444 69.5341 40.0875 0.130054 -0.911161 -0.390987
-44.6958 69.8786 39.5981 0.0946596 -0.907137 -0.409188
-44.1018 70.2371 38.981 0.0940349 -0.895541 -0.434913
-43.6559 70.62 38.2943 0.0978202 -0.900181 -0.424388
-42.9705 71.293 37.0054 0.0754547 -0.885071 -0.45708
-42.6362 71.7695 36.2134 0.0558336 -0.869007 -0.491639
-42.2719 72.3713 35.2101 0.0530285 -0.856838 -0.512852
-41.8255 72.9875 34.2288 0.0491762 -0.850952 -0.522936
-41.2143 73.576 33.3242 0.0301114 -0.840638 -0.540458
-40.5566 74.1024 32.5633 0.00615192 -0.829106 -0.558727
-39.9551 74.5401 31.8925 -0.0109826 -0.830633 -0.556701
-39.1607 75.0082 31.16 -0.034785 -0.832228 -0.553341
-38.4087 75.3452 30.591 -0.0757326 -0.82788 -0.555769
-37.3776 75.767 29.8361 -0.0795604 -0.817885 -0.569855
-36.4918 76.1844 29.1326 -0.0692843 -0.810345 -0.581837
-35.6491 76.6881 28.3179 -0.0796247 -0.813668 -0.575851
-35.0829 77.1487 27.5843 -0.0851269 -0.811456 -0.578181
-34.5151 77.7573 26.6349 -0.0703377 -0.82141 -0.565984
-34.2315 78.1348 26.0507 -0.0707978 -0.822691 -0.564063
-33.3332 77.8267 26.347 -0.15389 -0.80587 -0.571722
-33.7466 77.2742 27.1796 -0.101061 -0.797727 -0.59449
-34.4402 76.6036 28.2546 -0.0963002 -0.811282 -0.576559
-35.2989 76.0164 29.2244 -0.074954 -0.826031 -0.558611
-36.0958 75.6055 29.9223 -0.0545967 -0.829522 -0.555799
-36.9077 75.2535 30.5468 -0.0633817 -0.83364 -0.548659
-37.681 74.9472 31.1054 -0.0649092 -0.83104 -0.55237
-38.7517 74.4716 31.9204 -0.0545357 -0.824848 -0.562718
-39.4288 74.0622 32.6157 -0.0318064 -0.839605 -0.542266
-40.0983 73.6052 33.3524 -0.00746824 -0.859501 -0.511079
-40.6353 73.1748 34.0212 0.0393051 -0.853736 -0.519221
-41.0658 72.7197 34.7361 0.0471851 -0.854697 -0.516926
-41.4327 72.1745 35.6355 0.0531496 -0.875389 -0.479964
-41.7604 71.6013 36.6416 0.0923263 -0.871114 -0.482324
-42.1376 71.1339 37.5126 0.0718912 -0.903166 -0.423229
-42.563 70.7311 38.2999 0.0724301 -0.903996 -0.421356
-43.2015 70.1472 39.392 0.123138 -0.900416 -0.417239
-43.7673 69.7618 40.1169 0.116639 -0.91653 -0.382582
-44.5245 69.3981 40.7657 0.112717 -0.910777 -0.397216
-45.592 69.1258 41.0753 0.118578 -0.915013 -0.385379
-46.6579 68.9895 41.0373 0.156036 -0.915649 -0.370387
-47.6556 68.9115 40.7963 0.159765 -0.917439 -0.364391
-48.7195 68.9417 40.2962 0.144016 -0.922837 -0.357254
-49.7819 68.934 39.8087 0.193678 -0.915063 -0.353763
-50.9651 68.8346 39.3405 0.230657 -0.91151 -0.340511
-51.9253 68.7318 38.9328 0.258607 -0.904648 -0.338614
-52.8619 68.6327 38.4888 0.284925 -0.903019 -0.320937
-53.9122 68.4498 38.0187 0.303922 -0.901921 -0.306632
-55.0712 68.2042 37.502 0.320806 -0.901462 -0.290603
-56.0059 68.0385 36.9005 0.343673 -0.896286 -0.28028
-56.7775 67.9253 36.294 0.355524 -0.889462 -0.28716
-57.4556 67.8841 35.5683 0.365514 -0.887729 -0.279875
-58.0993 67.9162 34.6304 0.367634 -0.886924 -0.279663
-58.4566 68.1492 33.5046 0.383517 -0.87405 -0.297867
-58.4867 68.4264 32.6274 0.397102 -0.865642 -0.304918
-58.4468 68.9206 31.2763 0.407798 -0.863178 -0.297403
-58.4216 69.2815 30.2667 0.431135 -0.851293 -0.299036
-58.4068 69.6681 29.2115 0.439355 -0.845117 -0.304186
-58.4151 70.1011 27.9384 0.454171 -0.83855 -0.300539
-58.445 70.4313 26.9839 0.459331 -0.835157 -0.302537
-58.5116 70.7074 26.1167 0.459596 -0.835953 -0.299924
-58.6613 70.955 25.2033 0.494507 -0.81927 -0.29001
-58.8459 71.1399 24.3346 0.496351 -0.821432 -0.280769
-59.0753 71.3158 23.3801 0.501551 -0.822263 -0.268942
-59.2402 71.494 22.5108 0.503507 -0.823135 -0.262545
-59.4687 71.7078 21.428 0.52152 -0.809663 -0.268957
-59.7164 71.9132 20.3481 0.513818 -0.817222 -0.260758
-59.829 72.181 19.2337 0.516561 -0.819424 -0.248408
-59.7758 72.4712 18.3718 0.525962 -0.815306 -0.242159
-59.597 72.8446 17.4831 0.525994 -0.818253 -0.231857
-59.3573 73.3546 16.269 0.566846 -0.792818 -0.223796
-59.2529 73.6594 15.3967 0.566218 -0.797183 -0.209517
-59.0577 74.1225 14.1357 0.580632 -0.790649 -0.194271
-58.8395 74.4861 13.2165 0.573916 -0.803215 -0.159583
-58.5721 74.8712 12.2353 0.55661 -0.815269 -0.159755
-58.2432 75.2826 11.2887 0.57109 -0.808133 -0.144144
-57.8356 75.7654 10.2418 0.584234 -0.799282 -0.140779
-57.4524 76.1792 9.36803 0.564817 -0.818057 -0.108465
-57.0506 76.5533 8.63835 0.556937 -0.821536 -0.121105
-56.5303 77.0211 7.86964 0.556198 -0.821743 -0.124025
-55.8028 77.6231 6.97825 0.53732 -0.83763 -0.0983068
-54.8657 78.3281 6.01713 0.52889 -0.842607 -0.101436
-53.8687 79.0414 5.20482 0.513826 -0.852429 -0.0952141
-52.961 79.6653 4.45818 0.505458 -0.857037 -0.099713
-52.0115 80.3077 3.72775 0.493352 -0.863214 -0.107072
-51.0715 80.9388 3.01239 0.501253 -0.857459 -0.116108
-49.9587 81.7199 2.11448 0.491609 -0.860786 -0.130185
-49.3546 82.157 1.59456 0.482611 -0.860302 -0.164215
-48.6639 82.6371 1.1317 0.500492 -0.842465 -0.199045
-48.0079 83.1113 0.735308 0.490338 -0.847654 -0.202613
-47.3496 83.6032 0.304077 0.71739 -0.601992 -0.11363
-46.5905 84.2031 -0.228125 0.436536 -0.84493 -0.309079
-45.9317 84.7143 -0.88064 0.395118 -0.846342 -0.348507
-45.2709 85.4548 -1.81489 0.399082 -0.833932 -0.379239
-45.0136 86.2963 -2.7508 0.394065 -0.723308 -0.567043
-44.8631 87.2393 -3.70502 -0.0359026 -0.974249 -0.222597
-44.4128 87.4159 -4.81098 -0.0674515 -0.994792 -0.0764082
-44.1254 87.3498 -5.78546 -0.122453 -0.98508 0.12092
-43.7024 87.2091 -6.83209 -0.205527 -0.976752 0.000661141
-42.9879 86.9881 -7.69284 -0.149754 -0.97759 0.0930966
-42.2493 86.7816 -8.23826 -0.021187 -0.917945 0.396143
-41.3472 86.7988 -7.83312 0.0041338 -0.97118 0.238312
-40.8578 87.0228 -6.75417 -0.0480084 -0.987451 0.15045
-40.6923 87.17 -5.8558 0.275229 -0.942854 0.187686
-40.6341 87.3282 -4.93286 0.16966 -0.972196 0.161399
-40.5679 87.3977 -3.50766 0.186254 -0.982166 0.0256297
-40.3762 87.2711 -2.52036 0.247484 -0.951513 -0.182685
-40.1446 87.1597 -1.63402 0.280198 -0.929346 -0.2325
-39.6977 86.936 -0.453221 0.34276 -0.895717 -0.280529
-39.2321 86.8898 0.379539 0.388252 -0.885205 -0.256243
-38.6947 86.8778 1.16694 0.42929 -0.848334 -0.309902
-38.0149 86.9122 1.94362 0.415838 -0.843367 -0.340262
-37.0354 87.0938 2.72661 0.430273 -0.838419 -0.334543
-35.9307 87.3839 3.29723 0.35185 -0.876237 -0.329258
-34.9314 87.6891 3.56924 0.362331 -0.873242 -0.325829
-34.0444 88.0352 3.67602 0.348749 -0.867198 -0.355446
-32.7837 88.5531 3.61505 0.30442 -0.883894 -0.353927
-31.7623 88.9766 3.39712 0.299991 -0.875768 -0.378201
-30.737 89.4637 3.06185 0.26155 -0.914416 -0.306122
-29.6542 89.8097 2.77825 0.214931 -0.927727 -0.305167
-28.7626 90.0983 2.51362 0.181818 -0.943326 -0.274239
-27.7213 90.3627 2.09182 0.0946716 -0.967188 -0.231642
-26.6062 90.5494 1.53062 0.0636886 -0.982866 -0.167859
-25.6644 90.6369 1.2524 0.051277 -0.991065 -0.12313
-24.6042 90.6975 0.963576 -0.0825071 -0.990787 -0.0314849
-23.6633 90.5689 0.874582 -0.12967 -0.989757 0.0597178
-22.5682 90.3526 1.49518 -0.238923 -0.96585 0.0932103
-22.8936 90.522 2.4525 -0.112755 -0.993616 0.00379039
-23.5067 90.5943 3.15604 -0.0920296 -0.98913 0.0815647
-24.2117 90.495 3.78205 0.0959242 -0.988772 -0.114576
-25.2592 90.3476 4.62426 0.121439 -0.987751 -0.0483801
-26.2138 90.0964 5.40823 0.271828 -0.958687 -0.0241577
-27.1584 89.4555 6.06248 0.414673 -0.852378 -0.318589
-28.0587 88.8123 6.76178 0.313791 -0.838411 -0.445648
-28.6864 88.2819 7.34848 0.300278 -0.854066 -0.42474
-29.373 87.6736 8.08697 0.310163 -0.830065 -0.461238
-29.909 86.9507 8.91131 0.308272 -0.803388 -0.509158
-30.2802 86.4183 9.60897 0.194807 -0.848541 -0.491963
-30.6249 85.8073 10.4794 0.159152 -0.838087 -0.520583
-30.9101 85.1554 11.5797 0.126089 -0.880408 -0.457148
-31.0824 84.6772 12.4567 0.0931785 -0.888584 -0.449151
-31.2771 84.1792 13.4444 0.0726003 -0.90142 -0.426816
-31.4748 83.5489 14.7431 0.0725994 -0.901695 -0.426234
-31.5675 83.1365 15.708 0.0161217 -0.925703 -0.377909
-31.6614 82.7442 16.6497 -0.0405467 -0.930099 -0.364684
-31.7561 82.3879 17.5955 -0.058108 -0.9242 -0.376829
-31.9386 81.7865 19.0095 -0.0599872 -0.915621 -0.397541
-32.0224 81.3541 19.8814 -0.0897908 -0.896438 -0.432709
-32.1306 80.7085 21.1837 -0.115612 -0.873123 -0.473592
-32.2271 80.1125 22.312 -0.130172 -0.860384 -0.492671
-32.3711 79.5045 23.4065 -0.138256 -0.861367 -0.488807
-32.5727 78.9502 24.417 -0.148202 -0.852461 -0.501325
-32.9804 78.2651 25.6287 -0.125834 -0.824134 -0.55224
-33.1212 78.0758 25.9433 -0.139288 -0.813666 -0.564018
-32.1497 77.844 26.0129 -0.143742 -0.804931 -0.575695
-32.5937 77.3205 26.8701 -0.131048 -0.81771 -0.560515
-33.0445 76.7894 27.7382 -0.109889 -0.814937 -0.568946
-33.6815 76.1982 28.7017 -0.103428 -0.820048 -0.562834
-34.3866 75.7396 29.5128 -0.0898974 -0.823892 -0.559316
-34.9797 75.3897 30.1115 -0.0768591 -0.827176 -0.556662
-36.0862 74.8929 31.003 -0.057634 -0.840147 -0.539288
-37.1238 74.4756 31.744 -0.0551374 -0.831473 -0.552822
-38.217 73.9974 32.6034 -0.0620327 -0.849295 -0.524261
-38.8717 73.5959 33.3282 -0.0323118 -0.875347 -0.482414
-39.7319 73.0452 34.3047 0.0180879 -0.859587 -0.51008
-40.137 72.613 34.9854 0.0358742 -0.862467 -0.504563
-40.4659 72.1173 35.8438 0.042094 -0.878731 -0.475004
-40.7553 71.661 36.6943 0.052059 -0.896805 -0.438823
-41.0977 71.1821 37.6124 0.0888279 -0.890323 -0.44643
-41.5354 70.7385 38.4628 0.0729661 -0.904827 -0.419481
-41.9791 70.3432 39.2465 0.0712838 -0.907 -0.415053
-42.5211 69.9258 40.099 0.100441 -0.917315 -0.385083
-43.1253 69.5121 40.9022 0.11262 -0.915284 -0.386746
-43.8584 69.1737 41.5032 0.114246 -0.917891 -0.380032
-45.119 68.8132 41.9929 0.117338 -0.920811 -0.371938
-46.0714 68.6616 42.0707 0.133033 -0.91708 -0.375345
-47.5943 68.5145 41.8262 0.133705 -0.919891 -0.368505
-48.8111 68.5238 41.34 0.159604 -0.922826 -0.349959
-49.595 68.5562 40.8772 0.176394 -0.914009 -0.365338
-50.6616 68.497 40.4575 0.21292 -0.913597 -0.345789
-51.6675 68.3975 40.035 0.231415 -0.911819 -0.339161
-52.8221 68.2649 39.4953 0.258614 -0.904646 -0.338615
-53.8073 68.1466 39.0171 0.284922 -0.903023 -0.320926
-54.6615 67.9719 38.6558 0.295815 -0.917809 -0.2648
-55.6801 67.7689 38.2113 0.319869 -0.915922 -0.24053
-56.8369 67.5552 37.4197 0.350251 -0.895019 -0.276074
-57.7674 67.4481 36.5544 0.337783 -0.904129 -0.260662
-58.4975 67.4283 35.6546 0.348692 -0.899379 -0.262494
-59.2742 67.5181 34.3648 0.357983 -0.891281 -0.278327
-59.3805 67.7635 33.4429 0.3707 -0.883189 -0.28733
-59.4238 68.0614 32.4715 0.370573 -0.88579 -0.279248
-59.3792 68.4736 31.2588 0.417907 -0.860676 -0.290844
-59.3518 68.8317 30.2475 0.418288 -0.858948 -0.29537
-59.2882 69.1706 29.3477 0.421197 -0.859334 -0.290053
-59.2832 69.6931 27.8151 0.438289 -0.84912 -0.294782
-59.2833 70.1662 26.434 0.470768 -0.837135 -0.278537
-59.5266 70.4886 25.0608 0.490121 -0.824707 -0.282202
-59.751 70.6958 24.0207 0.500396 -0.823126 -0.268449
-60.0433 70.9316 22.7313 0.505476 -0.82225 -0.261532
-60.2675 71.1668 21.5908 0.499343 -0.821319 -0.275847
-60.4953 71.3439 20.6109 0.494739 -0.827855 -0.264364
-60.6658 71.5371 19.6143 0.517586 -0.819002 -0.247669
-60.6715 71.8351 18.6011 0.518326 -0.82206 -0.235702
-60.5476 72.1656 17.7232 0.525986 -0.81826 -0.231853
-60.3898 72.5037 16.8676 0.528779 -0.817174 -0.22936
-60.2114 72.8616 15.9894 0.53585 -0.816015 -0.216757
-59.9937 73.3115 14.7152 0.548478 -0.810741 -0.203244
-59.7461 73.792 13.423 0.573948 -0.796455 -0.190127
-59.4949 74.1949 12.4141 0.567991 -0.803487 -0.178313
-59.2527 74.5439 11.5433 0.554866 -0.814418 -0.169842
-58.9029 74.9774 10.5617 0.545961 -0.822734 -0.158227
-58.4957 75.4375 9.56706 0.545461 -0.823282 -0.157098
-58.0432 75.913 8.52091 0.541496 -0.829911 -0.134277
-57.6438 76.2967 7.78642 0.546924 -0.827029 -0.129895
-56.9229 76.9126 6.85115 0.54568 -0.828728 -0.124252
-56.2272 77.4672 6.01456 0.534791 -0.838509 -0.104413
-55.66 77.897 5.4204 0.532423 -0.840931 -0.0967471
-54.9141 78.4337 4.78928 0.525195 -0.846105 -0.0908093
-54.1266 78.9898 4.1932 0.523887 -0.84645 -0.0951962
-53.3688 79.523 3.53864 0.510781 -0.853996 -0.0986828
-52.3436 80.2346 2.7868 0.503696 -0.857273 -0.10597
-51.238 80.9882 1.92904 0.501247 -0.857462 -0.116115
-50.4649 81.56 1.2477 0.507208 -0.850325 -0.140313
-49.4114 82.35 0.416298 0.500248 -0.851543 -0.155439
-48.4331 83.0823 -0.172482 0.500492 -0.842465 -0.199045
-47.7654 83.5939 -0.57356 0.507325 -0.830085 -0.231474
-47.1292 84.1359 -0.953762 0.790364 -0.522496 -0.173129
-46.4235 84.9269 -1.75948 0.382461 -0.828225 -0.408906
-46.0058 85.4577 -2.36545 0.372071 -0.77231 -0.511665
-45.8169 86.3168 -3.3063 0.195511 -0.507734 -0.792519
-45.944 87.5133 -3.64237 0.173027 -0.497053 -0.51303
-45.549 87.4468 -4.54151 -0.0369859 -0.992011 0.12061
-45.2467 87.4239 -5.47028 0.0312865 -0.999458 -0.0102344
-44.916 87.3935 -6.51694 -1.96063e-05 -0.964012 0.128837
-44.4757 87.1716 -7.45994 0.125941 -0.920353 0.362132
-43.7432 86.718 -8.4419 -0.0270906 -0.908228 0.416769
-42.8424 86.4069 -9.13374 -0.00549553 -0.910139 0.413848
-41.8477 86.2781 -9.32306 -0.0434224 -0.901683 0.430212
-41.0277 86.4543 -9.02939 0.0861659 -0.89666 0.434253
-40.3544 86.7264 -8.23018 0.069228 -0.96977 0.229803
-40.0123 87.0138 -7.34987 0.1508 -0.92786 0.341078
-39.7737 87.3517 -6.30542 0.280065 -0.940541 0.192213
-39.6841 87.5043 -5.22876 0.288436 -0.957114 0.0271556
-39.6341 87.5675 -3.98548 0.198452 -0.979419 0.0368177
-39.48 87.5349 -2.7149 0.232319 -0.957973 -0.168275
-39.2115 87.4297 -1.6763 0.359193 -0.916441 -0.1764
-38.8287 87.3704 -0.659384 0.368184 -0.900621 -0.227424
-38.1323 87.3422 0.49049 0.422474 -0.871117 -0.247734
-37.444 87.4229 1.33632 0.404854 -0.862336 -0.30409
-36.7439 87.5443 1.91785 0.401847 -0.86062 -0.312814
-35.7389 87.7793 2.45512 0.351184 -0.875123 -0.332911
-34.6145 88.1643 2.72065 0.381551 -0.851339 -0.360056
-33.7526 88.5273 2.75822 0.337649 -0.871374 -0.355702
-32.5829 88.9988 2.67431 0.308241 -0.882298 -0.355093
-31.6695 89.4017 2.38782 0.281754 -0.892973 -0.351017
-30.5685 89.8309 2.04342 0.221076 -0.925608 -0.307207
-29.4781 90.1669 1.78399 0.172277 -0.951693 -0.251378
-28.4994 90.4279 1.35489 0.160135 -0.960046 -0.229494
-27.6116 90.5633 0.908618 0.0241893 -0.987807 -0.15379
-26.4065 90.6923 0.450715 0.0532648 -0.991975 -0.114619
-25.4531 90.7766 0.149718 -0.0529282 -0.989076 -0.0275236
-24.3367 90.5808 -0.136977 -0.141303 -0.987411 0.0679919
-23.1596 90.383 -0.124052 -0.29772 -0.952838 0.0588413
-22.2013 90.1419 0.308806 -0.273784 -0.957263 0.0932218
-21.4366 90.0443 1.26154 -0.23589 -0.963341 0.12779
-21.5053 90.1883 2.23352 -0.256088 -0.960438 0.109445
-22.4619 90.5607 3.47244 -0.247441 -0.965746 0.078148
-23.397 90.5796 4.37584 0.180213 -0.977489 -0.104859
-24.4683 90.3601 5.23548 0.0498297 -0.998451 -0.0247319
-25.4714 90.12 6.04538 0.236379 -0.925023 -0.297418
-26.3169 89.6034 6.64338 0.375473 -0.834025 -0.401071
-26.9768 89.0369 7.14012 0.334226 -0.840434 -0.426572
-27.6635 88.4947 7.66515 0.337207 -0.834871 -0.435057
-28.3506 87.8651 8.38955 0.290559 -0.825959 -0.480744
-28.9783 87.1218 9.17647 0.293939 -0.793896 -0.532109
-29.4203 86.3925 9.99403 0.24356 -0.817625 -0.517846
-29.7762 85.6957 10.9402 0.171409 -0.820843 -0.544636
-30.0186 85.1322 11.8374 0.105528 -0.871172 -0.479503
-30.1772 84.6854 12.6283 0.0955731 -0.892015 -0.441703
-30.4247 83.9618 14.0303 0.0382964 -0.884358 -0.465215
-30.5236 83.4439 15.0626 0.00368041 -0.897874 -0.440237
-30.6268 82.924 16.1817 -0.0430825 -0.920185 -0.389105
-30.7379 82.5525 17.0626 -0.0168866 -0.922812 -0.384552
-30.8823 82.0738 18.1267 -0.149752 -0.907263 -0.392999
-30.988 81.6604 19.0905 -0.171392 -0.870707 -0.460779
-31.0892 81.0597 20.2316 -0.159334 -0.873497 -0.459815
-31.1662 80.6485 21.0391 -0.137769 -0.870574 -0.472357
-31.2287 80.2113 21.8631 -0.143747 -0.862534 -0.484886
-31.3232 79.6983 22.766 -0.14643 -0.852481 -0.501831
-31.4416 79.1902 23.6621 -0.149581 -0.852661 -0.500582
-31.6196 78.6829 24.5779 -0.167602 -0.844736 -0.508263
-31.9103 78.1407 25.5384 -0.156291 -0.81108 -0.563361
-32.0479 77.9487 25.8411 -0.143739 -0.804929 -0.575698
-31.1086 77.6051 26.087 -0.15629 -0.81108 -0.56336
-31.5837 77.1706 26.8527 -0.138037 -0.822903 -0.551008
-32.0339 76.5629 27.841 -0.13121 -0.816273 -0.562567
-32.5294 76.0929 28.6225 -0.115337 -0.823471 -0.555184
-33.3105 75.5577 29.5938 -0.0949607 -0.829654 -0.550143
-34.2014 75.0062 30.5687 -0.089759 -0.825854 -0.556695
-34.9293 74.6618 31.1988 -0.091058 -0.83873 -0.536881
-35.8358 74.3206 31.8679 -0.0493438 -0.834936 -0.547974
-36.5458 74.0139 32.3807 -0.0634815 -0.854951 -0.512633
-37.3118 73.7617 32.9662 -0.0718149 -0.878431 -0.472442
-38.1307 73.3075 33.8128 -0.0163682 -0.875059 -0.48374
-38.8782 72.8391 34.6526 -0.00436441 -0.864967 -0.501809
-39.521 72.1525 35.8849 0.0529503 -0.886738 -0.459229
-39.7899 71.7094 36.7099 0.052059 -0.896805 -0.438823
-40.0336 71.3178 37.5258 0.0647648 -0.898842 -0.433003
-40.4461 70.8286 38.4738 0.0864414 -0.902244 -0.422472
-40.9821 70.335 39.4883 0.0769123 -0.917477 -0.390283
-41.6128 69.837 40.521 0.0882624 -0.919352 -0.383407
-42.2629 69.4018 41.4243 0.119445 -0.918136 -0.377776
-43.1696 68.9606 42.2379 0.111841 -0.921827 -0.371115
-44.0936 68.6617 42.708 0.109422 -0.925505 -0.362584
-45.0918 68.4293 42.9687 0.126855 -0.917712 -0.376446
-46.4249 68.2484 42.991 0.129783 -0.924775 -0.356864
-47.7942 68.1234 42.7307 0.1473 -0.923299 -0.354509
-48.8129 68.1295 42.3773 0.130762 -0.923042 -0.361561
-50.0646 68.1654 41.644 0.184782 -0.923475 -0.335976
-50.918 68.1081 41.3284 0.187859 -0.916558 -0.353031
-51.938 68.0244 40.9073 0.233017 -0.918781 -0.318504
-52.9668 67.9089 40.4351 0.248943 -0.919822 -0.303221
-54.1335 67.7801 39.8661 0.271593 -0.918566 -0.286467
-55.0172 67.6166 39.4837 0.279354 -0.920977 -0.271151
-55.9802 67.4098 39.101 0.304598 -0.914192 -0.267343
-56.9097 67.2373 38.563 0.334488 -0.917775 -0.214025
-57.7744 67.1047 37.8146 0.324089 -0.920333 -0.218983
-58.4461 67.0423 37.1517 0.332894 -0.91092 -0.243734
-59.0776 67.0123 36.4066 0.345333 -0.907437 -0.238805
-59.8903 67.0167 35.2147 0.350336 -0.897723 -0.267127
-60.2615 67.1301 34.3107 0.359171 -0.899985 -0.247027
-60.4166 67.4334 33.1209 0.370679 -0.883203 -0.287316
-60.3882 67.7301 32.2354 0.373717 -0.887377 -0.269945
-60.3543 68.0077 31.3577 0.374393 -0.887991 -0.267025
-60.3071 68.339 30.3604 0.383708 -0.879362 -0.281796
-60.2342 68.6645 29.4709 0.404659 -0.866876 -0.290567
-60.1506 69.0196 28.5233 0.43561 -0.856346 -0.277337
-60.1322 69.4957 27.0447 0.436963 -0.859498 -0.26519
-60.159 69.8252 25.9778 0.473359 -0.836564 -0.275829
-60.3345 70.0084 25.1138 0.475953 -0.835729 -0.27391
-60.6483 70.2424 23.7924 0.476945 -0.840076 -0.258448
-60.8562 70.4089 22.8661 0.486169 -0.836483 -0.252856
-61.0974 70.6386 21.6883 0.485793 -0.83013 -0.273657
-61.3095 70.8147 20.7406 0.499707 -0.823509 -0.268563
-61.5241 70.9797 19.8324 0.489308 -0.83616 -0.246987
-61.596 71.1783 18.9473 0.483819 -0.843464 -0.233376
-61.5176 71.4949 18.0293 0.495342 -0.832592 -0.247737
-61.3357 71.9015 16.9594 0.495058 -0.839451 -0.22414
-61.1095 72.3153 15.8791 0.492494 -0.843567 -0.214113
-60.9208 72.7043 14.7914 0.521417 -0.827279 -0.209127
-60.7146 73.0846 13.7934 0.520712 -0.828582 -0.205696
-60.4025 73.5655 12.5794 0.522246 -0.83186 -0.187796
-60.0637 74.0624 11.2662 0.525274 -0.83392 -0.169308
-59.6994 74.524 10.2056 0.533006 -0.829006 -0.169149
-59.3506 74.9084 9.36808 0.531639 -0.834476 -0.144802
-58.8933 75.4116 8.19672 0.536401 -0.832134 -0.140635
-58.4534 75.8439 7.29985 0.538701 -0.832658 -0.128124
-57.7595 76.4285 6.39223 0.545128 -0.830455 -0.114501
-57.021 77.0256 5.49536 0.539236 -0.835504 -0.105483
-56.1016 77.7264 4.52802 0.52938 -0.841596 -0.107113
-55.0475 78.4779 3.67496 0.522905 -0.846169 -0.102605
-54.3383 78.9842 3.09442 0.521422 -0.84728 -0.101173
-53.7097 79.4276 2.61558 0.518284 -0.849278 -0.100486
-53.0638 79.8749 2.16811 0.519054 -0.847428 -0.111575
-52.0842 80.5585 1.43458 0.501082 -0.85822 -0.11123
-51.4711 80.9954 0.904118 0.531213 -0.837642 -0.127156
-50.8337 81.4947 0.311263 0.528172 -0.83463 -0.156271
-50.1416 82.0314 -0.26886 0.519657 -0.838269 -0.164961
-49.3739 82.6159 -0.768823 0.527705 -0.829977 -0.180451
-48.5642 83.2449 -1.24791 0.526859 -0.828561 -0.189457
-47.8271 83.8528 -1.66375 0.541486 -0.800479 -0.256956
-47.2563 84.5797 -2.21455 0.622395 -0.721696 -0.302951
-46.8236 85.153 -2.81605 0.545143 -0.520935 -0.576437
-46.7655 85.937 -3.29699 0.195515 -0.507731 -0.792521
-46.8218 87.1275 -3.86348 0.620331 -0.464342 -0.631031
-46.5793 87.3959 -4.72924 0.158561 -0.984166 0.0792145
-46.1275 87.3198 -6.00891 0.155729 -0.977852 0.139838
-45.643 87.0758 -7.30291 0.0218461 -0.951523 0.3068
-44.9638 86.6766 -8.45925 0.0328048 -0.930097 0.365846
-44.3353 86.3401 -9.28754 -0.0281418 -0.903675 0.427292
-43.3953 85.9579 -10.0544 -0.0127248 -0.894033 0.447821
-42.4285 85.8014 -10.3316 -0.0195953 -0.894961 0.445692
-41.3542 85.8597 -10.2377 0.0411905 -0.894395 0.445377
-40.4023 86.1 -9.88192 0.0821148 -0.89597 0.436457
-39.6809 86.5177 -9.17554 0.0698608 -0.920077 0.37853
-39.2953 86.8443 -8.25064 0.0771824 -0.956012 0.277982
-39.0207 87.2781 -7.34644 0.334629 -0.829755 0.446688
-38.823 87.5992 -6.25216 0.211021 -0.948329 0.236943
-38.7648 87.7843 -5.22644 0.221297 -0.967523 0.0825847
-38.7178 87.8138 -4.20003 0.299413 -0.954012 -0.0145871
-38.6357 87.8192 -3.14619 0.27485 -0.960474 -0.0410594
-38.347 87.7999 -1.8393 0.349843 -0.925633 -0.138611
-38.0006 87.756 -0.979441 0.373165 -0.907762 -0.191611
-37.445 87.8304 -0.0283184 0.420449 -0.898017 -0.129566
-36.7242 87.9409 0.824046 0.419314 -0.851633 -0.313759
-36.012 88.0821 1.41551 0.411211 -0.846557 -0.336838
-34.7853 88.4789 1.79562 0.382958 -0.851045 -0.359253
-33.69 88.9372 1.80079 0.349207 -0.869458 -0.349425
-32.7017 89.3287 1.73071 0.290388 -0.891302 -0.348219
-31.5701 89.7948 1.35397 0.250259 -0.923999 -0.289129
-30.4945 90.164 1.00892 0.205527 -0.941843 -0.265877
-29.5525 90.413 0.74129 0.139065 -0.961537 -0.236871
-28.6771 90.6267 0.33419 0.0234013 -0.984251 -0.174014
-27.4815 90.777 -0.285637 0.022627 -0.980694 -0.194233
-26.4061 90.8521 -0.618228 0.0190866 -0.983369 -0.180613
-25.5151 90.8078 -0.909215 -0.145249 -0.986467 -0.0757311
-24.6229 90.687 -1.1122 -0.199866 -0.976655 -0.0575484
-23.4564 90.3938 -1.27602 -0.182651 -0.979311 0.017405
-22.5906 90.0978 -1.02664 -0.373544 -0.91917 0.124866
-21.444 89.7623 -0.356302 -0.335297 -0.91537 0.222875
-20.6991 89.6381 0.461989 -0.394931 -0.895965 0.203166
-20.4139 89.7815 1.77703 -0.369015 -0.90968 0.190552
-20.7387 90.0645 2.94019 -0.300777 -0.945212 0.117529
-21.4788 90.354 3.84966 -0.220458 -0.964502 0.145377
-22.2867 90.5615 4.66975 -0.0811933 -0.976355 -0.200348
-23.1386 90.4828 5.3987 0.0439671 -0.976318 -0.167756
-24.0356 90.2998 6.12829 0.0528653 -0.978452 -0.199592
-24.736 90.1408 6.72216 0.167878 -0.950454 -0.231182
-25.411 89.723 7.18567 0.335627 -0.838963 -0.425163
-26.2701 88.9619 7.84999 0.375766 -0.810332 -0.449583
-26.966 88.4179 8.35303 0.337208 -0.834871 -0.435056
-27.6169 87.7569 8.97886 0.315045 -0.791567 -0.523273
-28.1916 87.0263 9.69204 0.312029 -0.744336 -0.590425
-28.6438 86.1745 10.5919 0.254367 -0.747851 -0.613201
-28.9718 85.5127 11.4489 0.1594 -0.823544 -0.544395
-29.2413 84.8344 12.5677 0.118401 -0.866292 -0.485304
-29.3728 84.301 13.4671 0.0786591 -0.873867 -0.477659
-29.4894 83.8198 14.3725 0.0377642 -0.882322 -0.46913
-29.5679 83.3524 15.2574 0.00306067 -0.896115 -0.443792
-29.6222 82.8065 16.3484 -0.0203271 -0.907275 -0.418218
-29.7875 82.321 17.3759 -0.086323 -0.891125 -0.445471
-29.9665 81.8206 18.3974 -0.0977617 -0.880231 -0.463893
-30.0826 81.2093 19.6062 -0.171389 -0.870705 -0.460785
-30.1772 80.6902 20.6415 -0.154958 -0.880133 -0.448724
-30.2513 80.2843 21.4435 -0.143748 -0.862534 -0.484885
-30.3426 79.7058 22.4648 -0.155846 -0.852678 -0.498608
-30.4662 79.2503 23.2624 -0.164362 -0.844083 -0.510402
-30.6333 78.5434 24.4861 -0.164405 -0.844377 -0.5099
-30.8856 77.9261 25.5426 -0.168843 -0.81723 -0.551024
-30.9605 77.8026 25.7488 -0.168843 -0.81723 -0.551023
-29.947 77.7178 25.598 -0.141933 -0.822699 -0.550474
-30.4176 77.0072 26.756 -0.161486 -0.812059 -0.560424
-30.8212 76.5749 27.5203 -0.151894 -0.807849 -0.56948
-31.5425 75.8463 28.7499 -0.151046 -0.810472 -0.565968
-32.4015 75.2707 29.8352 -0.137349 -0.825283 -0.547519
-33.1266 74.7921 30.7111 -0.108267 -0.826663 -0.551887
-34.2633 74.2637 31.7464 -0.0861223 -0.854868 -0.511315
-34.9866 73.9935 32.2933 -0.071634 -0.859574 -0.505896
-35.7225 73.7218 32.85 -0.011813 -0.865132 -0.501404
-36.4509 73.4518 33.4209 -0.0635997 -0.880896 -0.469017
-37.2641 73.0934 34.1594 -0.0215632 -0.869585 -0.493313
-37.9576 72.702 34.9556 -0.0230249 -0.891104 -0.453215
-38.4618 72.2286 35.8083 0.0251619 -0.886787 -0.461494
-38.8976 71.5817 37.0224 0.0201651 -0.89512 -0.444977
-39.3575 70.9896 38.3128 0.0371951 -0.909612 -0.413098
-39.8056 70.4922 39.3907 0.0842175 -0.929721 -0.357367
-40.2531 70.116 40.203 0.109439 -0.928261 -0.35524
-40.7574 69.7274 41.0915 0.114411 -0.931122 -0.346298
-41.4667 69.2858 41.983 0.131994 -0.921297 -0.365773
-42.0468 68.9494 42.6136 0.115624 -0.92297 -0.367094
-43.0766 68.5536 43.2986 0.111421 -0.926807 -0.358629
-44.2637 68.2436 43.7373 0.125254 -0.925909 -0.355986
-45.1937 68.0194 43.9484 0.139984 -0.924891 -0.353506
-46.283 67.8747 43.9668 0.109349 -0.924231 -0.365841
-47.2478 67.8182 43.7742 0.161801 -0.914657 -0.370127
-48.3547 67.6767 43.6228 0.145848 -0.91801 -0.368016
-49.4901 67.718 43.106 0.146485 -0.913026 -0.380692
-50.6136 67.7494 42.4677 0.197479 -0.921701 -0.333871
-51.5923 67.7035 42.0541 0.181988 -0.934625 -0.305543
-52.424 67.6684 41.663 0.198843 -0.937501 -0.28442
-53.6352 67.533 41.1118 0.234186 -0.936669 -0.260397
-54.7083 67.3771 40.6464 0.272204 -0.927551 -0.255927
-55.5668 67.2009 40.3402 0.311536 -0.916848 -0.249668
-56.4117 67.0111 39.9702 0.320016 -0.910247 -0.262673
-57.3725 66.862 39.3451 0.313905 -0.911565 -0.265542
-58.2771 66.7395 38.5697 0.339574 -0.912305 -0.228888
-59.2265 66.636 37.607 0.332182 -0.911362 -0.243051
-59.8544 66.6157 36.7985 0.345131 -0.912771 -0.21848
-60.5708 66.6066 35.7226 0.339485 -0.909557 -0.239006
-61.0686 66.7103 34.6826 0.346444 -0.904448 -0.248898
-61.3744 66.8434 33.7719 0.34599 -0.904761 -0.248391
-61.4481 67.1534 32.6448 0.357308 -0.89137 -0.278268
-61.4186 67.465 31.6805 0.373716 -0.887377 -0.269945
-61.2982 67.9122 30.3646 0.373288 -0.886605 -0.273016
-61.2165 68.3085 29.2297 0.389728 -0.878059 -0.277473
-61.0114 68.7135 28.1917 0.394892 -0.880147 -0.263399
-61.0087 69.0409 27.0389 0.45337 -0.853263 -0.257679
-60.9724 69.3641 26.0147 0.458355 -0.851357 -0.254594
-61.3085 69.668 24.4677 0.466346 -0.845447 -0.260245
-61.6313 69.8925 23.1143 0.472115 -0.846447 -0.246237
-61.8629 70.0183 22.2416 0.467417 -0.846285 -0.255405
-62.0323 70.1982 21.3451 0.460028 -0.850403 -0.255322
-62.2315 70.3722 20.3934 0.473556 -0.842022 -0.256633
-62.509 70.5187 19.4448 0.489299 -0.835083 -0.250313
-62.3611 71.0505 17.8746 0.472629 -0.846793 -0.244016
-62.2482 71.4185 16.7642 0.481414 -0.846823 -0.226123
-62.0485 71.7716 15.8635 0.48834 -0.845022 -0.217859
-61.8486 72.1595 14.7876 0.486341 -0.850773 -0.199143
-61.6058 72.5418 13.7484 0.497256 -0.841466 -0.210565
-61.3154 72.9617 12.7984 0.504028 -0.841097 -0.196034
-61.0526 73.3827 11.5971 0.503569 -0.844578 -0.181942
-60.5928 73.9586 10.1842 0.508589 -0.842768 -0.176269
-60.3037 74.3215 9.29544 0.512597 -0.842946 -0.162687
-59.8929 74.7531 8.27218 0.531641 -0.834474 -0.144804
-59.3144 75.3412 6.94511 0.538553 -0.831757 -0.134662
-58.6673 75.8968 6.01456 0.532526 -0.836514 -0.129074
-57.9037 76.517 5.08721 0.535264 -0.835898 -0.121524
-57.2482 77.0439 4.25759 0.524498 -0.844325 -0.109624
-56.5416 77.554 3.7009 0.522485 -0.845782 -0.107996
-55.7348 78.1524 2.88157 0.518048 -0.848627 -0.10704
-55.0211 78.6508 2.37818 0.517649 -0.849127 -0.104966
-54.2608 79.1799 1.86547 0.520111 -0.847242 -0.10796
-53.1654 79.9485 1.13321 0.519418 -0.847286 -0.110956
-52.5136 80.4137 0.6433 0.498194 -0.859178 -0.116686
-51.8048 80.9592 -0.123189 0.521089 -0.838371 -0.159658
-51.1265 81.5065 -0.747056 0.526345 -0.836028 -0.154976
-50.4535 82.0295 -1.20747 0.521441 -0.835554 -0.173058
-49.7779 82.5774 -1.68426 0.536442 -0.820009 -0.199025
-49.1362 83.0938 -2.11834 0.556382 -0.793765 -0.245718
-48.4269 83.6816 -2.41117 0.554519 -0.810237 -0.175591
-47.648 84.7571 -3.23219 0.554204 -0.718853 -0.419652
-47.5424 85.9036 -3.70978 0.624 -0.414697 -0.661595
-47.5874 86.7066 -4.32418 0.63106 -0.487073 -0.603758
-47.4792 87.2343 -5.12103 0.143824 -0.987497 0.0645368
-47.1656 87.1862 -6.03787 0.110431 -0.983511 0.143217
-46.6967 87.075 -7.25332 0.0349126 -0.973577 0.195077
-46.3245 86.7815 -8.20147 0.0157971 -0.954805 0.296814
-45.74 86.4377 -9.10576 -0.0442126 -0.931423 0.361243
-45.1623 86.0819 -9.85268 -0.0117628 -0.88046 0.473941
-44.5866 85.7372 -10.4849 0.0189127 -0.891561 0.451068
-43.7373 85.4701 -11.0675 -0.0203498 -0.89974 0.435951
-42.8184 85.3216 -11.1994 0.0325591 -0.857909 0.512768
-41.8746 85.3291 -11.2466 0.0282763 -0.854669 0.518345
-40.6956 85.492 -11.0517 0.0480126 -0.896288 0.440866
-39.8455 85.742 -10.6991 0.103216 -0.886568 0.4506
-39.0601 86.1473 -10.075 0.108818 -0.895756 0.431021
-38.6012 86.5738 -9.19538 0.0831642 -0.944551 0.31766
-38.2789 86.9612 -8.24093 0.185202 -0.852627 0.470278
-38.0447 87.5043 -7.37153 0.100513 -0.93237 0.321557
-37.9181 87.7434 -6.45002 0.175535 -0.963039 0.203089
-37.8583 87.9124 -5.53737 0.230527 -0.963891 0.133312
-37.8214 88.0471 -4.62671 0.217365 -0.970517 0.0962017
-37.6123 88.1196 -3.32063 0.274857 -0.960472 -0.0410648
-37.4358 88.1233 -1.62623 0.360501 -0.923161 -0.0986153
-36.7767 88.286 -0.640724 0.563391 -0.818196 -0.114655
-36.0929 88.4804 0.215305 0.431249 -0.858542 -0.277363
-35.209 88.6964 0.818345 0.396832 -0.8392 -0.371844
-34.1422 89.1195 0.888122 0.34584 -0.871198 -0.348403
-32.9186 89.5838 0.804518 0.262142 -0.90989 -0.320056
-31.9202 89.9921 0.444426 0.238926 -0.924389 -0.297354
-31.0666 90.2702 0.207957 0.204537 -0.937843 -0.280383
-30.0997 90.5416 -0.110726 0.150367 -0.960709 -0.233042
-29.2029 90.7547 -0.570467 0.0817663 -0.980386 -0.179323
-28.3354 90.8748 -0.98241 0.0531652 -0.984339 -0.168074
-27.3397 90.9689 -1.31333 -0.00193526 -0.982443 -0.186478
-26.1013 90.9594 -1.85299 -0.138162 -0.988795 -0.0531834
-25.0588 90.8205 -2.0165 -0.144897 -0.989034 -0.026433
-24.1872 90.5416 -2.21142 -0.289068 -0.953257 0.0879842
-23.1701 90.2004 -2.24416 -0.391681 -0.916054 0.086203
-22.2319 89.8276 -1.94281 -0.382619 -0.917609 0.10554
-21.2547 89.4536 -1.40306 -0.405037 -0.907678 0.109792
-20.4673 89.2573 -0.776318 -0.386891 -0.89972 0.201313
-19.7979 89.1955 0.289786 -0.404474 -0.890886 0.206696
-19.5655 89.2973 1.17098 -0.389519 -0.900668 0.192542
-19.5613 89.6129 2.5801 -0.339598 -0.920436 0.186132
-20.2792 90.1212 4.06242 -0.255894 -0.949276 0.174936
-20.9749 90.3819 4.75059 -0.197154 -0.973326 0.0455763
-21.6314 90.4258 5.43767 -0.0128497 -0.994313 -0.105724
-22.3709 90.3721 6.03305 -0.0182078 -0.996 -0.0847375
-23.2381 90.2106 6.67939 0.123782 -0.963721 -0.219297
-23.8236 90.0385 7.34326 0.100663 -0.925623 -0.336414
-24.6631 89.6248 7.83863 0.175316 -0.894326 -0.408879
-25.304 89.135 8.33833 0.374732 -0.807766 -0.455071
-25.9541 88.594 8.79866 0.336614 -0.836234 -0.432901
-26.5502 88.0464 9.22709 0.352636 -0.776545 -0.522018
-27.1336 87.3371 9.85403 0.33563 -0.726877 -0.597965
-27.474 86.722 10.4444 0.298991 -0.745762 -0.595322
-28.0269 85.7079 11.4178 0.211313 -0.776323 -0.587294
-28.2676 85.1392 12.2761 0.134821 -0.864432 -0.484336
-28.3968 84.5633 13.1545 0.0246498 -0.853598 -0.52035
-28.5387 83.7849 14.4142 -0.00362661 -0.862961 -0.503903
-28.6376 83.242 15.4076 -0.0299284 -0.875332 -0.482596
-28.57 82.7455 16.3458 -0.060503 -0.889895 -0.452126
-28.7672 82.258 17.3252 -0.0856043 -0.878283 -0.469406
-28.9279 81.8101 18.1746 -0.111244 -0.871591 -0.477445
-29.0807 81.3086 19.1407 -0.114819 -0.877665 -0.465318
-29.2084 80.796 20.1223 -0.129947 -0.877677 -0.461015
-29.2877 80.3778 20.9692 -0.152817 -0.868056 -0.471411
-29.319 79.8998 21.8028 -0.161965 -0.850862 -0.499801
-29.388 79.4025 22.6607 -0.165811 -0.844074 -0.509947
-29.6287 78.8212 23.705 -0.154976 -0.853735 -0.496961
-29.7719 78.1765 24.8559 -0.135725 -0.853806 -0.502588
-29.7801 78.1532 24.8977 -0.140799 -0.839049 -0.524819
-29.94 77.734 25.5719 -0.143903 -0.823496 -0.548762
