-47.3294 81.1341 21.1861 0.309359 -0.895974 -0.293293
-46.6653 81.5269 20.1674 0.217853 -0.945371 -0.241452
-46.4398 81.8039 19.2609 0.232315 -0.943121 -0.234839
-46.9531 81.8726 18.4982 0.193895 -0.958975 -0.206813
-47.4682 81.5963 19.2443 0.19852 -0.953756 -0.225527
-47.6206 81.2495 20.3914 0.217854 -0.945372 -0.241447
-47.6691 80.9515 21.2402 0.394664 -0.842524 -0.366597
-48.5445 80.5512 21.2175 0.423108 -0.838573 -0.341023
-48.4553 81.0913 19.7838 0.42803 -0.872093 -0.234142
-48.1428 81.5391 18.5039 0.392216 -0.895841 -0.208544
-47.7032 81.8633 17.7401 0.277861 -0.948552 -0.134759
-47.0419 82.1284 16.949 0.221163 -0.962293 -0.157657
-46.3002 82.4297 16.2358 0.222133 -0.962539 -0.155083
-45.5911 82.6834 15.6063 0.213255 -0.965634 -0.148572
-45.3482 82.5486 16.829 0.215732 -0.963112 -0.160389
-45.5036 82.2837 18.1095 0.218622 -0.960508 -0.172129
-45.5621 82.0183 19.3474 0.236192 -0.953345 -0.188006
-45.727 81.7307 20.3535 0.267179 -0.933015 -0.241035
-46.0717 81.4063 21.2251 0.168841 -0.931804 -0.321301
-46.7685 80.933 22.1666 0.257095 -0.886015 -0.375749
-47.545 80.3252 22.8168 0.335519 -0.846636 -0.41272
-48.3805 80.1566 22.3227 0.402449 -0.841521 -0.360385
-48.5444 80.4395 21.4745 0.395308 -0.844504 -0.361264
-49.3644 80.0105 21.4341 0.466611 -0.824231 -0.320485
-49.2375 79.6832 22.4711 0.403029 -0.833339 -0.377812
-48.9695 79.407 23.3057 0.430481 -0.80407 -0.410071
-48.6826 79.0858 24.2417 0.405118 -0.80707 -0.42827
-47.8423 79.4489 24.2699 0.349624 -0.828571 -0.437302
-46.9266 80.1862 23.5731 0.335127 -0.839229 -0.428235
-46.239 80.7161 22.9832 0.160465 -0.906009 -0.390971
-45.5062 81.198 22.1065 0.173807 -0.909289 -0.377733
-45.0767 81.5412 21.3909 0.208821 -0.929233 -0.304829
-44.8074 81.8768 20.5442 0.160655 -0.94967 -0.267037
-44.6815 82.118 19.6779 0.137434 -0.964196 -0.2268
-44.647 82.3468 18.726 0.144104 -0.962139 -0.231202
-44.5444 82.5591 17.8081 0.227059 -0.958415 -0.172871
-44.3623 82.8025 16.5439 0.218652 -0.968027 -0.122946
-44.2055 82.9814 15.4586 0.192902 -0.973447 -0.121656
-44.0974 83.1571 14.0019 0.196767 -0.974973 -0.10349
-45.3393 82.8678 14.3066 0.213328 -0.972769 -0.0906122
-46.1895 82.6215 14.9339 0.217292 -0.971677 -0.092884
-46.8842 82.4063 15.5008 0.359072 -0.933096 -0.0146429
-47.5797 82.0986 16.1203 0.357008 -0.9319 -0.0640974
-48.2865 81.7421 16.9474 0.368736 -0.924437 -0.0972081
-48.9226 81.277 18.0999 0.433162 -0.879729 -0.196079
-49.2239 80.891 19.0853 0.452711 -0.854169 -0.255822
-49.3596 80.5675 19.9284 0.453933 -0.853888 -0.2546
-49.3956 80.2319 20.8441 0.451552 -0.834623 -0.315445
-49.3956 80.2156 20.8874 0.458239 -0.827258 -0.32477
-50.2145 79.7872 20.7992 0.464925 -0.819896 -0.334091
-50.1128 80.3346 19.3735 0.451482 -0.85445 -0.257058
-49.8884 80.7316 18.3971 0.437972 -0.876669 -0.199078
-49.638 81.0565 17.5088 0.432102 -0.88857 -0.145097
-49.242 81.3278 16.7405 0.406048 -0.905621 -0.122375
-48.6533 81.7099 15.8639 0.361315 -0.92602 -0.0938566
-47.9628 81.9863 15.2235 0.342292 -0.937845 -0.0456488
-47.2542 82.2728 14.6376 0.343205 -0.938123 -0.034792
-46.5088 82.5822 14.0174 0.322463 -0.94506 -0.0492532
-45.4061 82.9226 13.1738 0.218843 -0.974503 -0.0488989
-44.5138 83.1475 12.5049 0.213031 -0.975977 -0.0456313
-43.7525 83.3144 12.0699 0.154961 -0.986599 -0.0510834
-43.015 83.4246 12.18 0.177468 -0.981181 -0.069976
-42.9743 83.3855 13.2287 0.143205 -0.988671 -0.0434299
-43.1619 83.2767 14.4596 0.140505 -0.984848 -0.101649
-43.2685 83.1525 15.4142 0.16805 -0.979692 -0.109286
-43.3836 83.0324 16.3511 0.168376 -0.980119 -0.10496
-43.5127 82.9059 17.2407 0.22286 -0.96322 -0.147906
-43.6593 82.6013 18.3464 0.151029 -0.954235 -0.258118
-43.7291 82.3036 19.4892 0.131344 -0.959055 -0.249766
-43.862 81.9569 20.7168 0.124775 -0.95808 -0.257905
-44.1238 81.6538 21.6372 0.132004 -0.952204 -0.275339
-44.545 81.258 22.4343 0.168589 -0.903584 -0.393293
-45.0825 80.8716 23.0975 0.160474 -0.906008 -0.39097
-45.8841 80.3367 23.9474 0.156238 -0.895011 -0.417716
-46.5602 79.8212 24.5008 0.298555 -0.834684 -0.462783
-47.4276 79.1509 25.166 0.321903 -0.83354 -0.447975
-48.1101 78.4853 25.7576 0.385696 -0.791311 -0.47441
-48.7131 77.9531 26.1549 0.359074 -0.792385 -0.49226
-49.2132 78.1939 25.3173 0.427908 -0.768173 -0.47624
-49.5568 78.6773 24.1207 0.465381 -0.777719 -0.422581
-49.8367 78.9828 23.2271 0.464926 -0.796433 -0.38422
-50.0373 79.249 22.3617 0.500137 -0.791678 -0.350774
-50.1842 79.5624 21.3929 0.466611 -0.82423 -0.320486
-50.2114 79.7676 20.8514 0.464925 -0.819895 -0.334091
-51.0286 79.2243 20.8845 0.523634 -0.792103 -0.313626
-50.9168 78.8179 22.047 0.514625 -0.781453 -0.352614
-50.6614 78.5018 23.0894 0.517846 -0.775667 -0.360798
-50.398 78.2163 24.0428 0.492595 -0.772913 -0.398245
-50.1522 77.8909 24.8905 0.46422 -0.76672 -0.443441
-49.7497 77.3269 26.248 0.470949 -0.750399 -0.463798
-49.484 76.9869 27.0659 0.470705 -0.739762 -0.480701
-48.8904 76.9446 27.603 0.389258 -0.770752 -0.504399
-48.1121 77.693 26.9846 0.332101 -0.804384 -0.492621
-47.3096 78.4391 26.345 0.327662 -0.782583 -0.529145
-46.4731 79.215 25.6277 0.284219 -0.813015 -0.50816
-45.5894 79.8936 24.8983 0.175209 -0.866161 -0.468047
-44.7278 80.4591 24.1019 0.151251 -0.893335 -0.423174
-43.9328 80.9834 23.2716 0.147174 -0.895338 -0.420369
-43.406 81.4186 22.5002 0.153395 -0.902102 -0.403339
-43.0988 81.7946 21.6626 0.136621 -0.953425 -0.268913
-42.8403 82.1653 20.4032 0.123565 -0.961833 -0.243786
-42.769 82.4669 19.3039 0.111912 -0.958027 -0.26393
-42.6913 82.7765 18.1844 0.107784 -0.961725 -0.251927
-42.4973 83.1235 16.8187 0.122801 -0.977007 -0.162652
-42.3745 83.2416 15.9238 0.153793 -0.98213 -0.108482
-42.2942 83.3449 15.0264 0.145801 -0.984226 -0.100209
-42.1207 83.4819 13.8007 0.134015 -0.98785 -0.0786934
-41.9062 83.644 12.3457 0.199333 -0.973817 -0.109301
-42.2938 83.6703 11.0909 0.191906 -0.977059 -0.0898372
-43.1946 83.5468 10.6093 0.201028 -0.973348 -0.110329
-44.2262 83.2837 11.0779 0.192172 -0.975876 -0.103618
-45.181 83.0365 11.8024 0.205324 -0.977214 -0.053024
-46.0223 82.8281 12.4432 0.238282 -0.965953 -0.0869333
-46.9562 82.4674 13.1679 0.293553 -0.952019 -0.0748326
-47.6703 82.1862 13.7428 0.333585 -0.940459 -0.065252
-48.6308 81.8062 14.5461 0.317762 -0.946972 -0.0476569
-49.4941 81.3916 15.4234 0.406134 -0.905827 -0.12055
-49.9918 81.0628 16.2138 0.432087 -0.893021 -0.122381
-50.4173 80.7147 17.1254 0.458133 -0.880418 -0.122388
-50.6961 80.2911 18.2298 0.584025 -0.789249 -0.184893
-50.9925 79.7988 19.4958 0.500618 -0.815597 -0.287041
-51.0317 79.4263 20.3623 0.520883 -0.793818 -0.313881
-51.8486 78.9672 19.9839 0.617793 -0.744312 -0.253636
-51.7958 79.3036 19.1077 0.621547 -0.749701 -0.227218
-51.5566 79.6911 18.1681 0.580156 -0.800503 -0.150061
-51.3605 80.0495 17.299 0.579823 -0.775729 -0.249099
-51.0167 80.5376 16.2447 0.481733 -0.86442 -0.138193
-50.6293 80.8487 15.4521 0.437821 -0.891849 -0.113659
-50.0406 81.2451 14.5537 0.418082 -0.902643 -0.101846
-49.2035 81.6515 13.7705 0.322503 -0.94545 -0.0460078
-48.27 82.0382 12.9998 0.329271 -0.939387 -0.0955599
-47.1267 82.5271 12.1015 0.326148 -0.940689 -0.0934467
-45.9223 82.9343 11.1733 0.193732 -0.977294 -0.0858195
-45.1002 83.159 10.5299 0.2119 -0.972583 -0.0958179
-44.3793 83.3713 9.96895 0.20204 -0.974229 -0.0997107
-43.2548 83.7028 9.45432 0.211671 -0.962515 -0.169588
-42.1028 83.835 9.9592 0.174081 -0.972333 -0.155773
-41.2728 83.9204 10.6436 0.175519 -0.980947 -0.0771066
-40.8825 83.8962 11.6469 0.144015 -0.986235 -0.0812259
-41.0106 83.7544 12.8378 0.158897 -0.978804 -0.128251
-41.1502 83.6215 13.7278 0.138857 -0.987091 -0.0798105
-41.3254 83.5094 14.8099 0.136433 -0.98747 -0.0792612
-41.4489 83.3397 16.2236 0.0749889 -0.989057 -0.126129
-41.6045 83.1222 17.201 0.0878737 -0.972197 -0.217053
-41.7659 82.8731 18.2073 0.0924551 -0.960639 -0.261644
-41.8453 82.488 19.578 0.08186 -0.963828 -0.253335
-41.9032 82.2648 20.4927 0.0661202 -0.971981 -0.225568
-42.0544 81.963 21.4719 0.0484614 -0.931814 -0.359686
-42.4512 81.4029 22.814 0.0955199 -0.885547 -0.452539
-42.9913 80.8974 23.6585 0.0379366 -0.894344 -0.445768
-43.6441 80.5162 24.3678 0.0925543 -0.894843 -0.433064
-44.3919 79.9954 25.065 0.144373 -0.855525 -0.497226
-45.3534 79.349 25.8876 0.140721 -0.842617 -0.519802
-46.2158 78.6806 26.604 0.179237 -0.817187 -0.547795
-46.8889 78.0605 27.2057 0.326557 -0.806471 -0.492914
-47.5401 77.4601 27.7394 0.3305 -0.787312 -0.52049
-48.4223 76.5339 28.5317 0.354424 -0.769161 -0.531767
-49.035 75.7096 29.3165 0.33275 -0.779918 -0.530099
-49.3682 75.0726 30.0096 0.330302 -0.760508 -0.55903
-49.776 75.4083 29.2015 0.430174 -0.764721 -0.479134
-49.9474 75.8389 28.3878 0.44509 -0.749341 -0.490289
-50.246 76.3773 27.2578 0.47071 -0.739764 -0.480694
-50.5576 76.8506 26.1983 0.473177 -0.746564 -0.467665
-50.8012 77.2096 25.3431 0.507583 -0.739552 -0.442066
-51.1228 77.5941 24.2319 0.571811 -0.725018 -0.383862
-51.5018 77.9993 22.9205 0.583175 -0.718554 -0.378635
-51.7477 78.28 21.9132 0.596641 -0.733789 -0.324384
-51.8504 78.6491 20.8317 0.604169 -0.734528 -0.308946
-51.8534 78.8168 20.4146 0.615562 -0.738118 -0.275201
-52.6657 78.1883 20.2831 0.615554 -0.738121 -0.275208
-52.6154 77.8575 21.2157 0.607975 -0.735751 -0.298321
-52.4849 77.596 22.1045 0.596638 -0.733795 -0.324377
-52.2309 77.3329 23.0385 0.593858 -0.715097 -0.368739
-51.7622 76.8815 24.637 0.571123 -0.728029 -0.379199
-51.5181 76.6215 25.5039 0.539352 -0.733791 -0.410632
-51.2497 76.2377 26.4689 0.505578 -0.744605 -0.435838
-51.0357 75.8692 27.2797 0.467874 -0.753699 -0.461554
-50.8284 75.4377 28.2003 0.458647 -0.764221 -0.453435
-50.6794 74.7969 29.419 0.41533 -0.780437 -0.467354
-50.6594 74.301 30.2582 0.44391 -0.773471 -0.451927
-50.1658 73.8083 31.4283 0.379853 -0.790435 -0.480121
-49.3475 74.0508 31.5793 0.320617 -0.810102 -0.490856
-48.8809 74.5647 31.0352 0.328777 -0.803325 -0.496406
-48.5072 75.1814 30.3646 0.326311 -0.762488 -0.558688
-48.0076 75.974 29.5725 0.32923 -0.771534 -0.544118
-47.3265 76.7768 28.815 0.219965 -0.767637 -0.601908
-46.6169 77.4632 28.1874 0.21495 -0.770184 -0.600511
-45.8751 78.1327 27.5222 0.189843 -0.800909 -0.567726
-45.2 78.6712 26.9467 0.125511 -0.807951 -0.575728
-44.3735 79.2788 26.2533 0.121232 -0.837222 -0.533257
-43.6551 79.7444 25.6429 0.0829321 -0.851383 -0.517931
-43.042 80.142 25.0924 0.0825627 -0.849311 -0.521396
-42.1106 80.7106 24.1083 0.0334751 -0.886959 -0.460324
-41.5587 81.2561 23.1902 0.0101789 -0.862698 -0.505617
-41.207 81.768 22.011 -0.0234258 -0.915137 -0.401459
-40.9928 82.2088 20.9162 -0.0070719 -0.918914 -0.392806
-40.9052 82.4747 19.9569 0.0836399 -0.966835 -0.241317
-40.845 82.7351 18.9851 0.0764209 -0.961936 -0.262325
-40.7953 82.9821 18.0815 0.0718982 -0.966764 -0.2449
-40.5521 83.324 16.7172 0.0334984 -0.974214 -0.219645
-40.4588 83.4954 15.5916 0.0749928 -0.989057 -0.126123
-40.291 83.6584 14.3724 0.0863054 -0.988323 -0.125576
-40.1148 83.8634 13.1195 0.191551 -0.969641 -0.152
-39.9356 84.0273 11.8366 0.177088 -0.982253 -0.0618045
-40.0709 84.1989 10.2788 0.220644 -0.955998 -0.193349
-41.1033 84.1067 9.50993 0.226562 -0.957849 -0.176422
-41.9462 84.0241 8.95352 0.175685 -0.972234 -0.15457
-43.0896 83.9328 8.27322 0.177377 -0.969247 -0.17058
-44.2702 83.5849 8.71489 0.242011 -0.949525 -0.199581
-45.0239 83.2974 9.25883 0.232594 -0.965433 -0.113714
-45.8002 83.0826 9.86991 0.178532 -0.978935 -0.0990584
-46.7014 82.8481 10.5698 0.260081 -0.955971 -0.105814
-47.4174 82.5198 11.1413 0.326628 -0.940806 -0.0905458
-48.1687 82.201 11.71 0.336157 -0.938392 -0.0751026
-49.0592 81.8343 12.4152 0.324162 -0.939953 -0.106142
-49.9377 81.4378 13.1231 0.378308 -0.920679 -0.0793935
-50.6241 81.0383 13.7921 0.458716 -0.883764 -0.0904045
-51.2531 80.611 14.6848 0.468452 -0.879884 -0.0797344
-51.6665 80.248 15.5433 0.547864 -0.833027 -0.0768823
-52.0052 79.8343 16.4683 0.572637 -0.781302 -0.248135
-52.2677 79.3248 17.5258 0.554001 -0.800802 -0.227594
-52.5084 78.873 18.5794 0.599342 -0.769303 -0.219132
-52.6443 78.4744 19.5257 0.587385 -0.757781 -0.28416
-52.6655 78.3294 19.869 0.602314 -0.751339 -0.268709
-53.4185 77.8955 19.4279 0.610789 -0.738027 -0.286797
-53.2435 78.423 18.2566 0.575203 -0.789697 -0.213357
-53.0453 78.8883 17.1328 0.583886 -0.778517 -0.230191
-52.7705 79.3902 16.0243 0.607231 -0.777103 -0.165472
-52.4322 79.7781 15.1675 0.552538 -0.829811 -0.0781973
-52.0452 80.1367 14.3159 0.54997 -0.825496 -0.125636
-51.4082 80.6668 13.3023 0.481987 -0.871301 -0.0923203
-50.6315 81.1393 12.5142 0.435821 -0.89837 -0.0546953
-49.9892 81.4783 11.9658 0.421148 -0.905502 -0.0519544
-49.3403 81.8121 11.4202 0.400817 -0.914778 -0.0442187
-48.4987 82.1575 10.7767 0.336149 -0.938394 -0.0751109
-47.7398 82.5026 10.193 0.361957 -0.928953 -0.0776774
-46.8485 82.9021 9.48974 0.287216 -0.953401 -0.0500061
-46.1215 83.0829 8.93447 0.213988 -0.976112 -0.0376117
-45.1072 83.4897 8.12304 0.259246 -0.947175 -0.188816
-43.9392 83.9335 7.30757 0.194906 -0.95947 -0.20354
-42.7337 84.1916 7.25285 0.199408 -0.957878 -0.206653
-41.9111 84.24 7.85196 0.199519 -0.961931 -0.186765
-40.9557 84.3241 8.52314 0.235207 -0.953571 -0.187093
-40.0613 84.4469 9.06452 0.249934 -0.948009 -0.197004
-39.2817 84.5077 9.53094 0.209637 -0.94681 -0.244139
-38.7884 84.3994 10.6629 0.223032 -0.96272 -0.153061
-39.0265 84.1837 11.9915 0.180887 -0.981521 -0.0624233
-39.2088 83.9136 13.3389 0.116247 -0.959026 -0.25837
-39.3572 83.6497 14.4882 -0.0277446 -0.994029 -0.105262
-39.493 83.5505 15.4295 -0.0169552 -0.989331 -0.140315
-39.6192 83.3444 16.5718 -0.00920396 -0.982489 -0.186096
-39.7453 83.1553 17.4918 -0.00402651 -0.977954 -0.208782
-39.8692 82.9409 18.465 0.0290398 -0.967107 -0.251423
-39.9222 82.6902 19.364 0.0494295 -0.962031 -0.26841
-40.0233 82.2914 20.791 0.0294607 -0.93922 -0.333289
-40.1595 81.8743 21.7218 0.025423 -0.913644 -0.40572
-40.3418 81.5097 22.5493 -0.0234387 -0.915138 -0.401454
-40.7042 80.9924 23.6291 -0.0441399 -0.890446 -0.452937
-41.1657 80.576 24.4427 0.0409146 -0.882698 -0.468129
-41.9227 80.0894 25.2811 0.00526595 -0.857676 -0.510818
-42.5892 79.6918 25.9028 0.0538093 -0.845042 -0.530847
-43.4752 79.133 26.6864 0.102268 -0.845336 -0.523864
-44.0887 78.6732 27.1862 0.13324 -0.803209 -0.580515
-44.9488 78.0477 27.8932 0.128128 -0.817418 -0.561615
-45.7402 77.3465 28.6402 0.159182 -0.795952 -0.584054
-46.3002 76.8206 29.128 0.215323 -0.772007 -0.598031
-46.9512 76.1402 29.7747 0.231762 -0.792166 -0.564588
-47.5396 75.3886 30.5659 0.244797 -0.78007 -0.575817
-48.0056 74.6713 31.3868 0.242051 -0.801022 -0.547517
-48.3597 74.0833 32.1071 0.230095 -0.811189 -0.537614
-49.071 73.3874 32.8073 0.297903 -0.81504 -0.496475
-49.928 73.2115 32.5853 0.309476 -0.806843 -0.50294
-50.877 73.1625 31.9659 0.369301 -0.799251 -0.473954
-51.4122 73.4598 31.0158 0.379851 -0.790435 -0.480123
-51.5136 74.0541 29.8419 0.443918 -0.773469 -0.451922
-51.5693 74.5901 28.8837 0.458665 -0.765796 -0.450758
-51.7604 75.2239 27.6214 0.458023 -0.763353 -0.455531
-51.9439 75.6191 26.7172 0.508417 -0.743168 -0.434987
-52.3 76.0901 25.3666 0.56416 -0.734384 -0.377363
-52.5531 76.3265 24.5319 0.574103 -0.730609 -0.369349
-52.8601 76.6079 23.4636 0.584023 -0.726065 -0.362947
-53.1118 76.8632 22.4998 0.630214 -0.700502 -0.334856
-53.3372 77.1814 21.4098 0.618243 -0.717609 -0.3196
-53.4384 77.5651 20.2326 0.611023 -0.736132 -0.291137
-53.4419 77.6889 19.9098 0.610789 -0.738028 -0.286797
-54.2058 77.1294 19.7039 0.629141 -0.741226 -0.232705
-54.1707 76.8189 20.5638 0.618638 -0.728136 -0.295136
-53.9596 76.392 21.96 0.595256 -0.733542 -0.3272
-53.7454 76.1488 22.9262 0.583207 -0.745382 -0.322846
-53.5364 75.9346 23.7827 0.572158 -0.743355 -0.345806
-53.2529 75.6848 24.7312 0.56135 -0.740344 -0.369743
-52.9662 75.4299 25.6569 0.562464 -0.735594 -0.377539
-52.6962 75.13 26.6435 0.555779 -0.746615 -0.36518
-52.5179 74.6659 27.7351 0.476406 -0.771706 -0.421317
-52.4246 74.2645 28.5616 0.461864 -0.764109 -0.450353
-52.3752 73.7392 29.5357 0.44053 -0.79645 -0.414246
-52.3353 73.1982 30.5905 0.425946 -0.792821 -0.435895
-52.2097 72.7059 31.6058 0.414361 -0.790525 -0.450603
-51.6961 72.5305 32.4242 0.392647 -0.821138 -0.414151
-50.8758 72.5836 33.0307 0.331302 -0.826216 -0.454989
-49.8576 72.6545 33.5798 0.307283 -0.821835 -0.479755
-49.0209 72.7107 33.9682 0.259703 -0.824083 -0.50343
-48.1082 73.1863 33.6258 0.227638 -0.83367 -0.503166
-47.6892 73.7684 32.8873 0.241236 -0.819058 -0.520528
-47.2558 74.476 31.9973 0.227071 -0.804276 -0.549162
-46.8207 75.1739 31.1821 0.237992 -0.790676 -0.564085
-46.1861 75.9556 30.3215 0.195154 -0.792755 -0.577456
-45.5904 76.5536 29.7052 0.197631 -0.789589 -0.58094
-44.7999 77.2853 28.9813 0.159679 -0.796573 -0.583072
-44.1206 77.8552 28.3489 0.111536 -0.813852 -0.570267
-43.286 78.4178 27.6361 0.037291 -0.827544 -0.56016
-42.4713 78.9757 26.9933 0.0307922 -0.779971 -0.625057
-41.7534 79.406 26.3487 -0.0390362 -0.849969 -0.525385
-40.8739 79.9078 25.4951 -0.0533515 -0.834335 -0.54827
-40.2674 80.3466 24.7441 -0.0742465 -0.833743 -0.547138
-39.8128 80.7867 23.9455 -0.0621017 -0.873338 -0.481785
-39.5056 81.2435 23.0122 -0.0461642 -0.891802 -0.450065
-39.2548 81.7282 22.0776 -0.0433643 -0.876653 -0.479165
-39.1014 82.1678 21.1336 0.0305489 -0.914219 -0.404068
-39.0109 82.5488 19.9246 -0.034555 -0.958397 -0.283339
-38.9006 82.9207 18.5742 -0.0539268 -0.963198 -0.263329
-38.8014 83.1594 17.5534 0.00228297 -0.9829 -0.183006
-38.694 83.3201 16.6138 -0.0176829 -0.983441 -0.180022
-38.5552 83.533 15.4368 -0.0351679 -0.985187 -0.167836
-38.3742 83.7589 14.2739 0.111574 -0.958404 -0.262703
-38.2355 84.0473 13.2806 0.113905 -0.958716 -0.260536
-38.126 84.2355 12.3598 0.137247 -0.974544 -0.17728
-37.9655 84.4427 11.4708 0.155419 -0.962895 -0.220631
-37.758 84.6791 10.4789 0.282495 -0.935058 -0.214157
-37.843 84.9932 9.24495 0.263816 -0.915104 -0.304937
-38.6609 84.8394 8.77758 0.266668 -0.92953 -0.247588
-39.833 84.6958 8.15806 0.250811 -0.947763 -0.197076
-40.7054 84.5786 7.60786 0.252345 -0.94445 -0.209981
-41.6256 84.5034 6.92761 0.236102 -0.943266 -0.233463
-42.8746 84.4401 5.9653 0.199642 -0.95774 -0.207069
-43.8669 84.1754 6.07859 0.28579 -0.944651 -0.158905
-45.0207 83.731 6.86585 0.263983 -0.951729 -0.156601
-46.098 83.2762 7.69912 0.31764 -0.942719 -0.100598
-47.0387 82.9057 8.45489 0.335553 -0.936093 -0.0982959
-47.8142 82.5549 9.09003 0.360388 -0.930707 -0.062489
-48.545 82.2237 9.64654 0.379553 -0.92342 -0.0568742
-49.2835 81.8875 10.1889 0.378573 -0.923851 -0.0563979
-50.2439 81.4058 10.9576 0.449895 -0.892179 -0.0401315
-51.1318 80.9248 11.7161 0.454502 -0.889843 -0.0395772
-51.8061 80.5453 12.3709 0.471065 -0.87912 -0.0662054
-52.478 80.0317 13.2647 0.532039 -0.8376 -0.122127
-52.8334 79.6535 14.0395 0.570036 -0.809146 -0.142625
-53.2429 79.2682 14.85 0.548772 -0.830207 -0.0962605
-53.6154 78.7464 16.026 0.598382 -0.780861 -0.178548
-53.8437 78.3004 17.0961 0.594243 -0.775645 -0.211638
-54.0359 77.7489 18.2703 0.647304 -0.724473 -0.236933
-54.1655 77.3507 19.1357 0.647245 -0.724722 -0.236331
-54.8895 76.8764 18.7171 0.61104 -0.757729 -0.229078
-54.7622 77.2461 17.8643 0.613667 -0.74972 -0.246276
-54.5873 77.758 16.8205 0.63189 -0.732466 -0.253393
-54.3817 78.1877 15.7712 0.623488 -0.760572 -0.180939
-54.0416 78.7239 14.6393 0.60496 -0.777226 -0.171381
-53.5298 79.2582 13.4696 0.5888 -0.799437 -0.118374
-53.0042 79.7774 12.4287 0.569987 -0.816099 -0.0953822
-52.3873 80.266 11.5917 0.53975 -0.838223 -0.077796
-51.6939 80.6645 10.9806 0.459178 -0.884975 -0.0700844
-50.8956 81.1363 10.2989 0.44043 -0.893546 -0.0871645
-50.2264 81.5178 9.75526 0.412276 -0.907649 -0.0715796
-49.4861 81.8641 9.16812 0.38633 -0.920543 -0.057554
-48.7952 82.1913 8.66889 0.386798 -0.919378 -0.0716287
-47.9044 82.6143 7.96986 0.370448 -0.92268 -0.106909
-47.1602 82.971 7.35609 0.301914 -0.948827 -0.092543
-46.4476 83.2594 6.75492 0.302742 -0.948206 -0.0961914
-45.6018 83.6606 6.11781 0.325981 -0.932464 -0.155718
-44.8269 83.9867 5.54124 0.280754 -0.94977 -0.137446
-44.0653 84.3322 4.96224 0.30086 -0.921003 -0.247462
-43.032 84.7783 4.59336 0.283158 -0.918385 -0.273323
-42.202 84.7716 5.31282 0.246293 -0.930608 -0.269324
-41.4076 84.8045 5.9494 0.23269 -0.94039 -0.248035
-40.6113 84.8534 6.56536 0.270479 -0.934569 -0.230291
-39.7121 84.9702 7.20674 0.277453 -0.927831 -0.248701
-38.8294 85.0845 7.7 0.297464 -0.916395 -0.26578
-37.685 85.3386 8.24401 0.329044 -0.905534 -0.267839
-36.8211 85.5095 8.60189 0.273083 -0.910614 -0.310174
-36.5678 85.246 9.59381 0.275463 -0.917157 -0.2864
-36.9136 84.784 11.0088 0.238674 -0.941049 -0.239711
-37.0911 84.4719 11.9593 0.194159 -0.949351 -0.242626
-37.2557 84.2085 13.012 0.0801876 -0.957372 -0.277504
-37.4016 83.8503 14.2274 0.074134 -0.963337 -0.257704
-37.6321 83.5068 15.6614 0.0706355 -0.980541 -0.183168
-37.7803 83.2781 16.9593 0.0518755 -0.988249 -0.143782
-37.8747 83.0827 17.93 0.0166064 -0.945635 -0.324806
-37.9836 82.7666 18.95 -0.0538462 -0.963281 -0.263042
-38.0823 82.3996 20.3161 -0.0441644 -0.96088 -0.273046
-38.1664 82.0363 21.334 -0.0871723 -0.917987 -0.383971
-38.3231 81.5571 22.305 -0.0396806 -0.88093 -0.47147
-38.5253 81.1538 23.0906 -0.0402723 -0.888659 -0.456706
-38.894 80.5418 24.2648 -0.0530157 -0.866249 -0.496792
-39.4777 79.9903 25.2478 -0.034137 -0.858785 -0.511136
-40.0399 79.5887 25.9358 -0.0210209 -0.79911 -0.600817
-40.9749 79.0458 26.8031 -0.101791 -0.825025 -0.555853
-41.6417 78.6665 27.4093 0.0202282 -0.772628 -0.634537
-42.5167 78.1002 28.1137 0.00199945 -0.809133 -0.587489
-43.3343 77.6147 28.8022 -0.0100239 -0.790002 -0.611992
-44.198 76.8777 29.6026 0.0574987 -0.756212 -0.651796
-44.8749 76.2932 30.2658 0.0648274 -0.79101 -0.607631
-45.4675 75.6929 30.9052 0.188151 -0.782624 -0.593379
-45.9446 75.1087 31.5664 0.163655 -0.811626 -0.560785
-46.3968 74.4273 32.4237 0.182094 -0.810403 -0.554985
-46.7805 73.7992 33.1844 0.209438 -0.814888 -0.539983
-47.2436 73.081 34.1707 0.196018 -0.840868 -0.504497
-47.893 72.4349 34.9484 0.217402 -0.833044 -0.508699
-48.8327 72.183 34.9543 0.22102 -0.831512 -0.509645
-49.8907 72.1342 34.4646 0.304737 -0.829246 -0.46847
-50.6869 72.0801 34.0435 0.310174 -0.831309 -0.461213
-51.6013 72.0172 33.5488 0.344385 -0.835096 -0.425584
-52.4833 71.9128 32.9019 0.387465 -0.827873 -0.405264
-53.0355 72.0823 32.025 0.397824 -0.821522 -0.408458
-53.1523 72.4924 31.0776 0.411592 -0.808018 -0.420837
-53.215 73.0354 29.9512 0.472068 -0.785214 -0.40022
-53.2392 73.6286 28.8094 0.488859 -0.773 -0.404232
-53.3936 74.2623 27.477 0.525668 -0.762149 -0.374023
-53.4923 74.5845 26.5759 0.549092 -0.75764 -0.352817
-53.7805 74.8839 25.5076 0.562923 -0.735616 -0.376811
-54.159 75.2291 24.2626 0.589331 -0.734121 -0.334225
-54.4437 75.4825 23.1302 0.623065 -0.713346 -0.320822
-54.6516 75.7091 22.2582 0.608188 -0.722997 -0.327271
-54.8831 76.0902 20.8312 0.617171 -0.740637 -0.265626
-54.9466 76.3789 19.954 0.635441 -0.716476 -0.287884
-54.9446 76.6918 19.1809 0.623176 -0.737075 -0.258692
-55.7031 76.1205 18.9598 0.626235 -0.727558 -0.279763
-55.6039 76.5066 18.1329 0.612671 -0.746745 -0.257688
-55.4747 76.8775 17.2723 0.595448 -0.766971 -0.23916
-55.2219 77.4427 15.9773 0.63189 -0.753983 -0.179514
-55.0089 77.8529 15.0295 0.625374 -0.758014 -0.184804
-54.7483 78.2387 14.242 0.611978 -0.780686 -0.126537
-54.404 78.6265 13.3877 0.588798 -0.799438 -0.118374
-54.0372 79.0328 12.5724 0.583507 -0.802056 -0.127074
-53.6739 79.381 11.8057 0.575042 -0.813827 -0.0837335
-53.1945 79.7688 11.1202 0.560791 -0.826781 -0.0441178
-52.5807 80.226 10.523 0.523378 -0.850414 -0.0535957
-51.9751 80.6317 9.99032 0.511818 -0.858648 -0.0236189
-50.824 81.2646 9.0006 0.449806 -0.891941 -0.0459963
-49.8368 81.7702 8.28165 0.433749 -0.898566 -0.0605911
-48.9623 82.2403 7.61632 0.382677 -0.914303 -0.132695
-48.3054 82.5802 7.07811 0.351157 -0.929474 -0.110848
-47.2122 83.0735 6.18934 0.325298 -0.940688 -0.0932101
-46.0117 83.6697 5.22401 0.330275 -0.929287 -0.16536
-45.1432 84.0769 4.58817 0.297529 -0.924627 -0.237783
-44.3471 84.5029 3.96767 0.309904 -0.919836 -0.240543
-43.5655 84.9515 3.34345 0.339151 -0.900439 -0.271443
-42.7811 85.2108 3.40128 0.334728 -0.897953 -0.285242
-42.053 85.1735 4.21762 0.269508 -0.913491 -0.304794
-41.2026 85.1611 4.9729 0.249027 -0.915713 -0.315364
-40.2665 85.2323 5.74121 0.351316 -0.89368 -0.27913
-39.0611 85.3239 6.62445 0.346984 -0.868543 -0.350979
-38.2711 85.509 7.02991 0.387379 -0.844977 -0.368716
-37.2071 85.79 7.49721 0.356128 -0.843652 -0.399918
-36.1345 86.0622 7.79377 0.323875 -0.842892 -0.42961
-35.3106 86.2019 8.11197 0.333796 -0.870562 -0.361526
-35.4162 85.7569 9.08618 0.299745 -0.890944 -0.337999
-35.6826 85.4174 9.95864 0.237238 -0.926558 -0.286519
-35.9306 85.0688 10.84 0.185207 -0.927108 -0.325616
-36.1652 84.6747 11.9285 0.152075 -0.942858 -0.296467
-36.3073 84.3289 12.9916 0.13111 -0.956998 -0.258777
-36.3928 84.0605 13.9302 0.137852 -0.954503 -0.264413
-36.5743 83.6916 15.1072 0.0872673 -0.956749 -0.276553
-36.7392 83.4002 16.2448 0.0210174 -0.982771 -0.174598
-36.8585 83.2506 17.4731 0.0260146 -0.992716 -0.117598
-36.9396 82.9472 18.3576 0.00427899 -0.943691 -0.3308
-37.0449 82.5879 19.4665 -0.00827559 -0.959517 -0.279316
-37.1241 82.3381 20.3526 -0.0468438 -0.927541 -0.370774
-37.2449 81.8037 21.6258 -0.0807107 -0.905809 -0.415928
-37.4789 81.2146 22.8645 -0.074271 -0.885455 -0.458752
-37.6893 80.8144 23.6477 -0.122812 -0.854516 -0.50421
-38.0924 80.1885 24.7644 -0.103278 -0.850906 -0.515064
-38.6261 79.7028 25.6297 -0.0774531 -0.844651 -0.529685
-39.3528 79.1452 26.4918 -0.0486329 -0.792338 -0.608141
-40.064 78.7272 27.1093 -0.0976497 -0.808978 -0.578973
-41.0894 78.1431 28.0442 -0.0671998 -0.788958 -0.610114
-41.9644 77.6177 28.7626 -0.0436456 -0.795399 -0.603886
-42.7704 77.1036 29.4064 0.000736534 -0.761191 -0.648341
-43.4339 76.5612 30.0501 0.0167274 -0.791836 -0.610364
-44.2321 75.901 30.8919 0.0955319 -0.792184 -0.602179
-44.8691 75.2426 31.6306 0.119511 -0.80314 -0.583508
-45.3665 74.5421 32.5087 0.141974 -0.81002 -0.568837
-45.7351 73.9955 33.2158 0.141627 -0.81871 -0.556467
-46.0876 73.4018 34.0262 0.137058 -0.838855 -0.526797
-46.6232 72.6233 35.1225 0.161823 -0.829523 -0.533922
-47.5613 71.8807 36.0886 0.170273 -0.886255 -0.430765
-48.4792 71.7005 36.0209 0.208392 -0.872185 -0.442553
-49.5572 71.6756 35.5649 0.211448 -0.869032 -0.447295
-50.6048 71.5977 35.0164 0.291908 -0.865528 -0.407002
-51.5296 71.5279 34.5008 0.29222 -0.86554 -0.406754
-52.6776 71.4117 33.7903 0.378268 -0.839425 -0.390229
-53.5905 71.3389 33.0472 0.404861 -0.831387 -0.380039
-53.9352 71.6552 31.9572 0.443392 -0.814656 -0.373255
-54.0037 72.0377 31.0796 0.454844 -0.802822 -0.385479
-54.0617 72.4168 30.22 0.458886 -0.79895 -0.38872
-54.0817 72.8874 29.2233 0.467576 -0.796129 -0.384117
-54.0953 73.3957 28.1967 0.497724 -0.764569 -0.409223
-54.1714 73.7943 27.2675 0.550283 -0.768512 -0.326463
-54.3684 74.1396 26.1581 0.555733 -0.75403 -0.350142
-54.6519 74.4208 25.1082 0.554905 -0.753006 -0.353641
-54.942 74.6785 24.0191 0.609263 -0.73659 -0.293656
-55.1666 74.8543 23.1231 0.618193 -0.713223 -0.330211
-55.5339 75.2867 21.5518 0.608184 -0.722998 -0.327276
-55.6595 75.5448 20.5696 0.599507 -0.752201 -0.273469
-55.7037 75.8977 19.5077 0.623208 -0.724681 -0.294022
-55.7071 76.0582 19.105 0.623208 -0.724679 -0.294027
-56.4702 75.4582 18.9633 0.612019 -0.748526 -0.253545
-56.4452 75.0044 20.3337 0.601711 -0.752715 -0.267053
-56.3176 74.7754 21.2158 0.607675 -0.739862 -0.288619
-56.091 74.4112 22.5121 0.567986 -0.757784 -0.320067
-55.8792 74.2279 23.38 0.559438 -0.772787 -0.299715
-55.6486 74.065 24.244 0.564512 -0.769167 -0.299512
-55.3666 73.8276 25.2799 0.52696 -0.766662 -0.366802
-55.1349 73.5863 26.2016 0.533622 -0.782871 -0.319939
-54.966 73.2585 27.2401 0.524623 -0.782125 -0.336088
-54.9228 72.8065 28.3461 0.515205 -0.780582 -0.353914
-54.9199 72.3176 29.386 0.459909 -0.802841 -0.379247
-54.9049 71.9061 30.2876 0.45124 -0.807153 -0.380614
-54.8109 71.2991 31.729 0.420041 -0.832339 -0.361631
-54.7971 70.9419 32.5733 0.41623 -0.837945 -0.352986
-54.1776 70.7028 33.8456 0.402828 -0.844016 -0.354061
-53.2813 70.8661 34.3876 0.354831 -0.853124 -0.382458
-52.3022 70.9973 34.9983 0.331869 -0.842538 -0.424256
-51.3168 71.0949 35.5752 0.312043 -0.85404 -0.415503
-50.0721 71.1935 36.2575 0.255485 -0.866822 -0.426227
-48.7647 71.2178 36.8429 0.211241 -0.873401 -0.438802
-47.7975 71.3109 37.1214 0.201466 -0.866039 -0.457081
-46.9011 71.5656 36.9583 0.131074 -0.876177 -0.463825
-46.2011 72.0069 36.3217 0.13114 -0.876415 -0.463356
-45.6232 72.6578 35.3255 0.119416 -0.838854 -0.531097
-45.1533 73.3431 34.3566 0.124052 -0.835032 -0.536035
-44.8252 73.896 33.5938 0.11774 -0.824244 -0.553306
-44.4029 74.5144 32.7524 0.113063 -0.81077 -0.574342
-44.0061 75.038 32.0913 0.113432 -0.811044 -0.573882
-43.4093 75.6191 31.3054 0.00356097 -0.811344 -0.584559
-42.7363 76.1632 30.5893 0.0263534 -0.794246 -0.606906
-42.1379 76.6453 30.0009 0.0302116 -0.785893 -0.617624
-41.5173 77.0695 29.4957 -0.00474777 -0.795362 -0.604379
-40.4997 77.6462 28.6192 -0.0436458 -0.795399 -0.603886
-39.4029 78.2491 27.6979 -0.0473551 -0.809256 -0.585544
-38.6207 78.7148 26.9941 -0.0473306 -0.80051 -0.597291
-38.0247 79.1567 26.3371 -0.0730244 -0.801938 -0.592927
-37.3583 79.7311 25.3721 -0.103165 -0.850533 -0.515705
-36.8365 80.3533 24.2028 -0.142235 -0.857752 -0.493995
-36.5847 80.9246 23.1489 -0.141053 -0.852443 -0.503434
-36.3945 81.4194 22.2718 -0.10767 -0.854093 -0.508807
-36.2728 81.8501 21.4046 -0.0540508 -0.910884 -0.408108
-36.136 82.3439 20.2022 -0.0603582 -0.926703 -0.370462
-36.0784 82.6912 19.1993 0.0186849 -0.953335 -0.301337
-35.9682 83.0331 18.1252 0.0115016 -0.948488 -0.316146
-35.8702 83.3319 17.0258 -0.00718677 -0.978394 -0.189406
-35.6795 83.6078 15.7485 0.104555 -0.965632 -0.237954
-35.5308 83.9347 14.6362 0.0727737 -0.95399 -0.290403
-35.419 84.246 13.6025 0.0545006 -0.955211 -0.290691
-35.3304 84.5506 12.6845 0.131586 -0.929561 -0.342438
-35.1176 84.948 11.5858 0.17045 -0.909415 -0.372487
-34.8616 85.3895 10.5348 0.185216 -0.927105 -0.325618
-34.525 85.9081 9.47259 0.301474 -0.883877 -0.357595
-34.1711 86.398 8.63617 0.379239 -0.831279 -0.406389
-33.7914 87.0492 7.67653 0.34903 -0.841407 -0.41083
-34.82 86.8502 7.18911 0.335916 -0.826429 -0.451857
-35.7991 86.6015 6.978 0.315826 -0.846054 -0.429473
-36.8938 86.2722 6.71493 0.380334 -0.847565 -0.370108
-38.1046 85.9531 6.18371 0.388597 -0.846006 -0.365056
-39.1736 85.7509 5.52537 0.382893 -0.84717 -0.368368
-39.9235 85.6626 4.93987 0.369176 -0.857011 -0.359503
-40.7268 85.5879 4.28136 0.374114 -0.85713 -0.354072
-41.4516 85.5729 3.57701 0.310513 -0.884594 -0.343973
-42.2106 85.6725 2.66565 0.30901 -0.899533 -0.305519
-42.9002 85.7161 1.77093 0.349575 -0.879796 -0.322113
-43.6289 85.2994 2.1271 0.341053 -0.888019 -0.308392
-44.6761 84.6394 3.03282 0.296379 -0.918945 -0.26019
-45.7226 84.0582 3.85153 0.359883 -0.91392 -0.18771
-46.6586 83.5537 4.52277 0.356693 -0.915321 -0.186967
-47.508 83.1118 5.17564 0.360626 -0.921888 -0.141625
-48.2724 82.7076 5.83343 0.357268 -0.926543 -0.113891
-49.2684 82.1929 6.68654 0.43722 -0.894271 -0.0954849
-50.0546 81.7564 7.29338 0.426948 -0.900663 -0.0807613
-50.9134 81.2906 7.89765 0.431438 -0.897819 -0.088222
-51.6263 80.8644 8.44159 0.496764 -0.866328 -0.0442514
-52.3616 80.426 9.09373 0.511823 -0.858645 -0.0236124
-53.1312 79.9297 9.80487 0.536627 -0.841667 -0.0522516
-53.8281 79.3949 10.5064 0.553857 -0.828395 -0.0836963
-54.3039 78.9905 11.2597 0.579934 -0.810554 -0.0817151
-54.7754 78.562 12.1594 0.581265 -0.805772 -0.109921
-55.2832 77.9448 13.4265 0.615689 -0.774584 -0.144733
-55.65 77.4512 14.4247 0.654018 -0.740252 -0.155844
-55.9179 76.9952 15.4654 0.607601 -0.775911 -0.169654
-56.1111 76.589 16.4215 0.629796 -0.740838 -0.233487
-56.2884 76.1538 17.3612 0.638832 -0.737917 -0.217652
-56.4291 75.6729 18.4647 0.632292 -0.729128 -0.261876
-57.1996 75.1106 18.3006 0.579628 -0.773931 -0.255074
-57.2492 74.6255 19.6223 0.59129 -0.761316 -0.266034
-57.1632 74.3473 20.5849 0.580933 -0.761641 -0.286868
-56.9822 73.9964 21.8916 0.568279 -0.769005 -0.292729
-56.8053 73.7775 22.8258 0.553443 -0.776961 -0.300055
-56.4456 73.5346 24.1383 0.544946 -0.785417 -0.293386
-56.1668 73.3561 25.1097 0.538578 -0.78499 -0.306059
-55.8946 73.041 26.3099 0.51699 -0.790228 -0.329029
-55.7549 72.607 27.5559 0.517344 -0.788384 -0.332873
-55.7455 72.2361 28.4244 0.500256 -0.794182 -0.344992
-55.7584 71.6935 29.6504 0.499997 -0.793504 -0.34692
-55.7315 71.2959 30.6535 0.439364 -0.828942 -0.345565
-55.6968 70.7708 31.9159 0.418368 -0.835199 -0.3569
-55.7263 70.3681 32.8538 0.394341 -0.856296 -0.333387
-55.3024 70.1075 34.0452 0.379832 -0.861715 -0.33628
-54.3427 70.2249 34.804 0.391013 -0.851761 -0.348398
-53.5179 70.3813 35.2695 0.357167 -0.86946 -0.341278
-52.4786 70.5164 35.8561 0.309613 -0.865438 -0.393313
-51.5539 70.607 36.4095 0.310542 -0.856468 -0.412343
-50.4406 70.7062 37.0278 0.255485 -0.866821 -0.426228
-48.9677 70.7648 37.667 0.211656 -0.887022 -0.410174
-48.0118 70.7965 37.9902 0.155383 -0.897672 -0.41236
-46.9551 70.9096 38.1877 0.160619 -0.868123 -0.468408
-46.1955 71.2097 37.8288 0.12984 -0.876824 -0.462943
-45.3443 71.8473 36.8661 0.13107 -0.876177 -0.463826
-44.8769 72.3937 35.9776 0.13661 -0.87343 -0.467395
-44.453 72.9715 35.0975 0.0888566 -0.841472 -0.531724
-44.132 73.4598 34.3617 0.0896684 -0.826392 -0.55591
-43.7703 73.994 33.626 0.0917626 -0.828079 -0.553037
-43.4147 74.5051 32.9201 0.0338065 -0.824614 -0.564685
-42.8518 75.127 32.0254 0.0237605 -0.836225 -0.547872
-42.2232 75.6762 31.2651 0.028115 -0.802777 -0.595617
-41.6464 76.1166 30.6908 -0.00512621 -0.793361 -0.608278
-40.9377 76.5656 30.114 -0.0770013 -0.797994 -0.597726
-40.0914 77.036 29.3894 -0.0556857 -0.796265 -0.602379
-39.1714 77.5469 28.6334 -0.053446 -0.794456 -0.604965
-38.3245 77.9962 27.9271 -0.110784 -0.793914 -0.597853
-37.6436 78.3916 27.2744 -0.112613 -0.794232 -0.597088
-37.1018 78.8303 26.598 -0.120186 -0.786261 -0.606093
-36.5143 79.3693 25.7618 -0.130256 -0.797171 -0.589535
-36.0646 79.8647 24.8978 -0.0980285 -0.842502 -0.529699
-35.6814 80.6597 23.393 -0.0824267 -0.864381 -0.495782
-35.5061 81.2172 22.4228 -0.0973629 -0.853717 -0.511459
-35.2713 81.9518 21.0053 -0.14214 -0.885838 -0.441688
-35.1438 82.3476 20.0137 -0.0655882 -0.933631 -0.352172
-35.019 82.6868 19.0517 -0.072098 -0.947239 -0.31163
-34.971 83.0756 17.8742 -0.0430007 -0.946143 -0.32088
-34.8452 83.4236 16.6076 -0.0114039 -0.960159 -0.27922
-34.693 83.6842 15.6327 0.0485052 -0.955319 -0.286484
-34.5317 84.1523 14.186 0.109579 -0.957075 -0.268328
-34.3846 84.627 12.7884 0.10796 -0.919192 -0.378618
-34.2331 84.9749 11.9249 0.170441 -0.909417 -0.372488
-34.0118 85.3945 11.0951 0.246694 -0.904452 -0.344329
-33.7966 85.8166 10.2627 0.278125 -0.88505 -0.373273
-33.4894 86.2846 9.42476 0.315399 -0.853865 -0.413068
-33.0021 86.9697 8.42374 0.291055 -0.854337 -0.430566
-32.5659 87.5257 7.62113 0.302942 -0.855409 -0.419725
-32.1362 88.0696 6.86381 0.277996 -0.850473 -0.446523
-32.63 88.1767 6.29033 0.306711 -0.856807 -0.4145
-33.4454 87.8181 6.39308 0.341819 -0.841734 -0.417276
-34.3106 87.4605 6.3858 0.336369 -0.852162 -0.400844
-35.2858 87.131 6.23939 0.343471 -0.857441 -0.382781
-36.4964 86.7637 5.94 0.371986 -0.857978 -0.354214
-37.43 86.5115 5.57661 0.37653 -0.855429 -0.355621
-38.3644 86.2792 5.1255 0.386532 -0.872383 -0.299235
-39.2187 86.1515 4.48372 0.347221 -0.891638 -0.29055
-40.0388 86.0859 3.79764 0.345859 -0.872782 -0.34292
-40.7377 86.0394 3.1659 0.363247 -0.860129 -0.357855
-41.7358 86.1728 1.82812 0.352051 -0.873008 -0.337516
-42.1956 86.2774 1.04424 0.36816 -0.870514 -0.326584
-42.6699 86.4657 0.136692 0.283912 -0.871063 -0.400803
-43.4235 86.0051 0.527727 0.329782 -0.858772 -0.392115
-44.1581 85.3783 1.3459 0.332313 -0.866478 -0.37241
-44.7795 84.9627 1.91207 0.32093 -0.902334 -0.287745
-45.4007 84.5729 2.43973 0.385543 -0.882023 -0.269125
-46.5454 83.8557 3.29329 0.380652 -0.892831 -0.24074
-47.5598 83.299 3.9898 0.375145 -0.911462 -0.168831
-48.2117 82.9127 4.51739 0.395108 -0.907195 -0.140635
-48.91 82.5432 5.14228 0.415567 -0.902112 -0.111625
-49.8336 81.9929 5.96507 0.437945 -0.894 -0.0947055
-50.8667 81.412 6.72244 0.434388 -0.898187 -0.0675773
-51.6217 80.9596 7.25022 0.476468 -0.876473 -0.0686202
-52.2781 80.5473 7.76551 0.503565 -0.861624 -0.0634581
-53.2226 79.9201 8.64528 0.51325 -0.85539 -0.069872
-54.0359 79.3609 9.38902 0.557015 -0.827382 -0.0718625
-54.7766 78.7525 10.2859 0.570679 -0.813921 -0.108896
-55.2963 78.2758 11.2972 0.601342 -0.79392 -0.0857484
-55.6193 77.9163 12.0987 0.625629 -0.767853 -0.137805
-56.1475 77.2548 13.4684 0.610857 -0.777059 -0.150643
-56.5264 76.7234 14.5196 0.609427 -0.774288 -0.170502
-56.7288 76.3494 15.4958 0.626135 -0.754615 -0.193975
-56.9698 75.8138 16.5816 0.626297 -0.744411 -0.231518
-57.1602 75.2684 17.911 0.581375 -0.778293 -0.236419
-57.9165 74.8456 17.4058 0.584912 -0.781786 -0.216059
-57.7795 75.2037 16.4758 0.586868 -0.781116 -0.213172
-57.5932 75.5843 15.5892 0.587027 -0.781316 -0.212001
-57.381 76.0298 14.5765 0.613662 -0.769263 -0.17772
-57.0732 76.504 13.5719 0.602306 -0.779919 -0.17016
-56.7018 76.9731 12.5905 0.60645 -0.78356 -0.135101
-56.305 77.4397 11.6844 0.589507 -0.79656 -0.131211
-55.9024 77.8981 10.5913 0.597708 -0.793269 -0.116057
-55.3005 78.4942 9.47106 0.581811 -0.806238 -0.106239
-54.6113 79.0372 8.65958 0.557377 -0.826658 -0.0772525
-53.9181 79.5366 8.03778 0.540002 -0.840123 -0.0509006
-53.2229 80.0246 7.35899 0.540368 -0.839573 -0.055655
-52.3089 80.6043 6.60525 0.505175 -0.861592 -0.0495772
-51.2824 81.2571 5.88201 0.507931 -0.858219 -0.0715081
-50.2681 81.866 5.13126 0.456656 -0.885272 -0.0872459
-49.6499 82.245 4.58029 0.442891 -0.888975 -0.116491
-49.0288 82.6371 3.96918 0.443613 -0.887379 -0.125514
-48.0196 83.2554 3.13089 0.446284 -0.879693 -0.160142
-47.2317 83.7537 2.5853 0.381143 -0.892584 -0.240882
-46.4686 84.2105 2.09783 0.385548 -0.882022 -0.269118
-45.8102 84.677 1.59736 0.390926 -0.87097 -0.297637
-44.9945 85.2441 0.890119 0.341392 -0.863065 -0.372251
-44.3854 85.8112 0.142427 0.334382 -0.857053 -0.39196
-43.7042 86.6366 -1.07004 0.301139 -0.879051 -0.366652
-43.3561 87.2492 -2.15739 0.207862 -0.874015 -0.439194
-42.8954 87.4071 -2.39126 0.11579 -0.967012 -0.226893
-42.2688 87.1861 -1.37395 0.263946 -0.903185 -0.338509
-41.9601 86.9612 -0.541477 0.258832 -0.902605 -0.343963
-41.5949 86.7856 0.29104 0.312333 -0.89828 -0.309096
-41.1324 86.6536 1.12106 0.299748 -0.90167 -0.311533
-40.6454 86.5553 1.90023 0.301612 -0.90414 -0.302589
-39.925 86.5074 2.82135 0.336319 -0.873004 -0.35268
-38.8948 86.547 3.66822 0.367172 -0.858473 -0.356506
-38.0928 86.6794 4.3098 0.386531 -0.872384 -0.299233
-36.8078 87.0472 4.95504 0.392331 -0.851192 -0.347106
-35.7566 87.3741 5.25418 0.3674 -0.853244 -0.370106
-34.3918 87.848 5.49392 0.347286 -0.850821 -0.394119
-33.2164 88.3162 5.48947 0.337056 -0.865462 -0.370634
-32.3568 88.6615 5.43436 0.305295 -0.883028 -0.356449
-31.4215 89.0616 5.23933 0.299676 -0.888052 -0.348523
-30.5993 89.4051 5.05623 0.295114 -0.892743 -0.340463
-29.4015 89.8922 4.71617 0.264274 -0.918492 -0.294162
-29.1741 89.7172 5.44093 0.253479 -0.895137 -0.364465
-29.8565 89.2439 6.01589 0.274225 -0.876031 -0.396699
-30.4876 88.8013 6.48759 0.295454 -0.857588 -0.42101
-31.2102 88.1041 7.36797 0.285997 -0.850455 -0.441321
-31.8006 87.4667 8.23174 0.277488 -0.858619 -0.431015
-32.2128 86.9326 8.98195 0.233 -0.855893 -0.461691
-32.638 86.3614 9.83606 0.222834 -0.870914 -0.437586
-32.9179 85.926 10.5969 0.209646 -0.870416 -0.444947
-33.1067 85.4497 11.4357 0.176667 -0.877756 -0.445347
-33.3408 84.9421 12.3289 0.140548 -0.89144 -0.42806
-33.4939 84.3791 13.6156 0.083253 -0.941339 -0.319416
-33.6101 84.0768 14.642 0.0234462 -0.954564 -0.297084
-33.7064 83.7696 15.5526 0.0320569 -0.945097 -0.325213
-33.8484 83.446 16.5557 0.0383675 -0.957409 -0.286174
-34.028 83.1251 17.6052 0.00506671 -0.945461 -0.321802
-34.0634 82.7028 18.7895 -0.0756297 -0.938884 -0.335824
-34.1726 82.3296 19.8702 -0.0762825 -0.940489 -0.331149
-34.2974 81.9147 20.7841 -0.122132 -0.885876 -0.447556
-34.4469 81.5132 21.6195 -0.132131 -0.885856 -0.444626
-34.6086 81.0276 22.5481 -0.0895133 -0.870449 -0.484051
-34.7712 80.3784 23.751 -0.0856135 -0.871632 -0.48261
-34.9455 79.9237 24.5984 -0.0948264 -0.84516 -0.523756
-35.2847 79.3557 25.5151 -0.13496 -0.829198 -0.542417
-35.7509 78.9227 26.216 -0.0967089 -0.804008 -0.586701
-36.279 78.4239 26.9964 -0.0991132 -0.808169 -0.580551
-37.0237 77.8531 27.8961 -0.0862383 -0.800072 -0.593674
-37.6672 77.4583 28.504 -0.0821325 -0.783862 -0.614862
-38.5164 77.053 29.1802 -0.124049 -0.783791 -0.60851
-39.3307 76.6401 29.8686 -0.0407887 -0.820785 -0.569779
-40.1953 76.1621 30.5921 -0.0214397 -0.809951 -0.586106
-40.9341 75.7446 31.1875 -0.00481293 -0.809313 -0.587324
-41.5199 75.3228 31.7746 0.00903091 -0.805027 -0.592851
-42.2425 74.6894 32.7107 0.00934126 -0.828269 -0.560161
-42.7298 74.0319 33.6427 0.0281377 -0.821675 -0.569262
-43.15 73.4428 34.4936 0.0207663 -0.829188 -0.558584
-43.6066 72.8117 35.4667 0.0519208 -0.862947 -0.502163
-44.0167 72.2402 36.398 0.068774 -0.866512 -0.494388
-44.3814 71.7975 37.1262 0.0700431 -0.867597 -0.49231
-44.8362 71.3384 37.8789 0.0818496 -0.882306 -0.462328
-45.4686 70.9185 38.6135 0.113467 -0.895716 -0.429166
-46.2931 70.5639 39.0988 0.114004 -0.905877 -0.407908
-47.6643 70.3909 39.0132 0.157999 -0.90094 -0.404157
-48.6283 70.348 38.7145 0.194306 -0.895353 -0.400148
-49.5544 70.3199 38.3295 0.199579 -0.904258 -0.377208
-50.6133 70.2709 37.8664 0.213364 -0.893554 -0.395015
-51.4527 70.1866 37.4306 0.293451 -0.885862 -0.359353
-52.6627 70.0419 36.7916 0.299073 -0.887627 -0.347811
-53.5479 69.9693 36.2877 0.324425 -0.872232 -0.363828
-54.6405 69.7674 35.6457 0.364785 -0.866173 -0.34158
-55.7601 69.6115 34.8049 0.373672 -0.864611 -0.335881
-56.3803 69.6355 34.0158 0.38923 -0.862144 -0.324345
-56.6648 69.9973 32.7004 0.406249 -0.858934 -0.311098
-56.5892 70.4695 31.5533 0.43206 -0.84154 -0.324223
-56.5985 70.979 30.254 0.456389 -0.82596 -0.330875
-56.5984 71.3398 29.3272 0.477281 -0.820676 -0.314156
-56.577 71.7524 28.3177 0.507731 -0.791384 -0.34047
-56.5957 72.2951 27.0034 0.508305 -0.795446 -0.329988
-56.8001 72.7039 25.6531 0.523906 -0.793264 -0.310251
-57.1743 72.9771 24.2604 0.55112 -0.783362 -0.28742
-57.4905 73.1314 23.2447 0.541851 -0.788601 -0.290672
-57.7037 73.3244 22.3123 0.541017 -0.790416 -0.287303
-57.8629 73.6224 21.1434 0.564168 -0.778957 -0.273394
-57.9858 73.8547 20.255 0.572773 -0.772099 -0.275308
-58.0363 74.2768 18.958 0.571506 -0.77806 -0.260508
-57.9919 74.5961 18.0611 0.576949 -0.776876 -0.252131
-57.9795 74.6753 17.849 0.581372 -0.778294 -0.236422
-58.7073 74.2959 17.2308 0.592639 -0.77567 -0.21706
-58.8006 73.8286 18.571 0.583273 -0.774232 -0.245676
-58.8216 73.4492 19.6609 0.568915 -0.774332 -0.277031
-58.7274 73.1468 20.7438 0.540553 -0.794507 -0.275984
-58.567 72.8351 21.9869 0.554898 -0.785369 -0.274377
-58.3768 72.6334 22.9523 0.521117 -0.803843 -0.286834
-58.1111 72.4822 23.8583 0.52091 -0.803939 -0.28694
-57.7922 72.3446 24.8112 0.522445 -0.800513 -0.292029
-57.504 72.055 26.1237 0.523852 -0.792229 -0.312958
-57.3794 71.5904 27.4949 0.516056 -0.793316 -0.322833
-57.421 71.1091 28.6971 0.461915 -0.830233 -0.312007
-57.4482 70.7767 29.5429 0.460977 -0.830636 -0.31232
-57.4691 70.3472 30.6926 0.45842 -0.838033 -0.29589
-57.4854 69.9662 31.6696 0.42727 -0.846925 -0.31639
-57.5272 69.4417 33.0668 0.403941 -0.864928 -0.297069
-57.364 69.2033 33.9911 0.382828 -0.87418 -0.298707
-56.8579 69.1026 34.9068 0.372747 -0.876939 -0.303376
-56.2348 69.1401 35.6052 0.382045 -0.879525 -0.283684
-55.3047 69.2625 36.2755 0.324903 -0.900117 -0.290141
-54.4696 69.4275 36.7282 0.333735 -0.898911 -0.283865
-53.3282 69.6109 37.3893 0.304155 -0.902501 -0.304929
-52.3746 69.7483 37.9052 0.268342 -0.898884 -0.346185
-51.5631 69.8152 38.3431 0.258353 -0.904 -0.340644
-50.6502 69.8808 38.7811 0.198267 -0.911023 -0.361563
-49.6643 69.9136 39.2374 0.184586 -0.903704 -0.386299
-48.6049 69.9424 39.6668 0.167993 -0.903708 -0.393524
-47.7189 69.9825 39.9237 0.157621 -0.91276 -0.376862
-46.8248 70.0527 40.1133 0.130238 -0.913343 -0.385507
-45.5036 70.2896 39.9435 0.114848 -0.916755 -0.382584
-44.641 70.7015 39.2553 0.0903695 -0.902289 -0.421555
-44.1023 71.0943 38.5433 0.0986763 -0.894692 -0.435645
-43.6613 71.5069 37.7974 0.0968179 -0.897586 -0.430015
-43.085 72.1732 36.6347 0.0602983 -0.866859 -0.494894
-42.7497 72.5869 35.9036 0.0375569 -0.870621 -0.490218
-42.3274 73.1712 34.9784 0.0466929 -0.843758 -0.534689
-41.9761 73.6648 34.2191 0.0319808 -0.840525 -0.540742
-41.3158 74.5336 32.9564 0.00934338 -0.828271 -0.560159
-40.7276 75.063 32.1669 0.00892888 -0.833135 -0.552998
-39.7075 75.6678 31.2594 -0.0681121 -0.784157 -0.616813
-38.9985 76.0071 30.7395 -0.10049 -0.803697 -0.586309
-38.3538 76.3241 30.1806 -0.0986875 -0.812432 -0.574643
-37.4452 76.7364 29.4131 -0.0702688 -0.805161 -0.587922
-36.7305 77.1321 28.8396 -0.0696533 -0.796748 -0.599915
-35.9542 77.6532 28.0039 -0.114695 -0.797163 -0.592763
-35.417 78.0914 27.3087 -0.117074 -0.796495 -0.593203
-34.9569 78.5279 26.6261 -0.0978574 -0.806094 -0.583628
-34.4058 79.0283 25.7952 -0.114825 -0.818248 -0.563271
-34.038 79.5949 24.8952 -0.118364 -0.817398 -0.563782
-33.8066 80.2911 23.6676 -0.173521 -0.851235 -0.495267
-33.6987 80.7956 22.769 -0.140054 -0.866709 -0.478525
-33.53 81.275 21.8205 -0.134192 -0.880923 -0.453837
-33.3431 81.766 20.8021 -0.142027 -0.885028 -0.443186
-33.1577 82.3299 19.4919 -0.153414 -0.911186 -0.382366
-33.0817 82.8149 18.3245 -0.0256803 -0.929644 -0.367562
-32.9439 83.2508 17.1913 -0.0282461 -0.933512 -0.357431
-32.7956 83.573 16.2918 0.039278 -0.951354 -0.305519
-32.6938 83.9341 15.1771 0.0430513 -0.933229 -0.352875
-32.5934 84.3221 14.1078 0.131439 -0.940398 -0.313648
-32.4835 84.7246 13.1011 0.133629 -0.916331 -0.376971
-32.3103 85.1755 12.2515 0.177566 -0.866162 -0.467156
-32.0797 85.816 11.1759 0.183267 -0.856805 -0.481973
-31.7028 86.4838 10.0913 0.235385 -0.861909 -0.449118
-31.1917 87.1628 9.08364 0.220151 -0.84835 -0.481494
-30.6717 87.7848 8.2959 0.28216 -0.809805 -0.514395
-29.9508 88.5208 7.41093 0.293571 -0.851415 -0.434636
-29.2989 89.0569 6.80116 0.294511 -0.854503 -0.427821
-28.5219 89.6481 6.03848 0.270481 -0.877234 -0.396611
-27.9074 90.05 5.44759 0.358563 -0.867785 -0.344066
-27.1628 90.5292 4.85636 0.275133 -0.951006 -0.141028
-26.1949 90.8662 4.21155 0.224219 -0.965931 -0.129242
-25.0369 91.1402 3.41815 0.0636721 -0.990739 -0.119929
-24.0824 91.2931 2.72488 0.14501 -0.978913 -0.118594
-23.2588 91.4425 2.1163 -0.0986288 -0.987273 0.124759
-22.8878 91.2971 1.25901 -0.124077 -0.987666 0.0809677
-23.8694 91.4448 1.23653 -0.0492732 -0.993373 0.0213104
-25.0583 91.3861 1.60396 0.0606033 -0.99316 -0.0673568
-26.274 91.2046 2.26432 0.0718791 -0.987615 -0.139464
-27.0269 90.9846 2.70597 0.124421 -0.962908 -0.239431
-27.9965 90.7242 3.24939 0.134205 -0.954758 -0.263937
-28.8246 90.4309 3.5486 0.231293 -0.917892 -0.322457
-29.835 90.103 3.83633 0.200433 -0.910361 -0.358321
-30.6666 89.7806 4.08213 0.261845 -0.880184 -0.394248
-31.7854 89.287 4.38478 0.281128 -0.885153 -0.370771
-32.8218 88.8837 4.56836 0.290209 -0.870783 -0.396884
-33.8426 88.4075 4.58757 0.368067 -0.857987 -0.354403
-34.9136 88.0044 4.54304 0.345399 -0.884253 -0.314319
-36.0677 87.623 4.35415 0.337281 -0.871624 -0.355433
-37.4699 87.2209 3.69511 0.414923 -0.839494 -0.350839
-38.2868 87.0559 3.1311 0.413114 -0.841356 -0.348471
-39.0522 86.9718 2.47363 0.335016 -0.88062 -0.33507
-39.7789 86.9891 1.61872 0.375801 -0.881833 -0.284859
-40.4132 87.0697 0.622076 0.335038 -0.881002 -0.331298
-41.1048 87.3166 -0.726464 0.310228 -0.894704 -0.321345
-41.4885 87.5373 -1.86188 0.230687 -0.946365 -0.224989
-41.7868 87.748 -3.03227 0.205726 -0.955691 -0.210064
-41.8308 88.0306 -4.39349 0.137659 -0.974959 -0.156232
-41.8685 88.0992 -5.34069 0.136497 -0.980357 0.142369
-41.8276 87.9352 -6.50947 0.0520996 -0.989198 0.0979841
-41.8599 87.8446 -7.50313 -0.0618504 -0.992917 0.101437
-42.558 87.7408 -8.21946 -0.050055 -0.971324 0.232432
-43.2689 87.9723 -7.17893 -0.22939 -0.973195 -0.0165102
-43.5637 88.0554 -6.02661 -0.115087 -0.988331 0.0997799
-43.6663 87.9955 -4.722 -0.0149633 -0.988258 -0.152058
-44.032 87.6599 -3.37991 -0.200602 -0.904648 -0.375992
-44.2506 87.1492 -2.33005 0.0470128 -0.855892 -0.502057
-44.5378 86.7018 -1.51037 0.191763 -0.810634 -0.535887
-44.9905 85.9472 -0.671194 0.334375 -0.857052 -0.391967
-45.4484 85.4849 -0.0422546 0.331424 -0.859055 -0.390106
-46.0497 84.9139 0.614023 0.422161 -0.833562 -0.356161
-46.9376 84.2665 1.25386 0.416405 -0.869664 -0.265126
-47.6862 83.7439 1.70306 0.446958 -0.852926 -0.269716
-48.5105 83.1913 2.27834 0.452051 -0.87044 -0.194894
-49.146 82.7481 2.78386 0.452141 -0.870063 -0.196358
-50.0188 82.1838 3.6448 0.444794 -0.887396 -0.121073
-50.8522 81.631 4.41845 0.478187 -0.870898 -0.113464
-51.7686 81.0542 5.08328 0.506159 -0.857712 -0.0901868
-52.5815 80.5184 5.64432 0.507478 -0.855992 -0.0981097
-53.3581 80.0056 6.24466 0.50907 -0.85945 -0.0468248
-54.0755 79.5082 6.89864 0.540726 -0.839027 -0.0604098
-54.8927 78.9259 7.65444 0.550085 -0.833152 -0.0571315
-55.6788 78.3233 8.43691 0.578695 -0.812025 -0.0756764
-56.292 77.7702 9.38316 0.592508 -0.798722 -0.104768
-56.7215 77.3194 10.4268 0.574654 -0.810589 -0.112772
-57.0514 76.947 11.2464 0.604369 -0.782523 -0.149653
-57.417 76.5236 12.0423 0.579359 -0.803574 -0.135986
-57.6922 76.1875 12.8377 0.602132 -0.779517 -0.172599
-58.0496 75.6918 13.8168 0.579831 -0.794066 -0.182357
-58.2589 75.3022 14.8252 0.578261 -0.789045 -0.206595
-58.4432 74.9355 15.6421 0.573361 -0.787985 -0.224361
-58.6114 74.5765 16.4838 0.586872 -0.781113 -0.213172
-58.6445 74.4881 16.7152 0.589675 -0.778292 -0.2157
-59.4301 74.0059 16.3892 0.572257 -0.787756 -0.227922
-59.2083 74.4736 15.311 0.576591 -0.786758 -0.220267
-59.0108 74.8441 14.4263 0.579881 -0.791903 -0.191383
-58.8179 75.1972 13.4808 0.589682 -0.789182 -0.171659
-58.5758 75.5534 12.6782 0.589788 -0.788789 -0.173099
-58.2013 76.0046 11.8072 0.58551 -0.797394 -0.146087
-57.8464 76.4188 10.958 0.582832 -0.799337 -0.145904
-57.4252 76.9064 9.84255 0.576596 -0.808367 -0.118517
-57.0996 77.253 8.98852 0.565801 -0.817663 -0.106282
-56.4522 77.8378 7.95495 0.557619 -0.822531 -0.11182
-55.8157 78.3558 7.26362 0.554818 -0.828582 -0.0750256
-55.1679 78.8285 6.70161 0.53952 -0.838202 -0.0789927
-54.2498 79.4973 5.77011 0.509495 -0.855952 -0.0880979
-53.4735 80.037 5.13104 0.522946 -0.847007 -0.0950184
-52.7967 80.5043 4.65459 0.507474 -0.855993 -0.098118
-52.1151 80.9503 4.19024 0.498398 -0.861278 -0.0989502
-51.304 81.4893 3.58166 0.479934 -0.870501 -0.109051
-50.5318 82.0302 2.8036 0.494769 -0.85796 -0.138231
-49.9079 82.4901 2.16882 0.453359 -0.869324 -0.19683
-49.1834 83.0002 1.57748 0.450395 -0.868704 -0.205896
-48.5378 83.4509 1.11346 0.468285 -0.854415 -0.223902
-47.5895 84.1878 0.427444 0.486323 -0.841535 -0.235156
-46.811 84.8116 -0.0517903 0.428048 -0.827968 -0.362275
-46.2829 85.3444 -0.695399 0.417697 -0.838347 -0.350287
-45.714 85.9722 -1.28992 0.376395 -0.764626 -0.523138
-45.4902 86.6767 -1.71287 0.104502 -0.735967 -0.668904
-45.1385 87.3893 -2.61301 -0.0422473 -0.828286 -0.558626
-44.9414 88.0226 -3.76746 -0.165001 -0.948033 -0.197324
-44.7456 88.0146 -4.69779 -0.0767445 -0.989913 -0.0842755
-44.5272 88.1562 -5.76755 0.0437804 -0.980225 -0.167414
-44.3858 88.2187 -6.76194 -0.216067 -0.975792 -0.0338244
-44.0501 88.078 -7.8432 -0.202044 -0.925049 0.321657
-43.5458 87.7102 -8.76386 -0.0624118 -0.940613 0.315598
-42.9591 87.3582 -9.50494 -0.0347261 -0.905753 0.422135
-41.7993 87.2824 -9.58386 -0.0210706 -0.902423 0.430336
-41.1723 87.5236 -8.69614 -0.00728656 -0.960253 0.268795
-40.8943 87.9073 -7.25366 0.0669558 -0.980207 0.18318
-40.8822 88.08 -6.21043 0.0946443 -0.982776 0.158724
-40.8998 88.2483 -5.2157 0.166648 -0.974793 0.0441002
-40.8695 88.1722 -4.28379 0.21101 -0.971672 -0.104415
-40.7868 87.981 -3.01667 0.240092 -0.950985 -0.194891
-40.5648 87.8341 -2.06436 0.25087 -0.941092 -0.226686
-40.2755 87.6635 -1.05706 0.256084 -0.929223 -0.263929
-39.8197 87.5446 0.00888935 0.355303 -0.910019 -0.213598
-39.2048 87.4678 0.9888 0.395371 -0.8638 -0.312284
-38.5744 87.4745 1.79236 0.403064 -0.853267 -0.329818
-37.706 87.5842 2.53369 0.413265 -0.843202 -0.343836
-36.9659 87.7419 3.047 0.408968 -0.83919 -0.358005
-36.0136 88.0068 3.49472 0.367576 -0.858892 -0.354425
-34.608 88.463 3.68358 0.342115 -0.850792 -0.397193
-33.7538 88.845 3.72741 0.399647 -0.82646 -0.396543
-32.474 89.4068 3.6115 0.264845 -0.896978 -0.353961
-31.3364 89.8937 3.31114 0.31087 -0.882463 -0.353015
-30.2018 90.346 2.9286 0.179999 -0.933127 -0.311061
-29.2878 90.6312 2.64641 0.217095 -0.93112 -0.29069
-28.4129 90.8936 2.34358 0.126311 -0.963133 -0.237529
-27.299 91.1743 1.79781 0.125777 -0.965788 -0.226506
-26.2649 91.3745 1.15754 0.0535155 -0.983296 -0.17397
-25.4592 91.4928 0.757782 -0.00655852 -0.987579 -0.135908
-24.1513 91.4388 0.286639 -0.0933725 -0.97952 -0.169048
-22.7086 91.282 0.205336 -0.113955 -0.993088 -0.0281283
-21.6715 91.1225 0.7447 -0.122334 -0.990587 0.0249425
-21.9349 91.2559 2.09764 -0.126158 -0.987393 0.0916457
-22.7236 91.4827 2.94175 -0.135953 -0.979367 0.149519
-23.7431 91.3007 3.68014 0.229933 -0.970905 -0.0668901
-24.4911 91.1247 4.23988 0.143564 -0.986415 -0.059322
-25.4886 90.8954 4.93361 0.177838 -0.970971 -0.159966
-26.4845 90.5964 5.55637 0.261427 -0.912102 -0.287827
-27.2796 90.0147 6.18947 0.357371 -0.867626 -0.345705
-27.9158 89.5038 6.75948 0.319143 -0.863313 -0.386648
-28.4733 89.0587 7.33189 0.285119 -0.849736 -0.443459
-29.24 88.4089 8.08981 0.28201 -0.851209 -0.442621
-29.8307 87.7754 8.78213 0.300975 -0.806406 -0.509041
-30.2749 87.2163 9.40859 0.251155 -0.829077 -0.497944
-30.6617 86.7484 10.0742 0.221728 -0.854531 -0.469695
-31.0714 86.0876 11.0846 0.191175 -0.853688 -0.484426
-31.2806 85.4973 12.0462 0.180409 -0.861484 -0.474566
-31.4675 84.9674 12.9415 0.168097 -0.86149 -0.479143
-31.6394 84.4307 14.1852 0.0981731 -0.908213 -0.402474
-31.7503 83.9063 15.3658 0.0430604 -0.933231 -0.35287
-31.8527 83.5383 16.3712 -0.0220929 -0.932961 -0.359298
-31.9937 83.1606 17.3601 -0.050227 -0.927723 -0.368654
-32.122 82.7863 18.2876 -0.0686384 -0.91557 -0.396062
-32.1833 82.4251 19.1209 -0.0512076 -0.908104 -0.415256
-32.2358 82.0033 20.0112 -0.0875684 -0.884849 -0.454629
-32.367 81.5998 20.807 -0.147519 -0.879673 -0.45212
-32.5443 81.1667 21.7147 -0.1494 -0.882122 -0.4467
-32.6928 80.6698 22.6809 -0.161511 -0.862038 -0.480238
-32.8275 80.1165 23.6732 -0.141968 -0.848459 -0.509865
-32.976 79.5678 24.6085 -0.141935 -0.836104 -0.529288
-33.3737 78.8786 25.798 -0.129533 -0.818396 -0.559729
-33.9294 78.3422 26.6924 -0.109833 -0.806381 -0.580796
-34.4771 77.7981 27.5169 -0.11221 -0.796035 -0.594736
-34.9666 77.3824 28.1735 -0.117057 -0.79767 -0.591625
-35.6534 76.9152 28.9369 -0.1122 -0.795418 -0.595582
-36.3437 76.505 29.6119 -0.083574 -0.791285 -0.604982
-37.0353 76.1726 30.1738 -0.0854528 -0.82193 -0.563142
-37.7203 75.8763 30.7114 -0.0640684 -0.825729 -0.560313
-38.5775 75.4505 31.4213 -0.0554667 -0.828194 -0.557678
-39.3866 75.0674 32.0747 -0.0536964 -0.830639 -0.554217
-40.1033 74.6181 32.784 -0.0378191 -0.822174 -0.567978
-40.5911 74.1802 33.4937 0.00179421 -0.832862 -0.553478
-41.0163 73.6309 34.319 0.0132238 -0.843527 -0.536425
-41.4626 73.0098 35.2929 0.0390101 -0.848305 -0.528069
-41.7897 72.5521 36.0692 0.0599087 -0.878338 -0.474265
-42.1841 72.0573 36.9406 0.0630394 -0.886278 -0.458525
-42.5668 71.646 37.7303 0.0589154 -0.898841 -0.434296
-42.9752 71.2177 38.5489 0.0917768 -0.893698 -0.439105
-43.5182 70.7145 39.455 0.0925128 -0.897476 -0.431143
-44.1404 70.3366 40.1661 0.0884802 -0.913154 -0.397895
-45.0469 69.9752 40.8303 0.103362 -0.920037 -0.377255
-46.0201 69.7533 41.0661 0.106902 -0.912843 -0.394069
-47.1775 69.6208 40.9968 0.144968 -0.910533 -0.387188
-48.1633 69.5711 40.7342 0.156483 -0.913191 -0.37629
-49.0505 69.5481 40.4234 0.155342 -0.913624 -0.375712
-50.113 69.5239 39.9749 0.19826 -0.911037 -0.36153
-51.1329 69.4735 39.5066 0.232935 -0.910043 -0.342866
-52.0146 69.4021 39.1011 0.232483 -0.90924 -0.345303
-52.8483 69.3244 38.6268 0.275445 -0.906193 -0.32085
-54.0956 69.1512 37.9754 0.30966 -0.900377 -0.305667
-54.9518 68.9978 37.5219 0.330696 -0.899992 -0.283979
-55.8333 68.837 37.0152 0.332538 -0.897837 -0.288537
-56.7155 68.686 36.3758 0.375742 -0.883656 -0.27923
-57.4978 68.6232 35.5396 0.365499 -0.887911 -0.2793
-58.2108 68.7137 34.3384 0.382827 -0.874181 -0.298706
-58.4699 68.9437 33.3147 0.387168 -0.876603 -0.285646
-58.4573 69.2784 32.2956 0.396629 -0.873163 -0.283323
-58.3438 69.7838 30.9967 0.419957 -0.859991 -0.289831
-58.3109 70.1532 29.9741 0.42234 -0.857001 -0.295258
-58.298 70.5245 28.9755 0.435442 -0.843168 -0.31537
-58.2441 70.9721 27.8268 0.469573 -0.828777 -0.304352
-58.2569 71.4082 26.617 0.469449 -0.829221 -0.303331
-58.3728 71.6574 25.7104 0.491396 -0.820315 -0.292342
-58.6559 71.8374 24.7195 0.519724 -0.810513 -0.270102
-59.0229 71.9794 23.6108 0.512057 -0.812523 -0.27815
-59.3552 72.2507 22.1797 0.522178 -0.812055 -0.260534
-59.5051 72.5157 21.0916 0.516275 -0.810131 -0.277755
-59.6374 72.8609 19.7904 0.533732 -0.810297 -0.241968
-59.6429 73.1684 18.7589 0.528123 -0.813156 -0.24467
-59.5409 73.5653 17.6128 0.553283 -0.800588 -0.228877
-59.4824 73.8179 16.8989 0.572113 -0.786811 -0.231552
-60.2807 73.3676 16.5697 0.53846 -0.812649 -0.222851
-60.0929 73.7702 15.4877 0.555653 -0.803882 -0.209728
-59.9126 74.1308 14.6633 0.578811 -0.789805 -0.202399
-59.69 74.5433 13.6132 0.577218 -0.797808 -0.173042
-59.4811 74.8656 12.7379 0.550523 -0.814061 -0.185006
-59.1277 75.3053 11.8512 0.571944 -0.801638 -0.171471
-58.6957 75.8024 10.9079 0.58762 -0.797241 -0.13824
-58.3236 76.2402 9.96182 0.583798 -0.801534 -0.128933
-57.9308 76.726 8.69822 0.553411 -0.821086 -0.139173
-57.4148 77.2088 7.78984 0.54992 -0.826045 -0.123346
-56.6179 77.8835 6.74357 0.559742 -0.822049 -0.104524
-55.7241 78.5446 5.97912 0.539413 -0.836785 -0.0939346
-55.009 79.0892 5.2212 0.537935 -0.838163 -0.0899726
-54.3286 79.5784 4.54279 0.521432 -0.849433 -0.0810745
-53.4529 80.1779 3.93028 0.529963 -0.84294 -0.0926422
-52.7557 80.6588 3.48815 0.511117 -0.854553 -0.0921891
-51.9751 81.1835 2.92526 0.500572 -0.858978 -0.107584
-51.1582 81.7807 2.12989 0.506629 -0.851321 -0.135269
-50.3961 82.3588 1.33168 0.504798 -0.850293 -0.148927
-49.4542 83.0681 0.54987 0.515582 -0.842555 -0.15581
-48.6671 83.666 0.0713118 0.507264 -0.832212 -0.222059
-48.0204 84.1627 -0.362333 0.539631 -0.785028 -0.289666
-47.364 84.8241 -0.73373 0.422157 -0.833567 -0.356156
-46.7305 85.6337 -1.52188 0.377291 -0.761754 -0.526672
-46.4327 86.2978 -1.96377 0.613769 -0.0841443 -0.784989
-46.0847 87.2683 -2.58734 0.537113 -0.560592 -0.627701
-45.9871 87.8918 -3.46261 0.158084 -0.864632 -0.476887
-45.762 88.0534 -4.68928 0.039999 -0.998945 0.0225401
-45.5228 88.1051 -5.72863 0.0437895 -0.980223 -0.167424
-45.3854 88.3952 -6.77573 -0.0634342 -0.974667 -0.153699
-45.1587 88.2057 -7.63631 0.175252 -0.933938 0.311522
-44.7811 87.834 -8.59604 -0.0419016 -0.921318 0.386546
-44.1411 87.3316 -9.66181 -0.0650998 -0.91004 0.409376
-43.4532 86.9131 -10.4957 -0.0442256 -0.90766 0.417369
-42.6184 86.709 -10.8603 -0.0450591 -0.909786 0.412558
-41.4907 86.7771 -10.6088 0.00745769 -0.903492 0.427134
-40.4732 87.2547 -9.60787 -0.00658032 -0.927141 0.373125
-40.012 87.698 -8.37489 0.0279451 -0.948865 0.310255
-39.9263 87.9283 -7.45423 0.193479 -0.954176 0.228284
-39.9444 88.2007 -6.31334 0.217525 -0.955764 0.191889
-39.9338 88.4308 -4.82994 0.194762 -0.974014 0.0906084
-39.8666 88.2373 -3.1439 0.254664 -0.960277 -0.113336
-39.6347 88.1031 -2.07582 0.267183 -0.946844 -0.179161
-39.2818 87.9722 -0.90558 0.359474 -0.921799 -0.14514
-38.8668 87.944 -0.0095952 0.38926 -0.891023 -0.233569
-38.3305 87.9274 0.836693 0.406583 -0.860938 -0.305734
-37.5054 88.0171 1.68325 0.409157 -0.86004 -0.304823
-36.552 88.2318 2.36475 0.413438 -0.858476 -0.303441
-35.4882 88.5527 2.74149 0.377862 -0.852537 -0.361111
-34.61 88.8854 2.85874 0.362112 -0.828602 -0.42684
-33.762 89.2688 2.85579 0.374117 -0.837222 -0.397612
-32.6365 89.7197 2.69691 0.274257 -0.895648 -0.349989
-31.8308 90.0649 2.48857 0.290008 -0.883431 -0.36803
-30.9556 90.4299 2.17975 0.199197 -0.942534 -0.267829
-30.0807 90.7012 1.84399 0.186637 -0.942976 -0.275612
-29.1716 90.9654 1.55487 0.181588 -0.948842 -0.257581
-28.1832 91.1997 1.16992 0.125233 -0.968442 -0.215492
-27.2146 91.4208 0.591748 0.0569712 -0.983233 -0.173225
-26.2667 91.5642 0.08493 0.0527832 -0.983527 -0.172879
-25.1937 91.6918 -0.320694 -0.0263299 -0.976369 -0.197823
-24.2676 91.6102 -0.649824 -0.170552 -0.974466 -0.146038
-23.1427 91.403 -0.820748 -0.242373 -0.96691 0.079631
-22.2284 91.1086 -0.720554 -0.391465 -0.908821 0.121445
-21.2835 90.8154 -0.375101 -0.353261 -0.916278 0.18879
-20.6857 90.7822 0.353515 -0.313504 -0.934962 0.166017
-20.4538 90.9182 1.55744 -0.265496 -0.954833 0.108754
-21.0266 91.1261 2.60486 -0.199405 -0.976163 0.0856922
-21.6612 91.4162 3.34918 -0.177278 -0.966762 0.171029
-22.3671 91.5368 3.89562 0.00614596 -0.988824 -0.0907052
-23.2013 91.3546 4.4866 0.110261 -0.980205 -0.163975
-23.9128 91.1437 5.03837 0.153516 -0.971323 -0.181564
-24.9023 90.8346 5.7353 0.250592 -0.952482 -0.173154
-25.9976 90.4593 6.43303 0.261427 -0.912102 -0.287827
-26.8426 89.811 7.08297 0.341327 -0.834909 -0.431705
-27.4587 89.2794 7.63928 0.334992 -0.838562 -0.429643
-28.0474 88.7509 8.22066 0.328847 -0.84234 -0.426992
-28.751 88.0454 8.97972 0.292811 -0.811115 -0.506315
-29.2426 87.5014 9.56389 0.299246 -0.798605 -0.521968
-29.6645 86.9137 10.1982 0.261233 -0.783824 -0.561518
-30.0926 86.2435 11.1071 0.15226 -0.844217 -0.513133
-30.3266 85.6036 12.1281 0.115571 -0.849514 -0.514751
-30.5546 84.9263 13.333 0.0885754 -0.879179 -0.468107
-30.6954 84.4536 14.2637 0.0586104 -0.893913 -0.444392
-30.8251 83.8095 15.5974 0.00559765 -0.890845 -0.454274
-30.97 83.2279 16.9913 -0.0648904 -0.920722 -0.384786
-31.1054 82.89 17.8366 -0.0792646 -0.91962 -0.384657
-31.2367 82.2383 19.2958 -0.154701 -0.881388 -0.445967
-31.292 81.6793 20.3422 -0.130765 -0.873273 -0.469213
-31.5394 81.1592 21.4116 -0.125223 -0.871459 -0.473811
-31.7411 80.6332 22.4005 -0.173033 -0.863983 -0.472856
-31.8409 80.0697 23.4479 -0.185625 -0.851731 -0.48989
-32.0778 79.3243 24.7795 -0.132279 -0.839215 -0.527033
-32.2454 78.8381 25.5709 -0.151919 -0.829568 -0.536678
-32.6224 78.3879 26.3172 -0.160817 -0.803226 -0.573556
-33.1412 77.9199 27.1175 -0.132409 -0.800264 -0.584076
-33.5725 77.4884 27.7821 -0.103225 -0.814384 -0.571072
-34.3895 76.8272 28.853 -0.0882476 -0.817019 -0.569716
-34.9664 76.461 29.4835 -0.0912633 -0.825261 -0.557329
-35.5936 76.0898 30.1062 -0.0625368 -0.82639 -0.559588
-36.6874 75.5868 30.9998 -0.0771402 -0.8269 -0.557014
-37.7887 75.1047 31.8564 -0.0640733 -0.825733 -0.560307
-38.836 74.6185 32.69 -0.0739347 -0.846066 -0.526481
-39.4618 74.2155 33.3966 -0.015864 -0.851203 -0.524597
-40.0946 73.5414 34.5069 0.0163556 -0.852673 -0.522189
-40.4841 73.0439 35.3242 0.0309139 -0.879091 -0.475443
-40.804 72.5895 36.1188 0.0414556 -0.874402 -0.483428
-41.2654 71.9816 37.2323 0.0612436 -0.893461 -0.444945
-41.8627 71.3224 38.5035 0.0608645 -0.901178 -0.429156
-42.2985 70.8531 39.4154 0.0924851 -0.904695 -0.414807
-42.8221 70.4788 40.1623 0.101075 -0.916015 -0.388202
-43.5261 70.0686 40.9428 0.0912509 -0.923064 -0.373354
-44.3253 69.7543 41.5617 0.0794121 -0.920425 -0.382561
-45.4774 69.4392 41.9497 0.109798 -0.91801 -0.380728
-46.4682 69.3072 42.0194 0.109133 -0.921061 -0.373564
-47.4252 69.2318 41.8918 0.129838 -0.921538 -0.365732
-48.6051 69.1859 41.5374 0.146366 -0.922242 -0.357836
-49.7154 69.1672 41.0944 0.186374 -0.91355 -0.361513
-51.0222 69.1092 40.5571 0.211616 -0.913333 -0.347155
-52.0191 69.0287 40.0891 0.214355 -0.92104 -0.324042
-52.9594 68.9535 39.5834 0.273215 -0.914021 -0.299146
-54.0447 68.8254 39.0188 0.290807 -0.905957 -0.306936
-55.2528 68.6257 38.3865 0.319 -0.907629 -0.271292
-56.4437 68.3874 37.6851 0.356524 -0.889098 -0.286277
-57.3995 68.2252 36.9333 0.326592 -0.91325 -0.243531
-58.2332 68.1842 36.0091 0.345421 -0.908064 -0.235213
-58.7945 68.1982 35.1995 0.358138 -0.89259 -0.273899
-59.2452 68.4006 33.9504 0.358146 -0.892618 -0.273795
-59.3641 68.7335 32.7287 0.383415 -0.880622 -0.278386
-59.2788 69.1494 31.5489 0.421035 -0.861649 -0.283336
-59.1948 69.5075 30.5836 0.419956 -0.85999 -0.289835
-59.1931 69.997 29.1656 0.423234 -0.860716 -0.282437
-59.1409 70.3339 28.2527 0.453089 -0.84254 -0.291267
-59.0833 70.7606 27.1154 0.462645 -0.839967 -0.283244
-59.1303 71.0803 26.1031 0.475127 -0.832114 -0.286079
-59.3197 71.2657 25.2206 0.489344 -0.830742 -0.265348
-59.7334 71.4255 23.9732 0.502474 -0.820242 -0.273327
-60.0545 71.6093 22.7953 0.513173 -0.81687 -0.263392
-60.1911 71.8231 21.8611 0.50464 -0.82025 -0.269059
-60.3992 72.1266 20.5716 0.512802 -0.81205 -0.278584
-60.4878 72.3823 19.556 0.526502 -0.81394 -0.24554
-60.4908 72.6829 18.5486 0.521253 -0.819788 -0.236906
-60.3919 72.9866 17.6856 0.534817 -0.813746 -0.227565
-60.3262 73.2517 16.8824 0.538455 -0.812652 -0.222851
-61.1159 72.8353 16.553 0.510463 -0.83145 -0.21936
-61.235 72.4163 17.8102 0.518695 -0.823367 -0.230266
-61.3404 72.0562 18.825 0.508685 -0.826956 -0.238809
-61.2995 71.7449 19.9849 0.500927 -0.82689 -0.255587
-61.2064 71.5226 20.8808 0.495472 -0.828188 -0.261884
-60.9944 71.2457 22.1401 0.495894 -0.823323 -0.276096
-60.7193 71.0361 23.2945 0.502547 -0.825479 -0.256966
-60.432 70.8631 24.4218 0.502391 -0.826796 -0.253008
-60.1277 70.7393 25.3786 0.489339 -0.830774 -0.265257
-59.9151 70.4456 26.6457 0.473462 -0.835222 -0.279615
-59.9758 70.0639 27.7574 0.43453 -0.859727 -0.268106
-60.0502 69.656 28.8836 0.431549 -0.859082 -0.27511
-60.052 69.3043 29.9699 0.4153 -0.85995 -0.296667
-60.111 68.8967 31.07 0.419628 -0.860191 -0.289687
-60.2445 68.5482 32.0529 0.399989 -0.884602 -0.239768
-60.2594 68.2187 33.1305 0.381138 -0.882826 -0.274502
-60.0726 67.936 34.3161 0.387056 -0.883139 -0.265055
-59.6902 67.7789 35.3894 0.350578 -0.894498 -0.277431
-59.1082 67.7472 36.3446 0.367592 -0.903888 -0.218776
-58.4977 67.7996 37.0635 0.324104 -0.912876 -0.248195
-57.5795 67.8908 37.9493 0.329076 -0.91569 -0.230371
-56.8436 68.0161 38.5339 0.322586 -0.91977 -0.223343
-55.7606 68.22 39.1625 0.297588 -0.917255 -0.264582
-54.8586 68.3646 39.6411 0.293788 -0.921267 -0.254508
-53.7775 68.5434 40.1363 0.254275 -0.930739 -0.26281
-52.6455 68.6463 40.8055 0.220309 -0.924094 -0.312272
-51.6044 68.7254 41.2706 0.195344 -0.931233 -0.307644
-50.4363 68.774 41.742 0.182777 -0.920183 -0.346203
-49.1777 68.8182 42.2735 0.178846 -0.918712 -0.35211
-47.851 68.8336 42.7209 0.113116 -0.917801 -0.380586
-46.5277 68.9388 42.9024 0.124672 -0.917285 -0.378192
-45.4678 69.0669 42.8801 0.0991294 -0.9235 -0.370569
-44.4453 69.2698 42.6632 0.101485 -0.914019 -0.392307
-43.2436 69.6666 42.0072 0.107994 -0.918842 -0.379497
-42.4474 70.086 41.2149 0.116335 -0.922877 -0.367103
-41.6516 70.5706 40.2164 0.0724565 -0.913743 -0.39978
-41.1373 71.0169 39.2806 0.0804834 -0.915903 -0.393249
-40.7176 71.512 38.259 0.0600246 -0.898136 -0.435555
-40.3367 71.9357 37.4524 0.0622686 -0.894501 -0.4427
-40.0413 72.3387 36.6778 0.0593791 -0.895064 -0.441966
-39.6412 72.8818 35.6675 0.0203632 -0.883779 -0.467461
-39.2052 73.3908 34.7806 -0.00197997 -0.859209 -0.511131
-38.796 73.845 33.9777 -0.0180905 -0.858474 -0.512335
-38.1333 74.2574 33.1954 -0.088092 -0.864388 -0.49505
-37.3701 74.5883 32.5823 -0.0494647 -0.827108 -0.559863
-36.5194 74.9666 31.9213 -0.0641519 -0.841753 -0.536037
-35.731 75.2699 31.3464 -0.067723 -0.835478 -0.545199
-34.9195 75.6525 30.6804 -0.072957 -0.829765 -0.553256
-34.1098 76.1133 29.8617 -0.0833163 -0.831712 -0.54892
-33.3842 76.5833 29.0575 -0.0949723 -0.829303 -0.55044
-32.7352 77.0952 28.187 -0.110876 -0.81303 -0.571556
-32.2764 77.537 27.4329 -0.134929 -0.836247 -0.531494
-31.7024 78.0282 26.563 -0.163713 -0.803319 -0.572597
-31.331 78.5207 25.7626 -0.166606 -0.803421 -0.571627
-31.1277 79.1267 24.801 -0.176497 -0.834448 -0.521008
-30.9732 79.587 23.9516 -0.177715 -0.84995 -0.495953
-30.8518 80.0437 23.1274 -0.151406 -0.851197 -0.502533
-30.7313 80.6694 22.057 -0.144973 -0.841605 -0.520273
-30.4872 81.1885 21.0562 -0.140017 -0.880018 -0.453705
-30.3069 81.7697 19.8746 -0.148637 -0.875257 -0.460253
-30.2532 82.3167 18.7745 -0.141679 -0.888391 -0.436363
-30.1916 82.7215 17.9464 -0.11895 -0.879385 -0.46055
-29.9252 83.3743 16.4922 -0.0484083 -0.922387 -0.383221
-29.8786 83.7728 15.6769 0.00387968 -0.891915 -0.452172
-29.752 84.4771 14.3568 0.0528598 -0.881824 -0.467662
-29.5736 84.9596 13.4441 0.0834944 -0.876321 -0.474437
-29.4391 85.4278 12.6209 0.117696 -0.839845 -0.529445
-29.2715 86.0326 11.676 0.135336 -0.845234 -0.516975
-28.991 86.5971 10.9306 0.175921 -0.819997 -0.544273
-28.6011 87.1846 10.2847 0.317629 -0.735532 -0.598418
-27.9979 87.9492 9.55308 0.315566 -0.796643 -0.514423
-27.3466 88.7158 8.82974 0.337496 -0.812417 -0.472286
-26.5499 89.4358 8.04274 0.334992 -0.838563 -0.429643
-25.9668 89.9334 7.56258 0.375655 -0.826737 -0.418795
-25.2911 90.4321 7.12019 0.227579 -0.935726 -0.269491
-24.3588 90.8188 6.56483 0.213539 -0.93693 -0.276259
-23.2505 91.1188 5.73152 0.144821 -0.974965 -0.167915
-22.4473 91.3333 5.09355 0.113784 -0.977869 -0.175571
-21.6815 91.4515 4.59054 -0.156312 -0.985132 -0.0336652
-20.9441 91.3092 4.01328 -0.218178 -0.975157 -0.0382978
-20.217 91.0099 3.15599 -0.224346 -0.962715 0.14708
-19.6596 90.7705 2.3084 -0.267749 -0.958881 0.0941108
-19.4203 90.4977 1.23933 -0.32334 -0.929244 0.17792
-19.8454 90.3754 -0.135888 -0.425977 -0.87805 0.216601
-20.4854 90.4056 -1.03484 -0.332221 -0.913514 0.234781
-21.5696 90.7445 -1.55365 -0.429671 -0.901363 0.0541005
-22.5994 91.1512 -1.78238 -0.329891 -0.93807 0.105818
-23.5806 91.4504 -1.74281 -0.273982 -0.959623 0.0637011
-24.7997 91.7357 -1.47471 -0.146269 -0.988594 -0.0337299
-26.1628 91.7619 -0.934744 0.0543518 -0.98096 -0.186146
-27.0887 91.6407 -0.610379 0.0604671 -0.982063 -0.178501
-28.1202 91.4621 0.0643998 0.0909467 -0.973024 -0.206372
-29.3139 91.1798 0.595896 0.151486 -0.961551 -0.22722
-30.4986 90.8819 0.936834 0.185288 -0.944835 -0.268611
-31.7372 90.452 1.46323 0.255746 -0.921819 -0.286045
-32.934 89.9443 1.83498 0.277389 -0.903905 -0.325594
-33.902 89.5638 1.99673 0.311733 -0.890186 -0.332252
-35.0241 89.0897 1.96859 0.382128 -0.848313 -0.36653
-35.8845 88.77 1.76154 0.420581 -0.85179 -0.31217
-36.7885 88.5139 1.24439 0.413443 -0.858473 -0.303441
-37.5614 88.4291 0.42303 0.406162 -0.865952 -0.29182
-38.2569 88.3327 -0.662191 0.392485 -0.911408 -0.114054
-38.6411 88.3628 -1.80342 0.356823 -0.923327 -0.141898
-38.9071 88.4848 -2.99379 0.266736 -0.952337 -0.142685
-38.9713 88.5831 -4.06223 0.254664 -0.960277 -0.113336
-38.9753 88.5698 -5.10225 0.152867 -0.987664 0.0339231
-39.0058 88.373 -6.40752 0.198389 -0.951163 0.236498
-38.9501 88.0266 -7.87069 0.169027 -0.943254 0.279863
-39.1213 87.6268 -8.8942 0.150912 -0.923783 0.351923
-39.4839 87.1966 -9.80561 0.104114 -0.9011 0.420836
-39.978 86.743 -10.7779 0.0145634 -0.91771 0.396984
-40.893 86.4011 -11.4313 0.0434117 -0.882763 0.467808
-41.9688 86.2562 -11.7585 -0.0622291 -0.903573 0.423892
-43.095 86.3114 -11.7815 -0.0424952 -0.854226 0.506448
-44.0134 86.5374 -11.3722 -0.0234478 -0.909461 0.414595
-44.6146 86.8734 -10.6327 -0.00267583 -0.911259 0.411826
-45.17 87.3119 -9.86922 -0.0513149 -0.892442 0.446162
-45.7084 87.7553 -8.86704 -0.028372 -0.9223 0.385432
-46.1335 88.116 -7.7449 0.0448958 -0.954276 0.295316
-46.4089 88.1531 -6.53619 0.26462 -0.964347 0.0032177
-46.6288 88.0187 -5.22679 0.0920028 -0.995748 0.00453775
-46.8622 87.975 -4.25498 0.234503 -0.97166 0.029759
-46.9444 87.4914 -3.44191 0.507564 -0.562013 -0.653085
-46.9761 86.7672 -2.85505 0.506037 -0.541474 -0.671366
-47.1366 85.9997 -2.4091 0.629983 -0.407569 -0.660802
-47.6937 85.085 -1.74787 0.664818 -0.664725 -0.340819
-48.2416 84.3849 -1.31615 0.637989 -0.716122 -0.283088
-48.9452 83.7328 -0.910936 0.528796 -0.823055 -0.207249
-49.7721 83.0982 -0.439929 0.533853 -0.825102 -0.182988
-50.605 82.4226 0.215167 0.523095 -0.839227 -0.148101
-51.1686 81.9735 0.811784 0.522119 -0.842434 -0.132927
-52.0304 81.3095 1.69535 0.509575 -0.852071 -0.118695
-52.769 80.7749 2.39186 0.521064 -0.846693 -0.107719
-53.4305 80.3188 2.81073 0.525638 -0.844979 -0.0983563
-54.1317 79.8358 3.24151 0.523074 -0.846186 -0.101796
-55.1107 79.1522 3.97877 0.529369 -0.844187 -0.083784
-55.9495 78.5178 4.92097 0.537936 -0.838163 -0.0899741
-56.5576 78.0635 5.47147 0.540249 -0.836193 -0.0944054
-57.576 77.282 6.4475 0.545628 -0.830785 -0.109931
-58.2538 76.6904 7.49638 0.551602 -0.825596 -0.118851
-58.7147 76.2489 8.39709 0.549089 -0.822684 -0.147133
-59.0039 75.8905 9.29281 0.546291 -0.823481 -0.153117
-59.5532 75.2613 10.6835 0.552154 -0.818139 -0.160379
-59.9157 74.8728 11.4196 0.542037 -0.821307 -0.177062
-60.2399 74.4568 12.2738 0.551362 -0.813525 -0.184873
-60.4969 74.0508 13.3604 0.532863 -0.823254 -0.194679
-60.7116 73.6497 14.3851 0.519485 -0.829012 -0.207004
-60.9695 73.1893 15.5517 0.525294 -0.825233 -0.207381
-61.0905 72.9268 16.2653 0.51047 -0.831445 -0.219361
-61.8939 72.5042 16.0442 0.499431 -0.836365 -0.225969
-61.9911 72.2179 16.9162 0.489714 -0.840557 -0.231344
-62.112 71.8843 17.8323 0.485895 -0.8399 -0.241814
-62.2174 71.4944 18.9896 0.485081 -0.841118 -0.2392
-62.165 71.1615 20.2144 0.492852 -0.833832 -0.24864
-61.9952 70.973 21.1427 0.490894 -0.830266 -0.263972
-61.8231 70.7784 22.0741 0.487067 -0.830676 -0.269707
-61.6178 70.5797 23.0611 0.48689 -0.831424 -0.267717
-61.3431 70.4541 24.015 0.465036 -0.851882 -0.240911
-61.0083 70.2724 25.251 0.473299 -0.84087 -0.262526
-60.7771 70.0953 26.2273 0.470705 -0.842827 -0.26089
-60.8564 69.783 27.2066 0.435186 -0.863332 -0.255482
-60.8781 69.4895 28.1148 0.433872 -0.856123 -0.280729
-60.8981 69.1872 29.0667 0.415596 -0.86966 -0.266384
-60.9371 68.8875 29.9914 0.402952 -0.871324 -0.279048
-61.0049 68.5605 30.8494 0.378962 -0.883296 -0.27405
-61.1337 68.2159 31.9042 0.365002 -0.897065 -0.249093
-61.1691 67.9307 32.8291 0.36681 -0.888297 -0.276366
-61.0873 67.6907 33.7093 0.358756 -0.89469 -0.265716
-60.8524 67.4786 34.8168 0.354922 -0.903247 -0.241196
-60.4385 67.3591 35.9203 0.345113 -0.910681 -0.226024
-59.9139 67.3325 36.8033 0.34492 -0.914725 -0.210498
-59.178 67.4127 37.6044 0.334428 -0.911415 -0.239497
-58.17 67.5273 38.606 0.329777 -0.919891 -0.212125
-57.4596 67.6292 39.2406 0.314441 -0.918154 -0.239515
-56.5038 67.7829 39.8177 0.307959 -0.913551 -0.265679
-55.6212 67.9368 40.3309 0.299508 -0.922277 -0.244337
-54.7752 68.1201 40.6757 0.281151 -0.927476 -0.245718
-53.8166 68.2666 41.1086 0.252975 -0.936137 -0.244234
-52.9764 68.3005 41.6762 0.211112 -0.935134 -0.284272
-51.9248 68.3972 42.0575 0.162473 -0.935828 -0.312752
-50.8218 68.4013 42.5967 0.154201 -0.93797 -0.310539
-49.6101 68.4448 43.0462 0.172018 -0.925493 -0.337449
-48.7599 68.4507 43.3779 0.125272 -0.915335 -0.382411
-47.7881 68.4554 43.6546 0.126294 -0.922169 -0.365101
-46.532 68.5902 43.7959 0.138171 -0.925895 -0.351607
-44.7964 68.8002 43.7258 0.0992296 -0.923732 -0.369962
-43.8992 69.0185 43.4543 0.105622 -0.928453 -0.356116
-42.9347 69.3059 42.9913 0.104663 -0.928422 -0.35648
-42.2015 69.6416 42.3852 0.122874 -0.918673 -0.375423
-41.5486 70.0052 41.6985 0.11205 -0.931541 -0.345088
-40.7491 70.4599 40.6509 0.118798 -0.938957 -0.322806
-40.1234 70.9778 39.5655 0.0736494 -0.913538 -0.400031
-39.7923 71.4168 38.5818 0.0520135 -0.912504 -0.403561
-39.2831 72.0778 37.2521 0.0294225 -0.898553 -0.43757
-38.8547 72.6972 36.0621 0.0287292 -0.887818 -0.459273
-38.2273 73.3049 34.9042 0.00186692 -0.881283 -0.471714
-37.801 73.7422 34.114 -0.0300761 -0.889041 -0.456829
-36.7522 74.1845 33.1693 -0.0284264 -0.869483 -0.491109
-35.9259 74.523 32.5533 -0.0721336 -0.861183 -0.50315
-35.0911 74.7835 32.0272 -0.0603488 -0.84694 -0.528252
-34.2829 75.1978 31.2683 -0.091646 -0.824891 -0.557814
-33.5914 75.5386 30.6525 -0.0878593 -0.827182 -0.555002
-32.8607 76.0541 29.7614 -0.082936 -0.828361 -0.553988
-31.9597 76.5908 28.7427 -0.125835 -0.830425 -0.542734
-31.6081 77.0505 28.0236 -0.136297 -0.807046 -0.574405
-31.0205 77.4211 27.2513 -0.17513 -0.830062 -0.529459
-30.5882 78.0235 26.2573 -0.14893 -0.81329 -0.562473
-30.3059 78.4781 25.5054 -0.153583 -0.825998 -0.542347
-30.126 79.0277 24.6203 -0.176491 -0.834449 -0.521009
-29.9316 79.4597 23.8288 -0.156939 -0.849127 -0.504334
-29.8854 79.9262 23.0305 -0.155644 -0.848557 -0.505692
-29.7739 80.6013 21.8815 -0.164809 -0.840804 -0.515642
-29.533 81.0308 21.0459 -0.16485 -0.867688 -0.46826
-29.3786 81.5749 19.9453 -0.148638 -0.875259 -0.460248
-29.3684 82.0298 19.1017 -0.128476 -0.879949 -0.456983
-29.2458 82.4971 18.1434 -0.0923468 -0.875074 -0.475098
-29.0365 83.057 17.0718 -0.0876073 -0.874284 -0.477415
-28.9297 83.5763 16.0358 -0.0700025 -0.892817 -0.444947
-28.918 84.0553 15.1487 -0.0159642 -0.860034 -0.509221
-28.8022 84.4942 14.3685 0.00105025 -0.87157 -0.49027
-28.6008 85.0013 13.5427 0.062183 -0.86097 -0.503247
-28.4222 85.5548 12.613 0.100053 -0.834459 -0.541911
-28.3087 86.156 11.779 0.175294 -0.810852 -0.558383
-28.02 86.7312 11.1198 0.297015 -0.729458 -0.616176
-27.3816 87.7244 10.2658 0.310524 -0.753225 -0.577625
-26.9388 88.2841 9.70019 0.304454 -0.785449 -0.538867
-26.4536 88.8635 9.20866 0.324271 -0.837318 -0.440167
-25.5865 89.6261 8.48672 0.372311 -0.814863 -0.444068
-24.8192 90.2407 7.97317 0.322602 -0.839397 -0.434644
-24.0521 90.5899 7.53967 0.199492 -0.938138 -0.28302
-23.0205 90.9543 6.76463 0.122027 -0.974449 -0.188522
-22.3053 91.1538 6.20571 0.116546 -0.978269 -0.171482
-21.4103 91.3629 5.48492 -0.0435445 -0.988322 -0.126371
-20.2022 91.194 4.71928 -0.152024 -0.985884 0.0701475
-19.616 91.0278 4.03596 -0.190393 -0.970222 0.14973
-18.9697 90.7445 3.2205 -0.214053 -0.959327 0.184048
-18.5466 90.3339 2.20255 -0.415173 -0.878848 0.23174
-18.5389 89.9721 0.797285 -0.454648 -0.855311 0.24821
-18.8323 89.8837 -0.0864915 -0.457943 -0.858648 0.230051
-19.1963 89.8711 -0.912012 -0.469878 -0.856934 0.211849
-19.8492 90.0367 -1.69764 -0.402952 -0.89263 0.182442
-20.6169 90.2047 -2.3242 -0.389821 -0.910357 0.118024
-21.9219 90.8068 -2.61341 -0.374454 -0.915246 0.138897
-23.3667 91.3305 -2.71073 -0.318892 -0.942964 0.079325
-24.2885 91.6006 -2.59513 -0.318779 -0.945857 0.0273331
-25.294 91.8074 -2.33259 -0.0928492 -0.991822 -0.0535691
-26.2515 91.928 -1.89205 -0.00987835 -0.984661 -0.0931047
-27.4029 91.7672 -1.50581 0.0799597 -0.987071 -0.138912
-28.2901 91.6604 -1.14426 0.0603261 -0.986993 -0.148363
-29.161 91.4799 -0.562139 0.127428 -0.963078 -0.237154
-30.3206 91.2175 -0.218942 0.158603 -0.956734 -0.243936
-31.6355 90.7799 0.398561 0.230199 -0.936327 -0.265143
-32.5937 90.4268 0.744964 0.282167 -0.909306 -0.30585
-33.7135 89.9658 1.13298 0.275211 -0.897288 -0.343223
-34.846 89.5061 1.1138 0.399995 -0.855435 -0.328949
-36.1148 89.0475 0.723893 0.440839 -0.846786 -0.296237
-36.8173 88.9252 0.0392464 0.424083 -0.853967 -0.301487
-37.3866 88.7372 -0.722784 0.378835 -0.92196 -0.0804582
-37.7457 88.7423 -2.02633 0.358922 -0.922701 -0.140705
-37.9782 88.7567 -3.1455 0.28199 -0.956384 -0.0573661
-38.032 88.7732 -4.4355 0.19918 -0.978237 0.0581385
-38.0821 88.631 -6.06978 0.148321 -0.968287 0.19053
-38.0129 88.3842 -7.12328 0.159669 -0.959627 0.231564
-38.0005 88.1207 -8.06493 0.156022 -0.937858 0.307908
-38.1816 87.5987 -9.2731 0.177473 -0.890933 0.417657
-38.4825 87.1312 -10.1935 0.104125 -0.901098 0.420837
-38.9241 86.6682 -11.0612 0.119393 -0.893557 0.432132
-39.7087 86.2474 -11.8542 0.0336865 -0.8931 0.447839
-40.5478 85.9298 -12.2993 0.0332329 -0.826747 0.561591
-41.4831 85.7462 -12.5427 0.00108913 -0.830585 0.556599
-42.693 85.6533 -12.6529 0.0157837 -0.80928 0.587212
-43.5831 85.7949 -12.5066 -0.0473381 -0.798233 0.600485
-44.7951 86.2304 -11.9903 0.00302317 -0.844861 0.525773
-45.4543 86.6444 -11.1158 -0.0167315 -0.88965 0.454077
-45.9776 87.1006 -10.2983 -0.0248009 -0.875462 0.482649
-46.4393 87.4787 -9.60131 -0.0369553 -0.925543 0.376836
-46.7798 87.7638 -8.81795 0.00539846 -0.952243 0.30521
-47.0683 88.0295 -7.96803 0.106493 -0.964728 0.115706
-47.3637 87.9107 -6.58795 0.230445 -0.973025 -0.0108197
-47.5582 87.8289 -5.67877 0.184137 -0.961456 -0.15611
-47.8086 87.737 -4.56791 0.420512 -0.788651 -0.242672
-47.797 86.8694 -3.63915 0.573792 -0.553923 -0.603269
-47.8802 86.0428 -3.1422 0.623071 -0.424493 -0.656954
-48.1976 85.0166 -2.5347 0.651352 -0.663559 -0.368009
-48.7086 84.3094 -2.17781 0.647383 -0.687 -0.325826
-49.2993 83.7328 -1.80797 0.529027 -0.822514 -0.208811
-49.9223 83.2 -1.42947 0.549277 -0.817692 -0.172265
-50.7827 82.5316 -0.933932 0.520211 -0.83748 -0.167254
-51.4008 82.0361 -0.349419 0.519715 -0.83891 -0.161633
-52 81.5283 0.373899 0.521309 -0.843783 -0.127545
-52.7058 80.9822 1.09669 0.519937 -0.845683 -0.120068
-53.3023 80.5449 1.65034 0.522096 -0.845356 -0.112955
-54.1209 79.9747 2.14855 0.521625 -0.846662 -0.105207
-55.2543 79.1845 2.88865 0.5229 -0.846267 -0.102016
-55.8906 78.7252 3.45261 0.521209 -0.847228 -0.102685
-56.4695 78.2918 4.08182 0.521272 -0.847048 -0.103848
-57.2082 77.7362 4.7736 0.531354 -0.840193 -0.108341
-57.7885 77.2932 5.33789 0.536153 -0.835631 -0.119385
-58.4971 76.7128 6.23348 0.536961 -0.835517 -0.116551
-58.9593 76.2986 7.01967 0.541957 -0.831554 -0.121654
-59.4796 75.8126 7.94701 0.551882 -0.821891 -0.141144
-59.7758 75.4578 8.9013 0.525152 -0.836552 -0.155335
-60.0753 75.1034 9.74284 0.52616 -0.834493 -0.163636
-60.4715 74.7043 10.4598 0.534266 -0.829299 -0.163779
-60.7912 74.3193 11.2558 0.54981 -0.813313 -0.190344
-61.0664 73.9317 12.2459 0.505816 -0.841106 -0.191552
-61.3227 73.5483 13.2351 0.519183 -0.830801 -0.200522
-61.5504 73.1891 14.1246 0.519488 -0.82901 -0.207007
-61.8137 72.7677 15.2199 0.499134 -0.842798 -0.201388
-61.894 72.6685 15.4357 0.499288 -0.839578 -0.21368
-61.8881 72.5296 15.9629 0.499435 -0.836362 -0.225972
