-46.4787 82.7174 19.3987 0.195157 -0.956423 -0.217184
-46.227 83.0325 18.0823 0.174273 -0.969676 -0.171341
-47.0276 82.8011 18.5138 0.197893 -0.957476 -0.209947
-47.3638 82.5455 19.3602 0.206213 -0.951989 -0.22578
-47.7823 82.177 20.4622 0.215925 -0.943692 -0.250116
-47.8042 81.8378 21.3613 0.395245 -0.844702 -0.360859
-47.2974 81.9533 21.5494 0.193436 -0.896702 -0.391611
-46.7445 82.4219 20.4342 0.215926 -0.943692 -0.250116
-46.5252 82.633 19.7288 0.195153 -0.956424 -0.217181
-45.6469 82.8052 19.6972 0.174623 -0.958858 -0.223825
-45.444 83.0518 18.6695 0.145183 -0.973454 -0.176942
-45.267 83.2738 17.5354 0.143809 -0.976322 -0.161599
-45.1832 83.4448 16.5767 0.176116 -0.9765 -0.106584
-45.5245 83.4686 15.5295 0.244713 -0.962791 -0.11467
-46.5336 83.1919 16.2529 0.173778 -0.982975 -0.0596724
-47.2973 82.9579 17.1976 0.209969 -0.970742 -0.116505
-47.9511 82.5865 18.4274 0.311505 -0.934255 -0.162289
-48.3953 82.2391 19.4189 0.342229 -0.907348 -0.229751
-48.649 81.8686 20.2785 0.413584 -0.874135 -0.254631
-48.7778 81.4241 21.263 0.408745 -0.846261 -0.341195
-48.628 80.8919 22.6935 0.372811 -0.846932 -0.378333
-47.986 80.8469 23.3712 0.35349 -0.844143 -0.402935
-47.1377 81.4471 22.722 0.250159 -0.912059 -0.324914
-46.4573 81.9145 21.9968 0.143306 -0.925947 -0.349407
-46.0324 82.2977 21.1348 0.160363 -0.925052 -0.343633
-45.7564 82.6687 20.1963 0.174624 -0.958858 -0.223824
-44.8217 82.836 20.1727 0.122735 -0.959888 -0.252094
-45.0752 82.4792 21.2454 0.249467 -0.916161 -0.313712
-45.5782 81.955 22.3397 0.223256 -0.918777 -0.32377
-46.3166 81.4773 23.2413 0.202858 -0.919315 -0.337206
-46.951 81.0742 23.7736 0.338735 -0.838936 -0.425424
-47.8053 80.3568 24.467 0.336363 -0.827519 -0.449524
-48.5566 79.7119 25.0574 0.358188 -0.826258 -0.434741
-49.2328 80.0583 23.7784 0.42075 -0.812758 -0.402957
-49.5177 80.5605 22.3972 0.440187 -0.814378 -0.378184
-49.6196 80.8721 21.5336 0.441833 -0.834169 -0.330068
-49.5825 81.2541 20.6213 0.444109 -0.83091 -0.335195
-49.3284 81.7346 19.5342 0.471046 -0.857807 -0.205627
-49.0297 82.0873 18.6767 0.474185 -0.866167 -0.157807
-48.6206 82.4228 17.7086 0.350663 -0.929751 -0.112191
-48.1433 82.708 16.8064 0.341061 -0.934291 -0.103189
-47.5982 82.9611 16.0791 0.33594 -0.939547 -0.0662969
-46.9089 83.178 15.3486 0.2072 -0.971224 -0.117437
-46.0061 83.4662 14.6485 0.22084 -0.971014 -0.0742534
-45.2268 83.6467 14.0825 0.210157 -0.977412 -0.0223506
-44.4862 83.7942 13.5293 0.181639 -0.983193 -0.018428
-44.0334 83.8585 14.4143 0.176592 -0.983968 -0.0249442
-44.205 83.771 15.5272 0.211223 -0.97104 -0.11163
-44.2849 83.6348 16.5738 0.212997 -0.970835 -0.110056
-44.3646 83.4745 17.4637 0.233826 -0.958276 -0.164418
-44.5328 83.1894 18.7402 0.202081 -0.960963 -0.188977
-44.7844 82.8874 19.9953 0.14509 -0.960419 -0.236204
-44.8124 82.849 20.1278 0.122738 -0.959888 -0.252091
-43.8885 82.962 20.1331 0.114556 -0.961861 -0.248396
-43.7039 83.2285 19.2352 0.121026 -0.957493 -0.261839
-43.5471 83.4971 18.2336 0.148128 -0.970459 -0.181925
-43.4292 83.7068 17.1014 0.0814806 -0.986801 -0.134066
-43.2799 83.8571 15.6546 0.0696572 -0.992958 -0.0958281
-43.0774 83.9747 14.231 0.107583 -0.992157 -0.0598208
-42.8558 84.082 12.9791 0.137303 -0.989267 -0.0490682
-43.0825 84.099 12.1451 0.14001 -0.988438 -0.0581995
-43.8774 83.9914 12.0039 0.146957 -0.987966 -0.0482456
-44.8537 83.7782 12.6139 0.202735 -0.977786 -0.0532347
-45.7404 83.5722 13.2981 0.168441 -0.984269 -0.0525556
-46.513 83.4037 13.8801 0.251983 -0.961422 -0.0678837
-47.2338 83.1022 14.4341 0.330612 -0.942232 -0.0300375
-47.9532 82.8843 15.085 0.269121 -0.962806 0.0240526
-48.5395 82.663 15.7877 0.317897 -0.944709 -0.0804186
-49.1939 82.3019 16.7893 0.39406 -0.912731 -0.102377
-49.5708 82.0003 17.6758 0.4345 -0.880617 -0.189007
-49.9078 81.6294 18.6293 0.432139 -0.88186 -0.188605
-50.2595 81.2146 19.7037 0.455687 -0.855509 -0.240289
-50.4332 80.7951 20.5797 0.514451 -0.810244 -0.276924
-50.4334 80.3661 21.6676 0.508628 -0.792677 -0.335017
-50.2994 80.0409 22.5373 0.504248 -0.774048 -0.382862
-49.9959 79.5809 23.9188 0.463389 -0.799376 -0.380526
-49.7974 79.2658 24.7479 0.448427 -0.77948 -0.435959
-49.4231 78.7318 25.9179 0.416325 -0.752199 -0.510755
-48.5826 78.9658 26.2411 0.349559 -0.780062 -0.518934
-47.7635 79.7256 25.6224 0.361763 -0.795838 -0.485561
-47.12 80.2821 25.1151 0.333969 -0.825842 -0.454366
-46.3025 80.9385 24.4118 0.190536 -0.865541 -0.463179
-45.6025 81.3847 23.7994 0.161799 -0.899179 -0.406568
-44.8227 81.963 22.882 0.200985 -0.895485 -0.39713
-44.3645 82.3965 22.052 0.187337 -0.937354 -0.284832
-44.0994 82.6554 21.212 0.123982 -0.959217 -0.25402
-43.9806 82.8208 20.6374 0.114559 -0.961859 -0.248401
-43.0622 82.8787 20.7937 0.0911538 -0.963399 -0.252099
-42.8593 83.1718 19.6327 0.0818192 -0.973486 -0.213612
-42.6841 83.4055 18.7346 0.0119004 -0.967536 -0.252292
-42.5562 83.7273 17.4599 0.0515361 -0.975205 -0.207877
-42.3977 83.8939 15.9454 0.147635 -0.986294 -0.0672965
-42.2069 84.0573 14.6232 0.134904 -0.985461 -0.103286
-42.0516 84.1642 13.4605 0.145584 -0.986606 -0.0730746
-41.863 84.2763 12.5524 0.151509 -0.983777 -0.096062
-41.9329 84.3484 11.4621 0.197146 -0.977937 -0.0690787
-42.7626 84.251 10.7748 0.172518 -0.980331 -0.0958618
-43.7688 84.0942 10.7299 0.178158 -0.982686 -0.0508768
-44.6243 83.902 11.29 0.220048 -0.974547 -0.0426222
-45.6568 83.6402 12.0756 0.212598 -0.976375 -0.0382747
-46.4119 83.473 12.6527 0.202842 -0.979073 -0.016482
-47.2025 83.2039 13.2489 0.33957 -0.938014 -0.0694351
-48.2321 82.7818 14.0662 0.293786 -0.954147 -0.0231264
-48.9019 82.6106 14.7451 0.268813 -0.962916 0.0230463
-49.4631 82.3314 15.4889 0.385488 -0.917238 -0.100369
-49.9399 82.0125 16.2632 0.424827 -0.898846 -0.107692
-50.2864 81.7474 17.1085 0.455098 -0.881451 -0.120603
-50.6035 81.4361 17.9478 0.429784 -0.883099 -0.188207
-50.9479 81.0451 18.8665 0.501875 -0.831868 -0.236892
-51.1897 80.427 20.0952 0.535358 -0.793632 -0.282369
-51.2659 80.0772 21.05 0.57492 -0.750914 -0.324491
-51.1057 79.5685 22.4304 0.513575 -0.77535 -0.367062
-50.8969 79.2704 23.3718 0.535235 -0.759127 -0.365207
-50.6958 78.9627 24.2659 0.582072 -0.715435 -0.386347
-50.4379 78.5237 25.3021 0.50317 -0.731123 -0.460738
-50.0457 78.0643 26.3959 0.452741 -0.735887 -0.503485
-49.8251 77.6728 27.1812 0.455347 -0.762134 -0.46023
-49.7614 77.1683 28.0627 0.481878 -0.724411 -0.492966
-49.0718 77.5936 27.9909 0.396626 -0.766741 -0.504772
-48.5298 78.1909 27.4743 0.358111 -0.798375 -0.484101
-48.0116 78.7479 26.9532 0.349552 -0.780064 -0.518934
-47.1577 79.5656 26.3108 0.329849 -0.774558 -0.538885
-46.5625 80.0716 25.8423 0.239019 -0.840117 -0.486901
-45.7611 80.6236 25.1749 0.165147 -0.86927 -0.465935
-44.9302 81.2139 24.4179 0.15835 -0.863282 -0.479227
-44.3338 81.6642 23.778 0.0862257 -0.898891 -0.429381
-43.874 82.0276 23.093 0.0918915 -0.903897 -0.417764
-43.4482 82.415 22.3633 0.101144 -0.929083 -0.3466
-43.1843 82.6934 21.4574 0.0902432 -0.96198 -0.257715
-43.123 82.7749 21.1681 0.0911532 -0.963397 -0.252104
-42.1888 82.8214 21.3282 0.0902431 -0.96198 -0.257714
-42.4489 82.4838 22.4603 0.084966 -0.959852 -0.267328
-42.9114 81.9888 23.2871 0.00434353 -0.890608 -0.454751
-43.4353 81.5964 24.0509 0.0298649 -0.889469 -0.456019
-44.0839 81.138 24.8327 0.133553 -0.852639 -0.503946
-44.8403 80.5855 25.5632 0.108171 -0.843723 -0.525767
-45.7286 79.9857 26.3305 0.133324 -0.82507 -0.54805
-46.4768 79.4052 26.9081 0.273583 -0.788783 -0.549091
-47.266 78.6734 27.5126 0.310029 -0.790315 -0.528473
-48.1277 77.7955 28.4237 0.323281 -0.80556 -0.495153
-48.5591 77.1835 28.9355 0.327866 -0.728112 -0.601961
-48.9894 76.5371 29.4911 0.322478 -0.764026 -0.558812
-49.5023 75.8281 30.1625 0.322333 -0.765546 -0.556804
-50.0373 75.7482 29.892 0.416679 -0.758201 -0.501218
-50.3846 76.4045 28.5729 0.469193 -0.741701 -0.478515
-50.622 77.0092 27.4509 0.482764 -0.725482 -0.490525
-50.8058 77.4336 26.6344 0.477911 -0.733906 -0.481522
-51.1828 77.953 25.3692 0.577081 -0.701353 -0.41752
-51.4804 78.4919 23.9557 0.582072 -0.715437 -0.386344
-51.6772 78.7927 23.0875 0.573615 -0.72352 -0.384037
-51.8993 79.1032 22.171 0.568516 -0.738908 -0.36054
-52.0222 79.4216 21.1993 0.586414 -0.747537 -0.31194
-52.025 79.8012 20.2845 0.56893 -0.775604 -0.267797
-51.9157 80.1719 19.4528 0.662464 -0.716638 -0.21811
-51.7139 80.5634 18.5669 0.630802 -0.765822 -0.124921
-51.3805 81.0789 17.5009 0.560905 -0.805253 -0.160822
-51.0677 81.3704 16.7081 0.485369 -0.864055 -0.133512
-50.7784 81.659 15.8831 0.505188 -0.854516 -0.118264
-50.2634 82.0486 15.0002 0.406145 -0.905244 -0.120797
-49.624 82.3654 14.0974 0.392618 -0.918819 -0.0402703
-48.5483 82.7483 13.1025 0.299316 -0.949258 -0.0965313
-47.4117 83.1835 12.2623 0.288353 -0.953148 -0.0914418
-46.667 83.4405 11.6995 0.192861 -0.979739 -0.050441
-45.7391 83.6637 11.0182 0.212595 -0.976375 -0.0382854
-44.9274 83.8782 10.3429 0.222214 -0.973885 -0.0465787
-43.8588 84.1799 9.60958 0.20497 -0.968215 -0.143345
-42.703 84.3912 9.69205 0.171759 -0.976072 -0.133338
-41.5829 84.4988 10.3635 0.172834 -0.978141 -0.114143
-40.9017 84.5448 10.9879 0.133708 -0.987908 -0.0784827
-40.8507 84.4687 12.024 0.133017 -0.987815 -0.0808003
-41.0134 84.3542 13.0943 0.152369 -0.984491 -0.0864144
-41.269 84.1915 14.4533 0.0949754 -0.989393 -0.109915
-41.4123 84.0344 15.6619 0.118716 -0.988805 -0.0818203
-41.5276 83.9727 16.6999 0.147627 -0.986295 -0.0673032
-41.6392 83.7531 17.6796 0.0897019 -0.965843 -0.243108
-41.7585 83.4943 18.6687 0.105555 -0.968538 -0.225372
-41.9089 83.2773 19.5309 0.0866393 -0.968083 -0.234248
-42.0459 83.0496 20.4351 0.0746439 -0.969927 -0.23167
-42.1646 82.8629 21.1786 0.0828955 -0.966662 -0.241889
-41.2322 82.9018 21.1956 0.0346996 -0.966005 -0.256182
-41.3809 82.6247 22.1367 -0.0570086 -0.948589 -0.311335
-41.6435 82.2778 22.9929 0.0423936 -0.846647 -0.521304
-42.216 81.6875 23.906 0.0177382 -0.900566 -0.434152
-42.7277 81.3379 24.6015 0.0286864 -0.882653 -0.468921
-43.3649 80.8946 25.3709 0.0678458 -0.859729 -0.503875
-43.9487 80.4629 25.9435 0.108154 -0.843824 -0.525609
-44.7531 79.9187 26.6516 0.111727 -0.843255 -0.525762
-45.4151 79.4432 27.1742 0.13627 -0.782836 -0.607123
-46.0623 78.9386 27.6782 0.138332 -0.780982 -0.609042
-46.7429 78.3596 28.2618 0.216523 -0.769918 -0.599738
-47.3747 77.6278 28.9531 0.240451 -0.770109 -0.59086
-48.003 76.7783 29.7285 0.32467 -0.746355 -0.580285
-48.5203 76.0443 30.4355 0.32248 -0.76402 -0.558819
-49.0205 75.2855 31.1926 0.322357 -0.766887 -0.554949
-49.6628 74.5482 31.9453 0.334186 -0.803791 -0.492096
-50.6619 74.5035 31.3362 0.370495 -0.793393 -0.481654
-50.893 74.9323 30.4325 0.456233 -0.747353 -0.483027
-50.9881 75.4311 29.5709 0.460346 -0.748359 -0.477486
-51.2065 76.0219 28.3804 0.467205 -0.755399 -0.459447
-51.532 76.7117 27.0054 0.47633 -0.728429 -0.492444
-51.7761 77.2012 25.7999 0.529534 -0.739047 -0.416417
-51.9943 77.5376 24.9296 0.580321 -0.713652 -0.392331
-52.2342 77.9229 23.8711 0.581906 -0.712906 -0.391344
-52.4538 78.303 22.8303 0.582516 -0.716745 -0.383343
-52.7156 78.6653 21.5822 0.634368 -0.699686 -0.32866
-52.781 78.9736 20.7356 0.641759 -0.71931 -0.261474
-52.705 79.3323 19.8009 0.665708 -0.71319 -0.21953
-52.5851 79.7019 18.9636 0.664085 -0.714914 -0.218822
-52.3202 80.1879 17.8938 0.591258 -0.773715 -0.226771
-52.0766 80.6416 17.0059 0.577256 -0.781622 -0.236311
-51.7804 81.022 16.1788 0.515777 -0.852642 -0.0835255
-51.4728 81.3308 15.2525 0.520321 -0.843393 -0.133994
-50.7817 81.8308 14.1017 0.485633 -0.872091 -0.0601457
-50.202 82.1441 13.3567 0.414483 -0.909127 -0.0406375
-49.5668 82.4487 12.7555 0.394814 -0.917954 -0.0385151
-48.6284 82.8317 12.0262 0.298528 -0.94971 -0.0945055
-47.8628 83.1266 11.4334 0.287751 -0.953488 -0.0897588
-47.1683 83.3858 10.8898 0.297151 -0.952634 -0.0543203
-46.3605 83.59 10.2869 0.177101 -0.9817 -0.0700003
-45.5309 83.8201 9.58997 0.201469 -0.975103 -0.0926275
-44.7274 84.0863 8.97566 0.230524 -0.961447 -0.14993
-43.5897 84.4406 8.3129 0.190635 -0.966816 -0.168865
-42.6926 84.5574 8.55816 0.17243 -0.970894 -0.166229
-41.6887 84.6324 9.23082 0.169007 -0.976918 -0.130644
-40.7128 84.6903 9.82905 0.117743 -0.981506 -0.150936
-39.9899 84.7234 10.3898 0.203463 -0.970838 -0.11263
-39.7684 84.6831 11.3912 0.161634 -0.984132 -0.073167
-39.9817 84.5668 12.5135 0.163591 -0.983921 -0.0716646
-40.1936 84.3857 13.6957 0.144533 -0.978577 -0.146618
-40.3807 84.2325 14.8554 0.0950468 -0.989487 -0.109005
-40.4698 84.1146 15.7717 0.0487935 -0.99567 -0.0791028
-40.6368 83.9357 17.1013 -0.00509493 -0.981533 -0.191223
-40.7621 83.6903 18.1266 0.0333597 -0.975229 -0.218666
-40.9191 83.4009 19.3144 0.0673494 -0.967402 -0.244122
-41.1342 83.0554 20.6192 0.0592784 -0.969212 -0.238769
-41.2229 82.9174 21.1379 0.0346993 -0.966006 -0.256182
-40.2775 82.9502 21.1015 0.0297856 -0.961921 -0.271293
-40.3906 82.6291 22.0928 0.0142127 -0.939151 -0.34321
-40.7207 82.1053 23.1945 -0.104499 -0.862517 -0.495121
-41.1278 81.7272 23.9291 0.042404 -0.846643 -0.521307
-41.7938 81.224 24.8343 0.00592593 -0.877884 -0.478836
-42.3374 80.8366 25.5215 0.00520802 -0.858231 -0.512214
-42.8732 80.4419 26.1459 0.0309301 -0.832965 -0.550966
-43.5682 79.9668 26.7729 0.0951373 -0.861229 -0.499233
-44.353 79.4486 27.4249 0.159158 -0.78382 -0.600246
-45.0453 78.8991 27.9587 0.147716 -0.783329 -0.603682
-45.8419 78.2598 28.6457 0.141135 -0.80577 -0.575166
-46.5928 77.4694 29.4466 0.200625 -0.769937 -0.605673
-47.2534 76.6535 30.269 0.234164 -0.770579 -0.59183
-47.6804 76.0312 30.8639 0.262856 -0.762783 -0.590665
-48.2293 75.2301 31.663 0.279649 -0.760885 -0.585534
-48.6984 74.5775 32.4293 0.284143 -0.80431 -0.521781
-49.4502 73.9261 33.044 0.280927 -0.809999 -0.514763
-50.5375 73.7263 32.6809 0.346331 -0.803152 -0.484769
-51.4211 73.8146 31.8469 0.401997 -0.788326 -0.465769
-51.6405 74.2373 30.9104 0.412192 -0.804518 -0.427607
-51.7497 74.6878 30.0016 0.460347 -0.748358 -0.477486
-51.8318 75.1472 29.1914 0.464144 -0.753997 -0.464742
-52.0312 75.6326 28.1783 0.471564 -0.750783 -0.46241
-52.2457 76.0614 27.2879 0.523403 -0.735037 -0.424595
-52.5331 76.619 25.8705 0.579584 -0.709208 -0.401375
-52.7361 76.9452 24.9172 0.57815 -0.72637 -0.371656
-53.0122 77.3913 23.6848 0.601453 -0.708094 -0.368536
-53.202 77.7569 22.5794 0.629639 -0.705294 -0.325433
-53.4806 78.2247 20.9995 0.65677 -0.682888 -0.319871
-53.4721 78.6463 19.9538 0.635059 -0.725164 -0.262936
-53.3602 79.0841 18.8889 0.616747 -0.751222 -0.235138
-53.1349 79.5844 17.8288 0.591258 -0.773714 -0.226775
-52.8257 80.1827 16.694 0.583452 -0.775602 -0.240689
-52.5118 80.6208 15.7582 0.549216 -0.823864 -0.125946
-52.0992 81.0287 14.5912 0.55107 -0.828352 -0.100143
-51.4951 81.4793 13.5321 0.477542 -0.876005 -0.0675875
-50.835 81.8833 12.6576 0.44795 -0.893294 -0.0369625
-50.1585 82.2252 12.0152 0.395159 -0.917644 -0.0420235
-49.4534 82.5562 11.473 0.37978 -0.924135 -0.0371127
-48.338 83.0086 10.6444 0.357903 -0.933653 -0.0140677
-47.578 83.2839 10.0659 0.327266 -0.943576 -0.0506145
-46.7642 83.5792 9.41684 0.190223 -0.97823 -0.0810773
-45.8602 83.8855 8.64928 0.200971 -0.966135 -0.161848
-44.7244 84.2926 7.80506 0.203305 -0.960857 -0.187662
-43.8741 84.5659 7.25413 0.199986 -0.963411 -0.177987
-43.049 84.743 7.15279 0.185704 -0.960766 -0.206014
-42.1608 84.8 7.75203 0.19499 -0.965238 -0.174054
-41.2608 84.8462 8.41191 0.169504 -0.96691 -0.190668
-40.3976 84.9282 8.94958 0.232375 -0.94838 -0.215818
-39.36 85.049 9.47592 0.213336 -0.951122 -0.223283
-38.6241 85.0871 10.1881 0.191022 -0.966624 -0.170728
-38.8334 84.8098 11.571 0.167506 -0.977546 -0.117948
-39.0189 84.7127 12.4522 0.137781 -0.987244 -0.0797844
-39.2473 84.4758 13.7231 0.0357674 -0.982942 -0.175258
-39.4374 84.2706 14.9536 -0.0108233 -0.993837 -0.110323
-39.5451 84.1485 15.9263 0.049973 -0.995487 -0.0806735
-39.6838 83.9493 17.022 0.00340053 -0.98179 -0.189941
-39.8319 83.7459 18.0395 0.0433897 -0.975367 -0.216281
-39.9771 83.4545 19.2812 0.0302283 -0.970724 -0.238288
-40.1555 83.148 20.4497 0.0413072 -0.96231 -0.268275
-40.2728 82.9587 21.0732 0.0367564 -0.95815 -0.283898
-39.3663 82.8875 21.3901 -0.0589482 -0.933511 -0.346646
-39.1723 83.1971 20.3434 -0.0318984 -0.960822 -0.274953
-39.0224 83.4974 19.1422 -0.0206456 -0.970513 -0.240163
-38.8837 83.7561 18.0192 -0.000702906 -0.981127 -0.193362
-38.7525 83.9389 17.091 0.00101199 -0.981269 -0.192631
-38.6307 84.1029 16.0042 -0.0644355 -0.986859 -0.148181
-38.4648 84.2693 14.8705 -0.0370712 -0.989803 -0.133024
-38.3237 84.4453 13.9829 0.101827 -0.964075 -0.245337
-38.1071 84.7379 12.7776 0.0922268 -0.977026 -0.192129
-37.8592 85.0276 11.4476 0.190664 -0.968832 -0.158149
-37.688 85.2028 10.5808 0.265734 -0.939323 -0.19749
-37.5011 85.5337 9.65277 0.276513 -0.921263 -0.273523
-38.2822 85.4773 8.94356 0.313221 -0.91919 -0.238708
-39.2285 85.3233 8.52403 0.240625 -0.935629 -0.258258
-40.2046 85.1969 7.99318 0.231174 -0.94761 -0.220442
-41.1197 85.0891 7.3638 0.254151 -0.941838 -0.219291
-41.9664 85.0412 6.75539 0.191767 -0.95988 -0.204585
-43.0035 85.014 5.92851 0.186071 -0.960802 -0.205516
-43.9506 84.7801 6.15031 0.1951 -0.959281 -0.204245
-44.7747 84.495 6.7021 0.192328 -0.961727 -0.19491
-45.7657 84.103 7.39676 0.326073 -0.939425 -0.105627
-46.5162 83.8025 7.98497 0.287555 -0.952519 -0.100099
-47.452 83.4303 8.76706 0.312538 -0.945155 -0.0948823
-48.1728 83.1418 9.34499 0.335204 -0.937697 -0.0867256
-49.0285 82.7634 10.004 0.347561 -0.935927 -0.0569352
-49.7446 82.4708 10.5471 0.360969 -0.932298 -0.0213812
-50.8792 81.9098 11.438 0.438548 -0.898344 -0.0255553
-51.5212 81.5644 12.048 0.462171 -0.885359 -0.0466593
-52.244 81.1044 13.0995 0.476971 -0.876713 -0.0619666
-52.7404 80.6765 14.0229 0.552295 -0.826213 -0.111098
-53.0631 80.367 14.8098 0.578447 -0.807497 -0.107938
-53.3118 80.0324 15.6311 0.608665 -0.777523 -0.158067
-53.597 79.6051 16.5833 0.614983 -0.771072 -0.165056
-54.0102 78.8034 18.0517 0.615601 -0.746092 -0.253737
-54.1419 78.4344 18.8755 0.640508 -0.72592 -0.248881
-54.2061 77.838 20.266 0.650841 -0.705639 -0.280144
-54.1417 77.4544 21.3462 0.634163 -0.707931 -0.31092
-53.9693 77.157 22.3739 0.635602 -0.706024 -0.312315
-53.74 76.82 23.5279 0.624218 -0.699821 -0.347279
-53.5606 76.496 24.5032 0.615736 -0.708706 -0.344157
-53.3694 76.1703 25.4458 0.578439 -0.726008 -0.371916
-53.1122 75.7059 26.6475 0.579585 -0.70921 -0.40137
-52.9192 75.3988 27.5254 0.578738 -0.723269 -0.376755
-52.7268 74.9121 28.6555 0.469362 -0.761493 -0.44702
-52.624 74.4409 29.6263 0.474832 -0.779414 -0.408715
-52.5569 74 30.4503 0.42517 -0.799659 -0.424
-52.4375 73.6118 31.3009 0.420859 -0.793793 -0.438778
-52.1688 73.1635 32.3143 0.40065 -0.806568 -0.43331
-51.4111 73.1429 33.1143 0.357393 -0.827587 -0.429587
-50.3112 73.2313 33.6907 0.30018 -0.825763 -0.477376
-49.429 73.2991 34.1039 0.288144 -0.82775 -0.481458
-48.5406 73.6397 33.9749 0.231404 -0.833247 -0.502117
-47.999 74.3313 33.1466 0.240496 -0.798848 -0.551365
-47.6153 74.929 32.4094 0.207904 -0.808093 -0.551146
-47.0679 75.6571 31.6203 0.211367 -0.762539 -0.611439
-46.6607 76.2528 31.011 0.171278 -0.781483 -0.599956
-46.1595 76.8718 30.3495 0.170759 -0.781181 -0.600497
-45.6572 77.4683 29.7351 0.171803 -0.770544 -0.613796
-45.0764 78.0381 29.1183 0.110037 -0.802267 -0.586737
-44.4133 78.5487 28.5612 0.132115 -0.793415 -0.59417
-43.761 79.0566 28.0287 0.00598481 -0.772147 -0.635416
-42.7956 79.6844 27.2167 0.00202116 -0.806853 -0.590383
-42.1666 80.1039 26.6657 0.0227361 -0.807729 -0.589115
-41.6256 80.4894 26.0588 -0.0966684 -0.8486 -0.520129
-41.1029 80.8547 25.3909 -0.071702 -0.826403 -0.558496
-40.5551 81.2703 24.7057 -0.067718 -0.826285 -0.559152
-40.0565 81.6732 23.8708 -0.0506253 -0.887699 -0.457632
-39.6944 82.056 23.0847 -0.0549342 -0.889177 -0.454252
-39.4779 82.4751 22.2369 -0.0547313 -0.889479 -0.453687
-39.3955 82.8299 21.5262 -0.0822244 -0.901952 -0.423399
-38.4265 82.6716 21.6669 -0.0897327 -0.909876 -0.405059
-38.5672 82.1764 22.7086 -0.0718288 -0.895774 -0.438645
-38.8576 81.7927 23.4985 -0.0453287 -0.890727 -0.452272
-39.2574 81.4078 24.2972 -0.065811 -0.862971 -0.498441
-39.8147 80.9317 25.121 -0.0723653 -0.832204 -0.549529
-40.3452 80.4876 25.8368 -0.067717 -0.826284 -0.559154
-40.9007 80.0907 26.5554 -0.117903 -0.828178 -0.547923
-41.4547 79.734 27.1862 -0.0474727 -0.806977 -0.5856
-42.0763 79.3353 27.7084 0.0108751 -0.801024 -0.598533
-43.1744 78.6035 28.5696 -0.00530765 -0.764239 -0.644912
-44.1455 77.9361 29.4108 -0.00851446 -0.777437 -0.628887
-44.9959 77.1319 30.3425 0.142075 -0.782158 -0.605773
-45.7285 76.2398 31.2942 0.170765 -0.781184 -0.600491
-46.1476 75.6506 31.9383 0.133129 -0.786445 -0.602624
-46.601 75.0787 32.59 0.225132 -0.798175 -0.558777
-47.0875 74.383 33.4224 0.20256 -0.81925 -0.536469
-47.4829 73.7794 34.211 0.187664 -0.829696 -0.525725
-47.8948 73.2555 34.9014 0.193379 -0.841016 -0.505233
-48.8506 72.821 35.2091 0.228605 -0.838861 -0.494015
-49.857 72.7142 34.8501 0.294273 -0.834913 -0.464675
-50.6632 72.6625 34.4533 0.300181 -0.825763 -0.477376
-51.597 72.611 33.924 0.317643 -0.821248 -0.473978
-52.5568 72.5475 33.1997 0.398856 -0.831954 -0.385703
-53.1318 72.7469 32.2322 0.384093 -0.820754 -0.422889
-53.2461 73.1252 31.4055 0.420859 -0.793794 -0.438777
-53.4342 73.6385 30.2321 0.452838 -0.790767 -0.411837
-53.463 74.1846 29.1402 0.463856 -0.785986 -0.408535
-53.6305 74.7303 27.8634 0.526936 -0.755762 -0.388795
-53.8627 75.1401 26.6488 0.559281 -0.762757 -0.324663
-54.0473 75.4326 25.8172 0.56145 -0.72811 -0.393224
-54.243 75.7829 24.7759 0.607761 -0.71383 -0.347957
-54.4597 76.1898 23.5467 0.607253 -0.71759 -0.34104
-54.6271 76.4729 22.6174 0.618128 -0.718182 -0.31958
-54.8138 76.7114 21.6818 0.628431 -0.719723 -0.295082
-54.9431 77.0698 20.5051 0.648048 -0.709593 -0.276606
-54.9105 77.4606 19.5755 0.64319 -0.71771 -0.266639
-54.8757 77.858 18.6118 0.649842 -0.710621 -0.269673
-54.7389 78.3148 17.6309 0.64945 -0.723747 -0.233226
-54.4665 78.8709 16.6694 0.652478 -0.729035 -0.205167
-54.1743 79.3066 15.7919 0.631117 -0.759665 -0.156845
-53.9115 79.6959 14.8579 0.61861 -0.777063 -0.116164
-53.5465 80.1316 13.7921 0.605773 -0.790687 -0.0853184
-53.1783 80.4741 13.005 0.589388 -0.805088 -0.0662523
-52.6421 80.9301 12.0775 0.586171 -0.808316 -0.0550399
-51.9792 81.3526 11.2467 0.468161 -0.883044 -0.0325259
-51.3681 81.7031 10.6717 0.445079 -0.893595 -0.0551396
-50.5376 82.143 9.99042 0.428648 -0.901504 -0.0595857
-49.7922 82.5162 9.40495 0.38254 -0.92175 -0.0507725
-48.9498 82.8917 8.76313 0.362537 -0.928063 -0.0852367
-48.2398 83.2191 8.20819 0.366604 -0.927032 -0.0788114
-47.3976 83.5793 7.51095 0.31106 -0.944883 -0.102167
-46.5546 83.9075 6.84244 0.294346 -0.948448 -0.115513
-45.5774 84.3372 6.08914 0.320003 -0.937604 -0.136002
-44.4569 84.8083 5.31245 0.238089 -0.95888 -0.154477
-43.6127 85.2016 4.71226 0.265771 -0.927955 -0.260625
-42.6273 85.3735 5.03445 0.240261 -0.930439 -0.276147
-41.6857 85.3259 5.8776 0.207816 -0.931826 -0.29751
-40.8909 85.3698 6.4856 0.250965 -0.939078 -0.234837
-39.9383 85.4552 7.16224 0.320047 -0.90081 -0.279129
-39.1279 85.5815 7.61128 0.302132 -0.903557 -0.292352
-38.3243 85.7215 8.00444 0.286709 -0.923117 -0.256229
-37.4017 85.9216 8.3442 0.293308 -0.926016 -0.237623
-36.3956 86.1204 8.79331 0.299319 -0.917355 -0.262428
-36.4863 85.8643 9.67379 0.336205 -0.918997 -0.205661
-36.777 85.4919 10.7812 0.340811 -0.909812 -0.236832
-36.9475 85.197 11.6689 0.236423 -0.914211 -0.304642
-37.128 84.9028 12.6675 0.164204 -0.957904 -0.235492
-37.3 84.6573 13.5751 0.0970279 -0.97055 -0.218738
-37.5184 84.3002 14.8215 0.0842802 -0.961291 -0.262328
-37.6672 84.0651 15.8391 0.00106581 -0.98033 -0.184278
-37.7981 83.9531 16.784 -0.035002 -0.992091 -0.120539
-37.9167 83.8085 17.7346 -0.0107788 -0.982297 -0.187019
-38.0533 83.5334 18.9345 -0.035677 -0.966043 -0.255906
-38.1526 83.2195 20.1218 -0.0358177 -0.964527 -0.261545
-38.3263 82.8725 21.1934 -0.0897306 -0.909878 -0.405055
-37.401 82.6892 21.4021 -0.0877035 -0.909949 -0.405341
-37.6872 82.0139 22.9002 -0.126638 -0.892008 -0.433919
-38.0158 81.5563 23.8797 -0.0647256 -0.862027 -0.499307
-38.4658 81.0668 24.6956 -0.0841304 -0.833327 -0.546341
-39.1936 80.4653 25.7539 -0.0723342 -0.836511 -0.542754
-39.8699 79.8937 26.6648 -0.0485215 -0.82441 -0.56391
-40.4932 79.4589 27.3991 -0.118077 -0.796236 -0.592653
-41.3425 78.9718 28.1686 -0.0327168 -0.768098 -0.635585
-42.15 78.4723 28.7338 0.0326657 -0.778267 -0.627042
-42.8145 78.0245 29.2798 -0.0107307 -0.774985 -0.631888
-43.397 77.5685 29.8455 -0.00912379 -0.770379 -0.637521
-44.1719 76.8459 30.7115 -0.00172363 -0.783774 -0.620102
-44.8713 76.0883 31.6328 0.0986901 -0.778945 -0.618975
-45.2654 75.5573 32.2662 0.120872 -0.78181 -0.610994
-45.7041 75.001 32.9119 0.130955 -0.811128 -0.569484
-46.2646 74.2855 33.8459 0.137058 -0.830408 -0.540035
-46.6756 73.6681 34.6748 0.195629 -0.824852 -0.530321
-47.0402 73.123 35.4433 0.188237 -0.843414 -0.503209
-47.5546 72.6234 36.0796 0.201706 -0.855795 -0.474954
-48.4913 72.3345 36.2157 0.204888 -0.872971 -0.442655
-49.7309 72.2578 35.7955 0.254895 -0.845085 -0.467513
-50.9202 72.1554 35.2311 0.272997 -0.866786 -0.416924
-51.9216 72.0818 34.6684 0.294206 -0.86456 -0.407405
-52.7841 72.0423 34.0643 0.384891 -0.839449 -0.383631
-53.5952 72.0263 33.2811 0.384303 -0.841042 -0.380736
-54.0288 72.2085 32.4124 0.399872 -0.826166 -0.395833
-54.1323 72.6543 31.3489 0.454617 -0.806806 -0.377343
-54.2838 73.2457 30.052 0.451547 -0.790079 -0.414581
-54.3078 73.7626 28.8863 0.511011 -0.782237 -0.356332
-54.4405 74.3173 27.579 0.534125 -0.764581 -0.359096
-54.6423 74.6392 26.4974 0.550192 -0.767827 -0.328224
-54.8295 74.9594 25.5801 0.570107 -0.738981 -0.357145
-54.9895 75.2268 24.6833 0.593477 -0.736493 -0.324596
-55.2289 75.6686 23.2411 0.604221 -0.726983 -0.326208
-55.3827 75.9296 22.3769 0.623281 -0.718953 -0.307328
-55.5917 76.1964 21.3544 0.599089 -0.735756 -0.315842
-55.691 76.454 20.3026 0.635653 -0.727484 -0.256011
-55.6763 76.8315 19.4378 0.640572 -0.704699 -0.305068
-55.5952 77.4306 18.0043 0.643192 -0.71771 -0.266634
-55.374 77.9465 16.9959 0.650837 -0.724561 -0.226768
-55.1262 78.4157 16.1485 0.651107 -0.73726 -0.180301
-54.859 78.8396 15.2987 0.632425 -0.761076 -0.143606
-54.5848 79.2448 14.3278 0.614715 -0.776379 -0.13799
-54.2447 79.64 13.3604 0.586463 -0.802006 -0.113353
-53.7309 80.1237 12.2721 0.566912 -0.820751 -0.0705532
-53.3033 80.4854 11.5678 0.586336 -0.808316 -0.0532116
-52.5599 81.0875 10.5809 0.523871 -0.847088 -0.0507241
-51.8522 81.4959 9.88488 0.461502 -0.88569 -0.0506956
-51.1749 81.8768 9.33918 0.489068 -0.871526 -0.029343
-50.119 82.3945 8.50851 0.422528 -0.906086 -0.0218805
-49.3239 82.8172 7.90092 0.405217 -0.91111 -0.0593439
-48.4414 83.2251 7.21187 0.367396 -0.926627 -0.0798914
-47.7476 83.5537 6.61356 0.359954 -0.928996 -0.0860107
-46.7032 84.0169 5.76744 0.297028 -0.944776 -0.138425
-45.9941 84.3364 5.22691 0.331681 -0.922136 -0.196975
-45.1635 84.7251 4.6572 0.316678 -0.923152 -0.216057
-44.3984 85.1264 4.08593 0.305004 -0.923783 -0.231509
-43.314 85.7074 3.36507 0.337302 -0.901117 -0.272426
-42.5687 85.7767 3.84995 0.284378 -0.902964 -0.322157
-41.7609 85.7506 4.70812 0.314584 -0.873367 -0.36695
-40.9016 85.6897 5.42815 0.340765 -0.84862 -0.401006
-40.1884 85.7839 5.98482 0.389128 -0.862541 -0.323424
-39.0106 85.9837 6.75019 0.354371 -0.861349 -0.363301
-37.8903 86.203 7.31534 0.362415 -0.843222 -0.395011
-36.9714 86.4958 7.63491 0.373776 -0.822226 -0.426644
-36.0293 86.7065 7.91748 0.296664 -0.840167 -0.453993
-35.1064 86.7052 8.56174 0.368858 -0.823395 -0.430228
-35.5041 86.1825 9.62504 0.190386 -0.941782 -0.277126
-35.8387 85.7201 10.7971 0.179705 -0.904765 -0.386142
-36.0344 85.2675 11.8984 0.157734 -0.938706 -0.306514
-36.2339 84.9068 13.0419 0.104232 -0.964282 -0.243508
-36.4494 84.6319 14.0359 0.111732 -0.959708 -0.257335
-36.6288 84.3298 15.0234 0.108338 -0.953287 -0.281517
-36.7795 84.0225 16.2274 0.030293 -0.982391 -0.174786
-36.9235 83.8951 17.2441 0.00509939 -0.992188 -0.124651
-37.0679 83.6432 18.4577 -0.00406378 -0.959324 -0.282278
-37.1543 83.3225 19.6054 -0.0357416 -0.965285 -0.258724
-37.2808 82.9739 20.737 -0.0941145 -0.924631 -0.366673
-37.3242 82.8762 20.9657 -0.0877042 -0.90995 -0.405337
-36.3832 82.804 20.9243 -0.0828143 -0.912532 -0.400465
-36.2281 83.2525 19.6783 -0.0554098 -0.944311 -0.323737
-36.1061 83.6283 18.4009 -0.0380324 -0.960357 -0.276167
-35.9874 83.8975 17.3905 -0.0112521 -0.978547 -0.18971
-35.8068 84.1718 15.9413 0.0980935 -0.971702 -0.214879
-35.6589 84.4291 15.0221 0.0970256 -0.951309 -0.29257
-35.4882 84.6983 14.0539 0.0248729 -0.966689 -0.254716
-35.3009 84.9282 13.1907 0.026994 -0.967401 -0.251809
-35.1641 85.2787 12.3379 0.144189 -0.929189 -0.337744
-34.938 85.8048 11.0396 0.200224 -0.908885 -0.36584
-34.7166 86.165 10.2257 0.285999 -0.898442 -0.314045
-34.4381 86.616 9.42972 0.381599 -0.855101 -0.350977
-34.1233 87.0965 8.7105 0.371164 -0.835765 -0.403988
-33.7016 87.6258 7.95714 0.350016 -0.841275 -0.411725
-34.4375 87.649 7.30969 0.339506 -0.837815 -0.427458
-35.4326 87.3086 7.20847 0.339295 -0.831297 -0.439963
-36.3625 87.0571 6.96987 0.336445 -0.864869 -0.372567
-37.1988 86.8035 6.70968 0.379929 -0.85294 -0.357976
-38.384 86.513 6.16391 0.377716 -0.846255 -0.375743
-39.1832 86.35 5.7026 0.37652 -0.859168 -0.345623
-39.9928 86.24 5.14817 0.389979 -0.838128 -0.38139
-40.8764 86.1807 4.44286 0.31458 -0.873364 -0.366961
-41.7795 86.2065 3.46823 0.345772 -0.869245 -0.353346
-42.5589 86.2939 2.44411 0.36075 -0.879988 -0.308901
-43.5109 86.0175 2.09323 0.352455 -0.889863 -0.28858
-44.4187 85.4583 2.82125 0.337336 -0.901206 -0.272088
-45.1366 85.0396 3.45961 0.306506 -0.921378 -0.238859
-45.8002 84.6816 3.95264 0.328344 -0.913447 -0.240428
-46.5224 84.3034 4.43966 0.358357 -0.911412 -0.202259
-47.2145 83.9421 4.98909 0.367029 -0.918814 -0.145157
-48.0989 83.5037 5.68256 0.359953 -0.928996 -0.0860086
-49.205 82.9798 6.65343 0.403857 -0.909081 -0.0920696
-50.1804 82.4282 7.43664 0.433126 -0.89828 -0.0741211
-50.9578 82.0185 8.01242 0.417283 -0.908439 -0.0247694
-51.8556 81.5222 8.67216 0.497135 -0.866413 -0.0467536
-52.5054 81.148 9.2453 0.497559 -0.867156 -0.0104711
-53.1085 80.7674 9.92119 0.542458 -0.8392 -0.0385195
-53.866 80.2002 10.8371 0.546486 -0.830262 -0.108851
-54.46 79.6543 11.8753 0.561277 -0.822088 -0.0927976
-54.9981 79.118 13.0356 0.62044 -0.777474 -0.102704
-55.2833 78.7745 13.8571 0.615499 -0.779568 -0.115505
-55.575 78.2917 14.9632 0.658952 -0.736989 -0.150431
-55.8765 77.8001 15.9551 0.65135 -0.73708 -0.180157
-56.1735 77.2253 16.9889 0.646943 -0.730141 -0.219546
-56.3649 76.7608 18.0217 0.633689 -0.73373 -0.243196
-56.4013 76.3563 19.0252 0.618413 -0.737747 -0.270731
-56.4389 75.9484 20.0116 0.602923 -0.751232 -0.267693
-56.3654 75.6907 20.9821 0.616916 -0.744702 -0.253868
-56.1748 75.3728 22.1083 0.615339 -0.7152 -0.33143
-55.9631 75.0398 23.2826 0.610654 -0.72438 -0.319823
-55.8122 74.7891 24.1432 0.60346 -0.732932 -0.314081
-55.6415 74.5039 25.1313 0.593734 -0.735071 -0.327324
-55.4735 74.1937 26.1535 0.53584 -0.774951 -0.33463
-55.26 73.8716 27.2181 0.560216 -0.756534 -0.337364
-55.1505 73.5439 28.133 0.560015 -0.75631 -0.338199
-55.0841 72.9986 29.4541 0.50893 -0.784139 -0.355128
-55.0384 72.6421 30.2952 0.502171 -0.778268 -0.376992
-54.975 72.2657 31.1567 0.47244 -0.803785 -0.358987
-54.9318 71.8099 32.2513 0.433165 -0.82489 -0.363215
-54.7018 71.5479 33.1166 0.424401 -0.83405 -0.352011
-54.1724 71.4835 33.9007 0.38937 -0.841013 -0.374957
-53.2513 71.5234 34.7232 0.375055 -0.83681 -0.398533
-52.2686 71.6007 35.4387 0.329422 -0.850164 -0.408964
-51.064 71.6893 36.1061 0.272992 -0.866789 -0.416922
-50.1692 71.7552 36.527 0.240656 -0.874744 -0.420131
-49.146 71.8192 36.929 0.214465 -0.87341 -0.437078
-47.673 71.9838 37.2862 0.204889 -0.87297 -0.442655
-46.8787 72.2679 36.9902 0.119226 -0.8762 -0.466967
-46.3663 72.7323 36.2579 0.124855 -0.872901 -0.471651
-45.9931 73.2784 35.45 0.120119 -0.834031 -0.538482
-45.5217 74.0234 34.4262 0.122046 -0.822787 -0.555091
-44.9091 74.8281 33.3643 0.115951 -0.823566 -0.555242
-44.4051 75.4351 32.5906 0.126462 -0.803165 -0.58218
-43.96 75.97 31.8974 0.00506214 -0.811654 -0.584116
-43.4152 76.493 31.1764 0.00843726 -0.810555 -0.585592
-42.7285 77.1246 30.392 0.0189579 -0.77885 -0.626923
-42.0967 77.6741 29.7295 0.0199498 -0.77272 -0.634433
-41.4889 78.1148 29.212 -0.0291856 -0.774174 -0.630372
-40.354 78.6935 28.3412 -0.111241 -0.765481 -0.63364
-39.684 79.0858 27.7096 -0.107245 -0.779429 -0.617059
-38.7356 79.8592 26.6024 -0.0890095 -0.778141 -0.621732
-38.2344 80.2401 25.9376 -0.115862 -0.832845 -0.541243
-37.6737 80.7232 25.0602 -0.135256 -0.830993 -0.539327
-37.203 81.2117 24.2121 -0.141545 -0.821814 -0.551894
-36.8363 81.684 23.33 -0.150936 -0.864429 -0.476273
-36.5888 82.245 22.1997 -0.0809024 -0.875392 -0.476595
-36.4633 82.5999 21.4123 -0.0779349 -0.915112 -0.395596
-35.5295 82.4699 21.4904 -0.104953 -0.915766 -0.387761
-35.3658 82.9137 20.4375 -0.0993591 -0.906301 -0.410788
-35.2417 83.2782 19.4045 -0.0599917 -0.950389 -0.305225
-35.1582 83.5566 18.5148 -0.0426002 -0.962073 -0.269218
-35.0648 83.7975 17.6129 -0.0352797 -0.964608 -0.261317
-34.9799 84.0473 16.7516 0.00368852 -0.964482 -0.260371
-34.823 84.3001 15.6913 0.0328924 -0.972906 -0.228842
-34.6906 84.5452 14.6985 0.0208995 -0.967627 -0.251428
-34.4149 84.8572 13.5921 0.0701629 -0.932645 -0.343521
-34.2451 85.3388 12.4873 0.12259 -0.921212 -0.369243
-34.1109 85.817 11.5617 0.262833 -0.895447 -0.359297
-33.8513 86.3206 10.5483 0.288261 -0.871685 -0.396322
-33.5798 86.7926 9.75779 0.277945 -0.858342 -0.431273
-32.946 87.6185 8.53172 0.284598 -0.857699 -0.428202
-32.4609 88.1935 7.74236 0.302015 -0.852903 -0.425665
-31.841 88.9009 6.79236 0.285282 -0.856248 -0.430378
-32.4762 88.8104 6.51697 0.313937 -0.839626 -0.443252
-33.4864 88.4012 6.54078 0.343482 -0.843666 -0.412306
-34.7555 87.9431 6.43224 0.353441 -0.849486 -0.391628
-35.9346 87.5521 6.22926 0.353311 -0.852335 -0.385612
-37.1165 87.2063 5.86492 0.372613 -0.848095 -0.376688
-38.0844 86.9898 5.39116 0.3885 -0.8488 -0.358008
-38.9006 86.803 4.90092 0.399281 -0.85135 -0.340262
-39.7412 86.6851 4.31254 0.353762 -0.86698 -0.350996
-40.5945 86.6291 3.59739 0.353731 -0.865936 -0.353595
-41.2579 86.6542 2.87703 0.345769 -0.869246 -0.353347
-41.8074 86.7189 2.09633 0.367147 -0.869635 -0.329154
-42.3787 86.8402 1.17767 0.375686 -0.85746 -0.351599
-42.9789 87.0751 0.130447 0.308964 -0.854434 -0.417713
-43.8316 86.4783 0.765796 0.323898 -0.86444 -0.383959
-44.3046 85.995 1.42057 0.31839 -0.877716 -0.355454
-45.3033 85.2812 2.38801 0.320122 -0.89987 -0.292938
-46.3428 84.6541 3.18506 0.362809 -0.899297 -0.241074
-47.2418 84.1606 3.80951 0.358235 -0.911408 -0.202494
-48.1862 83.6292 4.55338 0.360553 -0.919938 -0.154
-48.8678 83.2451 5.14536 0.370789 -0.926165 -0.0688029
-49.8396 82.7278 6.0112 0.450644 -0.889183 -0.079204
-50.6855 82.2441 6.72103 0.444135 -0.89378 -0.0590916
-51.5969 81.7435 7.37388 0.474325 -0.87865 -0.0503461
-52.4739 81.2074 8.00726 0.491895 -0.869014 -0.0534149
-53.243 80.7219 8.75062 0.498155 -0.866044 -0.0425273
-53.8712 80.2912 9.45766 0.552339 -0.833051 -0.0307985
-54.6246 79.7068 10.4142 0.600839 -0.796203 -0.0694315
-55.0551 79.3031 11.1544 0.604123 -0.792212 -0.08623
-55.5206 78.8054 12.2331 0.613568 -0.781881 -0.110439
-55.9229 78.2972 13.3798 0.660737 -0.736802 -0.143351
-56.1988 77.8614 14.3394 0.658952 -0.73699 -0.150425
-56.5803 77.2899 15.5226 0.620699 -0.763539 -0.177336
-56.8299 76.8653 16.3153 0.624423 -0.74929 -0.22035
-57.0797 76.288 17.5391 0.636471 -0.739182 -0.220173
-57.1873 75.8122 18.7126 0.618407 -0.737749 -0.270738
-57.1992 75.4043 19.8376 0.597119 -0.754536 -0.27179
-57.0703 75.0503 21.0765 0.630078 -0.720391 -0.288358
-56.9034 74.7563 22.1343 0.574256 -0.767038 -0.286136
-56.7362 74.4694 23.2036 0.567799 -0.767913 -0.296502
-56.5633 74.2173 24.1444 0.567878 -0.761888 -0.311512
-56.3488 73.8763 25.4354 0.563171 -0.776973 -0.281338
-56.1554 73.5291 26.5665 0.535265 -0.767882 -0.351922
-55.9791 73.2347 27.5026 0.512748 -0.793502 -0.327543
-55.8711 72.8604 28.6233 0.512393 -0.790515 -0.334875
-55.8617 72.4887 29.465 0.49414 -0.794872 -0.352141
-55.8621 72.0827 30.4499 0.456407 -0.827805 -0.325584
-55.8339 71.6631 31.4863 0.441909 -0.822591 -0.357855
-55.7867 71.2436 32.5401 0.417594 -0.842381 -0.340594
-55.3601 70.9734 33.7385 0.412588 -0.83987 -0.352394
-54.5527 70.9481 34.6991 0.39515 -0.85019 -0.346812
-53.4852 71.0413 35.5452 0.350088 -0.857834 -0.376244
-52.7482 71.0951 36.0937 0.334858 -0.848373 -0.41004
-51.7045 71.1881 36.7071 0.291872 -0.8643 -0.409621
-50.6899 71.277 37.2243 0.24066 -0.874741 -0.420135
-49.4703 71.3606 37.7183 0.206 -0.888265 -0.409691
-47.9225 71.4796 38.1773 0.16812 -0.873352 -0.455276
-46.9679 71.5906 38.2375 0.131177 -0.8708 -0.473813
-46.1029 71.9991 37.7024 0.122117 -0.876895 -0.464907
-45.5673 72.5678 36.7738 0.126569 -0.876025 -0.465361
-45.1943 73.0888 35.961 0.147661 -0.843036 -0.517191
-44.8436 73.6303 35.1342 0.042586 -0.853355 -0.519555
-44.3591 74.2585 34.1835 0.0338752 -0.814498 -0.577963
-43.7494 75.0406 33.2084 0.032041 -0.807639 -0.588091
-43.3057 75.5052 32.5495 0.0098927 -0.816912 -0.57659
-42.6925 76.1256 31.6978 0.0115881 -0.809747 -0.586665
-42.097 76.6329 31.0187 0.0149577 -0.785389 -0.618749
-41.3805 77.2843 30.2268 -0.029187 -0.774175 -0.630371
-40.4649 77.8128 29.432 -0.102328 -0.788492 -0.606472
-39.6296 78.2596 28.7447 -0.0460505 -0.793719 -0.606538
-38.8381 78.7696 27.9928 -0.0651221 -0.806086 -0.588205
-38.1587 79.2449 27.2719 -0.124718 -0.780206 -0.612964
-37.454 79.8287 26.3706 -0.131817 -0.786487 -0.603376
-36.8225 80.3965 25.3728 -0.128984 -0.840174 -0.526754
-36.3627 80.8956 24.4603 -0.123743 -0.851779 -0.508867
-36.0248 81.3102 23.6995 -0.13179 -0.84466 -0.518826
-35.7637 81.7482 22.935 -0.122524 -0.841612 -0.526001
-35.569 82.3744 21.7266 -0.119358 -0.902618 -0.412369
-34.6357 82.1852 21.8135 -0.152122 -0.881981 -0.446059
-34.7578 81.6812 22.8166 -0.149697 -0.863356 -0.481879
-35.0164 81.2024 23.6427 -0.100554 -0.855837 -0.50669
-35.4136 80.6997 24.5774 -0.0951352 -0.858175 -0.50402
-35.9485 80.1032 25.6778 -0.112767 -0.820164 -0.559048
-36.4735 79.5742 26.4975 -0.122023 -0.790079 -0.600738
-37.0973 79.0516 27.3198 -0.116001 -0.797002 -0.592689
-37.781 78.5347 28.1092 -0.103955 -0.773727 -0.624932
-38.5213 78.1024 28.8 -0.138471 -0.763147 -0.630895
-39.3716 77.6016 29.5728 -0.0557804 -0.791226 -0.608937
-40.1646 77.1972 30.1828 -0.0518633 -0.8054 -0.590129
-40.761 76.803 30.7719 -0.0610289 -0.799955 -0.596948
-41.5648 76.0987 31.7255 0.00643686 -0.798123 -0.602172
-42.2895 75.4523 32.6367 -0.00129069 -0.821304 -0.57049
-42.8967 74.8373 33.5185 0.00173761 -0.821329 -0.570449
-43.3572 74.2844 34.243 0.066564 -0.801369 -0.594455
-43.7442 73.7945 34.9622 0.047094 -0.850226 -0.524307
-44.1564 73.196 35.9101 0.0470073 -0.859754 -0.508441
-44.5915 72.575 36.9434 0.058264 -0.867337 -0.494257
-44.9866 72.0725 37.7674 0.064443 -0.876389 -0.476703
-45.5779 71.5471 38.6579 0.10696 -0.889424 -0.442638
-46.6539 71.1763 39.18 0.121829 -0.907365 -0.402194
-47.6149 71.0659 39.1204 0.129047 -0.90891 -0.396522
-48.6522 71.0043 38.8626 0.187439 -0.907397 -0.376162
-49.6326 70.94 38.5486 0.206 -0.888266 -0.40969
-50.5748 70.8691 38.2016 0.195953 -0.908246 -0.369717
-51.4536 70.8043 37.8253 0.254436 -0.903042 -0.34556
-52.5129 70.6936 37.2361 0.296232 -0.89982 -0.320267
-53.3554 70.614 36.7152 0.29244 -0.892128 -0.344364
-54.1542 70.5195 36.13 0.354881 -0.888342 -0.29139
-54.9582 70.4469 35.499 0.368385 -0.858828 -0.355961
-55.622 70.412 34.8691 0.383518 -0.863484 -0.327571
-56.2152 70.4453 34.0822 0.393976 -0.863607 -0.314204
-56.533 70.6045 33.2359 0.406364 -0.850954 -0.332784
-56.6658 71.0014 32.047 0.435259 -0.833234 -0.340985
-56.6523 71.4156 31.0408 0.457242 -0.83521 -0.305202
-56.6857 71.7543 30.0738 0.474751 -0.823804 -0.309771
-56.6613 72.1988 28.9961 0.495332 -0.794601 -0.351078
-56.7227 72.5584 28.0073 0.502893 -0.809987 -0.301694
-56.9247 72.952 26.7365 0.520824 -0.785628 -0.333748
-57.0468 73.2258 25.8724 0.544633 -0.790307 -0.280694
-57.2427 73.5512 24.5763 0.543545 -0.78701 -0.291625
-57.5247 73.9247 23.1027 0.555581 -0.772659 -0.30663
-57.6925 74.1927 22.0615 0.574253 -0.76704 -0.286138
-57.8557 74.5332 20.8014 0.57628 -0.76877 -0.277267
-57.918 74.8026 19.9108 0.586732 -0.759634 -0.280039
-57.9452 75.1182 18.9628 0.578915 -0.768952 -0.271237
-57.9063 75.4355 18.0696 0.602675 -0.760338 -0.242217
-57.757 75.9243 16.8538 0.616768 -0.754709 -0.223495
-57.5767 76.3585 15.9223 0.624418 -0.749293 -0.220354
-57.2952 76.8112 15.0597 0.628184 -0.754554 -0.189826
-57.0232 77.2003 14.295 0.61202 -0.772165 -0.170753
-56.6011 77.8555 12.8682 0.612925 -0.775261 -0.150907
-56.189 78.354 11.7308 0.609861 -0.784658 -0.111275
-55.7401 78.8394 10.6897 0.590783 -0.800132 -0.10375
-55.3068 79.2376 9.92957 0.576181 -0.814501 -0.067852
-54.8157 79.642 9.24444 0.589078 -0.805586 -0.0610451
-54.1965 80.1209 8.50216 0.554851 -0.829912 -0.0578792
-53.514 80.6105 7.76788 0.520996 -0.853031 -0.0298836
-52.5946 81.1972 6.95877 0.518529 -0.854525 -0.030249
-51.8769 81.6456 6.44467 0.474329 -0.878648 -0.0503502
-51.0734 82.1015 5.88836 0.458003 -0.886164 -0.0703316
-50.3888 82.5159 5.26527 0.457348 -0.885778 -0.0785689
-49.599 82.995 4.5719 0.416749 -0.903836 -0.0814232
-48.9737 83.3659 3.99634 0.420271 -0.893939 -0.15571
-47.9912 83.9756 3.18681 0.400306 -0.89654 -0.189659
-46.8247 84.7032 2.38434 0.385977 -0.887039 -0.253344
-46.1056 85.1554 1.89669 0.409266 -0.863697 -0.289997
-45.522 85.5976 1.31417 0.334708 -0.881448 -0.333197
-44.7912 86.2184 0.486578 0.34534 -0.857555 -0.381235
-44.3705 86.7176 -0.208801 0.340199 -0.846115 -0.409968
-44.0477 87.2728 -1.12449 0.32903 -0.853852 -0.403332
-43.7646 87.7602 -2.05408 0.218819 -0.908817 -0.355203
-43.572 88.258 -3.38555 0.157123 -0.942546 -0.29482
-43.3789 88.5673 -4.33104 0.0990305 -0.975118 -0.194522
-43.0953 88.7421 -5.2075 0.113303 -0.980759 -0.15898
-42.8941 88.8574 -6.46266 -0.0969725 -0.99528 -0.00373609
-42.6693 88.8592 -6.44646 0.10485 -0.987338 0.119038
-42.5852 88.8532 -5.49937 0.135081 -0.976053 -0.17051
-42.5857 88.5816 -4.09904 0.0847824 -0.969475 -0.230064
-42.5981 88.3664 -3.21335 0.160659 -0.94393 -0.288319
-42.4909 87.9513 -1.75842 0.191507 -0.927066 -0.31851
-42.311 87.5909 -0.573007 0.266267 -0.913794 -0.30673
-41.7835 87.3131 0.609315 0.362875 -0.88009 -0.306207
-41.1469 87.1673 1.66934 0.313052 -0.886834 -0.339889
-40.3784 87.095 2.64244 0.349168 -0.882457 -0.315201
-39.5583 87.1191 3.43232 0.360513 -0.860388 -0.360049
-38.7134 87.2295 4.04446 0.391103 -0.853542 -0.344077
-37.8031 87.4209 4.62566 0.393283 -0.856608 -0.333994
-36.8946 87.6663 5.07145 0.376697 -0.842439 -0.385223
-35.9327 87.9369 5.38405 0.351697 -0.851928 -0.387979
-34.8926 88.2905 5.56718 0.363497 -0.849924 -0.381087
-33.9436 88.6402 5.67092 0.343487 -0.843664 -0.412308
-32.649 89.1884 5.67865 0.335221 -0.837835 -0.430154
-31.7255 89.5408 5.55307 0.267622 -0.865789 -0.422834
-30.8916 89.848 5.45468 0.278029 -0.865291 -0.417095
-29.9238 90.3041 5.0264 0.257979 -0.898006 -0.356417
-28.732 90.8551 4.45314 0.234009 -0.902974 -0.360386
-28.9715 90.4648 5.27497 0.234424 -0.902695 -0.360814
-29.7027 90.0363 5.8612 0.268842 -0.881267 -0.386988
-30.3745 89.4461 6.63308 0.278033 -0.865293 -0.417088
-30.9347 88.9507 7.28342 0.275784 -0.863901 -0.421447
-31.4392 88.477 7.88128 0.29491 -0.849632 -0.437211
-31.9962 87.8287 8.76576 0.294778 -0.849732 -0.437106
-32.4579 87.2475 9.56114 0.227395 -0.857218 -0.462026
-32.9507 86.5273 10.7234 0.204659 -0.884005 -0.420298
-33.2363 85.8665 11.8707 0.173951 -0.852172 -0.493279
-33.3246 85.3947 12.6534 0.155559 -0.885785 -0.430257
-33.4705 84.8658 13.7616 0.0701731 -0.932644 -0.343522
-33.6975 84.5661 14.7241 0.0292358 -0.966965 -0.248719
-33.8849 84.3364 15.7082 0.0552006 -0.970626 -0.234173
-34.0522 84.0088 16.8115 0.0363413 -0.954256 -0.296774
-34.1768 83.6257 18.0984 -0.0499216 -0.959538 -0.277117
-34.2774 83.2983 19.1815 -0.0828299 -0.939054 -0.330998
-34.3912 82.8856 20.2553 -0.108506 -0.906572 -0.407864
-34.5535 82.508 21.1362 -0.102149 -0.911035 -0.399271
-34.5776 82.4318 21.3062 -0.142943 -0.885727 -0.441516
-33.582 82.2618 21.344 -0.127956 -0.879171 -0.459005
-33.7486 81.7627 22.3465 -0.140039 -0.880579 -0.452526
-33.8911 81.2666 23.296 -0.140831 -0.865078 -0.481447
-34.3894 80.6826 24.4562 -0.0808722 -0.863018 -0.498473
-34.8382 80.0373 25.5069 -0.155531 -0.79319 -0.588752
-35.3431 79.4879 26.3698 -0.14163 -0.792795 -0.592697
-36.0406 78.8489 27.3759 -0.121946 -0.798738 -0.589192
-36.6768 78.3433 28.157 -0.11878 -0.766441 -0.631236
-37.3315 77.9281 28.7774 -0.0989721 -0.766489 -0.634002
-38.1852 77.4295 29.5523 -0.14337 -0.805578 -0.571638
-38.9515 77.0763 30.2512 -0.0940349 -0.812342 -0.57555
-39.645 76.6927 30.8409 -0.0221204 -0.801414 -0.597701
-40.3071 76.2369 31.4841 -0.054111 -0.796274 -0.602436
-40.921 75.6745 32.2879 -0.0329563 -0.811012 -0.584098
-41.6157 75.0488 33.1989 -0.0265205 -0.824966 -0.56402
-42.1123 74.5596 33.9236 0.00557031 -0.822956 -0.568078
-42.5642 74.0722 34.6178 0.056827 -0.825801 -0.559377
-42.9859 73.468 35.5537 0.0424164 -0.847754 -0.528691
-43.3534 72.944 36.4295 0.0420968 -0.865834 -0.498403
-43.6451 72.5038 37.1714 0.0528874 -0.869371 -0.491321
-44.1612 71.8833 38.2695 0.0816742 -0.89454 -0.439463
-44.6366 71.4595 39.0476 0.0806455 -0.896476 -0.435692
-45.5011 71.0001 39.8911 0.0719721 -0.915952 -0.394709
-46.6501 70.7594 40.1439 0.120207 -0.917373 -0.379443
-47.7848 70.6557 39.9944 0.136346 -0.908335 -0.395395
-48.8141 70.6186 39.7196 0.165117 -0.909148 -0.38147
-50.1261 70.5242 39.3023 0.182852 -0.910299 -0.371376
-51.0567 70.4541 38.9656 0.220002 -0.90409 -0.365523
-51.9295 70.3734 38.5771 0.237637 -0.905407 -0.351569
-52.7987 70.2941 38.0842 0.305219 -0.894573 -0.326466
-53.8161 70.1923 37.4245 0.29872 -0.896371 -0.327545
-54.5716 70.1041 36.8882 0.351065 -0.890162 -0.290425
-55.2965 70.0038 36.3344 0.322298 -0.892299 -0.316112
-56.1086 69.9385 35.6298 0.367178 -0.880577 -0.299338
-56.9394 69.9107 34.6374 0.380654 -0.871458 -0.308553
-57.342 70.0376 33.7533 0.397753 -0.866368 -0.301993
-57.4934 70.3187 32.7463 0.397844 -0.866511 -0.301463
-57.5202 70.7355 31.5762 0.454863 -0.831519 -0.318866
-57.5302 71.1183 30.512 0.459631 -0.838897 -0.291532
-57.4798 71.579 29.3341 0.471281 -0.823606 -0.315543
-57.484 72.0042 28.2261 0.504734 -0.809289 -0.300483
-57.6236 72.3062 27.1741 0.506566 -0.8086 -0.29926
-57.798 72.69 25.9508 0.52575 -0.796973 -0.296705
-57.9851 73.0119 24.6695 0.52403 -0.804802 -0.278723
-58.1554 73.2241 23.763 0.554273 -0.777783 -0.29637
-58.3813 73.5006 22.5889 0.554354 -0.782935 -0.282306
-58.5612 73.7516 21.5288 0.551349 -0.789055 -0.270936
-58.6667 73.9902 20.6195 0.564 -0.778077 -0.276032
-58.7328 74.3046 19.5885 0.579168 -0.769173 -0.270068
-58.7134 74.7301 18.3395 0.582308 -0.779482 -0.230922
-58.5941 75.1802 17.1118 0.593438 -0.772232 -0.226912
-58.3733 75.6774 15.9753 0.611957 -0.760631 -0.21589
-58.107 76.1675 14.96 0.617211 -0.762203 -0.195096
-57.8268 76.598 14.1268 0.616596 -0.769518 -0.166133
-57.4763 77.1366 12.9787 0.621233 -0.765243 -0.168735
-57.0932 77.6414 11.8279 0.592712 -0.794838 -0.129794
-56.5643 78.2459 10.52 0.601287 -0.791067 -0.112044
-55.9929 78.8086 9.43928 0.579285 -0.809331 -0.0938415
-55.5384 79.1979 8.73855 0.559957 -0.824573 -0.0792614
-54.9642 79.6446 7.99858 0.559319 -0.826599 -0.0624144
-54.3233 80.1299 7.28004 0.53805 -0.84127 -0.0464071
-53.5516 80.636 6.5547 0.524718 -0.848807 -0.063652
-52.8136 81.1342 5.97139 0.506639 -0.85847 -0.0796657
-51.8699 81.7177 5.34742 0.491564 -0.867693 -0.0716782
-50.8413 82.3746 4.42923 0.448421 -0.886338 -0.115429
-50.1513 82.8095 3.82899 0.446181 -0.886405 -0.123328
-49.2268 83.3898 2.99448 0.447889 -0.880135 -0.154131
-48.3186 84.0268 2.25362 0.431418 -0.882388 -0.184596
-47.5223 84.5622 1.72087 0.450031 -0.861739 -0.234262
-46.6422 85.1876 1.10345 0.43254 -0.84036 -0.326656
-46.0472 85.7047 0.53793 0.359681 -0.86158 -0.356731
-45.4916 86.2041 -0.115674 0.339671 -0.860858 -0.378811
-45.1237 86.7161 -0.851907 0.329322 -0.776703 -0.51249
-44.8924 87.3553 -1.45478 0.0792355 -0.720631 -0.688777
-44.6709 87.9875 -2.2695 -0.153457 -0.905568 -0.395468
-44.4776 88.4204 -3.33911 -0.18507 -0.912042 -0.363165
-44.3171 88.5632 -4.45526 -0.0266647 -0.999147 -0.0315288
-44.1525 88.715 -5.48928 0.0651393 -0.983653 -0.167878
-43.932 88.9036 -6.52682 0.0644972 -0.984801 -0.161267
-43.7033 88.8451 -7.5308 -0.101764 -0.981285 0.163477
-43.473 88.6643 -8.44691 -0.0429054 -0.971535 0.228788
-42.9506 88.3476 -9.73422 -0.0919568 -0.9443 0.300173
-41.9987 88.2328 -9.89264 -0.0246776 -0.915255 0.402118
-41.6546 88.4932 -9.0109 -0.0326428 -0.962406 0.269647
-41.6674 88.7406 -7.54008 -0.0558908 -0.996975 0.054019
-41.6698 88.9307 -6.32755 -0.0885505 -0.950826 0.296797
-41.704 88.9541 -5.34596 0.184718 -0.974493 -0.127448
-41.6794 88.7827 -4.27748 0.16238 -0.971254 -0.174062
-41.6511 88.5934 -3.36139 0.197074 -0.958324 -0.206824
-41.6073 88.3392 -2.32872 0.240315 -0.928961 -0.281425
-41.4693 87.9627 -0.986001 0.245746 -0.92288 -0.296481
-41.1517 87.7749 -0.0420802 0.315329 -0.897866 -0.307254
-40.6093 87.6173 0.956557 0.307623 -0.897977 -0.314653
-39.9465 87.5573 1.87697 0.397837 -0.858906 -0.3225
-39.1137 87.5939 2.75047 0.372776 -0.86404 -0.33834
-38.1518 87.731 3.45712 0.39812 -0.842791 -0.36194
-37.1831 87.9523 4.04597 0.420303 -0.83253 -0.360887
-36.3838 88.1799 4.43205 0.362368 -0.860025 -0.358662
-35.5198 88.4341 4.64289 0.343716 -0.85846 -0.380666
-34.5974 88.7602 4.76624 0.368072 -0.854565 -0.366389
-33.3292 89.281 4.82817 0.364274 -0.853942 -0.371544
-32.3935 89.6354 4.75864 0.299904 -0.892118 -0.337911
-31.3615 90.0456 4.5774 0.29608 -0.889612 -0.347747
-30.1675 90.6061 4.10411 0.239949 -0.910986 -0.333607
-29.3187 90.9423 3.70588 0.209573 -0.9289 -0.305325
-28.2807 91.4087 3.03473 0.195026 -0.944117 -0.25603
-27.2044 91.7008 2.42801 0.127421 -0.963405 -0.235826
-26.4065 91.9097 1.99771 0.125208 -0.963874 -0.235094
-25.4805 92.1212 1.48957 0.0679511 -0.981988 -0.176142
-24.6286 92.2816 0.95357 0.00483465 -0.98983 -0.0863233
-23.4757 92.205 0.440582 -0.12004 -0.991149 -0.00918662
-22.4514 92.1067 0.312103 -0.092503 -0.99044 -0.101846
-21.2695 91.9584 0.795638 -0.0604413 -0.995294 -0.0528055
-21.8432 91.9772 1.71725 -0.0382501 -0.999262 -0.00339624
-22.9344 92.2464 2.53209 -0.1362 -0.980532 0.141191
-23.6697 92.0836 3.00653 0.246658 -0.962821 -0.110166
-24.9333 91.8154 3.69561 0.0802413 -0.995547 -0.049465
-25.7448 91.6965 4.11521 0.224997 -0.964199 -0.140345
-26.5855 91.4259 4.62111 0.251388 -0.936906 -0.228145
-27.4935 90.9665 5.18645 0.292859 -0.903026 -0.313323
-28.3738 90.3389 5.97561 0.277692 -0.887965 -0.36366
-29.2409 89.7206 6.81227 0.272624 -0.865153 -0.420935
-29.9677 89.099 7.61277 0.274755 -0.862838 -0.424274
-30.5674 88.5085 8.31657 0.268193 -0.822063 -0.500825
-30.9985 88.0058 8.96129 0.231997 -0.837367 -0.494969
-31.3992 87.5043 9.62183 0.241393 -0.834757 -0.494788
-31.8362 86.96 10.4086 0.2297 -0.859782 -0.456084
-32.1763 86.3847 11.3305 0.163866 -0.84939 -0.501682
-32.3726 85.7791 12.2993 0.169027 -0.861162 -0.478977
-32.4633 85.27 13.2197 0.16058 -0.883494 -0.438776
-32.5802 84.8804 14.0453 0.149585 -0.903273 -0.402147
-32.8152 84.5064 15.1564 0.0331086 -0.978667 -0.202768
-33.0293 84.2123 16.2868 0.0377882 -0.953581 -0.298756
-33.1652 83.9097 17.239 0.0202022 -0.940978 -0.33504
-33.2639 83.515 18.2187 -0.043295 -0.943316 -0.321029
-33.3589 83.1272 19.3525 -0.0871711 -0.928207 -0.361709
-33.4875 82.5659 20.6861 -0.135766 -0.892975 -0.429143
-33.5737 82.2887 21.2902 -0.131858 -0.886073 -0.444074
-32.6255 82.0992 21.3845 -0.131167 -0.892405 -0.431718
-32.5105 82.5192 20.4885 -0.126571 -0.891834 -0.434294
-32.4525 82.8848 19.6406 -0.137992 -0.91395 -0.381645
-32.3618 83.4254 18.3886 -0.0633063 -0.921596 -0.382779
-32.2399 83.8634 17.2857 -0.0591702 -0.927142 -0.369977
-32.0593 84.2466 16.2036 0.00116323 -0.955873 -0.293778
-31.9047 84.4651 15.3292 0.0870391 -0.942552 -0.295581
-31.6844 84.8857 14.4182 0.178598 -0.904882 -0.386193
-31.5383 85.5614 13.034 0.199844 -0.882192 -0.426379
-31.3924 86.1425 11.9923 0.168093 -0.859455 -0.482192
-31.1308 86.7132 11.1303 0.1845 -0.82907 -0.527829
-30.6933 87.348 10.2278 0.22613 -0.850048 -0.475271
-30.2696 87.8475 9.57497 0.241711 -0.838438 -0.488428
-29.7733 88.4499 8.88731 0.291083 -0.804781 -0.517299
-29.2976 88.9692 8.30321 0.280323 -0.859781 -0.426782
-28.7219 89.4693 7.67815 0.278406 -0.867165 -0.412935
-27.9728 90.1022 6.90943 0.34474 -0.856536 -0.38242
-27.1667 90.7054 6.1813 0.317803 -0.880131 -0.35219
-26.1589 91.2809 5.4655 0.282619 -0.912572 -0.295531
-25.2647 91.6644 4.92888 0.212491 -0.957518 -0.194955
-24.1885 91.8454 4.38661 0.106656 -0.992867 -0.0482903
-23.2928 91.986 3.91637 0.168416 -0.974852 -0.12075
-22.4483 92.2498 3.33087 0.147373 -0.970361 -0.191522
-21.7419 92.113 2.79911 -0.141141 -0.979234 0.145532
-20.7591 91.9097 1.94921 -0.0264953 -0.987375 0.156168
-20.1185 91.8001 0.892314 -0.142632 -0.988497 0.0502943
-20.4944 91.8447 -0.0501385 -0.191676 -0.980631 -0.0402809
-21.5138 92.0405 -0.547285 -0.143385 -0.988412 -0.0476375
-22.4316 92.1871 -0.692029 -0.195165 -0.977466 -0.0643539
-23.544 92.3819 -0.516788 -0.147523 -0.972738 -0.178931
-24.4062 92.4229 -0.174238 -0.0764681 -0.965426 -0.249211
-25.3791 92.3448 0.298143 0.0617078 -0.980514 -0.186489
-26.3907 92.1603 0.963622 0.0928072 -0.973503 -0.204601
-27.4816 91.8896 1.51751 0.119942 -0.962598 -0.242798
-28.4508 91.6245 2.06716 0.127226 -0.963389 -0.235998
-29.3189 91.2888 2.61928 0.207123 -0.937745 -0.278667
-30.1634 90.9532 3.0816 0.209117 -0.923208 -0.322425
-31.1543 90.5279 3.53281 0.292142 -0.888608 -0.353588
-32.0105 90.1423 3.79004 0.291415 -0.88825 -0.355085
-33.2539 89.6774 3.93476 0.312152 -0.880938 -0.354997
-34.4263 89.2122 3.92243 0.37 -0.845891 -0.384144
-35.3476 88.8498 3.83996 0.34589 -0.862188 -0.370124
-36.6126 88.481 3.43855 0.378845 -0.857862 -0.347201
-37.3785 88.3148 2.9903 0.409745 -0.840361 -0.354453
-38.2264 88.1283 2.42486 0.412176 -0.845615 -0.339184
-38.9684 88.0518 1.76821 0.399037 -0.858283 -0.321234
-39.5503 88.0375 1.06087 0.396193 -0.864115 -0.31038
-40.2041 88.1161 -0.023811 0.382547 -0.884677 -0.261673
-40.5461 88.2576 -1.03521 0.226956 -0.946532 -0.22928
-40.7023 88.5275 -2.20509 0.220546 -0.938511 -0.265612
-40.7356 88.7884 -3.2601 0.219499 -0.959374 -0.17258
-40.7541 88.9258 -4.16581 0.177755 -0.96841 -0.174888
-40.8063 89.0908 -5.33328 0.134402 -0.98463 -0.110816
-40.7448 88.9569 -6.20927 0.0693138 -0.924172 0.375636
-40.6937 88.7782 -7.22441 0.102075 -0.994548 -0.0213135
-40.7086 88.5712 -8.67183 -0.0227911 -0.965894 0.257931
-40.8438 88.304 -9.61557 -0.0200826 -0.956325 0.29109
-41.1655 87.9613 -10.5002 0.0359275 -0.923636 0.381583
-42.2966 87.666 -11.2444 -0.0629615 -0.902736 0.425563
-43.2939 87.891 -10.8847 -0.0803673 -0.91925 0.384582
-43.9768 88.4032 -9.87349 -0.091947 -0.944299 0.300179
-44.4045 88.832 -8.58285 -0.224854 -0.941543 0.250872
-44.7493 89.052 -7.20608 -0.131424 -0.989592 0.0586161
-44.9833 88.7716 -6.14656 0.0639265 -0.968761 -0.230734
-45.232 88.6076 -4.73024 -0.0503069 -0.997615 -0.0452406
-45.4247 88.3687 -3.28384 0.11586 -0.94091 -0.316275
-45.5956 87.9701 -2.41678 0.328562 -0.705983 -0.627403
-45.7804 87.2809 -1.73808 0.310731 -0.696654 -0.64604
-46.0438 86.5704 -1.06297 0.26169 -0.717859 -0.645134
-46.6175 85.7226 -0.217661 0.437004 -0.834629 -0.335293
-47.2043 85.194 0.347659 0.442324 -0.834638 -0.328
-47.8284 84.68 0.798089 0.431399 -0.862496 -0.264568
-48.6206 84.1133 1.3058 0.474187 -0.83898 -0.266944
-49.4707 83.4927 1.9547 0.460789 -0.865046 -0.197968
-50.0773 83.0451 2.51912 0.440363 -0.885164 -0.150218
-50.74 82.6061 3.12357 0.49574 -0.860157 -0.117036
-51.3753 82.1899 3.67357 0.493446 -0.864611 -0.0944096
-52.0052 81.7626 4.22484 0.499641 -0.860605 -0.0985774
-52.7598 81.2717 4.80232 0.489704 -0.867239 -0.0899199
-53.7516 80.5985 5.52484 0.531988 -0.843987 -0.0683718
-54.4445 80.1199 6.15023 0.531467 -0.84531 -0.0523858
-55.0675 79.6724 6.75398 0.557565 -0.82722 -0.0694837
-55.8874 79.0445 7.66703 0.558311 -0.827087 -0.0649352
-56.3848 78.6355 8.46055 0.586154 -0.805041 -0.0893258
-56.9082 78.1285 9.35465 0.596375 -0.796547 -0.0989943
-57.3196 77.7156 10.2133 0.598681 -0.79523 -0.0958645
-57.6987 77.3039 11.0863 0.592366 -0.796513 -0.121117
-58.1019 76.7838 12.273 0.621249 -0.765353 -0.168177
-58.3466 76.4036 13.098 0.616594 -0.769519 -0.166139
-58.7185 75.8893 14.144 0.612792 -0.76897 -0.181149
-59.0904 75.2825 15.478 0.582256 -0.790171 -0.191332
-59.3377 74.7446 16.6513 0.568055 -0.788266 -0.236359
-59.4561 74.38 17.6308 0.585575 -0.780413 -0.219222
-59.4937 74.0725 18.5696 0.58928 -0.767521 -0.252311
-59.4897 73.6685 19.8501 0.540675 -0.807785 -0.234849
-59.4269 73.3436 20.9749 0.540607 -0.793026 -0.28081
-59.2859 73.1281 21.8585 0.544228 -0.790995 -0.279288
-59.0772 72.8953 22.9449 0.535619 -0.799195 -0.272762
-58.8503 72.6181 24.1799 0.524215 -0.804084 -0.280434
-58.6305 72.2729 25.5898 0.516407 -0.810477 -0.276326
-58.4618 71.9629 26.7181 0.480082 -0.827355 -0.291317
-58.3168 71.6091 27.9724 0.47037 -0.832482 -0.292791
-58.283 71.3239 28.8308 0.460067 -0.829159 -0.317543
-58.3582 70.9369 29.7328 0.459694 -0.834125 -0.304526
-58.3572 70.548 30.8929 0.429006 -0.856289 -0.287605
-58.4086 70.1717 31.8929 0.418625 -0.854619 -0.307213
-58.34 69.7936 33.1383 0.407999 -0.864695 -0.292669
-58.1502 69.5384 34.1542 0.384099 -0.879456 -0.281114
-57.5123 69.4436 35.3049 0.379538 -0.878531 -0.290058
-56.7832 69.4758 36.1613 0.377539 -0.879441 -0.289902
-55.8748 69.5717 36.9825 0.339749 -0.900636 -0.27097
-54.9168 69.7192 37.6945 0.341289 -0.899717 -0.272086
-53.8794 69.8341 38.3761 0.274897 -0.911018 -0.307372
-52.9918 69.9053 38.948 0.281154 -0.902879 -0.324043
-52.2184 69.9902 39.4029 0.264999 -0.900979 -0.341724
-51.3527 70.0633 39.7598 0.216872 -0.905685 -0.364283
-50.159 70.1452 40.2241 0.184431 -0.912682 -0.364688
-49.269 70.1852 40.5385 0.145805 -0.905617 -0.398244
-48.1423 70.2322 40.8441 0.141075 -0.906978 -0.396815
-47.1792 70.2982 41.0312 0.139634 -0.911186 -0.387612
-45.8957 70.4661 41.0478 0.084057 -0.914922 -0.394704
-45.0427 70.6474 40.7929 0.0786291 -0.915858 -0.393705
-44.2657 70.9711 40.1728 0.0728096 -0.918194 -0.389381
-43.775 71.327 39.4926 0.0936965 -0.901901 -0.421658
-43.3496 71.7079 38.7717 0.0673178 -0.894919 -0.441069
-42.8855 72.1987 37.8421 0.0735279 -0.885162 -0.458782
-42.5382 72.7134 36.9081 0.0305764 -0.887268 -0.46024
-42.1993 73.2044 36.0436 0.0338487 -0.870818 -0.4904
-41.7251 73.8505 35.0089 0.0166065 -0.851301 -0.524415
-41.1829 74.4084 34.1518 0.014478 -0.833658 -0.551672
-40.7274 74.8485 33.4763 -0.0190101 -0.8384 -0.544724
-40.2401 75.265 32.8132 -0.065536 -0.818901 -0.569778
-39.6201 75.7945 32.0079 -0.0723191 -0.806911 -0.586229
-39.0004 76.2658 31.3583 -0.0883327 -0.785899 -0.610278
-38.2701 76.657 30.7016 -0.123863 -0.779581 -0.613931
-37.6165 76.9735 30.1283 -0.152269 -0.836833 -0.525856
-36.9305 77.288 29.5233 -0.0802609 -0.795883 -0.599165
-35.9852 77.862 28.6297 -0.1196 -0.794262 -0.595688
-35.3003 78.3831 27.8134 -0.123778 -0.786015 -0.605518
-34.79 78.8526 27.1139 -0.120886 -0.79941 -0.587913
-34.2165 79.4087 26.1852 -0.142483 -0.801525 -0.580414
-33.7988 79.9794 25.301 -0.170731 -0.795661 -0.581184
-33.46 80.4185 24.5818 -0.192345 -0.81383 -0.548346
-33.1012 80.8384 23.8328 -0.165659 -0.838745 -0.516443
-32.8822 81.3994 22.7451 -0.150071 -0.867413 -0.47442
-32.6434 82.0458 21.4961 -0.138511 -0.87267 -0.468004
-32.634 82.0752 21.4371 -0.131866 -0.886074 -0.44407
-31.7229 81.7625 21.598 -0.218468 -0.85984 -0.461412
-31.5484 82.4384 20.3248 -0.164683 -0.86447 -0.474374
-31.5178 82.934 19.3591 -0.165092 -0.873498 -0.457936
-31.4472 83.3037 18.5109 -0.0696448 -0.917518 -0.391548
-31.2974 83.8101 17.2631 -0.0706923 -0.928021 -0.365639
-31.1104 84.231 16.1537 -0.049518 -0.916427 -0.394709
-30.933 84.598 15.3279 -0.0151414 -0.91476 -0.403714
-30.6233 85.0764 14.313 0.0630681 -0.878389 -0.473591
-30.6036 85.7202 13.055 0.0836118 -0.89107 -0.446097
-30.4825 86.2059 12.1884 0.114191 -0.868727 -0.481948
-30.2106 86.802 11.3095 0.178722 -0.829368 -0.529346
-29.7868 87.4146 10.5239 0.208246 -0.801735 -0.560227
-29.0814 88.2784 9.54923 0.300956 -0.802546 -0.515118
-28.4617 88.9902 8.76446 0.270026 -0.835521 -0.478529
-27.5401 89.84 7.81656 0.354616 -0.83943 -0.411832
-26.9704 90.33 7.29661 0.317803 -0.880131 -0.352189
-26.2575 90.8099 6.69585 0.32001 -0.887041 -0.331649
-25.3036 91.347 6.04801 0.274965 -0.919505 -0.280899
-24.3791 91.7025 5.53365 0.152264 -0.97881 -0.136921
-23.3053 91.9261 5.00376 0.128602 -0.986756 -0.0915801
-22.3905 92.0991 4.45764 0.188941 -0.978065 -0.0876902
-21.2027 92.1685 3.5534 -0.136121 -0.990505 0.0192615
-20.4672 92.0335 2.93281 0.00871539 -0.996028 0.0886108
-19.6896 91.8287 2.16949 -0.189625 -0.970669 0.147796
-19.2052 91.6386 1.29506 -0.314896 -0.932756 0.101879
-19.2726 91.4245 -0.0322733 -0.434199 -0.885598 0.164884
-20.0571 91.5813 -0.919757 -0.321549 -0.922092 0.21508
-21.0719 91.817 -1.3956 -0.334949 -0.915249 0.223254
-22.3521 92.2376 -1.69521 -0.249419 -0.948385 0.0803623
-23.5681 92.4929 -1.51182 -0.210739 -0.976403 0.0454226
-24.5021 92.633 -1.15141 -0.135222 -0.979453 -0.149625
-25.3813 92.5455 -0.748227 0.0650429 -0.98528 -0.154345
-26.4143 92.3625 -0.130085 0.0663793 -0.98088 -0.182811
-27.2573 92.1974 0.342846 0.108127 -0.973629 -0.200885
-28.3643 91.9251 0.923496 0.139882 -0.961088 -0.237714
-29.1254 91.6936 1.38825 0.176301 -0.952682 -0.245758
-30.1513 91.2971 2.00492 0.205108 -0.935827 -0.286534
-31.2326 90.8857 2.53607 0.253784 -0.915312 -0.309056
-32.1937 90.4479 2.87346 0.288223 -0.898699 -0.330515
-33.3226 90.0123 3.03551 0.296487 -0.890034 -0.34631
-34.3604 89.6308 3.06394 0.319778 -0.867221 -0.381668
-35.3637 89.2127 3.01821 0.378168 -0.843997 -0.380201
-36.1797 88.9616 2.74506 0.378471 -0.851065 -0.363935
-37.3235 88.7015 2.09235 0.411752 -0.845923 -0.338933
-38.2294 88.5355 1.34561 0.400974 -0.868152 -0.29246
-38.8573 88.5014 0.62533 0.377289 -0.871481 -0.313327
-39.3552 88.507 -0.231465 0.370039 -0.910155 -0.182121
-39.6672 88.5729 -1.467 0.302 -0.930728 -0.186665
-39.7951 88.9012 -2.74546 0.233004 -0.934053 -0.270654
-39.8155 89.0596 -3.7043 0.258725 -0.958864 -0.116797
-39.8478 89.163 -4.71513 0.142234 -0.984928 -0.0983216
-39.8871 89.2516 -5.64259 0.100057 -0.95397 0.126392
-39.8263 89.0738 -6.54942 0.195684 -0.962329 0.188762
-39.7441 88.8645 -7.64477 0.17165 -0.956352 0.236107
-39.8333 88.4854 -9.04317 0.170937 -0.951427 0.255778
-39.9569 88.1909 -9.91667 0.172276 -0.938194 0.30019
-40.4398 87.6821 -11.14 0.0187314 -0.890022 0.455532
-41.3246 87.3446 -11.8448 -0.0462112 -0.885863 0.458131
-42.3821 87.1921 -12.2111 -0.0404021 -0.85465 0.517393
-43.3781 87.3683 -11.9858 -0.0344509 -0.89412 0.446501
-44.2342 87.7573 -11.2969 -0.0499849 -0.888118 0.45689
-44.7001 88.1602 -10.534 -0.0974271 -0.893947 0.437454
-45.1516 88.7056 -9.36515 -0.085781 -0.931669 0.353035
-45.3887 89.0236 -8.46266 0.0527489 -0.979704 0.177861
-45.6431 89.1157 -7.50057 0.0908607 -0.986385 -0.0194388
-45.9404 88.7318 -6.26753 0.115717 -0.95658 -0.267085
-46.0964 88.6357 -5.22361 0.193916 -0.980962 -0.0105448
-46.2914 88.4338 -3.87233 0.0906383 -0.952306 -0.291372
-46.4025 88.1233 -3.01815 0.350327 -0.689847 -0.613782
-46.5283 87.2956 -2.35819 0.523173 -0.597364 -0.607821
-46.7603 86.5283 -1.69359 0.453118 -0.732353 -0.502206
-47.1308 85.9235 -1.04191 0.379677 -0.787558 -0.484956
-47.627 85.3156 -0.500415 0.490046 -0.732769 -0.472128
-48.2379 84.7555 -0.0498039 0.514724 -0.829539 -0.216619
-48.8925 84.2346 0.344226 0.5364 -0.817998 -0.206949
-49.5331 83.7242 0.739132 0.530289 -0.826679 -0.187906
-50.2004 83.2124 1.35428 0.496413 -0.856425 -0.141812
-51.064 82.5648 2.20556 0.515551 -0.847648 -0.125303
-52.0732 81.8459 3.13013 0.496556 -0.862386 -0.0986036
-52.7886 81.3569 3.72021 0.527072 -0.844249 -0.0969531
-53.7281 80.7048 4.39558 0.53204 -0.843951 -0.0684131
-54.6112 80.1047 5.08343 0.515696 -0.853163 -0.0785517
-55.4554 79.4766 5.90598 0.541334 -0.83771 -0.0693968
-56.0954 78.9998 6.50966 0.539766 -0.837015 -0.0897652
-56.6494 78.5578 7.2341 0.566717 -0.818197 -0.0937431
-57.0679 78.1944 7.95326 0.586156 -0.80504 -0.0893248
-57.6286 77.6736 8.92653 0.565122 -0.818558 -0.102955
-58.2286 77.0416 10.2314 0.591704 -0.796057 -0.1272
-58.6472 76.5575 11.2994 0.604453 -0.786141 -0.128915
-58.9154 76.1576 12.2325 0.6004 -0.779234 -0.17976
-59.3359 75.6017 13.3467 0.587563 -0.789342 -0.178072
-59.6018 75.228 14.1533 0.581004 -0.790808 -0.192505
-59.83 74.8424 15.0487 0.576556 -0.794248 -0.191629
-60.0288 74.4726 15.9183 0.568949 -0.790752 -0.225516
-60.2426 73.9186 17.2736 0.560476 -0.793237 -0.237996
-60.2935 73.549 18.4511 0.528785 -0.813019 -0.243695
-60.2911 73.255 19.4542 0.534043 -0.811034 -0.238794
-60.2783 72.876 20.704 0.529252 -0.803694 -0.271871
-60.1596 72.6385 21.6149 0.524837 -0.803698 -0.280386
-59.8844 72.4335 22.7681 0.508741 -0.819499 -0.263731
-59.7279 72.2301 23.6844 0.503598 -0.821232 -0.268267
-59.5674 72.034 24.5625 0.505036 -0.817474 -0.276901
-59.4211 71.8162 25.4964 0.504485 -0.824296 -0.256967
-59.2471 71.5073 26.7358 0.476779 -0.832787 -0.281332
-59.1091 71.0867 28.1846 0.469611 -0.832798 -0.293109
-59.1154 70.7092 29.2729 0.432432 -0.855724 -0.2841
-59.1936 70.3509 30.2298 0.428158 -0.857326 -0.285784
-59.2459 70.0237 31.1226 0.429678 -0.855257 -0.289677
-59.2719 69.5977 32.3936 0.393338 -0.876998 -0.275971
-59.196 69.2792 33.5416 0.384873 -0.882455 -0.270318
-58.9798 69.0607 34.5258 0.375658 -0.886331 -0.270454
-58.4367 68.9972 35.5043 0.363648 -0.890975 -0.271889
-57.7015 69.0078 36.4547 0.365664 -0.890174 -0.271809
-56.5699 69.1457 37.5262 0.353127 -0.895383 -0.270934
-55.5905 69.294 38.271 0.329451 -0.909198 -0.25451
-54.5116 69.4447 38.9647 0.297009 -0.905083 -0.30343
-53.6448 69.5129 39.5359 0.27459 -0.910882 -0.308048
-52.848 69.5859 40.025 0.251205 -0.909674 -0.329657
-52.0141 69.6481 40.4299 0.238876 -0.904669 -0.352862
-50.8443 69.7331 40.9037 0.186859 -0.911815 -0.365619
-49.9433 69.7758 41.2659 0.14855 -0.929098 -0.338688
-48.8918 69.828 41.5855 0.144133 -0.927325 -0.345291
-47.8969 69.8827 41.8252 0.117318 -0.928496 -0.352322
-46.6018 69.9884 41.978 0.115529 -0.927021 -0.356737
-45.2666 70.1786 41.8523 0.0950372 -0.919739 -0.380852
-44.4023 70.3944 41.5091 0.0803592 -0.924832 -0.371791
-43.5291 70.7716 40.7817 0.0735727 -0.91798 -0.389744
-42.8579 71.2577 39.8098 0.0587098 -0.908667 -0.413374
-42.384 71.6984 38.9254 0.0532264 -0.894184 -0.444436
-41.9282 72.1605 38.0391 0.0444036 -0.895027 -0.443797
-41.5044 72.7619 36.8826 0.0292467 -0.884191 -0.465718
-41.1034 73.3424 35.884 0.0366257 -0.865375 -0.499784
-40.5196 73.9844 34.8168 -0.0168046 -0.843682 -0.536581
-39.9425 74.5677 33.8427 -0.0296261 -0.862002 -0.506038
-39.3602 75.0769 33.0022 -0.0587367 -0.830887 -0.553332
-38.827 75.4879 32.332 -0.0577305 -0.795601 -0.60256
-38.0083 76.0143 31.4858 -0.0620587 -0.828864 -0.55568
-36.9666 76.5316 30.6035 -0.0951973 -0.800597 -0.590209
-36.298 76.8372 30.0744 -0.0710245 -0.822909 -0.563717
-35.4506 77.3091 29.2808 -0.0844367 -0.80832 -0.582657
-34.7297 77.8114 28.4632 -0.102091 -0.803888 -0.585754
-33.9253 78.5127 27.3981 -0.111064 -0.796514 -0.594174
-33.3024 79.1447 26.3585 -0.123112 -0.813722 -0.568067
-32.8126 79.8139 25.2378 -0.154638 -0.810254 -0.564651
-32.2166 80.4988 23.991 -0.221696 -0.811182 -0.541141
-32.0347 80.9693 23.1702 -0.216872 -0.820928 -0.527942
-31.8591 81.4659 22.2256 -0.22045 -0.862496 -0.455523
-31.8065 81.5853 21.9741 -0.220448 -0.862499 -0.455521
-30.9577 81.1766 22.3316 -0.114507 -0.856731 -0.502891
-30.7661 81.6612 21.4441 -0.119875 -0.869904 -0.478433
-30.6129 82.1904 20.4521 -0.164677 -0.864473 -0.474371
-30.6095 82.6979 19.4903 -0.16444 -0.878317 -0.448659
-30.4761 83.3115 18.1393 -0.132656 -0.896875 -0.421091
-30.3783 83.7178 17.2961 -0.0993518 -0.908251 -0.403726
-30.1009 84.2808 16.0022 -0.0189942 -0.905427 -0.424077
-29.8933 84.6377 15.199 0.0245639 -0.893494 -0.444286
-29.672 85.3087 14.0108 0.0549001 -0.873569 -0.482451
-29.6574 85.8519 13.0039 0.0913164 -0.860525 -0.501157
-29.4513 86.5113 11.9846 0.165181 -0.811284 -0.560832
-29.1782 87.0323 11.2972 0.193484 -0.815551 -0.544787
-28.7712 87.6382 10.6633 0.292127 -0.769016 -0.568574
-28.2454 88.3212 9.98137 0.286926 -0.780984 -0.554741
-27.6042 89.0467 9.20327 0.316817 -0.824635 -0.468212
-26.9422 89.6876 8.56448 0.332077 -0.826134 -0.454742
-26.17 90.3742 7.88564 0.358985 -0.824288 -0.437812
-25.3632 90.9527 7.20987 0.287061 -0.907555 -0.306497
-24.4595 91.413 6.65811 0.265581 -0.923037 -0.278138
-23.5864 91.7258 6.24881 0.141715 -0.980901 -0.132726
-22.3014 91.9986 5.53476 0.110076 -0.987557 -0.104154
-21.5382 92.1013 5.00297 0.0687978 -0.99062 -0.115308
-20.7505 92.1228 4.39482 -0.0934046 -0.994202 0.0298009
-19.9544 92.0541 3.69656 -0.0724348 -0.994492 0.0672846
-19.2505 91.9376 3.10849 -0.125233 -0.982401 0.113715
-18.4458 91.5595 2.15413 -0.260277 -0.947504 0.18572
-18.1356 91.1484 1.11503 -0.322812 -0.90829 0.266084
-18.2369 90.9749 0.180004 -0.410104 -0.895803 0.171323
-18.6618 90.9566 -0.729366 -0.464073 -0.859255 0.215065
-19.4861 91.1785 -1.64751 -0.468601 -0.862332 0.191824
-20.3598 91.4168 -2.1566 -0.315237 -0.935208 0.16128
-21.4549 91.7922 -2.49483 -0.411087 -0.902329 0.129651
-22.6511 92.193 -2.70556 -0.276427 -0.953015 0.123898
-23.7038 92.4785 -2.5232 -0.241146 -0.969798 0.0263514
-24.6408 92.7334 -2.13764 -0.127251 -0.982294 -0.0200435
-26.0897 92.6218 -1.50168 0.0611708 -0.984808 -0.161376
-26.8534 92.4844 -1.00878 0.0721033 -0.985535 -0.15337
-27.9847 92.2616 -0.364625 0.111401 -0.973548 -0.199487
-29.1059 91.9572 0.304093 0.151517 -0.959627 -0.236979
-30.153 91.6034 0.933265 0.195828 -0.944065 -0.265315
-31.1604 91.2359 1.45597 0.211417 -0.938806 -0.271931
-32.0325 90.8746 1.85399 0.288226 -0.898695 -0.330522
-33.2085 90.4177 2.08934 0.288784 -0.895314 -0.338987
-34.0526 90.1039 2.17129 0.298584 -0.88929 -0.346427
-35.024 89.7323 2.18902 0.387622 -0.840748 -0.377927
-35.9716 89.4021 1.9526 0.390267 -0.842784 -0.370684
-36.9029 89.1594 1.4001 0.41568 -0.85781 -0.302279
-37.728 89.001 0.704397 0.421288 -0.856525 -0.298128
-38.4175 88.8806 -0.160742 0.392128 -0.89548 -0.210595
-38.8199 88.9421 -1.6185 0.373006 -0.916964 -0.141577
-38.886 89.2346 -3.09067 0.317851 -0.93033 -0.172291
-38.9134 89.3435 -4.05326 0.256255 -0.959768 -0.114796
-38.9427 89.3494 -5.2352 0.196074 -0.976803 -0.0419042
-38.9231 89.2749 -6.46074 0.15159 -0.975821 0.143642
-38.8052 89.088 -7.38302 0.202434 -0.953693 0.222466
-38.7967 88.8776 -8.26718 0.142712 -0.950261 0.276465
-38.9414 88.514 -9.48966 0.167665 -0.944308 0.282488
-39.1881 87.975 -10.7225 0.0704847 -0.911965 0.404168
-39.7249 87.3841 -11.821 0.0496339 -0.886014 0.460398
-40.4445 87.0456 -12.3665 0.038665 -0.879838 0.473698
-41.2648 86.7753 -12.8017 -0.00670162 -0.869752 0.490947
-42.2427 86.6263 -13.0765 0.00198689 -0.79053 0.612421
-43.4768 86.7681 -12.9119 -0.024782 -0.800002 0.599298
-44.3552 87.1329 -12.4366 -0.0412403 -0.806588 0.589157
-45.1843 87.6405 -11.5916 -0.0231625 -0.885306 0.464431
-45.6526 88.1642 -10.6933 -0.0696693 -0.890312 0.449989
-46.0091 88.5209 -9.90518 -0.00540197 -0.925777 0.378032
-46.2325 88.818 -9.02447 0.0683899 -0.965619 0.250806
-46.5312 89.0416 -7.88876 0.0908579 -0.986384 -0.0194544
-46.8164 88.7972 -6.88097 0.115716 -0.95658 -0.267085
-46.9445 88.4733 -5.71607 0.150534 -0.970931 -0.132934
-47.0926 88.4274 -4.70938 0.200824 -0.979467 -0.0177524
-47.2474 88.1179 -3.61819 0.356586 -0.792349 -0.495005
-47.3715 87.3033 -2.81586 0.384512 -0.557058 -0.734358
-47.5481 86.4175 -2.14312 0.395579 -0.774988 -0.492861
-47.9307 85.6808 -1.48975 0.584327 -0.676517 -0.44636
-48.6203 84.8419 -0.943889 0.531852 -0.746446 -0.39994
-49.4733 84.0632 -0.455762 0.557198 -0.804725 -0.204812
-50.2297 83.4292 0.0932187 0.5233 -0.833409 -0.177725
-50.9467 82.8582 0.792429 0.521607 -0.841821 -0.138793
-51.6608 82.2993 1.5454 0.509483 -0.851348 -0.124833
-52.4865 81.7008 2.31872 0.499985 -0.858718 -0.111482
-53.3428 81.0941 3.01982 0.529063 -0.84236 -0.102575
-54.0879 80.5736 3.51521 0.522055 -0.848055 -0.0908939
-54.7776 80.1017 4.02756 0.515556 -0.853185 -0.0792335
-55.4016 79.6543 4.57857 0.534611 -0.840142 -0.0913916
-56.1933 79.0704 5.29773 0.537435 -0.838255 -0.0921545
-56.8114 78.6084 5.8548 0.539782 -0.836718 -0.0923701
-57.3265 78.1798 6.6517 0.549629 -0.830071 -0.0942833
-57.7269 77.8113 7.37988 0.558471 -0.821239 -0.116948
-58.3058 77.2792 8.37902 0.568698 -0.814751 -0.112412
-58.8561 76.6901 9.60284 0.570518 -0.808438 -0.144695
-59.2619 76.2484 10.4695 0.561053 -0.811404 -0.163841
-59.534 75.867 11.4268 0.555963 -0.815305 -0.161671
-59.9029 75.3691 12.5219 0.552131 -0.812778 -0.185852
-60.309 74.8668 13.5236 0.553479 -0.811765 -0.186241
-60.5227 74.501 14.4007 0.558707 -0.80379 -0.204374
-60.8106 73.9741 15.6486 0.546763 -0.808355 -0.215112
-61.0043 73.6375 16.4872 0.51856 -0.826551 -0.218795
-61.181 73.2099 17.6565 0.527047 -0.817697 -0.231107
-61.1247 72.8937 18.8783 0.514387 -0.821467 -0.245867
-61.0938 72.5546 20.0376 0.53394 -0.806801 -0.252532
-61.0792 72.1984 21.1865 0.504646 -0.822053 -0.263613
-60.7963 72.0078 22.303 0.513613 -0.816837 -0.262615
-60.6108 71.8206 23.2616 0.510245 -0.820712 -0.25701
-60.4064 71.6075 24.3169 0.487331 -0.830152 -0.270843
-60.2258 71.3635 25.4127 0.487784 -0.834933 -0.254862
-60.0864 71.1683 26.3023 0.486653 -0.830268 -0.271423
-59.946 70.8751 27.4241 0.477459 -0.83492 -0.273755
-59.9064 70.5422 28.5 0.444028 -0.856455 -0.263293
-59.9888 70.1032 29.7551 0.432699 -0.857664 -0.277731
-60.084 69.7624 30.6799 0.424418 -0.860567 -0.281445
-60.1383 69.3624 31.8686 0.405648 -0.876747 -0.258389
-60.1227 69.0077 33.0891 0.387021 -0.884037 -0.262095
-59.9887 68.7445 34.1801 0.366511 -0.897555 -0.245083
-59.6146 68.5832 35.2992 0.357917 -0.898682 -0.253498
-59.0158 68.5695 36.2296 0.366266 -0.899127 -0.239624
-58.1193 68.619 37.3089 0.340944 -0.90971 -0.237035
-57.3704 68.7139 38.0078 0.335927 -0.909344 -0.24545
-56.3242 68.8811 38.7876 0.327421 -0.90815 -0.26088
-55.473 69.011 39.3598 0.296606 -0.914833 -0.274048
-54.4591 69.1474 40.0074 0.275163 -0.921543 -0.272979
-53.4537 69.2285 40.6775 0.253893 -0.929653 -0.26699
-52.5809 69.2938 41.152 0.193036 -0.939293 -0.283627
-51.182 69.3467 41.8119 0.17361 -0.93323 -0.314082
-50.2585 69.3803 42.2142 0.147969 -0.929287 -0.338423
-49.2437 69.4557 42.4345 0.145242 -0.925672 -0.349191
-48.1634 69.5077 42.7249 0.123866 -0.928593 -0.349519
-46.8976 69.6203 42.8281 0.0968681 -0.924449 -0.368339
-45.6832 69.7082 42.8842 0.0950345 -0.919735 -0.380861
-44.5873 69.929 42.6267 0.0880961 -0.922305 -0.376175
-43.2634 70.3674 41.8381 0.0905725 -0.925045 -0.368901
-42.675 70.684 41.2088 0.107678 -0.920991 -0.374408
-42.0608 71.0711 40.3558 0.0766905 -0.920963 -0.380754
-41.529 71.5458 39.4222 0.087837 -0.9056 -0.414938
-41.1414 71.9378 38.637 0.0697163 -0.911837 -0.404185
-40.8196 72.3127 37.8479 0.0542653 -0.89963 -0.433268
-40.5404 72.7668 36.94 0.0427059 -0.896848 -0.440059
-40.1125 73.3198 35.958 0.00736661 -0.870425 -0.492246
-39.7216 73.7297 35.2509 0.0112494 -0.865209 -0.501285
-39.2082 74.2659 34.2961 -0.0439464 -0.872948 -0.484861
-38.4648 74.8914 33.2047 -0.0482239 -0.835234 -0.54777
-37.7473 75.3909 32.3865 -0.0620462 -0.828864 -0.555682
-37.1239 75.7299 31.7853 -0.0750651 -0.825771 -0.558895
-36.1163 76.2019 30.9772 -0.0694085 -0.821216 -0.56638
-35.3388 76.5611 30.344 -0.0908035 -0.825216 -0.557471
-34.5731 77.0141 29.5629 -0.0953545 -0.81025 -0.578151
-33.805 77.5778 28.6226 -0.102092 -0.803889 -0.585754
-33.2682 78.0397 27.8987 -0.124224 -0.797431 -0.590485
-32.7456 78.478 27.1784 -0.131806 -0.803784 -0.580137
-32.2555 79.0923 26.1803 -0.144668 -0.824555 -0.546973
-31.8447 79.6174 25.2625 -0.1593 -0.828419 -0.536978
-31.4446 80.0203 24.4453 -0.160655 -0.852437 -0.497492
-31.1959 80.4724 23.6168 -0.200726 -0.820226 -0.535667
-30.9815 81.1117 22.4477 -0.172526 -0.856491 -0.482577
-30.9751 81.1329 22.4101 -0.114512 -0.85673 -0.502893
-30.0149 81.0152 22.3581 -0.160707 -0.840567 -0.51732
-29.8306 81.4376 21.5793 -0.177855 -0.866555 -0.466249
-29.6199 81.8551 20.7135 -0.172005 -0.869413 -0.463176
-29.7221 82.5375 19.5038 -0.142502 -0.870094 -0.471618
-29.6061 82.9414 18.6568 -0.119042 -0.893358 -0.43329
-29.479 83.3433 17.8609 -0.0737797 -0.892838 -0.444293
-29.3784 83.7782 16.9798 -0.0681361 -0.890795 -0.449177
-29.1129 84.2613 15.9605 -0.0352822 -0.887647 -0.457781
-28.9332 84.7129 15.1138 0.00616425 -0.885832 -0.46392
-28.7199 85.2588 14.1673 0.0672648 -0.858831 -0.507824
-28.724 85.7346 13.3772 0.0828033 -0.841987 -0.531841
-28.5375 86.5193 12.2799 0.169888 -0.776039 -0.607372
-28.2823 87.1028 11.5816 0.252217 -0.738874 -0.623942
-27.6363 88.0628 10.6974 0.309081 -0.755497 -0.57515
-27.1451 88.6977 10.0554 0.339812 -0.771453 -0.53738
-26.3933 89.5146 9.28515 0.355121 -0.815621 -0.456784
-25.3026 90.4597 8.44902 0.364601 -0.825303 -0.43121
-24.4588 91.039 7.77479 0.278506 -0.905519 -0.32011
-23.6217 91.4369 7.28746 0.236217 -0.919572 -0.313989
-22.7965 91.7529 6.85373 0.137094 -0.979071 -0.150415
-21.7739 91.9613 6.28854 0.0569866 -0.988442 -0.137239
-20.9583 92.0673 5.69986 0.0509872 -0.992823 -0.10818
-19.7446 92.073 4.77769 -0.0663088 -0.997611 0.0193834
-18.9585 91.9873 4.06369 -0.0997008 -0.993124 0.0456573
-18.0005 91.685 3.25835 -0.231403 -0.94194 0.243312
-17.514 91.2652 2.43165 -0.441527 -0.857606 0.262592
-17.1741 90.6779 0.999828 -0.456319 -0.856045 0.242818
-17.3781 90.4403 -0.150123 -0.454622 -0.845268 0.280189
-17.7487 90.3924 -0.978105 -0.471031 -0.856079 0.21274
-18.3507 90.5363 -1.72846 -0.472615 -0.854854 0.214144
-19.0832 90.7633 -2.44939 -0.474554 -0.854074 0.212971
-20.1933 91.1509 -3.1011 -0.346701 -0.912594 0.216729
-21.0324 91.5138 -3.34467 -0.41953 -0.904861 0.072263
-22.1693 91.9711 -3.72717 -0.38313 -0.918401 0.0987454
-23.2511 92.3447 -3.68383 -0.365183 -0.930851 -0.0125884
-24.1207 92.6606 -3.45589 -0.225922 -0.962643 -0.149256
-25.5266 92.7877 -2.86312 -0.0536491 -0.992266 -0.111941
-26.5973 92.7153 -2.34279 0.0827295 -0.982898 -0.164359
-27.4198 92.5634 -1.78274 0.0805173 -0.984996 -0.152407
-28.6377 92.3162 -1.05828 0.117427 -0.977119 -0.177341
-29.3886 92.1209 -0.582684 0.16961 -0.959761 -0.22381
-30.5484 91.7653 0.0514367 0.172904 -0.959121 -0.224035
-31.527 91.4241 0.521164 0.211413 -0.938806 -0.271933
-32.3889 91.0877 0.994791 0.265453 -0.90526 -0.331032
-33.2745 90.7424 1.18016 0.276873 -0.896199 -0.346653
-34.1419 90.4547 1.30774 0.255052 -0.892247 -0.371937
-35.0952 90.087 1.34347 0.390897 -0.836576 -0.383849
-36.016 89.7366 1.02405 0.413916 -0.853944 -0.315016
-37.0757 89.4413 0.202516 0.436475 -0.879919 -0.187699
-37.6614 89.2617 -0.507957 0.442189 -0.88999 -0.0652757
-37.9509 89.2897 -1.55281 0.390194 -0.910109 -0.139124
-37.9853 89.4021 -2.53111 0.267365 -0.952579 -0.145291
-37.9976 89.5486 -3.58958 0.277818 -0.955178 -0.102237
-38.0178 89.5363 -4.54648 0.128233 -0.989117 0.0704411
-38.0403 89.4164 -5.81461 0.0945777 -0.987584 0.122703
-37.8828 89.3152 -6.93345 0.0815965 -0.991393 0.102382
-37.7959 89.087 -8.09289 0.147551 -0.94584 0.289163
-37.9789 88.7338 -9.21488 0.137872 -0.954682 0.263767
-38.0754 88.3132 -10.2453 0.143123 -0.897501 0.417143
-38.3761 87.7981 -11.1906 0.116472 -0.869787 0.47454
-38.7288 87.2317 -12.2082 0.0485415 -0.879816 0.472829
-39.524 86.8279 -12.8557 0.0397284 -0.847571 0.526136
-40.7304 86.3199 -13.4985 0.0137188 -0.797002 0.603821
-41.5857 86.0877 -13.7543 -0.00542709 -0.780648 0.624948
-42.6935 86.0194 -13.8493 -0.00946755 -0.783947 0.620719
-43.7658 86.1406 -13.7506 -0.0372096 -0.801268 0.597148
-44.6214 86.5034 -13.3274 -0.0676028 -0.807894 0.585419
-45.5866 87.0463 -12.6929 -0.0422197 -0.837067 0.54201
-46.0831 87.4785 -11.9835 -0.0920085 -0.863111 0.496336
-46.5378 88.0458 -11.0587 -0.100322 -0.868389 0.485626
-46.9338 88.4254 -10.2259 -0.110255 -0.918609 0.376549
-47.168 88.7159 -9.24722 0.0159749 -0.97069 0.239802
-47.4482 88.9428 -8.24416 0.123598 -0.976833 0.0292716
-47.7418 88.7087 -6.95754 0.150172 -0.966564 -0.196717
-47.8061 88.4582 -6.04634 0.122146 -0.957681 -0.260542
-47.9285 88.2193 -5.07339 0.256422 -0.966392 -0.0182908
-48.0788 87.9971 -4.2295 0.451992 -0.785861 -0.422049
-48.1204 87.4157 -3.4886 0.620763 -0.479722 -0.620097
-48.2585 86.411 -2.77604 0.515233 -0.620263 -0.589292
-48.6141 85.5793 -2.11617 0.675531 -0.486672 -0.493543
-49.0356 84.862 -1.80579 0.674107 -0.684377 -0.277863
-49.6737 84.1876 -1.47006 0.556596 -0.803768 -0.210138
-50.4355 83.5118 -0.907942 0.545275 -0.815877 -0.190502
-51.1614 82.9397 -0.388918 0.529355 -0.83014 -0.175071
-51.6828 82.5022 0.242276 0.515786 -0.843593 -0.149383
-52.2251 82.0571 0.881713 0.510166 -0.852247 -0.115783
-53.3141 81.2495 1.90708 0.528921 -0.84167 -0.108705
-53.9773 80.7734 2.39676 0.525553 -0.844234 -0.105148
-54.8415 80.1788 2.90369 0.520443 -0.848006 -0.100126
-55.6075 79.6332 3.52489 0.524123 -0.846137 -0.0966837
-56.1948 79.2063 4.07728 0.526384 -0.844165 -0.101373
-56.9584 78.6406 4.75003 0.534291 -0.839165 -0.101548
-57.5884 78.1714 5.33346 0.538883 -0.836027 -0.10297
-58.0207 77.7776 6.19025 0.540506 -0.834197 -0.109378
-58.5158 77.3402 6.97567 0.545954 -0.828784 -0.122681
-59.1474 76.7397 8.17406 0.549148 -0.824487 -0.136381
-59.5049 76.3702 8.95873 0.541263 -0.827654 -0.147237
-59.9934 75.8462 9.96306 0.543247 -0.823184 -0.165081
-60.2933 75.4703 10.842 0.550868 -0.819207 -0.159514
-60.644 75.05 11.7159 0.552137 -0.812773 -0.18585
-60.9757 74.6026 12.7225 0.530286 -0.825557 -0.192169
-61.2794 74.0833 14.0404 0.519138 -0.830132 -0.203412
-61.6089 73.5571 15.3261 0.521348 -0.827651 -0.20782
-61.7935 73.2216 16.1833 0.510018 -0.830999 -0.221717
-61.9893 72.8801 17.0416 0.499582 -0.838016 -0.219425
-62.0423 72.5753 17.9945 0.508605 -0.826937 -0.239783
-61.9779 72.3179 19.006 0.504043 -0.826653 -0.249725
-61.9132 71.9914 20.2204 0.500315 -0.82672 -0.257323
-61.845 71.6809 21.345 0.492912 -0.830194 -0.260329
-61.6098 71.5179 22.2943 0.486626 -0.831083 -0.269189
-61.4933 71.2066 23.4915 0.506415 -0.822775 -0.258019
-61.1947 71.0728 24.4915 0.493039 -0.833312 -0.249101
-60.9407 70.847 25.7386 0.475617 -0.840839 -0.258414
-60.8079 70.658 26.6152 0.463452 -0.846384 -0.262136
-60.7119 70.2826 28.0218 0.433827 -0.864479 -0.25349
-60.7566 69.9728 28.9531 0.427523 -0.863848 -0.266439
-60.9151 69.4765 30.2854 0.424118 -0.862882 -0.274879
-60.9995 69.1444 31.3095 0.38215 -0.888698 -0.253333
-60.9892 68.7303 32.7761 0.382418 -0.888439 -0.253836
-60.87 68.3828 34.1488 0.377518 -0.892249 -0.247674
-60.5295 68.1845 35.4379 0.362148 -0.901416 -0.236597
-59.9159 68.1408 36.4942 0.348786 -0.911949 -0.216094
-59.2259 68.1938 37.3816 0.338861 -0.913854 -0.223494
-58.5987 68.2425 38.0968 0.33036 -0.916299 -0.226399
-57.5485 68.4087 38.9512 0.327153 -0.917576 -0.225887
-56.4712 68.5721 39.7262 0.316939 -0.91605 -0.245767
-55.1602 68.7818 40.5617 0.285352 -0.927175 -0.242734
-53.8919 68.9083 41.4264 0.241728 -0.936973 -0.252287
-53.0739 68.9637 41.9109 0.205272 -0.93641 -0.283593
-51.9895 68.9795 42.5141 0.157607 -0.939095 -0.305364
-50.9272 69.0105 42.9675 0.135552 -0.940052 -0.312203
-49.8897 69.0554 43.2101 0.126476 -0.93256 -0.337343
-48.9308 69.1243 43.4325 0.152977 -0.925404 -0.346637
-47.8105 69.149 43.7363 0.100774 -0.920172 -0.378323
-46.3785 69.2827 43.7741 0.0792341 -0.924485 -0.372894
-45.4544 69.371 43.776 0.0973109 -0.924468 -0.368633
-44.5361 69.5477 43.5753 0.0913411 -0.923428 -0.372672
-43.3365 69.8801 43.0297 0.0840207 -0.922664 -0.376339
-42.5911 70.1747 42.4817 0.0989225 -0.921762 -0.374843
-41.8524 70.5906 41.6751 0.106979 -0.920529 -0.375739
-41.0838 71.0541 40.6226 0.0790626 -0.932416 -0.352631
-40.6668 71.4019 39.9101 0.0824523 -0.903648 -0.420265
-40.2818 71.7799 39.0934 0.0305505 -0.912142 -0.408733
-39.9796 72.1434 38.3059 0.0478559 -0.904498 -0.42346
-39.5885 72.6991 37.2087 0.0592068 -0.898953 -0.434025
-39.2889 73.1465 36.3513 0.0579708 -0.887924 -0.456322
-38.8764 73.5423 35.5789 0.0138818 -0.881739 -0.469994
-38.3543 74.0566 34.646 -0.0276602 -0.886186 -0.462504
-37.9006 74.4658 33.8318 -0.021509 -0.866974 -0.496224
-37.0849 75.0085 32.8903 -0.0668583 -0.847785 -0.525889
-36.2278 75.4476 32.1166 -0.0494696 -0.837717 -0.543856
-35.4437 75.7963 31.5113 -0.0658833 -0.835854 -0.544714
-34.3732 76.3172 30.5628 -0.0795714 -0.830496 -0.551312
-33.8132 76.6672 29.9495 -0.0824669 -0.827781 -0.55493
-33.2875 77.0517 29.3066 -0.0946679 -0.826025 -0.555433
-32.5798 77.6188 28.3469 -0.102165 -0.809776 -0.577776
-32.0148 78.0067 27.6259 -0.163024 -0.795879 -0.583095
-31.533 78.4419 26.8927 -0.169733 -0.799333 -0.576418
-31.3065 78.9211 26.1545 -0.181686 -0.808975 -0.558825
-30.945 79.3286 25.4202 -0.189116 -0.818199 -0.54292
-30.5209 79.7293 24.6563 -0.154497 -0.852459 -0.499445
-30.3032 80.1799 23.8312 -0.151866 -0.847591 -0.508455
-30.1574 80.6683 22.9661 -0.159008 -0.844629 -0.511137
-30.1298 80.7592 22.8097 -0.160706 -0.840568 -0.51732
-28.0628 91.0438 4.41503 0.274048 -0.898175 -0.340839
-27.4 91.3777 3.68096 0.231135 -0.961145 -0.150923
-28.0072 91.1995 4.01458 0.195031 -0.944118 -0.256021
-28.4767 90.9848 4.29392 0.248109 -0.914582 -0.315669
-26.5291 91.6531 3.21063 0.207455 -0.96763 -0.14372
-26.0884 91.7455 3.22759 0.152618 -0.979874 -0.094899
-26.4896 91.672 3.14055 0.207464 -0.967628 -0.143718
-25.3514 91.931 2.58305 0.0886782 -0.978384 -0.186817
-24.8774 91.9543 2.68593 0.081908 -0.980037 -0.180927
-24.9935 91.9346 2.73416 0.0886785 -0.978383 -0.186822
-24.1212 92.1837 1.72411 0.0751878 -0.981753 -0.174667
-23.1167 92.1207 1.45671 -0.174507 -0.984452 -0.0200593
-23.6167 92.2321 1.82794 0.0590723 -0.97197 0.0171884
-23.8175 92.1666 1.95046 0.160896 -0.972257 -0.142593
