-47.1334 83.1339 21.1125 0.194076 -0.922286 -0.332055
-46.5494 83.4692 20.2889 0.2217 -0.957337 -0.184543
-46.2156 83.6918 19.4482 0.143115 -0.973122 -0.164258
-46.2451 83.8695 18.2311 0.116827 -0.984101 -0.13378
-46.1198 83.9882 17.4496 0.109573 -0.987336 -0.114724
-46.7809 83.8076 18.0825 0.202682 -0.965338 -0.164447
-47.4288 83.4402 19.3619 0.204107 -0.960865 -0.187294
-47.8576 83.0912 20.4258 0.316632 -0.920448 -0.22917
-47.9433 82.6974 21.5362 0.301034 -0.88599 -0.352611
-47.6916 82.6611 21.8422 0.301039 -0.885987 -0.352615
-47.2702 83.0248 21.3056 0.261585 -0.895009 -0.358223
-46.5275 82.9338 21.9823 0.216351 -0.907714 -0.359511
-46.0186 83.2933 21.2509 0.171802 -0.936859 -0.304598
-45.5833 83.5716 20.3829 0.04341 -0.981398 -0.187014
-45.2485 83.7773 19.3422 0.0725865 -0.983152 -0.167556
-45.0507 84.0547 17.9741 0.17555 -0.9677 -0.180898
-45.0304 84.2317 16.9697 0.21349 -0.964162 -0.157522
-45.0487 84.3422 15.6813 0.206114 -0.977207 -0.0508341
-45.4529 84.2762 15.3512 0.198734 -0.978482 -0.0554711
-46.2352 84.0874 15.9962 0.172992 -0.983765 -0.0477472
-46.9096 83.9441 16.6334 0.168962 -0.984885 -0.0381347
-47.4223 83.7477 17.3598 0.296454 -0.950844 -0.08948
-48.0015 83.4566 18.5088 0.32767 -0.939378 -0.0951947
-48.4055 83.1783 19.3691 0.284076 -0.937021 -0.203207
-48.7042 82.8784 20.2012 0.358735 -0.890766 -0.267998
-48.8971 82.4675 21.0615 0.447462 -0.831835 -0.32788
-48.9837 81.9114 22.4557 0.414631 -0.837406 -0.35097
-48.8239 81.5122 23.4333 0.399641 -0.814598 -0.419356
-48.0499 81.7577 23.5629 0.327365 -0.845083 -0.422691
-47.2975 82.3296 22.9466 0.278447 -0.873402 -0.398981
-46.6678 82.8272 22.1671 0.21635 -0.907714 -0.359511
-45.9727 82.7391 22.7984 0.19162 -0.908862 -0.370474
-45.2982 83.1973 21.8967 0.168745 -0.953833 -0.24845
-44.8215 83.4806 21.0769 0.0953905 -0.966389 -0.2381
-44.3594 83.8276 19.7265 0.151506 -0.970552 -0.187285
-44.1397 84.152 18.3357 0.166333 -0.9669 -0.193033
-44.0916 84.3657 17.0936 0.110232 -0.981102 -0.159019
-44.0539 84.4689 16.1754 0.080306 -0.993466 -0.0810957
-43.9429 84.5247 15.1701 0.122028 -0.991806 -0.0378051
-43.7483 84.5735 14.2734 0.157781 -0.985389 -0.0393146
-43.5747 84.6426 13.0394 0.0944945 -0.995074 -0.0299781
-44.2532 84.5733 13.2011 0.137239 -0.987552 -0.0572548
-45.0547 84.3914 13.7033 0.150346 -0.988511 0.00352591
-45.9158 84.248 14.3939 0.179222 -0.982519 -0.0335048
-46.6635 84.0311 15.0658 0.215885 -0.974353 -0.0365302
-47.3761 83.8991 15.7425 0.180672 -0.982922 -0.0204629
-47.9427 83.6656 16.424 0.318784 -0.944679 -0.0771879
-48.545 83.3644 17.451 0.348216 -0.931199 -0.107579
-49.0896 83.0261 18.5962 0.359625 -0.927395 -0.102912
-49.4466 82.7129 19.5141 0.464213 -0.861644 -0.201602
-49.6819 82.3341 20.3763 0.433797 -0.842959 -0.316506
-49.8372 81.9035 21.2042 0.470938 -0.817093 -0.332401
-49.8727 81.56 22.0859 0.479995 -0.82444 -0.299839
-49.8106 81.2621 22.9399 0.463716 -0.795294 -0.386254
-49.6345 80.8997 23.7796 0.422966 -0.79519 -0.434416
-49.3327 80.5059 24.7679 0.411362 -0.794702 -0.446352
-48.6898 80.523 25.2995 0.364741 -0.803064 -0.471223
-48.0567 81.054 24.867 0.347031 -0.820616 -0.454048
-47.4679 81.5904 24.348 0.33705 -0.832633 -0.438873
-46.8808 82.0782 23.7893 0.260727 -0.890507 -0.372851
-45.9766 82.7362 22.8034 0.203156 -0.907556 -0.367322
-45.9741 82.738 22.8002 0.19162 -0.908862 -0.370474
-45.3174 82.5898 23.5034 0.189011 -0.884963 -0.421787
-45.9057 82.1163 24.1335 0.153677 -0.870282 -0.466685
-46.5597 81.6825 24.7467 0.208011 -0.84837 -0.481365
-47.3785 80.9471 25.5572 0.287573 -0.837053 -0.465238
-48.0597 80.2941 26.1166 0.35473 -0.778745 -0.517419
-48.6417 79.7255 26.5734 0.354673 -0.778831 -0.51733
-49.3242 79.2696 26.7775 0.392212 -0.754294 -0.526004
-49.855 79.6106 25.8409 0.411281 -0.774405 -0.480775
-50.1533 79.9842 24.9692 0.412261 -0.800337 -0.435014
-50.5651 80.5564 23.4845 0.493629 -0.755647 -0.422891
-50.7041 80.8762 22.5378 0.497733 -0.797824 -0.340203
-50.7315 81.2262 21.6288 0.474042 -0.823112 -0.31237
-50.644 81.6322 20.7279 0.470938 -0.817093 -0.332401
-50.4704 82.0178 19.9235 0.498584 -0.825593 -0.264218
-50.1657 82.4469 18.902 0.459992 -0.871453 -0.170229
-49.7911 82.8233 17.9219 0.456561 -0.876967 -0.149939
-49.4444 83.0645 17.1192 0.356396 -0.930129 -0.0869926
-48.8384 83.4265 16.0049 0.38002 -0.916445 -0.125353
-48.1052 83.7083 15.0868 0.248119 -0.968641 0.013131
-47.388 83.8933 14.4096 0.290721 -0.955191 -0.0471548
-46.2666 84.2135 13.4435 0.194539 -0.979426 -0.024944
-45.3217 84.4049 12.6914 0.1795 -0.98239 -0.0431388
-44.1738 84.6162 11.8399 0.132431 -0.990266 -0.0209018
-43.1151 84.7785 11.4637 0.143525 -0.987093 -0.0693701
-42.4244 84.8311 12.2778 0.156331 -0.984956 -0.073555
-42.5859 84.7133 13.5581 0.115568 -0.991376 -0.0496509
-42.9132 84.6301 15.0315 0.0791983 -0.995745 -0.0468552
-43.0564 84.5634 16.0016 0.0797692 -0.993522 -0.080937
-43.1362 84.475 17.0078 0.0694517 -0.993337 -0.0908434
-43.1892 84.3062 18.0369 0.0992948 -0.980949 -0.166972
-43.2716 84.1184 19.0206 0.104037 -0.976826 -0.187048
-43.4091 83.9324 19.8987 0.0717834 -0.973532 -0.216296
-43.9093 83.5057 21.3405 0.0953904 -0.966389 -0.238099
-44.4792 83.2035 22.4291 0.129796 -0.962328 -0.235183
-45.0813 82.7649 23.196 0.197864 -0.906009 -0.374083
-44.2565 82.6493 23.6884 0.0784981 -0.891695 -0.445522
-43.501 83.1858 22.7272 0.0865394 -0.893605 -0.440432
-43.0278 83.4676 21.8886 0.092441 -0.972311 -0.21463
-42.6929 83.6914 21.0619 0.0916226 -0.96615 -0.240592
-42.3993 83.9765 20.0009 0.0658717 -0.970429 -0.232224
-42.3185 84.1789 19.12 0.0709938 -0.978335 -0.194257
-42.2556 84.3537 18.2308 0.0643013 -0.980036 -0.188135
-42.1712 84.518 17.1509 0.0591447 -0.993152 -0.100752
-42.0721 84.6431 15.9754 0.0733073 -0.991734 -0.104283
-41.9196 84.7006 15.0673 0.0611082 -0.996899 -0.0495864
-41.7092 84.7999 14.0784 0.111174 -0.989657 -0.0906621
-41.475 84.9192 12.8106 0.116298 -0.991589 -0.0567981
-41.3815 84.9991 11.7765 0.0972001 -0.992955 -0.0609789
-41.9506 85.0029 10.9708 0.101699 -0.988448 -0.0944623
-42.9524 84.886 10.3282 0.13208 -0.987577 -0.0793854
-43.9103 84.7766 10.4357 0.104871 -0.990245 -0.0916947
-44.9783 84.5157 11.228 0.1921 -0.976804 -0.0946108
-45.7187 84.3614 11.8006 0.163286 -0.985974 -0.03453
-46.8545 84.0794 12.6717 0.22612 -0.972595 -0.05412
-47.6627 83.8632 13.3253 0.290725 -0.955189 -0.047165
-48.2939 83.6167 13.9264 0.287966 -0.955996 -0.00867551
-48.9902 83.4485 14.6435 0.297168 -0.953934 0.0412358
-49.7042 83.1208 15.6008 0.385763 -0.915508 -0.114155
-50.1593 82.8336 16.4823 0.410574 -0.905822 -0.0895453
-50.6324 82.4274 17.6508 0.464294 -0.874866 -0.137986
-51.0031 82.0393 18.6517 0.488936 -0.853773 -0.178926
-51.3229 81.5637 19.7295 0.539948 -0.791548 -0.280835
-51.4824 81.1153 20.5619 0.580885 -0.761076 -0.288679
-51.5448 80.512 21.9591 0.595381 -0.743132 -0.305413
-51.4636 80.2136 22.8096 0.563451 -0.735001 -0.37503
-51.161 79.7004 24.1402 0.568697 -0.711572 -0.412485
-50.887 79.3334 25.1517 0.557257 -0.72259 -0.409057
-50.6332 78.9947 26.0129 0.508108 -0.725752 -0.463799
-50.3711 78.652 26.8183 0.503231 -0.719923 -0.477985
-49.9722 78.1014 27.9986 0.424256 -0.765354 -0.483984
-49.6219 77.7982 28.7734 0.492492 -0.713724 -0.497928
-49.0654 78.3084 28.4233 0.346188 -0.769702 -0.536388
-48.524 78.9495 27.8376 0.34805 -0.78793 -0.507965
-47.9169 79.5787 27.292 0.354872 -0.779002 -0.516935
-47.3491 80.1703 26.7832 0.348303 -0.776003 -0.525755
-46.7993 80.7397 26.3178 0.32801 -0.808601 -0.485491
-46.2056 81.209 25.7112 0.158872 -0.862658 -0.480188
-45.4245 81.755 24.9544 0.157721 -0.861737 -0.481966
-44.612 82.3698 24.1545 0.168967 -0.857878 -0.485279
-44.5814 82.3967 24.1175 0.125703 -0.871387 -0.471857
-43.7055 82.2393 24.5572 0.0452742 -0.869183 -0.492414
-44.4024 81.7348 25.3409 0.109723 -0.855175 -0.506594
-45.1155 81.2452 25.984 0.138161 -0.855477 -0.498244
-45.7498 80.7466 26.6063 0.135372 -0.830137 -0.540772
-46.3504 80.2396 27.1874 0.190026 -0.789134 -0.584087
-47.135 79.4879 27.8954 0.292304 -0.769795 -0.567428
-47.8272 78.7934 28.4965 0.225465 -0.78714 -0.574087
-48.3022 78.2251 29.0355 0.344721 -0.746183 -0.568166
-48.7536 77.5953 29.5357 0.343254 -0.722666 -0.599942
-49.2493 76.7918 30.2524 0.350304 -0.768894 -0.534873
-49.6468 76.2072 30.8278 0.361596 -0.765196 -0.532583
-50.188 75.756 31.1085 0.361602 -0.76519 -0.532587
-50.3845 76.4045 30.0613 0.399943 -0.751359 -0.52267
-50.5935 76.9309 29.0729 0.491962 -0.720154 -0.489237
-50.859 77.59 27.8602 0.490969 -0.707485 -0.508338
-51.1194 78.0233 26.9906 0.493791 -0.735554 -0.463822
-51.4558 78.4722 25.8722 0.573687 -0.714774 -0.399976
-51.7854 78.9297 24.5962 0.582019 -0.707679 -0.400445
-52.0248 79.2597 23.6434 0.589855 -0.702711 -0.397753
-52.2688 79.7145 22.3799 0.631994 -0.691767 -0.349344
-52.3479 80.1453 21.2321 0.620239 -0.721709 -0.307309
-52.3137 80.541 20.3899 0.598452 -0.745695 -0.289318
-52.1052 81.0658 19.4016 0.628781 -0.732449 -0.261062
-51.8895 81.5113 18.5889 0.636384 -0.741005 -0.214306
-51.5376 81.9226 17.5774 0.504697 -0.850993 -0.145233
-51.2112 82.2535 16.7312 0.480293 -0.872119 -0.0927798
-50.8206 82.5647 15.7617 0.47392 -0.874416 -0.103905
-50.3757 82.8876 14.9293 0.456923 -0.884899 -0.0904185
-49.6101 83.2371 13.9134 0.277885 -0.960539 0.0119941
-48.7273 83.5351 12.9795 0.317588 -0.945766 -0.0677493
-47.7405 83.8883 12.1458 0.287001 -0.957228 -0.0366712
-46.6889 84.1736 11.3374 0.210823 -0.977151 -0.0270094
-45.6716 84.4167 10.5633 0.219709 -0.9751 -0.0295996
-44.8145 84.6351 9.8608 0.225 -0.973949 -0.0282565
-43.8702 84.8918 9.15774 0.168577 -0.981229 -0.0635634
-42.7959 85.0299 9.30281 0.175336 -0.975144 -0.135471
-41.8707 85.091 9.84692 0.149724 -0.981896 -0.108019
-41.0118 85.1239 10.3589 0.0478646 -0.991286 -0.122721
-40.2755 85.1571 11.1094 0.188027 -0.982144 -0.00630707
-40.4219 85.0777 12.3964 0.147687 -0.986079 -0.0763919
-40.6292 84.9744 13.4996 0.111302 -0.989623 -0.0908713
-40.7954 84.866 14.3782 0.0888067 -0.989287 -0.114759
-41.0274 84.7326 15.5247 0.0612306 -0.996906 -0.0492866
-41.1804 84.6314 16.8065 0.0874757 -0.990315 -0.107815
-41.2758 84.4985 17.7152 0.0121168 -0.983454 -0.180733
-41.3421 84.21 19.1752 0.0292705 -0.980059 -0.196537
-41.4847 83.908 20.497 0.0553452 -0.972336 -0.226719
-41.8744 83.6206 21.6805 0.0589073 -0.97478 -0.215254
-42.233 83.3568 22.5147 0.00749018 -0.90608 -0.42304
-42.8245 82.8823 23.4418 0.0365552 -0.890544 -0.453425
-43.6077 82.3116 24.4385 0.0452743 -0.869183 -0.492414
-42.68 82.1374 24.8359 0.0536167 -0.867445 -0.494635
-43.2295 81.7474 25.5115 0.0251362 -0.894951 -0.445456
-43.9093 81.2901 26.1606 0.104099 -0.827376 -0.551917
-44.6188 80.8111 26.8076 0.104948 -0.844215 -0.525018
-45.3653 80.1892 27.5402 0.101809 -0.79957 -0.591866
-46.2142 79.4544 28.379 0.112475 -0.773375 -0.622735
-46.844 78.8122 28.8569 0.26351 -0.756392 -0.596279
-47.6324 77.9448 29.7042 0.2236 -0.77259 -0.594229
-48.0585 77.3277 30.2187 0.312895 -0.742449 -0.591357
-48.5439 76.5954 30.9341 0.318269 -0.764802 -0.560122
-48.9461 75.9641 31.5786 0.318883 -0.768391 -0.554876
-49.3351 75.3912 32.1907 0.319181 -0.797129 -0.512551
-50.088 74.7105 32.7791 0.299819 -0.787514 -0.538451
-50.7993 74.7984 32.1661 0.403153 -0.782607 -0.474336
-51.1133 75.2085 31.2132 0.410649 -0.784503 -0.464675
-51.2333 75.6874 30.3655 0.45268 -0.741845 -0.494497
-51.3629 76.2027 29.4478 0.461757 -0.743864 -0.483164
-51.5142 76.6148 28.6621 0.492873 -0.739682 -0.4582
-51.7084 77.0639 27.7758 0.488955 -0.707636 -0.510073
-51.9283 77.4961 26.9655 0.491353 -0.721616 -0.486937
-52.1342 77.7931 26.1209 0.568003 -0.728789 -0.382412
-52.3958 78.1527 25.0981 0.57501 -0.716029 -0.395777
-52.7041 78.5633 23.8975 0.614242 -0.702069 -0.356405
-52.8766 78.7979 23.038 0.652242 -0.679678 -0.335011
-53.0293 79.1211 22.1377 0.654665 -0.669044 -0.351843
-53.1322 79.5866 21.0048 0.64528 -0.689763 -0.328391
-53.0319 80.1424 19.8285 0.640401 -0.729309 -0.237576
-52.849 80.5599 19.0296 0.632581 -0.736728 -0.237683
-52.598 81.0198 18.1089 0.658501 -0.730807 -0.179714
-52.3264 81.4772 17.2186 0.657679 -0.733001 -0.173689
-51.9751 81.8753 16.2767 0.488049 -0.867216 -0.0987146
-51.5847 82.1969 15.3025 0.489953 -0.867672 -0.0842089
-51.0447 82.5658 14.269 0.469075 -0.88219 -0.0413491
-50.3706 82.9079 13.3529 0.421496 -0.906328 0.0301655
-49.7853 83.1817 12.683 0.370277 -0.927663 -0.0423178
-49.1005 83.4652 11.9962 0.349765 -0.935948 -0.0407404
-48.1338 83.8077 11.2203 0.286036 -0.957411 -0.0393292
-47.2495 84.0697 10.5329 0.254602 -0.966911 -0.0161319
-46.2254 84.3205 9.76212 0.214413 -0.976253 -0.0309346
-45.1748 84.6414 8.92868 0.181609 -0.969901 -0.162166
-44.4188 84.8868 8.29858 0.178365 -0.970298 -0.163423
-43.4036 85.1516 7.83281 0.175392 -0.970685 -0.16431
-42.5676 85.2226 8.28816 0.175188 -0.970054 -0.168194
-41.7028 85.2772 8.86258 0.173526 -0.969649 -0.172247
-40.8858 85.3306 9.35667 0.159667 -0.971328 -0.176149
-39.9023 85.3909 9.87298 0.180161 -0.964201 -0.194571
-39.2376 85.4311 10.4772 0.231239 -0.970288 -0.0711181
-39.2427 85.3025 11.5193 0.126544 -0.981794 -0.132296
-39.588 85.1132 13.0158 0.0740785 -0.99007 -0.119374
-39.8022 84.9572 14.2206 0.073342 -0.990746 -0.114191
-39.9921 84.8345 15.1468 0.0652236 -0.990679 -0.11959
-40.1386 84.7469 16.1536 0.0403767 -0.998053 -0.0475393
-40.2143 84.6269 17.0794 0.00412629 -0.984922 -0.172669
-40.2979 84.4195 18.2035 0.0120375 -0.983005 -0.183183
-40.3488 84.2368 19.1772 0.00647903 -0.980916 -0.194132
-40.4585 83.9771 20.3828 0.0245532 -0.977416 -0.209895
-40.6963 83.7751 21.2582 0.00401655 -0.965243 -0.257128
-41.1131 83.3912 22.4007 -0.0471528 -0.941885 -0.33261
-41.5269 83.0359 23.2058 -0.0174095 -0.892812 -0.448884
-42.0146 82.6457 23.9568 0.0310126 -0.885698 -0.463224
-42.4414 82.3325 24.5196 0.0536148 -0.867444 -0.494638
-41.576 82.1088 24.9668 -0.0767965 -0.847405 -0.525222
-40.9272 82.5665 24.0343 -0.0403937 -0.883714 -0.466065
-40.2795 83.1287 22.8995 -0.129121 -0.871239 -0.473571
-39.8616 83.5762 21.8442 -0.00992376 -0.946207 -0.322069
-39.5307 83.8884 20.7877 -0.0565923 -0.961441 -0.268161
-39.3981 84.1429 19.662 0.00662554 -0.979233 -0.202632
-39.3269 84.3564 18.5789 0.00633183 -0.982599 -0.185634
-39.2951 84.5454 17.5991 0.015757 -0.984705 -0.172595
-39.2115 84.7026 16.6088 0.00730328 -0.986825 -0.161125
-39.0821 84.8494 15.5194 0.0500167 -0.992168 -0.113255
-38.8682 84.986 14.3193 0.0348213 -0.993658 -0.106917
-38.6977 85.1428 13.4041 0.104035 -0.980204 -0.162224
-38.46 85.2947 12.3467 0.19623 -0.961996 -0.160558
-38.1313 85.6219 10.9985 0.30014 -0.945586 -0.125631
-38.0718 85.8404 9.99052 0.355527 -0.883024 -0.30422
-39.0621 85.7665 9.27071 0.254492 -0.922875 -0.289022
-40.145 85.6513 8.73156 0.274108 -0.908867 -0.312601
-41.1283 85.5057 8.15869 0.253912 -0.93384 -0.229517
-41.8862 85.4628 7.63506 0.177942 -0.964525 -0.193633
-42.6251 85.4499 7.08407 0.178072 -0.959951 -0.216298
-43.7388 85.316 6.62894 0.185792 -0.964046 -0.18999
-44.6601 85.0268 7.23201 0.190754 -0.967333 -0.166284
-45.4371 84.759 7.8929 0.187082 -0.971362 -0.146478
-46.1849 84.5199 8.50085 0.181957 -0.970449 -0.158452
-47.0812 84.1972 9.18469 0.296525 -0.949407 -0.103441
-47.8273 83.9482 9.74767 0.278919 -0.957354 -0.065284
-48.7338 83.6566 10.4539 0.27933 -0.960052 -0.0122155
-49.4441 83.3798 11.0248 0.371328 -0.928299 -0.019427
-50.1548 83.0745 11.6782 0.39468 -0.917999 -0.0377676
-50.9348 82.7011 12.5309 0.418839 -0.906559 -0.0412132
-51.4601 82.407 13.2312 0.45251 -0.890461 -0.0471258
-52.0804 82.0066 14.3125 0.497998 -0.864362 -0.0678369
-52.4703 81.694 15.1839 0.503131 -0.860158 -0.0835819
-52.8542 81.2686 16.21 0.616865 -0.780051 -0.104869
-53.2587 80.5825 17.4643 0.649156 -0.737081 -0.18718
-53.5833 80.0215 18.6143 0.646882 -0.741389 -0.178566
-53.8076 79.4652 19.6431 0.678836 -0.692137 -0.24426
-53.8823 78.8764 20.9976 0.678242 -0.678498 -0.281021
-53.7638 78.5031 21.9509 0.648914 -0.673777 -0.353461
-53.5541 78.072 23.2519 0.634918 -0.705474 -0.314937
-53.2832 77.7395 24.4834 0.629593 -0.686808 -0.362684
-53.031 77.3834 25.5424 0.619021 -0.688409 -0.378029
-52.7535 77.0129 26.6237 0.592492 -0.700412 -0.397965
-52.5319 76.5612 27.6839 0.539789 -0.69825 -0.465174
-52.335 76.052 28.6919 0.486366 -0.745395 -0.455889
-52.1819 75.5666 29.663 0.446988 -0.752352 -0.48391
-52.0532 74.9298 30.8418 0.427565 -0.783352 -0.450985
-51.8316 74.3799 31.9758 0.413677 -0.788577 -0.454846
-51.2688 74.1161 32.954 0.373636 -0.818312 -0.436762
-50.5669 74.055 33.5363 0.253149 -0.830584 -0.49603
-49.5943 74.1058 33.9597 0.257175 -0.844752 -0.469017
-48.9803 74.6108 33.5195 0.282478 -0.789947 -0.544226
-48.5852 75.2109 32.8557 0.248806 -0.79869 -0.546424
-48.1624 75.8074 32.135 0.223335 -0.780981 -0.581377
-47.7479 76.4918 31.4584 0.230549 -0.754298 -0.614688
-47.2981 77.1793 30.7873 0.226893 -0.748763 -0.622795
-46.7175 77.9096 30.0681 0.183429 -0.766329 -0.615705
-45.9184 78.721 29.2542 0.141673 -0.759661 -0.633411
-45.3149 79.258 28.7753 0.122976 -0.749571 -0.6504
-44.7774 79.7585 28.2181 0.102343 -0.797039 -0.595193
-44.0317 80.3932 27.4917 0.0882158 -0.809567 -0.580105
-43.3192 80.9021 26.858 0.0774509 -0.831438 -0.549555
-42.5943 81.3698 26.1734 0.00926393 -0.834512 -0.550912
-41.9544 81.8171 25.4366 0.0342826 -0.849582 -0.526342
-41.7142 82.009 25.1425 -0.0166948 -0.846673 -0.529386
-40.9291 81.6776 25.5679 -0.0767884 -0.847408 -0.525219
-40.3273 82.0864 24.7916 -0.0943984 -0.849796 -0.518591
-39.8663 82.4342 24.0676 -0.128842 -0.872365 -0.47157
-39.4243 82.8123 23.2485 -0.129111 -0.871239 -0.473574
-39.0635 83.2345 22.4012 -0.0916078 -0.869106 -0.486069
-38.7617 83.5868 21.5472 -0.13588 -0.916355 -0.376605
-38.5348 83.8932 20.52 -0.0438294 -0.967204 -0.249545
-38.3993 84.1791 19.4104 -0.0302332 -0.968807 -0.245837
-38.3437 84.3769 18.504 -0.0160279 -0.980094 -0.197885
-38.3222 84.5871 17.4503 0.0157569 -0.984705 -0.172595
-38.2227 84.6927 16.5187 -0.0806491 -0.990444 -0.111877
-38.1179 84.8237 15.6204 -0.0497853 -0.98739 -0.149686
-37.9332 84.9774 14.4583 0.0126121 -0.976499 -0.198212
-37.7695 85.2144 13.5156 0.103529 -0.971877 -0.211424
-37.5279 85.5178 12.4131 0.0887756 -0.962999 -0.254464
-37.1962 85.9655 11.0858 0.179548 -0.939312 -0.292328
-36.939 86.3057 10.0859 0.315125 -0.906557 -0.270307
-37.1492 86.4686 9.29432 0.315125 -0.90656 -0.270299
-38.0495 86.2927 8.77934 0.325289 -0.885077 -0.332814
-38.9248 86.1261 8.37752 0.302535 -0.886818 -0.348526
-40.1312 85.9888 7.77092 0.28376 -0.898909 -0.332859
-41.1205 85.8298 7.06078 0.334669 -0.908655 -0.249684
-41.9981 85.745 6.34834 0.263133 -0.928221 -0.259743
-43.0804 85.7612 5.40272 0.215382 -0.937233 -0.274234
-43.8774 85.6162 5.34666 0.172745 -0.948992 -0.263767
-44.7676 85.2316 6.02894 0.291336 -0.93576 -0.198688
-45.5337 84.9176 6.66031 0.210815 -0.971597 -0.107501
-46.3221 84.6226 7.36428 0.293016 -0.951513 -0.0936207
-47.3509 84.2213 8.17285 0.297765 -0.949573 -0.09822
-48.1481 83.9077 8.7773 0.305853 -0.947924 -0.0857908
-48.9803 83.5857 9.43923 0.299136 -0.952963 -0.0331896
-49.7156 83.2951 10.0124 0.374725 -0.926626 -0.0307405
-50.3886 83.0071 10.5625 0.394917 -0.918336 -0.0264445
-51.0071 82.7179 11.2087 0.438542 -0.898125 -0.032426
-51.9151 82.2277 12.2566 0.471298 -0.879846 -0.0510572
-52.4003 81.9009 13.012 0.497464 -0.866528 -0.0407289
-52.8327 81.6124 13.8127 0.497995 -0.864363 -0.0678366
-53.2223 81.2192 14.787 0.577328 -0.809432 -0.107295
-53.5293 80.8343 15.6257 0.607437 -0.777936 -0.158343
-53.817 80.4222 16.433 0.593896 -0.778356 -0.203592
-54.0916 79.98 17.2609 0.606607 -0.755916 -0.246209
-54.3644 79.403 18.3604 0.633989 -0.733062 -0.243723
-54.5479 78.9229 19.2113 0.656348 -0.70869 -0.258775
-54.6261 78.4009 20.3597 0.672406 -0.679212 -0.292255
-54.5476 78.0579 21.2929 0.688118 -0.660738 -0.2998
-54.3843 77.6187 22.5926 0.635165 -0.705394 -0.31462
-54.2284 77.3539 23.5012 0.63746 -0.695613 -0.330775
-53.8835 76.9572 24.9228 0.629599 -0.686805 -0.36268
-53.6595 76.645 25.8707 0.595361 -0.711915 -0.372455
-53.4607 76.32 26.7883 0.588019 -0.699634 -0.405649
-53.2525 75.813 27.9954 0.574099 -0.730157 -0.370513
-53.1062 75.3397 29.0749 0.51783 -0.741708 -0.423751
-52.9721 74.8391 30.0967 0.432285 -0.786734 -0.440647
-52.9037 74.3121 31.1066 0.429553 -0.789881 -0.437678
-52.7855 73.9155 31.9335 0.407152 -0.795616 -0.448578
-52.5003 73.6193 32.7462 0.416998 -0.802071 -0.427545
-51.8637 73.5121 33.5787 0.370957 -0.823954 -0.426504
-50.9816 73.4947 34.2173 0.326923 -0.816756 -0.475208
-49.9507 73.5168 34.7982 0.269619 -0.84178 -0.467666
-49.0867 73.6411 35.0725 0.241288 -0.837593 -0.488825
-48.3177 74.2079 34.4419 0.262085 -0.820453 -0.50507
-47.9544 74.7776 33.7327 0.194468 -0.820139 -0.538102
-47.5819 75.3598 33.0136 0.2007 -0.806273 -0.556455
-47.0526 76.1372 32.1502 0.234863 -0.758483 -0.607784
-46.6113 76.8335 31.4532 0.225841 -0.752779 -0.618289
-45.8511 77.7934 30.4708 0.183496 -0.76907 -0.612242
-45.1424 78.4545 29.772 0.0962093 -0.777135 -0.621936
-44.3783 79.0943 29.1051 0.0511196 -0.770226 -0.633877
-43.6159 79.7787 28.2994 0.0188607 -0.755316 -0.65509
-42.9102 80.3075 27.6682 -0.00515462 -0.783685 -0.620411
-42.2843 80.7294 27.0995 -0.00506095 -0.80913 -0.587608
-41.4023 81.3329 26.1743 -0.0812728 -0.833541 -0.546013
-41.3002 81.404 26.0486 -0.0676617 -0.843763 -0.532433
-40.6017 80.9589 26.5835 -0.104413 -0.821775 -0.560165
-39.9637 81.3901 25.8371 -0.0996451 -0.819369 -0.564539
-39.4269 81.7939 25.0959 -0.0904783 -0.838485 -0.537096
-38.8054 82.3152 24.0635 -0.0625721 -0.887194 -0.457135
-38.4075 82.7082 23.2807 -0.0365832 -0.892016 -0.450521
-38.0985 83.0979 22.4841 -0.0668747 -0.896009 -0.43772
-37.7727 83.5091 21.4545 -0.098247 -0.921999 -0.374101
-37.525 83.9113 20.3463 -0.0674404 -0.946826 -0.306461
-37.4074 84.1414 19.4208 -0.0343944 -0.970339 -0.239291
-37.348 84.3564 18.5249 -0.022125 -0.980913 -0.193026
-37.3575 84.5313 17.5526 -0.0573031 -0.99578 -0.0716768
-37.1808 84.7102 15.9902 -0.0556045 -0.985311 -0.161462
-37.0445 84.8873 15.038 0.0864756 -0.96331 -0.253912
-36.9015 85.1496 14.1125 0.079978 -0.962211 -0.260296
-36.6462 85.4694 12.909 0.0976714 -0.963668 -0.247369
-36.4448 85.8323 11.9306 0.172375 -0.933228 -0.315234
-36.2191 86.1531 11.0828 0.18772 -0.935236 -0.299924
-35.9693 86.4729 10.2739 0.195893 -0.931159 -0.30752
-35.6831 86.8293 9.42521 0.358239 -0.864519 -0.351809
-35.7813 87.1474 8.60026 0.323389 -0.867418 -0.376552
-36.9204 86.919 8.2584 0.29019 -0.877933 -0.380821
-37.9902 86.6762 7.88492 0.343255 -0.863175 -0.370277
-38.9608 86.4759 7.42688 0.338183 -0.875051 -0.339573
-39.7867 86.3634 6.99057 0.321788 -0.902713 -0.282128
-40.8457 86.167 6.20164 0.345786 -0.903602 -0.252545
-41.884 86.1184 5.23638 0.302406 -0.885528 -0.349681
-42.9711 86.2454 4.19282 0.28974 -0.898411 -0.323314
-44.0626 85.8514 4.11869 0.300575 -0.916266 -0.259501
-44.8527 85.464 4.85379 0.268102 -0.943092 -0.194799
-45.6524 85.0772 5.47438 0.307256 -0.930949 -0.196125
-46.402 84.751 6.12384 0.270501 -0.956396 -0.11016
-47.3987 84.3274 6.99525 0.292586 -0.949173 -0.114172
-48.2511 83.9969 7.6576 0.291177 -0.951451 -0.0997821
-49.001 83.7011 8.24484 0.353344 -0.929149 -0.0888702
-49.6682 83.3586 8.78027 0.410026 -0.909323 -0.0707779
-50.7568 82.8602 9.62056 0.414282 -0.910032 -0.0109367
-51.4146 82.5385 10.3019 0.45706 -0.889339 -0.0131014
-52.1451 82.1521 11.078 0.486628 -0.872647 -0.0211273
-52.8305 81.7046 11.9583 0.517814 -0.854835 -0.0335613
-53.3776 81.2855 12.9526 0.589584 -0.806439 -0.0452396
-53.7876 80.9087 13.9111 0.599152 -0.797363 -0.0723111
-54.113 80.5429 14.7489 0.638155 -0.755458 -0.146874
-54.5379 79.9518 15.925 0.62316 -0.767527 -0.150249
-54.8839 79.3868 16.9814 0.6819 -0.702755 -0.202847
-55.0858 78.9356 17.7664 0.658127 -0.714576 -0.237171
-55.269 78.4321 18.7256 0.65664 -0.708593 -0.258303
-55.3432 77.8922 19.8345 0.681577 -0.662555 -0.310601
-55.2719 77.3845 21.2241 0.642395 -0.72192 -0.257216
-55.1386 76.9907 22.4843 0.622988 -0.710219 -0.327833
-54.9325 76.6776 23.5494 0.641902 -0.691386 -0.331581
-54.6581 76.3932 24.6416 0.630135 -0.697139 -0.341903
-54.4406 76.056 25.7481 0.612621 -0.705819 -0.354779
-54.2543 75.7385 26.6171 0.596885 -0.698406 -0.394914
-54.0481 75.3077 27.7737 0.544766 -0.74811 -0.378895
-53.9373 74.9645 28.6081 0.532003 -0.747448 -0.395624
-53.8347 74.4906 29.7204 0.506509 -0.775349 -0.377204
-53.7645 73.9894 30.8446 0.468067 -0.781793 -0.4089
-53.6828 73.4714 31.8558 0.443478 -0.782524 -0.437018
-53.5393 73.1245 32.7192 0.409789 -0.828748 -0.380682
-53.0936 72.9716 33.4906 0.395335 -0.829697 -0.394091
-52.4355 72.927 34.1867 0.348593 -0.817316 -0.458778
-51.6918 72.8953 34.7919 0.329656 -0.830978 -0.447541
-50.4633 72.9566 35.5088 0.271967 -0.840514 -0.468583
-49.2743 72.9986 36.0442 0.212952 -0.833413 -0.509975
-48.2918 73.2377 36.0524 0.200693 -0.837094 -0.508917
-47.6512 73.8077 35.3617 0.169268 -0.844267 -0.50849
-47.1864 74.5229 34.3939 0.190583 -0.817968 -0.542776
-46.6964 75.3478 33.3672 0.223321 -0.799503 -0.557605
-46.0433 76.288 32.3057 0.141665 -0.784411 -0.603847
-45.5217 76.9765 31.549 0.122698 -0.768794 -0.627011
-44.9489 77.6247 30.835 0.0950027 -0.774917 -0.624881
-44.3398 78.1802 30.2149 0.0317694 -0.776518 -0.629293
-43.705 78.7081 29.6019 0.00761446 -0.779199 -0.62673
-43.1273 79.202 28.9948 -0.0117879 -0.776264 -0.629985
-42.3621 79.7517 28.31 -0.0352267 -0.753929 -0.656011
-41.7072 80.2347 27.7197 -0.0656591 -0.758591 -0.647462
-40.9899 80.698 27.0383 -0.114463 -0.773913 -0.62274
-40.9884 80.699 27.0368 -0.114852 -0.799145 -0.588841
-40.224 80.2834 27.4043 -0.125293 -0.77652 -0.617509
-40.9077 79.8157 28.1 -0.0960954 -0.763253 -0.638913
-41.8319 79.1734 28.9656 -0.0315 -0.773518 -0.632991
-42.6503 78.5858 29.7239 -0.0311811 -0.77332 -0.633248
-43.356 78.004 30.4129 -0.0585131 -0.724051 -0.687199
-43.9088 77.5022 30.9794 -0.0495043 -0.723224 -0.688837
-44.7151 76.6982 31.99 0.0723928 -0.778711 -0.622866
-45.2455 76.0261 32.8062 0.0956899 -0.785728 -0.610418
-45.8354 75.2109 33.797 0.111605 -0.810708 -0.574715
-46.1597 74.6466 34.4925 0.133875 -0.830172 -0.541194
-46.5677 74.0039 35.3737 0.115326 -0.836842 -0.534683
-47.0179 73.3579 36.285 0.15235 -0.836957 -0.525634
-47.6955 72.8856 36.982 0.171313 -0.864355 -0.468972
-48.8399 72.5629 37.0659 0.198484 -0.874034 -0.443473
-49.8245 72.4623 36.7903 0.260501 -0.849045 -0.459632
-50.9941 72.4148 36.1905 0.274179 -0.851544 -0.446878
-52.0143 72.3835 35.5616 0.315077 -0.849975 -0.422218
-52.944 72.3843 34.8494 0.32247 -0.851823 -0.412808
-53.8904 72.3994 33.9102 0.387878 -0.838346 -0.383049
-54.3621 72.5284 33.1129 0.427393 -0.827396 -0.364321
-54.5676 73.0191 31.7746 0.442412 -0.824233 -0.352805
-54.6104 73.517 30.6911 0.502545 -0.776685 -0.379749
-54.7014 74.1678 29.1895 0.51633 -0.774462 -0.365425
-54.825 74.7018 27.8864 0.522937 -0.7723 -0.360678
-54.9713 75.0418 26.9659 0.56788 -0.7419 -0.355411
-55.1864 75.4074 25.8061 0.589446 -0.732654 -0.340253
-55.3676 75.713 24.7956 0.59521 -0.735578 -0.323371
-55.5812 75.9455 23.8569 0.625035 -0.702803 -0.339705
-55.8235 76.2349 22.8 0.628293 -0.703999 -0.331111
-56.0155 76.6591 21.4199 0.640709 -0.720699 -0.26463
-56.0563 76.9351 20.5537 0.635271 -0.724483 -0.26742
-56.0693 77.4068 19.2768 0.657859 -0.692875 -0.292099
-55.9963 77.8163 18.4662 0.681302 -0.677274 -0.277718
-55.8627 78.2671 17.6333 0.670054 -0.700937 -0.243395
-55.5653 78.8879 16.4466 0.650996 -0.734201 -0.192753
-55.2588 79.3972 15.4983 0.65341 -0.739639 -0.160584
-54.906 79.8955 14.5387 0.641174 -0.756981 -0.125998
-54.576 80.3057 13.6853 0.631241 -0.770881 -0.0853069
-54.0834 80.7854 12.5038 0.593035 -0.804815 -0.0241305
-53.5868 81.2018 11.5316 0.587623 -0.806503 -0.0611079
-52.9411 81.6892 10.5797 0.523228 -0.851844 -0.0216189
-52.3519 82.0619 9.95688 0.457061 -0.889339 -0.0131039
-51.5288 82.4879 9.05774 0.481289 -0.876078 -0.00683264
-50.8274 82.8429 8.48042 0.427691 -0.903922 -0.00232177
-50.1492 83.1797 7.96188 0.431758 -0.901573 -0.0273883
-49.2511 83.6398 7.22785 0.43468 -0.899548 -0.0432025
-48.5667 83.927 6.69431 0.350328 -0.931796 -0.0950083
-47.6807 84.3413 5.94917 0.35559 -0.929243 -0.100313
-47.03 84.6519 5.37278 0.349535 -0.931689 -0.0988949
-46.3764 84.9537 4.81897 0.321143 -0.926227 -0.196925
-45.4339 85.4438 4.08778 0.309622 -0.928836 -0.203133
-44.5128 85.9623 3.18052 0.309294 -0.917396 -0.250443
-43.5758 86.6528 2.1927 0.340723 -0.867021 -0.363547
-42.8283 86.6732 2.93854 0.349625 -0.899041 -0.263604
-41.9124 86.6129 4.02266 0.256634 -0.898463 -0.356234
-40.8925 86.5983 5.04158 0.385445 -0.858951 -0.337099
-39.9396 86.7037 5.84197 0.374725 -0.859724 -0.347066
-38.9711 86.8874 6.47593 0.395624 -0.84919 -0.349796
-38.0135 87.0851 6.95196 0.333909 -0.856749 -0.393048
-37.1586 87.2614 7.29508 0.355595 -0.852232 -0.383612
-35.8136 87.624 7.62729 0.332429 -0.829516 -0.44877
-34.7734 87.9474 7.84704 0.34342 -0.835015 -0.429512
-34.2569 87.9391 8.28561 0.334155 -0.855258 -0.396072
-34.6086 87.2659 9.44526 0.326091 -0.851191 -0.410883
-34.9346 86.835 10.2249 0.360103 -0.872268 -0.330868
-35.2631 86.4174 11.1113 0.263773 -0.89749 -0.347694
-35.5682 85.7946 12.2829 0.165089 -0.906276 -0.379665
-35.7357 85.5182 13.1523 0.0614903 -0.956843 -0.27718
-35.9163 85.2415 14.0384 0.02026 -0.963924 -0.26234
-36.0594 85.0061 14.9454 0.0929778 -0.964411 -0.247522
-36.1773 84.7871 15.8971 0.0498722 -0.983748 -0.171686
-36.2972 84.5679 17.0439 0.0385275 -0.982223 -0.183721
-36.4049 84.4265 17.9661 -0.0280816 -0.968853 -0.245704
-36.4518 84.0544 19.4335 -0.0949398 -0.967308 -0.235164
-36.5661 83.7801 20.4217 -0.121305 -0.942656 -0.310942
-36.7529 83.4573 21.3149 -0.117176 -0.908515 -0.401085
-36.982 83.1112 22.1695 -0.120032 -0.91027 -0.396234
-37.2395 82.7783 22.9645 -0.0971649 -0.900001 -0.424919
-37.7647 82.2173 24.1187 -0.162259 -0.835091 -0.525638
-38.194 81.8327 24.8394 -0.153998 -0.801253 -0.578168
-38.8838 81.232 25.8544 -0.153592 -0.803226 -0.575521
-39.4646 80.8059 26.5896 -0.142783 -0.794101 -0.590627
-40.0161 80.4139 27.198 -0.125299 -0.776518 -0.617511
-39.3056 79.9303 27.6684 -0.123376 -0.773254 -0.621928
-38.6915 80.3285 27.0285 -0.139606 -0.786843 -0.601137
-38.0857 80.8159 26.2222 -0.159336 -0.800682 -0.577513
-37.4258 81.3833 25.257 -0.154615 -0.801285 -0.577959
-36.9681 81.7931 24.5467 -0.164251 -0.835343 -0.524613
-36.4937 82.3112 23.5692 -0.168854 -0.846487 -0.504437
-36.1961 82.6908 22.7816 -0.183649 -0.859731 -0.476587
-35.8565 83.1974 21.6831 -0.0667277 -0.910653 -0.407747
-35.6396 83.579 20.7283 -0.0967486 -0.938135 -0.332479
-35.5197 83.928 19.6391 -0.0801699 -0.95462 -0.286833
-35.4913 84.2336 18.614 -0.0510492 -0.960433 -0.271761
-35.3837 84.5476 17.3123 -0.041769 -0.96589 -0.254609
-35.2441 84.8147 16.0521 0.0760693 -0.978292 -0.192766
-35.1048 85.0146 15.1042 0.0607821 -0.973489 -0.218583
-34.9027 85.298 13.964 0.0375684 -0.973119 -0.227218
-34.697 85.6759 12.9135 0.186338 -0.878445 -0.440014
-34.4035 86.3649 11.6456 0.188328 -0.882317 -0.431335
-34.112 86.8898 10.7472 0.240052 -0.891661 -0.381935
-33.7325 87.3775 9.87808 0.31846 -0.84672 -0.426202
-33.3823 87.9241 9.05395 0.286157 -0.854979 -0.431262
-33.0283 88.3997 8.31942 0.2951 -0.860853 -0.414545
-32.6375 88.868 7.62703 0.292834 -0.852835 -0.432002
-32.8418 89.0751 7.09305 0.324739 -0.840815 -0.4331
-33.9034 88.7164 6.98655 0.328773 -0.838254 -0.435016
-34.9204 88.3361 6.9303 0.34179 -0.854805 -0.390498
-35.8779 88.0202 6.77792 0.347007 -0.853409 -0.388944
-36.8284 87.753 6.50395 0.363266 -0.851721 -0.377637
-37.9718 87.4921 6.05706 0.32081 -0.869969 -0.374479
-39.0061 87.282 5.4782 0.394557 -0.849425 -0.350428
-39.845 87.1341 4.88222 0.373308 -0.858065 -0.351605
-40.7371 87.0994 4.05414 0.396207 -0.838674 -0.373691
-41.454 87.1067 3.27696 0.388507 -0.849713 -0.355742
-42.0256 87.1423 2.55778 0.38947 -0.852175 -0.349444
-42.6544 87.2503 1.63107 0.340758 -0.870762 -0.354482
-43.5054 87.3592 0.679526 0.301753 -0.859576 -0.4124
-44.1499 86.8625 1.18099 0.350557 -0.840241 -0.413648
-44.6327 86.3795 1.85982 0.340228 -0.868344 -0.360864
-45.503 85.725 2.83151 0.306288 -0.916813 -0.256206
-46.1395 85.348 3.44239 0.343903 -0.917595 -0.197093
-47.0701 84.8241 4.16393 0.37006 -0.910608 -0.183983
-47.9441 84.3615 4.87788 0.348399 -0.92777 -0.129925
-48.7061 83.9919 5.55768 0.378076 -0.920488 -0.094967
-49.6028 83.517 6.30141 0.435163 -0.899034 -0.0486957
-50.366 83.1161 6.94211 0.425946 -0.903582 -0.0451652
-51.2362 82.6764 7.58785 0.422453 -0.904906 -0.0517651
-52.0474 82.2322 8.19998 0.490693 -0.870979 -0.0194119
-52.8887 81.7553 9.17216 0.503792 -0.862863 -0.00328549
-53.5792 81.3005 9.93593 0.550584 -0.834062 -0.0225899
-54.2272 80.8137 10.866 0.571745 -0.81842 -0.0531485
-54.6794 80.3959 11.7257 0.583967 -0.809192 -0.0597613
-55.0398 80.0509 12.6036 0.62566 -0.776338 -0.076483
-55.4166 79.6125 13.6212 0.645402 -0.755464 -0.112427
-55.7727 79.1585 14.5459 0.660996 -0.738212 -0.13232
-56.053 78.7163 15.3436 0.672595 -0.721229 -0.165628
-56.3629 78.1913 16.3289 0.669138 -0.720886 -0.180493
-56.6134 77.5853 17.4392 0.686749 -0.684459 -0.244727
-56.7605 77.1546 18.3146 0.6329 -0.730331 -0.256974
-56.847 76.6362 19.5322 0.628036 -0.72689 -0.277851
-56.8237 76.3305 20.3911 0.623501 -0.731936 -0.2748
-56.7841 75.9907 21.3626 0.617094 -0.733239 -0.285579
-56.6061 75.6416 22.5795 0.607326 -0.727643 -0.317082
-56.3906 75.382 23.6192 0.583923 -0.744643 -0.323327
-56.1367 75.0868 24.7832 0.592212 -0.742083 -0.313693
-55.9339 74.7491 25.9633 0.576081 -0.748608 -0.328085
-55.7725 74.4631 26.8836 0.569616 -0.751208 -0.333503
-55.615 74.0756 28.012 0.567292 -0.750272 -0.339517
-55.5322 73.6173 29.2002 0.511554 -0.780295 -0.359794
-55.4653 73.2777 30.0318 0.501906 -0.791951 -0.347153
-55.4557 72.8847 30.9677 0.453208 -0.813581 -0.364265
-55.4551 72.4877 31.8705 0.456499 -0.823311 -0.337296
-55.3328 71.9895 33.2048 0.426463 -0.829638 -0.360319
-54.7446 71.837 34.2131 0.409257 -0.833922 -0.369996
-54.0856 71.8585 34.9337 0.368934 -0.865085 -0.33643
-53.2296 71.8523 35.724 0.328236 -0.868419 -0.371541
-52.4004 71.9021 36.3116 0.318185 -0.870559 -0.375346
-51.4254 71.9058 36.9188 0.255302 -0.881095 -0.395036
-50.4987 71.9477 37.4433 0.252122 -0.890763 -0.378122
-49.0975 72.0742 37.9461 0.197247 -0.883378 -0.42513
-48.1924 72.2083 38.0856 0.166834 -0.877421 -0.448152
-46.9254 72.5707 37.7546 0.118323 -0.876499 -0.466635
-46.2841 73.0555 37.0087 0.105255 -0.878718 -0.46539
-45.8776 73.5612 36.2334 0.103094 -0.848226 -0.519504
-45.5469 74.0801 35.4961 0.127556 -0.825456 -0.549866
-45.2441 74.5756 34.7852 0.0284655 -0.825529 -0.563053
-44.7601 75.3146 33.7981 0.0405766 -0.808263 -0.587422
-44.3637 75.8163 33.1306 0.0316426 -0.792365 -0.608516
-43.7671 76.55 32.2239 -0.0342485 -0.795338 -0.604583
-43.0887 77.1503 31.341 -0.0145434 -0.806705 -0.590088
-42.3704 77.8006 30.5567 0.0117956 -0.781423 -0.62361
-41.7389 78.3057 30.0025 -0.0324784 -0.756939 -0.650057
-41.0354 78.756 29.3637 -0.0965977 -0.754827 -0.64874
-40.2521 79.3078 28.595 -0.102121 -0.755812 -0.646776
-39.6014 79.7424 27.9578 -0.126026 -0.768329 -0.627525
-39.4422 79.8433 27.8023 -0.126026 -0.76833 -0.627525
-38.7463 79.3427 28.2826 -0.112069 -0.772385 -0.62519
-39.758 78.6909 29.2447 -0.0964864 -0.764972 -0.636796
-40.6359 78.1235 30.0636 -0.0984946 -0.767522 -0.633411
-41.2888 77.6767 30.7065 -0.092574 -0.768655 -0.6329
-41.9169 77.1735 31.351 0.0117956 -0.781423 -0.62361
-42.4353 76.7078 31.9504 0.0128831 -0.802467 -0.596558
-43.1467 76.0011 32.9045 0.00297532 -0.809785 -0.58672
-43.7563 75.283 33.8895 0.00499457 -0.808467 -0.58852
-44.2381 74.6115 34.8112 0.0260849 -0.812128 -0.582896
-44.6258 73.9605 35.7533 0.0434683 -0.851951 -0.521814
-44.9673 73.4313 36.6112 0.0443115 -0.863227 -0.502867
-45.4145 72.9057 37.4664 0.0807426 -0.876405 -0.474466
-45.9947 72.4237 38.2654 0.0883934 -0.879948 -0.465965
-47.0216 71.9489 38.9009 0.116837 -0.876564 -0.466885
-48.2168 71.7387 38.9865 0.126187 -0.910086 -0.394741
-49.5254 71.6083 38.7458 0.189575 -0.906405 -0.37748
-50.538 71.5373 38.4035 0.213103 -0.906739 -0.363286
-51.7239 71.4884 37.7751 0.243837 -0.899948 -0.361043
-52.9364 71.4365 36.9842 0.292331 -0.892085 -0.343813
-53.7384 71.3844 36.3768 0.303845 -0.895766 -0.32447
-54.5288 71.384 35.6679 0.368941 -0.865081 -0.336433
-55.4137 71.3015 34.741 0.382436 -0.869481 -0.312277
-56.0428 71.363 33.8903 0.39309 -0.845481 -0.361445
-56.3091 71.624 32.8876 0.445033 -0.837262 -0.317708
-56.3464 72.128 31.5519 0.446736 -0.835586 -0.31965
-56.2999 72.6672 30.2705 0.492263 -0.803625 -0.334461
-56.3828 73.0822 29.1513 0.501906 -0.791951 -0.347153
-56.4044 73.4038 28.3063 0.536734 -0.787988 -0.301649
-56.4657 73.7081 27.4175 0.519062 -0.784166 -0.339477
-56.655 74.0129 26.4675 0.531354 -0.7835 -0.320288
-56.8503 74.323 25.2941 0.582643 -0.748673 -0.316173
-57.0249 74.6083 24.2938 0.573279 -0.755125 -0.31802
-57.2303 74.8419 23.3532 0.579506 -0.754339 -0.30838
-57.4574 75.1394 22.1611 0.59203 -0.748107 -0.299728
-57.5848 75.3554 21.2677 0.57983 -0.766626 -0.27577
-57.6232 75.8171 19.9445 0.623498 -0.731941 -0.274797
-57.6297 76.2143 18.8564 0.627337 -0.734545 -0.258438
-57.5196 76.6142 17.9659 0.637795 -0.733559 -0.233853
-57.3568 76.9991 17.1254 0.632957 -0.742214 -0.219954
-57.1486 77.4626 16.2243 0.636023 -0.732661 -0.242246
-56.8426 78.022 15.2008 0.641502 -0.745063 -0.182636
-56.4538 78.6068 14.1205 0.655996 -0.737998 -0.158201
-55.9893 79.2186 12.9298 0.632934 -0.766004 -0.112391
-55.6052 79.6844 11.7736 0.613765 -0.784149 -0.0916639
-55.1597 80.1253 10.7517 0.600305 -0.797162 -0.0645438
-54.5013 80.6657 9.70161 0.572344 -0.819403 -0.0316012
-54.0181 81.0299 9.0342 0.562235 -0.826476 -0.0247527
-53.3865 81.4684 8.31184 0.527542 -0.848407 -0.0193872
-52.6171 81.9118 7.52426 0.496327 -0.868126 -0.00284707
-51.7197 82.4968 6.78157 0.472184 -0.87818 -0.0515164
-50.9815 82.8665 6.24121 0.418454 -0.907147 -0.0445017
-49.9544 83.4236 5.40426 0.42517 -0.898304 -0.110817
-49.1558 83.8711 4.69206 0.404686 -0.90642 -0.115445
-48.4686 84.2777 4.05418 0.380526 -0.915264 -0.132256
-47.7365 84.7144 3.4604 0.370479 -0.902114 -0.220603
-47.0777 85.105 2.95948 0.363432 -0.884479 -0.292599
-46.379 85.5733 2.34342 0.300937 -0.917787 -0.259043
-45.7829 85.9575 1.75882 0.316387 -0.876417 -0.361843
-45.2555 86.4484 1.10948 0.334294 -0.863359 -0.377953
-44.6696 87.1112 0.202738 0.37004 -0.841415 -0.393816
-44.2332 87.7067 -0.657361 0.324153 -0.865279 -0.382384
-43.9423 88.2199 -1.36319 0.131527 -0.849417 -0.476291
-43.732 88.5581 -2.24601 0.0264396 -0.93789 -0.345835
-43.527 88.9739 -3.40682 0.0566366 -0.956282 -0.280031
-43.2689 88.8415 -2.92644 0.183851 -0.928719 -0.321993
-43.2312 88.4584 -1.8057 0.184881 -0.927304 -0.325464
-42.9352 88.2218 -0.923008 0.193681 -0.936805 -0.291349
-42.4809 87.9484 0.0902132 0.284063 -0.895288 -0.343173
-42.0578 87.7933 0.90475 0.37891 -0.865917 -0.325607
-41.5092 87.6699 1.84685 0.391457 -0.852975 -0.345214
-40.973 87.597 2.58786 0.372995 -0.855212 -0.359843
-40.3611 87.5835 3.28927 0.34905 -0.871318 -0.34492
-39.6116 87.5887 4.03465 0.349789 -0.866728 -0.355386
-38.7107 87.7367 4.66733 0.382187 -0.862656 -0.331298
-37.9185 87.8845 5.1314 0.358697 -0.86272 -0.356442
-37.117 88.0772 5.50652 0.366244 -0.846001 -0.387489
-36.1944 88.3241 5.8292 0.350315 -0.852731 -0.387429
-35.1056 88.6625 6.05379 0.353723 -0.849661 -0.390993
-34.2048 89.0292 6.07996 0.355824 -0.846389 -0.396251
-33.2837 89.3998 6.07287 0.330198 -0.860489 -0.387979
-32.3795 89.7513 6.00603 0.293348 -0.871342 -0.393331
-31.3589 90.1434 5.86628 0.282052 -0.880418 -0.381196
-30.503 90.5498 5.54646 0.285571 -0.885828 -0.365256
-29.6786 90.9911 5.16218 0.275594 -0.894074 -0.351641
-28.6891 91.4539 4.62047 0.234895 -0.908276 -0.346205
-29.6062 90.9867 5.22398 0.245056 -0.894971 -0.371578
-30.255 90.428 6.00992 0.274641 -0.870816 -0.407622
-30.8398 89.8446 6.84374 0.269571 -0.867583 -0.417882
-31.4515 89.2724 7.61982 0.255724 -0.862842 -0.435964
-32.0319 88.6461 8.51695 0.29628 -0.859944 -0.415585
-32.4688 88.0483 9.37758 0.277571 -0.845201 -0.456716
-32.7979 87.545 10.1439 0.242681 -0.858656 -0.451058
-33.1143 87.0556 10.9347 0.226472 -0.880867 -0.415672
-33.4004 86.5543 11.7747 0.228632 -0.858756 -0.458547
-33.6187 86.09 12.5192 0.149909 -0.871782 -0.466385
-33.8497 85.4115 13.717 0.147347 -0.872518 -0.465834
-34.1342 85.0824 15.0415 0.0431587 -0.975448 -0.214942
-34.2912 84.8687 16.0741 0.0274867 -0.97844 -0.204539
-34.376 84.6235 16.9369 0.0471931 -0.952228 -0.301719
-34.4372 84.3668 17.8646 -0.0594175 -0.966086 -0.250494
-34.5144 84.0735 18.9229 -0.06301 -0.95495 -0.29
-34.5917 83.6575 20.153 -0.121354 -0.931971 -0.34112
-34.7502 83.3065 21.2283 -0.169353 -0.912828 -0.366147
-35.0718 82.7176 22.3613 -0.154627 -0.85813 -0.489491
-35.5009 82.1153 23.5859 -0.14857 -0.846475 -0.50992
-36.0512 81.472 24.7442 -0.176113 -0.818975 -0.545822
-36.6806 80.9482 25.6934 -0.155566 -0.809996 -0.565145
-37.1827 80.5046 26.4323 -0.133294 -0.802845 -0.581096
-37.7342 80.0307 27.2033 -0.136746 -0.786955 -0.601665
-38.2251 79.6743 27.7795 -0.112066 -0.772383 -0.625193
-37.3832 79.2855 28.0837 -0.156476 -0.750875 -0.641245
-36.7906 79.7118 27.4038 -0.141904 -0.790193 -0.596158
-36.2298 80.2302 26.5754 -0.136834 -0.794866 -0.591155
-35.7412 80.6453 25.9069 -0.135228 -0.794023 -0.592655
-35.2867 81.0206 25.2263 -0.109563 -0.834477 -0.539899
-34.8874 81.4362 24.4972 -0.0977652 -0.857897 -0.504434
-34.4908 81.9278 23.6029 -0.148562 -0.846477 -0.509918
-34.1505 82.4904 22.4829 -0.146556 -0.864941 -0.479998
-33.831 82.9844 21.4557 -0.198216 -0.869042 -0.450651
-33.6437 83.4365 20.4066 -0.14102 -0.906033 -0.396843
-33.5773 83.9375 19.0915 -0.120839 -0.919329 -0.373491
-33.4816 84.3449 17.8919 0.0175602 -0.954414 -0.297969
-33.4138 84.7257 16.7478 0.0122814 -0.947979 -0.318074
-33.2604 85.0001 15.5888 0.0512718 -0.970231 -0.234884
-33.0924 85.2337 14.6715 0.0858589 -0.970382 -0.225804
-32.9036 85.5082 13.838 0.171706 -0.87713 -0.447637
-32.7291 86.0452 12.8931 0.161051 -0.86315 -0.4783
-32.4556 86.5935 12.0303 0.168596 -0.853738 -0.492641
-32.1909 87.1037 11.2484 0.170084 -0.849734 -0.499023
-31.8494 87.6943 10.353 0.244324 -0.847694 -0.470873
-31.4386 88.3189 9.44403 0.244639 -0.846494 -0.472862
-31.0646 88.8163 8.7482 0.245256 -0.846186 -0.473094
-30.4373 89.4508 7.87045 0.259955 -0.859606 -0.439888
-29.8468 90.0144 7.14076 0.274987 -0.863303 -0.42319
-29.304 90.4758 6.54863 0.274642 -0.870815 -0.407622
-28.7198 90.9013 5.98531 0.255559 -0.881759 -0.396473
-27.976 91.3233 5.44927 0.286029 -0.897521 -0.331793
-26.9847 91.8752 4.84807 0.279137 -0.910702 -0.304474
-26.1997 92.2339 4.36802 0.256746 -0.928984 -0.26657
-25.4131 92.4731 3.78583 0.163683 -0.979062 -0.120945
-24.5773 92.5646 3.17785 -0.00915533 -0.99312 -0.116746
-23.6516 92.7363 2.71608 0.14609 -0.960744 -0.235857
-22.8205 92.9529 2.34865 0.112262 -0.975894 -0.171969
-21.9412 92.9428 1.92614 0.0173616 -0.998999 0.0412172
-20.9763 92.8717 1.34775 -0.122231 -0.979135 0.162343
-20.4358 92.7331 0.506848 -0.146653 -0.987518 -0.0562059
-20.8603 92.8357 -0.189063 -0.146652 -0.987518 -0.0562057
-21.8588 92.9882 -0.219133 -0.15877 -0.984618 -0.0729331
-23.026 93.1116 0.121232 -0.138831 -0.976403 -0.165415
-23.9949 93.0883 0.651329 0.0457677 -0.981922 -0.183554
-25.1096 92.9355 1.21451 0.072223 -0.981752 -0.16805
-25.8619 92.7306 1.77408 0.111212 -0.969815 -0.217005
-26.5598 92.5194 2.35169 0.112537 -0.969102 -0.219494
-27.2787 92.3021 2.83664 0.153105 -0.958244 -0.241305
-28.2526 92.0066 3.30048 0.210757 -0.940153 -0.267758
-29.0217 91.725 3.68388 0.22486 -0.923375 -0.307787
-29.9391 91.2627 4.25242 0.247857 -0.906594 -0.341547
-31.2649 90.629 4.80197 0.267811 -0.890106 -0.368766
-32.3759 90.1856 5.01029 0.287363 -0.878797 -0.38097
-33.336 89.7967 5.13207 0.324057 -0.869944 -0.371733
-34.2536 89.4346 5.17006 0.343006 -0.853439 -0.39212
-35.2785 88.9983 5.16984 0.36174 -0.845837 -0.392051
-36.3955 88.6763 4.86413 0.35492 -0.851973 -0.384935
-37.3972 88.4109 4.45326 0.404234 -0.838188 -0.366108
-38.474 88.1726 3.84385 0.381262 -0.850404 -0.362564
-39.6112 88.058 2.91945 0.380164 -0.850566 -0.363335
-40.2484 88.0568 2.19722 0.34892 -0.87376 -0.33882
-41.0157 88.1797 1.03533 0.35873 -0.879545 -0.312527
-41.5169 88.3261 0.0676846 0.348039 -0.873308 -0.340885
-41.9012 88.4578 -0.861256 0.328472 -0.914938 -0.234512
-42.1831 88.7229 -1.96676 0.183593 -0.928315 -0.323302
-42.2407 89.0847 -3.06288 0.172161 -0.937185 -0.303389
-42.2043 89.3469 -4.0808 0.183294 -0.97043 -0.157059
-42.2957 89.507 -5.19076 0.162881 -0.977331 -0.132334
-42.1949 89.6414 -6.22584 0.152933 -0.984026 -0.0275104
-42.0127 89.5583 -7.67905 0.057544 -0.995737 0.0614205
-41.8598 89.4292 -8.86652 0.141645 -0.978264 0.151448
-41.7929 89.2074 -9.78512 0.0488858 -0.955445 0.291093
-42.1144 88.943 -10.8302 -0.0728366 -0.94779 0.310465
-42.8041 88.9392 -10.9599 -0.0378024 -0.932189 0.359993
-43.4002 89.2492 -9.94641 -0.0827753 -0.979547 0.1834
-43.6862 89.5244 -8.64001 -0.0584027 -0.979714 0.191703
-43.7297 89.6708 -7.6731 0.019755 -0.984523 -0.121371
-43.8409 89.4149 -6.2448 0.136759 -0.97688 -0.164324
-44.0046 89.2406 -5.2973 0.0671242 -0.991473 -0.111692
-44.3161 89.059 -4.07617 0.068173 -0.976995 -0.198609
-44.6031 88.78 -2.94024 0.0310334 -0.958387 -0.276529
-44.8217 88.4444 -2.02735 0.166201 -0.863348 -0.439445
-45.0572 87.7411 -1.22359 0.300993 -0.718569 -0.624615
-45.3834 87.1312 -0.495765 0.380539 -0.835386 -0.396637
-46.0219 86.3817 0.575556 0.38762 -0.858528 -0.33568
-46.72 85.7704 1.3771 0.390434 -0.879502 -0.272099
-47.5583 85.148 2.11361 0.435623 -0.873731 -0.216394
-48.544 84.4672 2.86567 0.438967 -0.879354 -0.180444
-49.1721 84.072 3.38966 0.439344 -0.886888 -0.142854
-49.8937 83.6143 4.0983 0.439308 -0.890982 -0.114718
-50.893 82.9901 5.00965 0.458644 -0.883981 -0.0906734
-51.86 82.4563 5.74813 0.469091 -0.881888 -0.0179003
-52.8957 81.8055 6.53866 0.508086 -0.85926 -0.0590001
-53.6722 81.3057 7.25215 0.500745 -0.864666 -0.0288517
-54.4673 80.7496 8.17309 0.554461 -0.831697 -0.0271021
-55.0477 80.3165 8.94571 0.565562 -0.823852 -0.0375227
-55.544 79.9278 9.66595 0.593486 -0.80252 -0.0601024
-56.0516 79.4612 10.679 0.599796 -0.796862 -0.0721759
-56.468 78.9901 11.7489 0.629913 -0.770771 -0.0955073
-56.7417 78.6451 12.5961 0.639429 -0.759859 -0.117237
-57.0496 78.2431 13.3463 0.646749 -0.746708 -0.154822
-57.352 77.8211 14.1785 0.637501 -0.755419 -0.151442
-57.6373 77.398 14.9586 0.6399 -0.74685 -0.180948
-57.9145 76.8982 15.9202 0.63081 -0.739444 -0.234891
-58.1119 76.4603 16.8138 0.625743 -0.74634 -0.226764
-58.2941 75.9932 17.8365 0.629512 -0.742423 -0.229177
-58.3854 75.6294 18.6692 0.606652 -0.751753 -0.25625
-58.4071 75.3357 19.5422 0.58294 -0.774362 -0.246058
-58.4082 74.8775 20.865 0.579823 -0.766632 -0.275768
-58.2502 74.567 22.0751 0.553891 -0.778417 -0.293907
-58.0678 74.3217 23.0305 0.584421 -0.754518 -0.298531
-57.8593 74.0812 24.0267 0.561872 -0.773531 -0.291257
-57.6579 73.8081 25.1556 0.538941 -0.790948 -0.28973
-57.5035 73.5704 26.1141 0.537297 -0.793704 -0.285185
-57.3003 73.2306 27.2789 0.509733 -0.796182 -0.325987
-57.2347 72.8491 28.3578 0.512827 -0.801511 -0.307553
-57.2075 72.5383 29.2065 0.487282 -0.811531 -0.321432
-57.1807 72.2201 30.0816 0.465516 -0.830237 -0.306455
-57.2365 71.8622 30.996 0.454828 -0.836333 -0.305844
-57.2759 71.479 31.94 0.436565 -0.839585 -0.323276
-57.2143 71.0466 33.179 0.430964 -0.847485 -0.30987
-56.7778 70.8078 34.4988 0.39911 -0.865066 -0.301595
-56.1509 70.7927 35.2549 0.382435 -0.869481 -0.312277
-55.0833 70.8887 36.3412 0.3931 -0.865465 -0.310553
-53.9827 70.954 37.2928 0.347191 -0.884229 -0.309548
-53.1454 71.0243 37.8928 0.268192 -0.912887 -0.30775
-52.1506 71.0748 38.548 0.236082 -0.906522 -0.349976
-51.3424 71.1011 39.0203 0.213106 -0.90674 -0.363282
-50.1345 71.1706 39.4909 0.194556 -0.905057 -0.378144
-49.246 71.2378 39.7219 0.166888 -0.907385 -0.385747
-47.7565 71.3828 39.9562 0.126765 -0.910627 -0.393305
-46.3815 71.6225 39.8096 0.100081 -0.913447 -0.39443
-45.6447 71.8975 39.3403 0.0783131 -0.907049 -0.413123
-45.04 72.2835 38.6586 0.075958 -0.891336 -0.44628
-44.4367 72.802 37.7824 0.0550087 -0.873367 -0.483947
-43.9193 73.4554 36.6755 0.0563925 -0.868086 -0.493201
-43.654 73.9211 35.8975 0.0409484 -0.851832 -0.52221
-43.1973 74.6356 34.8242 0.0207419 -0.816539 -0.576845
-42.7507 75.2281 33.9801 -0.00273357 -0.825364 -0.564535
-42.1379 75.8933 33.0386 -0.014399 -0.808168 -0.588776
-41.3981 76.5627 32.0992 -0.0393402 -0.784035 -0.619373
-40.8073 77.0646 31.41 -0.0509239 -0.778709 -0.625171
-40.1935 77.5304 30.7655 -0.069514 -0.784098 -0.616731
-39.4545 77.994 30.0662 -0.10385 -0.797654 -0.594107
-38.7561 78.4002 29.4151 -0.127424 -0.761 -0.635864
-38.1299 78.7819 28.8074 -0.139846 -0.751164 -0.644746
-37.6571 79.0946 28.3612 -0.145324 -0.736876 -0.660168
-36.8376 78.6664 28.6839 -0.114769 -0.783912 -0.610172
-37.456 78.2531 29.3123 -0.120073 -0.77297 -0.622794
-38.3295 77.7831 30.1428 -0.164172 -0.802227 -0.574003
-38.9606 77.4377 30.7232 -0.100775 -0.790895 -0.603598
-39.6213 77.0085 31.3638 -0.0701578 -0.783763 -0.617084
-40.5025 76.2615 32.3651 -0.0984657 -0.765138 -0.636293
-41.1539 75.7267 33.1966 -0.0869485 -0.803302 -0.589191
-41.7047 75.2002 34.0059 -0.0329511 -0.823503 -0.565758
-42.0934 74.7388 34.6896 0.00969014 -0.827173 -0.561744
-42.4673 74.183 35.5616 0.0209288 -0.856743 -0.514878
-42.7959 73.5645 36.575 0.0367359 -0.873161 -0.486046
-43.2206 72.9569 37.6419 0.0314938 -0.878221 -0.476531
-43.631 72.5457 38.3525 0.0668323 -0.895173 -0.44068
-44.3035 72.0062 39.377 0.060178 -0.902003 -0.427516
-45.106 71.5555 40.2168 0.0667153 -0.916494 -0.39443
-45.8623 71.3025 40.6748 0.083385 -0.915036 -0.39459
-46.9462 71.0827 40.9275 0.0973956 -0.916583 -0.387801
-48.5018 70.9269 40.7733 0.126735 -0.918506 -0.37447
-49.8831 70.8054 40.5168 0.148699 -0.920017 -0.36257
-50.8566 70.7337 40.2633 0.174544 -0.919346 -0.352191
-51.9476 70.6852 39.7127 0.231416 -0.909732 -0.344722
-52.7683 70.6569 39.2007 0.288843 -0.893802 -0.343058
-54.048 70.5518 38.3376 0.30254 -0.897551 -0.320737
-55.1127 70.4534 37.5301 0.341779 -0.899919 -0.270801
-55.8072 70.3931 36.8441 0.35127 -0.894039 -0.277248
-56.673 70.3412 35.9735 0.351986 -0.887596 -0.297118
-57.3199 70.2715 35.3197 0.399107 -0.865068 -0.301591
-57.8504 70.3025 34.4799 0.367028 -0.88766 -0.278118
-58.1015 70.4595 33.615 0.38492 -0.880814 -0.275416
-58.179 70.7141 32.7316 0.410596 -0.861674 -0.296736
-58.1922 71.1115 31.6218 0.463768 -0.836412 -0.292119
-58.1081 71.4731 30.7262 0.465175 -0.83324 -0.29887
-58.0508 71.8404 29.7916 0.464396 -0.833777 -0.298581
-58.0561 72.1824 28.795 0.487809 -0.825696 -0.283316
-58.0797 72.5249 27.8188 0.499716 -0.807658 -0.313006
-58.2281 72.9178 26.6038 0.50511 -0.798763 -0.326866
-58.3875 73.1609 25.6015 0.527414 -0.803157 -0.277079
-58.5562 73.3695 24.6831 0.538561 -0.791115 -0.289983
-58.7715 73.6387 23.5229 0.544534 -0.792568 -0.274351
-58.9524 73.8557 22.5681 0.551297 -0.770274 -0.320545
-59.1516 74.1924 21.2819 0.573501 -0.778639 -0.254593
-59.2066 74.5809 19.9946 0.575705 -0.775004 -0.260604
-59.2031 74.9172 18.9677 0.584184 -0.774291 -0.243304
-59.0711 75.4535 17.5329 0.599065 -0.766265 -0.231893
-58.8846 75.8936 16.5744 0.611633 -0.763689 -0.206602
-58.6884 76.3183 15.6749 0.640731 -0.742013 -0.194701
-58.2985 76.9608 14.3617 0.657839 -0.733764 -0.169819
-57.9968 77.4199 13.504 0.628894 -0.761182 -0.15841
-57.5794 77.9914 12.3894 0.623173 -0.769963 -0.136348
-57.2685 78.3765 11.5083 0.616205 -0.77922 -0.114485
-56.976 78.7339 10.6612 0.617683 -0.777942 -0.115213
-56.6326 79.0917 9.87741 0.605137 -0.792744 -0.0732521
-56.0581 79.5998 8.87127 0.57569 -0.815466 -0.0599644
-55.5507 80.0064 8.17277 0.565198 -0.8235 -0.047871
-55.0045 80.4368 7.38673 0.564834 -0.823148 -0.0582193
-54.4668 80.8346 6.74711 0.544159 -0.837383 -0.0517636
-53.7663 81.3134 6.04521 0.518441 -0.853084 -0.0569456
-53.047 81.7895 5.46811 0.486419 -0.871544 -0.0617087
-52.0036 82.4444 4.7231 0.475744 -0.874094 -0.0958451
-51.3334 82.8541 4.19067 0.470934 -0.874564 -0.11558
-50.7302 83.2536 3.62562 0.46841 -0.873453 -0.131901
-50.1403 83.6485 3.01916 0.447141 -0.884646 -0.132157
-49.3464 84.2082 2.27471 0.446097 -0.869993 -0.210023
-48.6583 84.6873 1.75145 0.447757 -0.872018 -0.197308
-48.0216 85.1731 1.25357 0.439648 -0.855481 -0.27361
-47.3765 85.6967 0.683824 0.454892 -0.831952 -0.317693
-46.8265 86.2235 0.0511407 0.39537 -0.854222 -0.337499
-46.3833 86.73 -0.624155 0.390432 -0.828959 -0.400487
-46.0107 87.4405 -1.39 0.407118 -0.680627 -0.6091
-45.7851 88.1386 -2.11498 0.338374 -0.775156 -0.531845
-45.6098 88.7119 -2.85078 0.166208 -0.86335 -0.43944
-45.394 88.9236 -3.70174 0.0351187 -0.976999 -0.210333
-45.0954 89.1104 -4.86169 0.0417224 -0.994789 -0.0785497
-44.8638 89.2376 -5.84987 0.0682338 -0.968554 -0.213474
-44.703 89.5752 -7.00526 -0.0856187 -0.969727 -0.228688
-44.6438 89.7446 -8.25488 -0.0279517 -0.996835 -0.0744197
-44.5969 89.5908 -9.17193 -0.148765 -0.920415 0.361533
-44.3771 89.2622 -10.2539 -0.0522129 -0.983187 0.174977
-43.9906 88.9568 -11.2146 -0.139246 -0.922266 0.360605
-43.2862 88.5662 -11.9877 -0.127654 -0.933733 0.334435
-42.1017 88.2976 -12.4014 -0.0948473 -0.908122 0.407821
-41.2218 88.63 -11.5059 -0.0549468 -0.90046 0.431453
-40.9094 89.0302 -10.4788 0.0274097 -0.957064 0.288578
-40.8561 89.3952 -9.30451 0.0241064 -0.953597 0.30012
-40.9613 89.626 -8.04458 0.0974056 -0.994403 0.0328463
-41.0343 89.6647 -7.12725 0.121584 -0.984821 0.121556
-41.1536 89.7807 -6.19784 0.116808 -0.984502 0.00623132
-41.215 89.6143 -4.88798 0.12328 -0.985581 -0.115898
-41.2479 89.4816 -3.79137 0.153704 -0.977974 -0.136136
-41.2635 89.2408 -2.85846 0.2459 -0.930806 -0.270431
-41.0888 88.886 -1.58182 0.26509 -0.911326 -0.314979
-40.6801 88.698 -0.13012 0.30929 -0.930804 -0.193414
-40.2542 88.6177 0.676383 0.369629 -0.871972 -0.320998
-39.5659 88.5329 1.73675 0.393859 -0.861454 -0.320152
-38.6841 88.5619 2.69629 0.400329 -0.853434 -0.333662
-37.9325 88.6864 3.24542 0.397524 -0.841941 -0.364842
-37.1407 88.8595 3.70859 0.379466 -0.85007 -0.364684
-36.1959 89.1083 4.06182 0.362113 -0.858309 -0.363565
-35.1378 89.4602 4.2826 0.356206 -0.856751 -0.372954
-34.0127 89.9083 4.27175 0.328192 -0.871149 -0.365226
-32.9554 90.336 4.17067 0.308862 -0.881217 -0.357856
-32.0324 90.7187 4.00497 0.288193 -0.895877 -0.338042
-31.1794 91.0787 3.7557 0.279823 -0.898075 -0.339352
-30.3675 91.4445 3.39828 0.252619 -0.922744 -0.29105
-29.4393 91.879 2.82413 0.235419 -0.931537 -0.275625
-28.4262 92.2587 2.27143 0.178795 -0.951689 -0.247323
-27.1313 92.6186 1.62084 0.131864 -0.965015 -0.225676
-26.0118 92.9521 0.702365 0.11166 -0.970292 -0.214629
-25.1615 93.1245 0.15162 0.0605168 -0.980938 -0.184326
-24.3394 93.2536 -0.336632 0.0413279 -0.982997 -0.178911
-23.2763 93.2637 -0.807909 -0.169632 -0.983479 -0.0632018
-22.2644 93.1085 -1.13038 -0.171796 -0.983173 -0.062113
-21.1954 92.9686 -1.28686 -0.106548 -0.9901 -0.0913721
-20.0283 92.7522 -1.00535 -0.253498 -0.95194 0.0475272
-19.2679 92.5913 -0.432621 -0.205556 -0.978618 0.00734473
-19.2399 92.5941 0.723772 -0.150974 -0.986698 -0.0130889
-19.9501 92.8428 1.71065 -0.0893942 -0.977162 0.192574
-20.7296 92.9231 2.3246 -0.0684153 -0.997017 -0.0357172
-21.5877 92.9316 2.80355 -0.0253698 -0.998754 -0.0429851
-22.6502 92.8199 3.33067 0.19819 -0.973064 -0.115593
-23.526 92.5718 3.78273 0.183569 -0.978981 -0.0731613
-24.6922 92.4419 4.46155 0.0526669 -0.987736 -0.129741
-25.4827 92.2355 5.06349 0.202673 -0.950645 -0.222765
-26.2733 91.84 5.60359 0.273533 -0.912373 -0.304517
-27.1021 91.4066 6.12463 0.31234 -0.890235 -0.330943
-27.8118 90.9328 6.63314 0.362679 -0.859654 -0.359803
-28.5332 90.4111 7.21343 0.276227 -0.87168 -0.404119
-29.1737 89.8732 7.86137 0.286336 -0.854738 -0.432936
-29.8558 89.2382 8.662 0.282618 -0.838331 -0.464808
-30.3334 88.6274 9.41661 0.199698 -0.842662 -0.500041
-30.8178 87.9126 10.4185 0.202077 -0.837017 -0.508495
-31.147 87.3381 11.2362 0.191706 -0.843102 -0.502354
-31.4135 86.8239 11.995 0.173535 -0.839028 -0.515672
-31.6674 86.2972 12.8118 0.160285 -0.856208 -0.491138
-31.952 85.6725 13.9179 0.153564 -0.89278 -0.423511
-32.1131 85.2936 14.7861 0.075208 -0.966916 -0.242899
-32.3014 85.0477 15.6507 0.0645607 -0.963451 -0.25999
-32.4642 84.6908 16.8791 -0.0266551 -0.939423 -0.339005
-32.52 84.2651 17.9816 -0.0624914 -0.929586 -0.363269
-32.5508 83.9133 18.8519 -0.0889364 -0.921059 -0.378386
-32.6114 83.581 19.6881 -0.0983574 -0.916249 -0.388346
-32.775 82.9984 21.0136 -0.155778 -0.882202 -0.444356
-33.0464 82.4705 22.1455 -0.15313 -0.87885 -0.451855
-33.3692 81.9698 23.1873 -0.161061 -0.866118 -0.472808
-33.6708 81.5079 24.0987 -0.135707 -0.857466 -0.496322
-34.1893 80.9105 25.147 -0.168678 -0.792333 -0.586308
-34.713 80.4046 25.9825 -0.160993 -0.791121 -0.590015
-35.3884 79.8472 26.8955 -0.15368 -0.783639 -0.601844
-36.2554 79.1004 28.0228 -0.157443 -0.764613 -0.624959
-36.6821 78.7777 28.5116 -0.114767 -0.783915 -0.610169
-35.8268 78.3966 28.8324 -0.138615 -0.784271 -0.604735
-36.6037 77.8579 29.6566 -0.105386 -0.772634 -0.626044
-37.2452 77.5018 30.2322 -0.124596 -0.810485 -0.5715
-37.8981 77.1945 30.8518 -0.136347 -0.796891 -0.587658
-38.6666 76.7536 31.5662 -0.117311 -0.784362 -0.609109
-39.2141 76.3258 32.1384 -0.048614 -0.766387 -0.640537
-39.7502 75.8702 32.8044 -0.0474501 -0.822305 -0.567065
-40.3851 75.36 33.6115 -0.0684265 -0.827118 -0.557814
-40.9444 74.8322 34.4558 -0.0528641 -0.837661 -0.542454
-41.3347 74.3603 35.2809 -0.015801 -0.844727 -0.533449
-41.694 73.6743 36.4295 0.00262137 -0.85994 -0.510375
-41.9899 73.1352 37.3258 0.00797987 -0.870146 -0.492066
-42.3147 72.7434 38.1033 0.0389308 -0.90328 -0.427281
-42.8713 72.2793 38.994 0.0490312 -0.891162 -0.450967
-43.5182 71.766 39.9693 0.046925 -0.896892 -0.439754
-44.0673 71.4586 40.6117 0.052283 -0.920222 -0.387774
-44.7978 71.1432 41.2371 0.0634969 -0.917673 -0.392209
-45.5871 70.9018 41.6553 0.0760174 -0.915369 -0.395374
-46.5264 70.7351 41.8447 0.0855552 -0.92248 -0.376446
-47.6307 70.6178 41.8369 0.118842 -0.919333 -0.37502
-48.738 70.5395 41.6475 0.145111 -0.918313 -0.368299
-49.7357 70.4512 41.4881 0.140859 -0.932814 -0.330988
-51.2733 70.3393 41.0935 0.155419 -0.92301 -0.351992
-52.1025 70.3163 40.6564 0.20893 -0.921852 -0.326012
-53.1876 70.264 39.9731 0.26008 -0.918115 -0.299039
-53.9517 70.2018 39.4443 0.259661 -0.925083 -0.276982
-54.7187 70.1255 38.9432 0.277583 -0.914195 -0.295287
-55.5063 70.0522 38.3816 0.340059 -0.902989 -0.262621
-56.3949 69.9726 37.515 0.345604 -0.900461 -0.263933
-57.194 69.8967 36.6921 0.346997 -0.902222 -0.256068
-57.9383 69.7968 36.0054 0.365669 -0.891647 -0.266931
-58.5853 69.8265 35.0333 0.358204 -0.89365 -0.27027
-58.9774 69.9527 34.0376 0.394859 -0.879036 -0.267174
-59.1232 70.299 32.6983 0.405542 -0.872556 -0.272363
-59.1418 70.6157 31.6542 0.405487 -0.872918 -0.271282
-58.9889 71.0948 30.4434 0.430176 -0.85979 -0.275155
-58.8941 71.4449 29.5624 0.470931 -0.833405 -0.289166
-58.9227 71.8574 28.3186 0.459305 -0.838651 -0.29275
-58.9227 72.1933 27.3727 0.460448 -0.835417 -0.30011
-59.0767 72.4754 26.2874 0.491205 -0.827164 -0.272981
-59.3113 72.7798 24.9678 0.51112 -0.811592 -0.282975
-59.5263 73.0129 23.8933 0.515339 -0.816417 -0.260382
-59.725 73.2373 22.7571 0.531794 -0.805282 -0.260935
-59.8633 73.4795 21.8712 0.567168 -0.774421 -0.279109
-60.0114 73.7816 20.6915 0.541415 -0.799063 -0.260689
-60.0078 74.1033 19.6293 0.562206 -0.788055 -0.249673
-60.0128 74.3901 18.7216 0.567749 -0.784109 -0.250668
-59.9389 74.7749 17.6297 0.56685 -0.790559 -0.231726
-59.7496 75.2034 16.6184 0.575558 -0.785904 -0.225784
-59.5512 75.614 15.7318 0.582783 -0.782169 -0.220127
-59.26 76.1184 14.6061 0.571726 -0.797815 -0.19099
-58.9062 76.6342 13.5539 0.593076 -0.779041 -0.203364
-58.6236 77.0597 12.7478 0.60035 -0.778197 -0.183099
-58.2041 77.6012 11.7373 0.623175 -0.769962 -0.136341
-57.8686 78.0372 10.5877 0.616203 -0.779222 -0.114478
-57.5557 78.4073 9.81807 0.592274 -0.797246 -0.113878
-56.931 79.002 8.62192 0.588021 -0.805183 -0.0738941
-56.3537 79.49 7.75169 0.571242 -0.816465 -0.0840635
-55.7684 79.9464 6.8988 0.56263 -0.824684 -0.0577346
-54.9235 80.5928 5.88275 0.564246 -0.823995 -0.051565
-54.0773 81.1916 5.0613 0.541399 -0.839142 -0.0522408
-53.4265 81.6434 4.58346 0.51973 -0.851165 -0.0715331
-52.7388 82.091 4.09477 0.505648 -0.859423 -0.0755839
-51.6437 82.8238 3.26355 0.511968 -0.854012 -0.0924766
-50.7147 83.4991 2.27826 0.50368 -0.855446 -0.120497
-50.0853 83.9652 1.64427 0.501454 -0.851839 -0.151344
-49.2452 84.5478 0.983092 0.485502 -0.841427 -0.228099
-48.6674 85.0732 0.528158 0.480629 -0.832142 -0.272599
-48.0711 85.5673 0.0273271 0.455509 -0.83149 -0.318019
-47.4446 86.2813 -0.698186 0.429623 -0.764017 -0.481354
-47.0779 86.87 -1.34278 0.327979 -0.737112 -0.590844
-46.7812 87.5577 -2.03592 0.367548 -0.708868 -0.599973
-46.5934 88.2076 -2.7489 0.307227 -0.739137 -0.599406
-46.3177 88.9129 -3.97255 0.154214 -0.958201 -0.240974
-46.0019 89.1249 -5.1996 0.0740052 -0.994029 -0.0189096
-45.707 89.3931 -6.47194 0.0832854 -0.947155 -0.309776
-45.5968 89.7341 -7.55619 0.0137411 -0.978452 -0.166114
-45.5996 89.823 -8.65616 -0.00166692 -0.970466 0.117328
-45.5325 89.4384 -9.72343 0.0290639 -0.930576 0.364943
-45.2206 89.2323 -10.9671 -0.111788 -0.955875 0.243132
-44.7243 88.7687 -11.979 -0.13607 -0.923199 0.35941
-43.8565 88.2503 -12.7651 -0.0598782 -0.849191 0.52468
-43.0031 87.8463 -13.3149 -0.0201314 -0.848684 0.528517
-41.6531 87.7649 -13.2898 -0.0813996 -0.874193 0.478466
-40.7273 88.1335 -12.5753 0.0761996 -0.887629 0.45248
-40.3008 88.5236 -11.7984 0.0575855 -0.902933 0.425782
-39.9745 88.9783 -10.6775 0.00550136 -0.951453 0.307745
-39.8851 89.2667 -9.80812 0.138517 -0.944333 0.297746
-39.9561 89.6156 -8.6247 0.00390794 -0.969771 0.238766
-40.0186 89.7583 -7.5991 0.130755 -0.988098 0.0726622
-40.1262 89.8695 -6.43425 0.130544 -0.985959 0.103588
-40.1674 89.8344 -5.50524 0.18969 -0.975141 -0.114536
-40.2178 89.7356 -4.60197 0.208415 -0.975444 -0.0690691
-40.2786 89.6338 -3.51513 0.222477 -0.971767 -0.0785686
-40.2747 89.3936 -2.5204 0.215922 -0.941548 -0.258582
-40.1483 89.1923 -1.65237 0.328839 -0.926366 -0.183594
-39.8351 89.0836 -0.550672 0.330231 -0.925556 -0.185185
-39.3532 89.0553 0.456265 0.348394 -0.920041 -0.178246
-38.5214 89.0104 1.69867 0.387894 -0.884041 -0.256108
-37.346 89.2093 2.67777 0.402342 -0.846486 -0.348228
-36.065 89.5228 3.2135 0.361756 -0.858257 -0.364043
-34.8702 89.9637 3.38785 0.343735 -0.858213 -0.380019
-33.5429 90.4831 3.3041 0.294748 -0.884458 -0.360015
-32.654 90.825 3.17534 0.296566 -0.893678 -0.336732
-31.8471 91.169 2.96618 0.268217 -0.909867 -0.315188
-30.936 91.5459 2.57601 0.25662 -0.921658 -0.291019
-30.1365 91.8957 2.16363 0.23724 -0.932142 -0.272556
-29.1428 92.2874 1.59695 0.217076 -0.94148 -0.257687
-28.2604 92.5629 1.11853 0.148895 -0.963608 -0.222015
-27.3848 92.8321 0.513362 0.129202 -0.968438 -0.212768
-26.6623 93.0356 -0.0235975 0.109813 -0.975458 -0.18945
-25.6857 93.2289 -0.665969 0.0748157 -0.983094 -0.167119
-24.757 93.3752 -1.2168 0.0541861 -0.986524 -0.154157
-23.8735 93.3685 -1.62147 -0.0931654 -0.99517 -0.0309213
-22.72 93.2139 -2.00022 -0.146173 -0.984715 0.0947066
-21.8281 93.0481 -2.20511 -0.236682 -0.958611 0.0718258
-20.5997 92.7366 -2.21496 -0.37151 -0.921815 0.110621
-19.4637 92.3739 -1.83919 -0.350324 -0.918884 0.181452
-18.6661 92.2293 -1.18599 -0.389587 -0.881564 0.250237
-18.1112 92.1366 -0.448024 -0.463813 -0.842504 0.272851
-18.1295 92.3848 0.828895 -0.333108 -0.939391 0.0811408
-18.9698 92.7116 2.06058 -0.194804 -0.975522 0.102024
-20.0546 92.8948 3.04395 0.00378525 -0.999889 0.0144168
-20.998 92.9247 3.58448 -0.052731 -0.997635 0.0440944
-22.1561 92.801 4.18166 0.173969 -0.975627 -0.133744
-23.0675 92.587 4.676 0.132475 -0.986429 -0.0967067
-24.0124 92.4148 5.20143 0.138424 -0.984127 -0.109642
-24.9587 92.1473 5.8739 0.23557 -0.933209 -0.263412
-25.6999 91.7456 6.39575 0.280861 -0.913158 -0.295031
-26.431 91.345 6.89098 0.293707 -0.897371 -0.329335
-27.4251 90.6542 7.61933 0.347075 -0.831754 -0.433272
-28.3351 89.9 8.39164 0.319145 -0.850241 -0.418612
-28.9032 89.3223 9.05646 0.299872 -0.819288 -0.488155
-29.475 88.5971 9.91274 0.288193 -0.811222 -0.508787
-29.9953 87.7746 10.953 0.181162 -0.831679 -0.524871
-30.2613 87.2551 11.6878 0.179053 -0.837687 -0.515966
-30.5327 86.6783 12.5301 0.158233 -0.825532 -0.54062
-30.7988 86.1209 13.4521 0.175572 -0.86704 -0.466278
-31.0174 85.6469 14.3107 0.158281 -0.896157 -0.414407
-31.3079 85.1429 15.5859 0.00560858 -0.937654 -0.330386
-31.4548 84.7432 16.5557 -0.0747366 -0.931018 -0.357239
-31.529 84.3673 17.546 -0.0771969 -0.927645 -0.365267
-31.5812 84.0135 18.446 -0.0679093 -0.922942 -0.378738
-31.6443 83.4554 19.6979 -0.128722 -0.896249 -0.424463
-31.7475 82.9543 20.6906 -0.184107 -0.881404 -0.434998
-31.9047 82.5069 21.6706 -0.211525 -0.865631 -0.452307
-32.2672 81.9611 22.7815 -0.176055 -0.860815 -0.47736
-32.5535 81.465 23.7466 -0.232485 -0.825744 -0.513904
-32.8646 81.0023 24.5595 -0.208875 -0.801627 -0.560146
-33.2393 80.578 25.2915 -0.20125 -0.794146 -0.573438
-33.7456 80.1035 26.119 -0.132834 -0.803837 -0.579829
-34.431 79.5392 27.0469 -0.154145 -0.7783 -0.608678
-35.1258 78.9518 27.9592 -0.134698 -0.781594 -0.609071
-35.6054 78.5809 28.5426 -0.138616 -0.784272 -0.604734
-34.8782 78.1071 29.0264 -0.105367 -0.808744 -0.578641
-34.3335 78.5404 28.3398 -0.107679 -0.789405 -0.604355
-33.7838 78.995 27.6352 -0.118806 -0.793096 -0.597398
-33.0625 79.5754 26.6919 -0.134076 -0.800698 -0.583872
-32.5492 80.0433 25.8897 -0.186833 -0.826579 -0.530736
-32.1387 80.436 25.121 -0.19602 -0.819699 -0.538078
-31.8281 80.8682 24.3698 -0.177736 -0.813698 -0.553237
-31.468 81.4002 23.3715 -0.220379 -0.827689 -0.516105
-31.1875 81.8135 22.5499 -0.237053 -0.839462 -0.488819
-30.9541 82.238 21.6754 -0.237771 -0.848891 -0.472068
-30.8318 82.6743 20.8761 -0.173065 -0.856672 -0.485817
-30.7273 83.239 19.8015 -0.18415 -0.864815 -0.467101
-30.6605 83.7564 18.7356 -0.149796 -0.893127 -0.424128
-30.5927 84.1694 17.8297 -0.0864208 -0.92812 -0.362112
-30.5172 84.5451 16.8633 -0.0859858 -0.924776 -0.370669
-30.3883 84.9069 15.9601 -0.0318364 -0.905426 -0.42109
-30.2195 85.3106 15.1377 0.00625545 -0.89307 -0.449728
-29.9534 85.9041 14.0684 0.0727809 -0.86799 -0.49115
-29.6631 86.5132 12.979 0.115296 -0.847986 -0.513042
-29.2755 87.386 11.8173 0.15823 -0.825531 -0.540623
-28.9139 88.1689 10.8852 0.287049 -0.796596 -0.531606
-28.375 88.9929 9.95453 0.330691 -0.786644 -0.521377
-27.7509 89.6846 9.20362 0.31658 -0.819846 -0.477106
-26.9788 90.3519 8.54579 0.330061 -0.834816 -0.440616
-26.1118 91.0362 7.94182 0.3575 -0.822168 -0.442981
-25.0743 91.6928 7.17655 0.301248 -0.895624 -0.327272
-24.17 92.1307 6.52521 0.178361 -0.954153 -0.240372
-23.3827 92.4171 5.97249 0.164993 -0.967583 -0.180653
-22.4146 92.6025 5.47501 0.139727 -0.985619 -0.0950373
-21.5678 92.7973 4.97371 0.104795 -0.982132 -0.13989
-20.7785 92.8912 4.53107 0.0356165 -0.988638 -0.146037
-19.8483 92.9097 4.06086 -0.00360728 -0.999901 0.0112255
-19.0155 92.8956 3.47768 -0.0108713 -0.999904 0.00860632
-18.3381 92.7545 2.8201 -0.114008 -0.984421 0.129659
-17.7356 92.5294 2.09975 -0.244415 -0.939465 0.240138
-17.1857 92.1675 1.15262 -0.363286 -0.89492 0.218873
-16.9586 91.7654 0.310129 -0.474954 -0.831169 0.289096
-17.2188 91.5817 -0.645662 -0.46978 -0.836208 0.28279
-18.0183 91.726 -1.78393 -0.455433 -0.866333 0.205053
-19.0788 92.0055 -2.69371 -0.414918 -0.892383 0.157894
-20.2771 92.4926 -3.13413 -0.378029 -0.917977 0.120048
-21.7672 93.0398 -3.20021 -0.347069 -0.937743 -0.0134327
-22.6595 93.2522 -3.04889 0.579365 -0.702626 -0.413102
-23.6511 93.39 -2.7666 -0.339006 -0.93743 0.0793742
-24.5777 93.4952 -2.40058 -0.0769937 -0.994208 -0.0749795
-25.7286 93.4116 -1.82242 0.0607559 -0.984489 -0.16459
-26.5969 93.2467 -1.21548 0.111771 -0.980852 -0.158993
-27.5598 93.0371 -0.618298 0.107662 -0.982858 -0.149093
-28.5263 92.7642 0.0614721 0.157188 -0.966178 -0.204191
-29.3888 92.5026 0.558373 0.18409 -0.957688 -0.220575
-30.413 92.1277 1.15488 0.216939 -0.934063 -0.283529
-31.2197 91.7874 1.6348 0.225399 -0.932452 -0.282364
-31.9972 91.4504 2.02846 0.261524 -0.911504 -0.316472
-32.8133 91.1133 2.25789 0.285374 -0.905184 -0.314967
-33.8418 90.7272 2.40786 0.273949 -0.900888 -0.33668
-34.8981 90.349 2.49238 0.343737 -0.858215 -0.380013
-35.8247 89.9678 2.41143 0.386944 -0.848185 -0.361742
-36.6801 89.7132 2.1132 0.393251 -0.866303 -0.308016
-37.6622 89.5111 1.42543 0.413224 -0.86789 -0.272873
-38.234 89.4298 0.685999 0.387891 -0.88404 -0.25612
-38.6912 89.4259 -0.103384 0.366013 -0.914483 -0.172498
-39.0738 89.4954 -1.26375 0.327448 -0.927175 -0.182
-39.305 89.6922 -2.6024 0.323362 -0.924786 -0.200518
-39.2939 89.8628 -3.67923 0.215099 -0.974908 -0.0528526
-39.2081 89.9586 -4.97368 0.192028 -0.977129 -0.0870563
-39.1522 90.0016 -5.99341 0.103034 -0.994656 -0.00660394
-39.0937 89.9442 -6.94179 0.128748 -0.987175 0.0938279
-39.0615 89.8654 -7.88114 0.153326 -0.974965 0.147889
-38.9724 89.6612 -8.81088 0.147123 -0.960298 0.237029
-38.9245 89.4255 -9.70732 0.127467 -0.950762 0.282497
-39.044 89.0104 -10.9781 0.106718 -0.914199 0.381745
-39.4341 88.3687 -12.2574 0.0480535 -0.907565 0.417152
-40.0115 87.8559 -13.2012 0.0472094 -0.842629 0.532208
-40.6565 87.4129 -13.8182 0.00787496 -0.813882 0.580968
-41.9399 87.1121 -14.3079 -0.0715587 -0.781998 0.619159
-43.1698 87.1673 -14.2692 -0.0435257 -0.802471 0.593434
-43.9316 87.5276 -13.8801 -0.0632849 -0.826724 0.559037
-44.653 87.9754 -13.2995 -0.0664421 -0.832244 0.550308
-45.4062 88.4613 -12.6476 -0.0967978 -0.847762 0.521468
-45.9202 88.8615 -11.9806 -0.0580597 -0.893475 0.44419
-46.2748 89.3498 -10.9948 -0.112234 -0.944276 0.243117
-46.5406 89.4537 -9.91334 -0.121651 -0.991362 0.0376001
-46.5868 89.6694 -8.94959 0.000357061 -0.950897 0.309506
-46.5344 89.751 -7.98811 0.135605 -0.960033 -0.241822
-46.5696 89.4839 -6.98159 0.0910089 -0.954916 -0.280889
-46.7752 89.1408 -5.99324 0.0853979 -0.946423 -0.311435
-47.0222 88.97 -5.10402 0.162514 -0.986679 -0.00728129
-47.2628 88.7973 -4.15953 0.170148 -0.958646 -0.228137
-47.4569 88.2887 -3.26333 0.270562 -0.750134 -0.603403
-47.6522 87.2852 -2.33225 0.412843 -0.661889 -0.613215
-47.9725 86.6077 -1.64437 0.480584 -0.699189 -0.526756
-48.5232 85.6691 -0.889892 0.5327 -0.737762 -0.414653
-49.2577 84.926 -0.22529 0.561881 -0.760796 -0.324774
-50.0777 84.2176 0.396231 0.500571 -0.831787 -0.239914
-50.896 83.5757 1.13801 0.503718 -0.850318 -0.152407
-51.4736 83.1263 1.7521 0.511056 -0.850607 -0.123306
-52.1074 82.6344 2.44543 0.515198 -0.849893 -0.109289
-52.7975 82.1598 3.00149 0.513188 -0.853218 -0.0930472
-53.5696 81.6378 3.52211 0.533821 -0.8429 -0.0674837
-54.5805 80.9361 4.23528 0.52504 -0.847531 -0.0761791
-55.3843 80.3632 5.03213 0.531025 -0.842786 -0.0878823
-55.9641 79.9303 5.66236 0.543072 -0.834881 -0.0897066
-56.7236 79.3291 6.67642 0.542532 -0.835439 -0.087756
-57.1698 78.9563 7.38149 0.567665 -0.816927 -0.100317
-57.6808 78.5122 8.19872 0.574104 -0.814493 -0.0837004
-58.1904 78.0366 9.11207 0.592282 -0.797241 -0.113873
-58.5569 77.6217 9.99395 0.592531 -0.794689 -0.131713
-58.8051 77.2957 10.8152 0.592685 -0.793888 -0.135893
-59.2541 76.7161 12.0356 0.605317 -0.779821 -0.159523
-59.6833 76.1439 13.1658 0.600354 -0.778196 -0.183089
-60.0395 75.6377 14.2437 0.574001 -0.798659 -0.180738
-60.3579 75.0816 15.4773 0.574326 -0.792094 -0.206241
-60.5579 74.7155 16.2867 0.564806 -0.794486 -0.223128
-60.7563 74.2494 17.4197 0.555363 -0.79723 -0.236129
-60.8317 73.8104 18.7696 0.528429 -0.818082 -0.226944
-60.8458 73.5486 19.6413 0.528286 -0.809317 -0.256749
-60.8392 73.2016 20.7488 0.536949 -0.805946 -0.248977
-60.6789 72.9413 21.8607 0.517922 -0.813319 -0.265083
-60.5019 72.6735 23.0356 0.503156 -0.820031 -0.272091
-60.3424 72.4796 23.9367 0.516867 -0.812704 -0.268998
-60.1272 72.2565 24.995 0.504788 -0.819648 -0.270373
-59.9175 72.0516 26.0587 0.494826 -0.827438 -0.265373
-59.7875 71.8125 26.9857 0.485926 -0.827662 -0.280525
-59.7841 71.5052 27.9293 0.47655 -0.832993 -0.281004
-59.7797 71.1962 28.8471 0.442139 -0.856115 -0.267545
-59.8218 70.8496 29.9045 0.43169 -0.859251 -0.274465
-59.9938 70.4849 30.7756 0.427362 -0.862702 -0.270295
-60.0793 70.0959 31.9225 0.412844 -0.876954 -0.245044
-60.0461 69.7972 32.9592 0.397415 -0.878043 -0.266648
-59.9444 69.5048 34.0793 0.388883 -0.884051 -0.259004
-59.5915 69.3741 35.1702 0.378389 -0.897884 -0.225003
-59.1359 69.323 35.9807 0.352833 -0.895584 -0.270997
-58.3221 69.3871 36.9093 0.36543 -0.902351 -0.228525
-57.4901 69.5135 37.6529 0.343445 -0.903964 -0.254743
-56.7986 69.5584 38.4196 0.33748 -0.905255 -0.258111
-56.122 69.6365 39.0343 0.338302 -0.907061 -0.250584
-55.2575 69.7548 39.6818 0.300245 -0.915175 -0.268902
-54.3815 69.8423 40.2692 0.253965 -0.932987 -0.255025
-53.3591 69.9315 40.9269 0.240433 -0.935675 -0.258272
-52.5407 69.96 41.4362 0.195286 -0.933158 -0.301085
-51.7543 69.9683 41.874 0.172036 -0.93737 -0.302822
-50.8385 70.01 42.2206 0.142556 -0.943342 -0.299638
-49.9512 70.097 42.3947 0.140856 -0.932811 -0.330998
-48.4963 70.2007 42.6117 0.109265 -0.930153 -0.350465
-47.2079 70.2808 42.7743 0.108453 -0.923922 -0.366465
-46.1727 70.4049 42.7343 0.0855708 -0.922486 -0.376427
-45.1436 70.581 42.5293 0.0788464 -0.924642 -0.372587
-44.2458 70.8215 42.0969 0.0667355 -0.924098 -0.376283
-43.453 71.1781 41.3617 0.0802106 -0.923506 -0.374858
-42.8071 71.4941 40.7023 0.0742026 -0.925856 -0.370518
-42.1527 71.9428 39.7232 0.0402285 -0.893423 -0.44718
-41.61 72.372 38.9479 0.0490297 -0.891164 -0.450965
-41.1547 72.8724 37.91 0.0146751 -0.905461 -0.424175
-40.8723 73.2833 37.0899 0.0184175 -0.877838 -0.476571
-40.6013 73.7947 36.2226 -0.0115271 -0.864535 -0.502441
-40.2226 74.477 35.035 -0.0122203 -0.8665 -0.499028
-39.5788 75.04 33.997 -0.0551413 -0.825895 -0.561051
-39.0286 75.4698 33.3247 -0.047603 -0.822856 -0.566252
-38.4178 75.9964 32.472 -0.0565126 -0.797469 -0.598367
-37.7281 76.4831 31.7346 -0.11717 -0.78509 -0.608199
-37.068 76.829 31.1477 -0.124597 -0.810484 -0.5715
-36.2857 77.2125 30.4823 -0.0939431 -0.810832 -0.57769
-35.6249 77.5798 29.8817 -0.0928663 -0.795948 -0.598166
-34.976 78.0322 29.1496 -0.107508 -0.809133 -0.577708
-34.2046 77.602 29.6079 -0.108094 -0.810221 -0.57601
-33.6383 78.0403 28.8933 -0.11126 -0.805408 -0.582185
-32.9446 78.6117 27.9721 -0.125169 -0.789764 -0.600505
-32.3774 79.0256 27.2724 -0.150055 -0.795395 -0.587223
-31.7624 79.6032 26.2906 -0.190508 -0.82007 -0.539292
-31.3088 79.9513 25.5713 -0.177435 -0.828593 -0.530703
-30.8653 80.3823 24.7956 -0.189063 -0.827249 -0.527334
-30.6324 80.8516 23.9189 -0.166223 -0.843501 -0.51072
-30.3108 81.3817 22.9128 -0.164692 -0.850445 -0.49962
-30.0766 81.8822 21.9961 -0.148647 -0.856936 -0.493523
-29.9451 82.3251 21.1874 -0.157365 -0.8593 -0.486528
-29.8519 82.7561 20.3715 -0.158747 -0.86966 -0.46743
-29.7858 83.2456 19.4383 -0.160739 -0.870014 -0.466082
-29.7354 83.6916 18.5564 -0.14236 -0.892543 -0.427902
-29.6477 84.0738 17.7299 -0.118601 -0.887526 -0.444269
-29.5405 84.5606 16.6473 -0.0533611 -0.924113 -0.378376
-29.317 85.1008 15.5778 0.00485845 -0.897914 -0.440144
-29.0018 85.677 14.5796 0.0308765 -0.852911 -0.521142
-28.8562 86.2152 13.6743 0.0731619 -0.872082 -0.48386
-28.6543 86.7582 12.9323 0.188538 -0.787637 -0.585765
-28.3199 87.3925 12.1603 0.215194 -0.784303 -0.581436
-28.0178 88.3053 11.1869 0.306273 -0.752127 -0.581115
-27.5709 88.9281 10.534 0.329953 -0.771816 -0.542833
-26.9642 89.6443 9.84107 0.344567 -0.81604 -0.464061
-26.3681 90.1515 9.36953 0.37093 -0.81135 -0.449894
-25.4685 90.9382 8.66705 0.380305 -0.822328 -0.423254
-24.7715 91.4584 8.15241 0.327003 -0.897527 -0.295829
-23.6654 92.0731 7.3762 0.262274 -0.935079 -0.231912
-22.9339 92.3587 6.90136 0.272584 -0.943575 -0.186919
-22.0002 92.5829 6.40633 0.143373 -0.986448 -0.0797843
-21.2604 92.7196 5.88843 0.102298 -0.991834 -0.0730464
-20.1401 92.8576 5.30102 0.0903998 -0.993919 -0.0628757
-19.3416 92.9319 4.861 0.0274934 -0.997897 -0.00840653
-18.5521 92.9121 4.35668 -0.030173 -0.997926 0.0459146
-17.5595 92.7466 3.42109 -0.0727988 -0.988493 0.132598
-16.9455 92.3964 2.71583 -0.345853 -0.891477 0.275832
-16.3978 91.9485 1.78473 -0.450463 -0.846799 0.28268
-16.07 91.4231 0.776618 -0.461795 -0.837066 0.293191
-16.1992 91.0868 -0.437972 -0.464612 -0.841247 0.276476
-16.6045 91.0151 -1.43695 -0.500842 -0.842147 0.199865
-17.2491 91.1964 -2.25842 -0.521093 -0.823602 0.223422
-17.8595 91.3668 -2.90428 -0.464161 -0.856933 0.2241
-18.6061 91.6612 -3.49559 -0.465126 -0.872572 0.14925
-19.6895 92.159 -3.96503 -0.422457 -0.896471 0.121108
-20.5898 92.5145 -4.11687 -0.379336 -0.920525 0.0934738
-22.2361 93.1699 -4.11815 -0.344034 -0.937468 0.052856
-23.1678 93.3533 -3.93366 0.57937 -0.70261 -0.413123
-24.3761 93.587 -3.57045 -0.0844647 -0.987787 -0.130881
-25.543 93.6187 -3.02184 -0.074554 -0.989719 -0.121137
-26.7084 93.4349 -2.3882 0.0736393 -0.984711 -0.157865
-27.6366 93.2184 -1.83847 0.103607 -0.972432 -0.206676
-28.5223 93.0424 -1.26917 0.121214 -0.976299 -0.175083
-29.4548 92.7415 -0.582374 0.166684 -0.964171 -0.206374
-30.3406 92.4527 -0.0583083 0.183285 -0.955565 -0.230366
-31.5644 91.9923 0.675479 0.22674 -0.933247 -0.278637
-32.3555 91.656 1.14143 0.26479 -0.907788 -0.324673
-33.2642 91.2855 1.39101 0.273301 -0.899602 -0.340621
-34.1871 90.9635 1.54438 0.259078 -0.896854 -0.358254
-35.3926 90.5002 1.61611 0.389835 -0.84851 -0.357831
-36.7015 90.0697 1.16504 0.41385 -0.839354 -0.352438
-37.4689 89.8931 0.373172 0.430019 -0.871353 -0.236281
-37.9436 89.8728 -0.712352 0.388368 -0.905479 -0.169609
-38.2022 89.9109 -1.63318 0.387962 -0.910299 -0.144289
-38.3293 89.9837 -2.73163 0.224509 -0.964953 -0.135873
-38.3126 90.1203 -4.08061 0.235843 -0.970696 -0.0461228
-38.256 90.1247 -5.19166 0.162317 -0.986634 0.0117626
-38.1179 90.0763 -6.63417 0.0847184 -0.991741 0.0960304
-38.0929 89.9901 -7.61096 0.0568558 -0.988993 0.128536
-38.0251 89.7811 -8.61959 0.036723 -0.972052 0.231874
-37.9778 89.3978 -10.1426 0.0878963 -0.955276 0.28235
-38.0965 89.0955 -10.9919 0.0751075 -0.91298 0.394825
-38.2435 88.6757 -11.7838 0.111558 -0.887237 0.447616
-38.7338 88.0819 -12.962 0.0480595 -0.907565 0.417152
-39.1332 87.5572 -13.6327 0.0358471 -0.806211 0.589649
-39.6796 87.0735 -14.3055 0.00890176 -0.812122 0.58342
-40.4423 86.7406 -14.7573 0.00341236 -0.813327 0.581767
-41.5243 86.4936 -15.0639 -0.00882276 -0.761522 0.64808
-42.4518 86.4395 -15.1397 -0.0191879 -0.750561 0.660523
-43.7104 86.607 -15.0346 -0.0578142 -0.758373 0.649082
-44.4598 86.9636 -14.6659 -0.0601623 -0.765458 0.640589
-45.2703 87.5221 -14.0399 -0.0633444 -0.826731 0.55902
-45.8636 87.9233 -13.5364 -0.0770212 -0.817994 0.570047
-46.4556 88.4222 -12.8572 -0.0517063 -0.879356 0.473349
-47.0616 89.0181 -11.8977 -0.111373 -0.88639 0.445923
-47.4243 89.5234 -10.8454 -0.0992497 -0.905587 0.411652
-47.6286 89.5674 -9.59337 -0.120546 -0.992395 0.012332
-47.5529 89.5956 -8.64977 0.236851 -0.971174 -0.0268933
-47.4172 89.4676 -7.47408 0.172479 -0.957393 -0.231625
-47.6518 89.1651 -6.34941 0.103881 -0.946103 -0.306754
-47.9095 88.9439 -5.42627 -0.00893793 -0.988561 -0.150556
-48.1754 88.5294 -4.33115 0.266602 -0.868127 -0.418664
-48.3557 88.0597 -3.47191 0.431691 -0.756969 -0.447438
-48.4479 87.335 -2.83517 0.55046 -0.55246 -0.625924
-48.7982 86.2538 -2.04088 0.658944 -0.637225 -0.39967
-49.2573 85.4354 -1.48566 0.648614 -0.687627 -0.3113
-49.908 84.6917 -0.95019 0.609635 -0.760154 -0.218881
-50.7356 83.95 -0.294023 0.560889 -0.806977 -0.18491
-51.3001 83.4778 0.229623 0.522685 -0.837622 -0.157123
-52.2653 82.7092 1.31962 0.518553 -0.843986 -0.137078
-53.1046 82.0778 2.09068 0.512895 -0.850737 -0.113413
-53.7648 81.629 2.52155 0.524328 -0.844792 -0.106801
-54.6664 80.9923 3.14039 0.517002 -0.850331 -0.0974168
-55.5173 80.4082 3.79145 0.532232 -0.842117 -0.08699
-56.0632 80.0025 4.38039 0.532235 -0.842126 -0.0868866
-56.7469 79.484 5.11036 0.539791 -0.836361 -0.0955303
-57.3372 79.0022 5.95234 0.546078 -0.831793 -0.0988209
-57.9843 78.4948 6.70619 0.555569 -0.825014 -0.102021
-58.3556 78.119 7.55779 0.556412 -0.822658 -0.116641
-58.7608 77.7261 8.37984 0.569843 -0.815538 -0.100879
-59.2573 77.2611 9.18729 0.579238 -0.801793 -0.146442
-59.5062 76.8799 10.2332 0.560295 -0.812805 -0.159235
-59.8359 76.4672 11.1421 0.561756 -0.81085 -0.16417
-60.3067 75.8821 12.3647 0.558577 -0.809748 -0.17972
-60.7058 75.348 13.4733 0.560715 -0.804243 -0.196958
-60.9657 74.9341 14.398 0.559279 -0.801963 -0.209909
-61.2326 74.5039 15.3326 0.563801 -0.797426 -0.214855
-61.5111 73.9622 16.6583 0.51392 -0.828501 -0.222069
-61.6829 73.5998 17.6348 0.508108 -0.832966 -0.219074
-61.6793 73.3569 18.5001 0.511593 -0.825267 -0.239181
-61.686 72.9941 19.6829 0.516182 -0.816144 -0.259663
-61.7885 72.6674 20.5186 0.520568 -0.813557 -0.259063
-61.5323 72.4417 21.7213 0.512907 -0.818617 -0.258189
-61.3719 72.2314 22.697 0.51438 -0.816744 -0.261426
-61.1267 71.9733 23.9659 0.514151 -0.814271 -0.269465
-60.9124 71.7844 25.0099 0.489093 -0.833375 -0.257437
-60.658 71.4753 26.492 0.484232 -0.833526 -0.265828
-60.6341 71.1967 27.3836 0.478799 -0.83423 -0.273518
-60.7182 70.8836 28.2629 0.463877 -0.849227 -0.252253
-60.6522 70.5759 29.4166 0.439133 -0.861998 -0.253222
-60.8652 70.2039 30.3049 0.416733 -0.868214 -0.269231
-61.0017 69.8697 31.1777 0.412843 -0.876956 -0.245038
-61.0865 69.5623 32.2191 0.394428 -0.883334 -0.252073
-60.9676 69.3412 33.1198 0.375097 -0.89126 -0.25487
-60.8861 69.0642 34.2124 0.380999 -0.893774 -0.236023
-60.6388 68.9087 35.28 0.377873 -0.898648 -0.222749
-60.1085 68.9028 36.1628 0.356445 -0.903378 -0.237774
-59.3442 68.9232 37.1884 0.346371 -0.910306 -0.226651
-58.5741 69.0471 37.8728 0.337246 -0.912782 -0.230145
-57.893 69.125 38.5177 0.329435 -0.917036 -0.224758
-57.0997 69.1883 39.4159 0.328893 -0.916961 -0.225859
-56.3236 69.3117 39.9817 0.314599 -0.918421 -0.239819
-55.4614 69.42 40.6528 0.296803 -0.923389 -0.243437
-54.3525 69.5515 41.3392 0.271613 -0.927865 -0.255203
-53.395 69.5981 41.9733 0.196822 -0.943583 -0.266294
-52.6017 69.6286 42.4515 0.181261 -0.941374 -0.283573
-51.7614 69.6472 42.8552 0.163822 -0.939822 -0.299829
-50.9074 69.6825 43.211 0.139594 -0.93562 -0.322506
-49.7829 69.748 43.4045 0.112608 -0.932903 -0.342069
-48.7596 69.8337 43.5065 0.108703 -0.932087 -0.345502
-47.0908 69.9394 43.7042 0.101139 -0.929368 -0.35503
-45.554 70.1077 43.599 0.0860219 -0.921179 -0.379513
-44.5397 70.2913 43.3487 0.0622275 -0.922362 -0.381283
-43.6758 70.5298 42.9128 0.0743098 -0.923882 -0.375146
-42.9254 70.8192 42.381 0.0936907 -0.922908 -0.373447
-42.3521 71.1122 41.7859 0.0777028 -0.933501 -0.350055
-41.7541 71.4306 41.0692 0.0778774 -0.934128 -0.348335
-41.3097 71.7514 40.3116 0.0782276 -0.933107 -0.350985
-40.7563 72.1643 39.5039 0.0318862 -0.916904 -0.397833
-40.3929 72.6004 38.5296 0.0475867 -0.910002 -0.411483
-39.9365 73.1968 37.3508 0.0458541 -0.897481 -0.438662
-39.5676 73.8044 36.2467 0.0538201 -0.876335 -0.478686
-39.2933 74.32 35.2544 -0.0105213 -0.884511 -0.466401
-38.5106 74.9197 34.0918 -0.0273359 -0.855488 -0.513634
-37.9513 75.4233 33.2971 -0.0499863 -0.83532 -0.547486
-37.4473 75.8503 32.5892 -0.055473 -0.828815 -0.556571
-36.8536 76.2245 31.994 -0.052665 -0.820876 -0.568673
-36.1347 76.5654 31.4073 -0.0723117 -0.82582 -0.559246
-35.3251 76.933 30.7501 -0.0814743 -0.829229 -0.552878
-34.5588 77.3646 30.001 -0.0872609 -0.807722 -0.58307
-34.3789 77.4852 29.807 -0.0960961 -0.811379 -0.57645
-22.7363 92.9721 1.05067 -0.0755571 -0.997089 0.0102635
-21.9056 92.9076 0.892293 -0.080564 -0.99338 -0.0523789
-22.6764 92.9671 0.99852 -0.0755571 -0.997089 0.0102636
