-47.522 84.3874 19.3097 0.244766 -0.955137 -0.15979
-46.9288 84.6458 18.435 0.193478 -0.973469 -0.117268
-46.4051 84.7793 17.7255 0.131734 -0.988699 -0.0715527
-46.0012 84.8066 18.091 0.102478 -0.985357 -0.122794
-46.4081 84.6005 19.0442 0.100019 -0.974856 -0.199127
-46.667 84.3636 20.2906 0.120604 -0.985174 -0.122016
-47.1853 84.0351 21.1027 0.285813 -0.899088 -0.331588
-47.9202 83.8477 20.9772 0.293276 -0.908688 -0.29454
-47.749 84.2224 19.8402 0.295395 -0.930157 -0.213151
-48.5485 84.0134 19.5916 0.336186 -0.932158 -0.134097
-48.7946 83.7261 20.4762 0.291426 -0.91062 -0.288325
-48.9943 83.3096 21.4107 0.313921 -0.888906 -0.333575
-49.0674 82.8881 22.4526 0.310612 -0.888632 -0.337421
-48.9463 82.5753 23.3106 0.318821 -0.845915 -0.421887
-48.3608 82.6451 23.5727 0.309124 -0.871445 -0.379214
-47.7579 83.1648 22.9337 0.322803 -0.878267 -0.350814
-47.0621 83.6418 22.2674 0.301395 -0.893144 -0.33371
-46.4007 84.1048 21.5196 0.228863 -0.909815 -0.346205
-45.9157 84.359 20.7405 0.0616234 -0.984532 -0.164011
-45.5536 84.5316 19.8403 0.0675548 -0.98365 -0.166811
-45.2749 84.7128 18.9473 0.0821646 -0.981414 -0.173423
-45.0526 84.9069 17.9379 0.0765917 -0.983352 -0.164778
-44.8817 85.0619 16.9561 0.133022 -0.989008 -0.0554188
-45.0136 85.0837 15.4443 0.124206 -0.991998 -0.0223183
-45.7785 84.9784 15.6946 0.13663 -0.990581 -0.00899833
-46.521 84.8621 16.4436 0.15901 -0.986118 -0.041852
-47.1415 84.716 17.1432 0.172999 -0.981953 -0.0744122
-47.7605 84.5151 18.1057 0.258147 -0.960375 -0.0748098
-48.2144 84.2474 18.8526 0.342486 -0.929115 -0.139462
-48.3001 84.1893 19.0294 0.342487 -0.929115 -0.139456
-49.0953 83.9484 18.6816 0.348794 -0.929221 -0.120361
-48.6172 84.2292 17.7811 0.355104 -0.929327 -0.101256
-48.1465 84.4602 16.9616 0.329036 -0.942025 -0.0657651
-47.6364 84.6773 16.2233 0.229547 -0.973115 0.00682666
-46.7066 84.8541 15.2871 0.147956 -0.988818 -0.013867
-45.9389 84.9628 14.6374 0.13534 -0.990793 -0.00342239
-45.0912 85.1063 13.9526 0.163348 -0.985349 -0.0490377
-43.9269 85.2864 13.051 0.0931558 -0.995239 -0.028676
-43.5288 85.3028 13.7848 0.093734 -0.995212 -0.027699
-43.7683 85.2416 15.2422 0.12277 -0.992256 -0.0188588
-43.9098 85.1979 16.429 0.102992 -0.992618 -0.0532422
-44.0449 85.0812 17.4832 0.11265 -0.978869 -0.170664
-44.2058 84.873 18.5713 0.11189 -0.978802 -0.171543
-44.4303 84.6767 19.5199 0.0778515 -0.980511 -0.18038
-44.7406 84.4767 20.5107 0.0734907 -0.982767 -0.169613
-45.3251 84.2126 21.5766 0.0684844 -0.969846 -0.233898
-45.9747 83.8542 22.4644 0.229669 -0.911479 -0.34126
-46.6241 83.4142 23.1717 0.240373 -0.903898 -0.35382
-47.2244 82.9864 23.773 0.318617 -0.855033 -0.409147
-48.0072 82.3118 24.538 0.322459 -0.843293 -0.429974
-48.6357 81.7469 25.0871 0.372474 -0.801616 -0.466952
-49.3285 81.4546 24.9949 0.401786 -0.788255 -0.465922
-49.6427 81.7568 24.1894 0.440671 -0.786732 -0.430052
-49.8879 82.1591 23.1703 0.456615 -0.784481 -0.419633
-49.9508 82.6634 21.8335 0.46324 -0.831108 -0.30768
-49.8273 83.0366 21.0153 0.467703 -0.824761 -0.317841
-49.5646 83.5791 19.9151 0.463994 -0.862959 -0.181403
-49.2454 83.8441 19.0358 0.376139 -0.916985 -0.123097
-49.1585 83.9055 18.8119 0.336181 -0.932158 -0.134108
-49.9159 83.6531 18.3731 0.399439 -0.901459 -0.166794
-49.4131 83.9661 17.3787 0.368451 -0.925446 -0.0870648
-48.923 84.2464 16.4521 0.319272 -0.942801 -0.0958729
-48.2159 84.5273 15.4774 0.246368 -0.96917 0.00349307
-47.5172 84.688 14.7588 0.217989 -0.975777 -0.00631811
-46.507 84.8867 13.8863 0.140667 -0.989777 -0.0173929
-45.4388 85.0921 12.9922 0.170899 -0.984315 -0.0437837
-44.5897 85.2451 12.2909 0.0986095 -0.994821 -0.0246314
-43.7081 85.344 11.8288 0.101611 -0.99333 -0.0487582
-42.6559 85.4248 12.242 0.0560854 -0.997042 -0.0406492
-42.5318 85.3741 13.2425 0.0254821 -0.998229 -0.0537614
-42.7501 85.3413 14.6599 0.0767093 -0.996708 0.0262618
-42.9531 85.2941 16.2761 0.0838291 -0.994426 -0.0572343
-43.1052 85.1733 17.5333 0.0867801 -0.992793 -0.0823865
-43.3024 84.9369 18.7907 0.111129 -0.978735 -0.172421
-43.4992 84.7344 19.7645 0.1135 -0.975059 -0.190606
-43.7967 84.5082 20.7193 0.0900935 -0.978404 -0.184535
-44.3053 84.2558 21.739 0.0734577 -0.971652 -0.224716
-44.9649 83.9617 22.6796 0.0858054 -0.957753 -0.274492
-45.5254 83.6077 23.351 0.18303 -0.886595 -0.424794
-46.3807 82.9889 24.2488 0.200865 -0.883655 -0.422856
-47.0002 82.4824 24.8664 0.241703 -0.830764 -0.501409
-47.6305 81.9417 25.4791 0.233598 -0.848756 -0.47439
-48.2756 81.3077 26.0794 0.374086 -0.77066 -0.51589
-48.9799 80.498 26.7446 0.388156 -0.753691 -0.530364
-49.7307 80.1472 26.6983 0.362256 -0.777951 -0.513383
-50.0783 80.6505 25.6797 0.403814 -0.776662 -0.483457
-50.3436 80.9812 24.8626 0.519283 -0.735174 -0.430352
-50.5415 81.3564 23.9053 0.473709 -0.771175 -0.424712
-50.7465 81.694 23.0935 0.504826 -0.80202 -0.318041
-50.826 82.0419 22.0477 0.52709 -0.793571 -0.304009
-50.7407 82.4722 21.1099 0.49784 -0.811971 -0.304727
-50.4821 82.995 20.009 0.477256 -0.841705 -0.252505
-50.2318 83.3562 19.2215 0.410919 -0.900114 -0.142119
-50.0797 83.5037 18.7889 0.399437 -0.901459 -0.166798
-50.8099 83.2423 18.254 0.461422 -0.871586 -0.165612
-50.4607 83.5366 17.4334 0.374976 -0.924073 -0.074044
-49.9779 83.8544 16.4193 0.380901 -0.914849 -0.134038
-49.459 84.1521 15.5578 0.321046 -0.943577 -0.0811865
-48.8009 84.3722 14.6988 0.250417 -0.968119 0.00617222
-48.1472 84.5228 14.063 0.271681 -0.962128 0.0223541
-47.2753 84.7844 13.2884 0.224837 -0.971531 -0.0391294
-46.3551 84.9539 12.5232 0.166295 -0.985922 -0.0173973
-45.2954 85.1845 11.5977 0.201967 -0.979242 -0.0169007
-44.5657 85.3091 11.0726 0.0875973 -0.994416 -0.052435
-43.3133 85.4124 10.5779 0.129165 -0.988358 -0.0483551
-42.5544 85.5031 11.055 0.155869 -0.985926 -0.0604612
-41.7735 85.5372 11.6304 0.0761965 -0.993223 -0.0877641
-41.2416 85.5217 12.3164 0.0994247 -0.993568 -0.0520325
-41.6441 85.4042 13.4709 0.109392 -0.991067 -0.0752165
-41.8035 85.3778 14.5718 -0.0370474 -0.999311 0.00230902
-41.9553 85.3637 15.9725 0.019059 -0.999302 -0.0321161
-42.1156 85.2905 17.1517 0.044912 -0.99443 -0.0884869
-42.3505 85.0597 18.7304 0.101694 -0.97724 -0.185098
-42.5528 84.8077 19.9179 0.0954952 -0.97653 -0.192722
-42.8094 84.5804 20.8983 0.10503 -0.974465 -0.198462
-43.2069 84.3467 21.7666 0.0968181 -0.97178 -0.215105
-43.9428 83.9741 22.8508 0.0692976 -0.94082 -0.33096
-44.5875 83.5661 23.6656 0.0765916 -0.88022 -0.468345
-45.179 83.1449 24.3404 0.0833997 -0.867854 -0.489768
-45.8156 82.6802 25.0023 0.114494 -0.845039 -0.522303
-46.4194 82.193 25.6258 0.237655 -0.839759 -0.487899
-47.0682 81.6669 26.2579 0.235892 -0.8525 -0.466474
-47.8662 80.872 27.0222 0.283771 -0.793604 -0.538206
-48.495 80.1347 27.6163 0.388339 -0.753912 -0.529914
-49.081 79.337 28.4045 0.367964 -0.779644 -0.506702
-49.5623 78.7075 28.939 0.397558 -0.736906 -0.546439
-50.0759 78.839 28.3881 0.397557 -0.736902 -0.546445
-50.4064 79.3917 27.3241 0.513226 -0.715066 -0.474409
-50.709 79.8905 26.2101 0.517757 -0.719388 -0.463043
-50.979 80.2421 25.2186 0.553639 -0.720463 -0.416892
-51.2155 80.5695 24.4091 0.571036 -0.685852 -0.451018
-51.4441 80.9316 23.5238 0.586346 -0.70859 -0.391385
-51.6002 81.2955 22.5009 0.582127 -0.742195 -0.332078
-51.6441 81.649 21.6425 0.596248 -0.720938 -0.353182
-51.5304 82.1974 20.5355 0.50163 -0.812423 -0.297214
-51.2808 82.6799 19.5496 0.483522 -0.84314 -0.23442
-51.0011 83.0465 18.7513 0.475613 -0.858075 -0.190976
-50.9846 83.0642 18.7048 0.461425 -0.871584 -0.165615
-51.7089 82.7746 18.2105 0.475607 -0.858079 -0.190978
-52.0409 82.2755 19.172 0.606716 -0.769374 -0.1999
-52.2707 81.8032 20.0673 0.627059 -0.739512 -0.244784
-52.3812 81.3763 20.9168 0.606253 -0.724987 -0.326881
-52.385 80.8002 22.1991 0.59267 -0.739101 -0.320112
-52.264 80.4709 23.103 0.633141 -0.67096 -0.384048
-52.0383 80.1035 24.0431 0.609387 -0.682739 -0.403027
-51.8123 79.7388 24.9553 0.560152 -0.707206 -0.43138
-51.5723 79.451 25.8226 0.578546 -0.711637 -0.398547
-51.3665 79.1328 26.6564 0.545025 -0.711966 -0.441223
-51.1558 78.7464 27.4767 0.513774 -0.702417 -0.49252
-50.7958 77.9716 28.8747 0.499134 -0.683644 -0.532444
-50.6195 77.508 29.6773 0.406795 -0.684517 -0.604941
-50.2697 76.8194 30.7958 0.347461 -0.781982 -0.517439
-49.8627 76.4773 31.5757 0.33789 -0.78121 -0.524851
-49.3712 77.3771 30.6407 0.389502 -0.707992 -0.588719
-49.0475 78.1622 29.9446 0.385177 -0.690145 -0.612649
-48.6505 78.8093 29.384 0.302272 -0.737193 -0.6043
-48.0803 79.6255 28.6233 0.271883 -0.768869 -0.578723
-47.5779 80.2392 28.0612 0.293075 -0.763859 -0.574554
-46.9605 80.886 27.4789 0.283696 -0.793504 -0.538394
-46.3429 81.5074 26.8884 0.21654 -0.800213 -0.554926
-45.5284 82.1236 26.0221 0.130121 -0.868542 -0.47823
-44.85 82.6144 25.3205 0.122665 -0.856063 -0.501486
-44.0503 83.2024 24.4484 0.0975304 -0.8669 -0.488849
-43.2128 83.8247 23.4278 0.0842021 -0.905674 -0.411093
-42.5191 84.2402 22.488 0.0436131 -0.934308 -0.35244
-42.0699 84.459 21.723 0.0515882 -0.971567 -0.231077
-41.7024 84.7357 20.6279 0.0468062 -0.975398 -0.215294
-41.4928 84.9984 19.4071 0.0858584 -0.977603 -0.19208
-41.3502 85.1358 18.5264 -0.0449371 -0.9905 -0.129966
-41.1701 85.265 17.3696 -0.00377125 -0.987592 -0.147223
-41.0321 85.3728 16.3238 0.0784499 -0.995075 -0.0605999
-40.8951 85.386 15.2368 0.0471187 -0.997956 0.0431611
-40.7655 85.4362 14.1946 0.0907285 -0.990589 -0.100165
-40.482 85.5566 13.1024 0.0994198 -0.993568 -0.0520403
-39.7909 85.7117 12.5443 0.267208 -0.963159 -0.0304137
-39.998 85.6732 11.7492 0.167717 -0.984422 -0.0527708
-40.5323 85.6236 11.043 0.062363 -0.99644 -0.0467451
-41.5702 85.6609 10.4871 0.0478366 -0.985208 -0.164548
-42.3499 85.6313 9.95503 0.158903 -0.982738 -0.0947373
-43.1579 85.5327 9.4128 0.186367 -0.979518 -0.0762286
-44.1884 85.3366 9.46176 0.177759 -0.977006 -0.0472733
-45.1439 85.197 10.2415 0.191786 -0.979625 0.0596038
-46.2236 85.0012 11.1315 0.208747 -0.977421 0.0108131
-47.0299 84.852 11.8304 0.16602 -0.98598 -0.016741
-48.0548 84.5901 12.7133 0.283094 -0.957201 -0.0602055
-48.9171 84.2988 13.4648 0.25547 -0.966398 0.0273729
-49.5528 84.1544 14.1087 0.255067 -0.966285 0.0351426
-50.1669 83.8713 14.9901 0.472584 -0.880445 -0.0347703
-50.6779 83.5525 15.8306 0.467617 -0.882407 -0.0518856
-51.0919 83.299 16.7388 0.442985 -0.891901 -0.0780192
-51.6201 82.852 17.9954 0.465585 -0.877828 -0.111646
-51.6859 82.7984 18.1493 0.467879 -0.873008 -0.13374
-52.3897 82.404 17.6577 0.584317 -0.791757 -0.172381
-52.0296 82.8252 16.6498 0.511866 -0.846772 -0.129203
-51.6604 83.062 15.8389 0.452289 -0.89185 -0.00625657
-51.1359 83.3473 14.8617 0.460921 -0.887126 -0.02364
-50.5557 83.662 13.9677 0.452949 -0.891003 -0.00723491
-50.0401 83.9411 13.2357 0.418071 -0.907214 0.00694177
-49.2638 84.1878 12.5144 0.289886 -0.955915 -0.0093243
-48.4777 84.4782 11.827 0.32844 -0.944499 -0.00695755
-47.8108 84.6979 11.2404 0.307395 -0.951409 0.018114
-47.0314 84.8721 10.5651 0.154909 -0.987727 0.000450405
-46.0403 85.0024 9.7705 0.131198 -0.990681 -0.0147348
-45.2702 85.2225 9.03399 0.151029 -0.974674 -0.164135
-44.5256 85.4447 8.42003 0.171003 -0.972352 -0.15878
-43.7549 85.656 8.00603 0.178294 -0.970321 -0.163363
-42.839 85.7519 8.40877 0.191408 -0.963363 -0.1856
-41.9837 85.8107 9.05253 0.218838 -0.950703 -0.218454
-41.1201 85.861 9.61107 0.191523 -0.949624 -0.247215
-39.942 85.9303 10.1796 0.16832 -0.956325 -0.238892
-39.0476 85.9965 10.6448 0.340797 -0.911473 -0.213183
-38.9622 85.8635 11.7513 0.30547 -0.933633 -0.186292
-39.0945 85.6502 12.9187 -0.165646 -0.785813 0.263886
-39.5322 85.5887 13.6703 0.1006 -0.978017 -0.171285
-39.7663 85.468 14.5625 0.0748474 -0.990753 -0.113148
-39.9641 85.4504 15.7054 0.0230475 -0.998876 0.0311408
-40.1264 85.4023 16.7883 0.0108613 -0.995511 -0.0865332
-40.2687 85.2404 17.7106 0.0506262 -0.982502 -0.179241
-40.4398 85.0541 18.9069 -0.019015 -0.994222 -0.105649
-40.5654 84.9414 19.833 -0.0205734 -0.989774 -0.14115
-40.7359 84.7254 20.8676 0.0447869 -0.973937 -0.222355
-41.2271 84.3256 22.2413 -0.00100737 -0.946184 -0.323626
-41.8628 83.9868 23.1964 0.0132782 -0.937489 -0.34776
-42.6587 83.4768 24.1942 0.0850553 -0.877174 -0.472579
-43.4132 82.9171 25.0856 0.0933807 -0.8698 -0.484438
-44.0528 82.4505 25.7901 0.100332 -0.868975 -0.484578
-44.8475 81.8624 26.6436 0.106718 -0.854691 -0.508017
-45.7337 81.1409 27.5652 0.149387 -0.806912 -0.571469
-46.5891 80.3265 28.4293 0.221391 -0.75967 -0.607686
-47.2492 79.5671 29.0913 0.270413 -0.761665 -0.588718
-47.8934 78.6677 29.9354 0.285601 -0.745828 -0.601508
-48.3756 77.7943 30.7093 0.28194 -0.739037 -0.61103
-48.717 77.1325 31.4043 0.335384 -0.737822 -0.581661
-49.0805 76.3714 32.211 0.325061 -0.774134 -0.543187
-49.5988 75.6449 32.9759 0.29127 -0.794559 -0.532656
-50.6412 75.5681 32.4103 0.381189 -0.788524 -0.482622
-51.1008 75.9864 31.419 0.386355 -0.735783 -0.556194
-51.3148 76.5682 30.421 0.455985 -0.741172 -0.492688
-51.4384 77.016 29.5891 0.511719 -0.720071 -0.466128
-51.6038 77.4635 28.7922 0.531166 -0.686927 -0.495978
-51.7948 77.9141 27.9572 0.535688 -0.68594 -0.492463
-52.0106 78.3513 27.0862 0.571811 -0.70591 -0.417999
-52.2058 78.7029 26.2282 0.577376 -0.70544 -0.41094
-52.5157 79.0852 25.0699 0.616717 -0.684188 -0.389222
-52.7442 79.4484 24.0896 0.613127 -0.683961 -0.3953
-52.927 79.7357 23.2453 0.658418 -0.66275 -0.35672
-53.1071 80.1728 22.051 0.664056 -0.675914 -0.319452
-53.1319 80.5359 21.2111 0.67073 -0.672468 -0.312895
-53.084 81.0104 20.2841 0.670003 -0.691485 -0.267076
-52.8359 81.6252 19.1121 0.667061 -0.709694 -0.226498
-52.5816 82.0965 18.2431 0.60173 -0.771199 -0.207782
-52.466 82.2817 17.8904 0.601728 -0.771199 -0.207786
-53.0836 81.9473 17.1715 0.668932 -0.725943 -0.154789
-52.691 82.4247 16.0677 0.584412 -0.807653 -0.0641015
-52.2142 82.787 15.006 0.513412 -0.855028 -0.013726
-51.6364 83.1324 13.9596 0.449275 -0.891628 -0.0561392
-51.0667 83.4432 13.1164 0.431462 -0.89998 -0.0568774
-50.4341 83.7509 12.3343 0.368099 -0.929786 -0.000987204
-49.7833 84.0024 11.7018 0.359329 -0.933044 0.01767
-49.0596 84.2693 11.0815 0.355145 -0.934037 -0.0163973
-48.3641 84.5145 10.4839 0.302116 -0.953217 -0.00238859
-47.6916 84.7314 9.90676 0.306535 -0.951353 -0.0310553
-46.6755 84.9601 9.03476 0.166754 -0.974979 -0.117865
-46.064 85.2272 8.37695 0.176334 -0.966555 -0.181938
-45.2069 85.4869 7.6838 0.135866 -0.971006 -0.196694
-44.4864 85.6973 7.157 0.139747 -0.965808 -0.217509
-43.5477 85.9165 6.84308 0.1524 -0.958056 -0.242699
-42.7094 85.9947 7.29832 0.22361 -0.959516 -0.171255
-41.8397 86.0548 8.03456 0.220491 -0.954742 -0.199497
-40.8743 86.151 8.68302 0.218838 -0.950703 -0.218454
-39.9645 86.2327 9.17279 0.279513 -0.89284 -0.353143
-39.0258 86.3887 9.54912 0.295428 -0.890105 -0.347037
-38.1484 86.5715 9.92803 0.308989 -0.902693 -0.299452
-37.9153 86.3162 10.9068 0.247847 -0.933059 -0.238516
-38.1507 86.0467 12.1636 0.305462 -0.933635 -0.186298
-38.4556 85.6806 13.3788 -0.069162 -0.758522 0.234539
-38.7093 85.5846 14.2606 0.0813877 -0.99081 -0.107765
-38.9674 85.443 15.4227 0.0421224 -0.995445 -0.040909
-39.1117 85.4446 16.337 0.00647873 -0.999247 -0.0282372
-39.2356 85.3416 17.3004 0.00268715 -0.992494 -0.122267
-39.4261 85.1489 18.4633 0.0531304 -0.98358 -0.172476
-39.5494 84.9891 19.351 -0.0377767 -0.986672 -0.156551
-39.6545 84.8356 20.2624 -0.0554705 -0.978688 -0.196169
-39.8609 84.565 21.4491 -0.024898 -0.953877 -0.294955
-40.3335 84.1609 22.5985 -0.0367554 -0.940069 -0.338906
-40.9427 83.7753 23.4923 -0.0561321 -0.879865 -0.471897
-41.6606 83.3932 24.3883 -0.088978 -0.899773 -0.42719
-42.2666 82.9964 25.1479 0.0586433 -0.849365 -0.522019
-42.8893 82.4977 25.8516 0.0265927 -0.836162 -0.547633
-43.5374 82.0459 26.5361 0.0227719 -0.844049 -0.535782
-44.1524 81.5808 27.195 0.0417175 -0.82204 -0.567899
-44.9238 80.9375 28.008 0.0628296 -0.792835 -0.60619
-45.7686 80.1253 28.8599 0.114104 -0.736858 -0.666348
-46.4951 79.3512 29.6342 0.156079 -0.752263 -0.636999
-46.9689 78.6827 30.2365 0.213337 -0.74463 -0.632251
-47.4261 77.9512 30.9724 0.25217 -0.736831 -0.625619
-47.7876 77.2827 31.629 0.249535 -0.747147 -0.616039
-48.1165 76.5296 32.403 0.249618 -0.742372 -0.621751
-48.629 75.7035 33.3571 0.217831 -0.796906 -0.563085
-49.1464 75.0119 34.1161 0.236515 -0.805266 -0.54369
-50.3551 74.7401 33.8798 0.304462 -0.808627 -0.503414
-51.2398 74.8492 33.1172 0.381519 -0.790924 -0.478416
-51.7526 75.112 32.2788 0.380799 -0.788939 -0.482253
-52.0451 75.6521 31.1288 0.416715 -0.77025 -0.482767
-52.1562 76.1631 30.2517 0.474129 -0.747194 -0.464481
-52.2854 76.6148 29.326 0.482851 -0.757184 -0.439786
-52.5103 77.1729 28.2118 0.541527 -0.683189 -0.4899
-52.6989 77.6786 27.2615 0.594799 -0.705012 -0.385335
-52.8969 78.0265 26.3142 0.631138 -0.670166 -0.390567
-53.2358 78.4818 24.9898 0.624513 -0.678176 -0.387201
-53.4971 78.8713 23.7945 0.659223 -0.660545 -0.359313
-53.6765 79.1637 22.9224 0.659205 -0.661876 -0.356887
-53.8405 79.7153 21.5002 0.64524 -0.69717 -0.312441
-53.8265 80.1852 20.4398 0.692165 -0.658802 -0.294765
-53.6538 80.8115 19.2352 0.661884 -0.715719 -0.22249
-53.4393 81.2647 18.4314 0.669256 -0.712109 -0.211919
-53.2454 81.6403 17.7417 0.676151 -0.711548 -0.1911
-53.9707 81.0393 17.4457 0.652243 -0.734391 -0.187746
-53.6836 81.5262 16.4508 0.647776 -0.747519 -0.14391
-53.2632 82.1049 15.2727 0.571768 -0.811731 -0.0982669
-52.9129 82.3916 14.465 0.515155 -0.855241 -0.056382
-52.5185 82.6793 13.7033 0.514513 -0.855522 -0.057918
-51.7731 83.161 12.5655 0.41669 -0.907126 -0.049197
-51.0026 83.5267 11.5552 0.388974 -0.920885 -0.00928487
-50.2678 83.8275 10.865 0.350956 -0.935032 -0.050452
-49.5836 84.1162 10.2751 0.330481 -0.942881 -0.0237365
-48.6185 84.455 9.47341 0.30408 -0.951599 -0.0446655
-47.9445 84.6888 8.90347 0.296037 -0.954432 -0.0376999
-47.1387 84.9953 8.1469 0.26725 -0.957756 -0.100033
-46.1421 85.363 7.19673 0.25523 -0.958697 -0.125525
-45.2386 85.7024 6.49584 0.282149 -0.950577 -0.129593
-44.5425 85.9804 5.97231 0.211267 -0.956023 -0.182981
-43.7292 86.2695 5.47477 0.232685 -0.956307 -0.177016
-42.9265 86.2907 5.9103 0.174526 -0.94276 -0.284157
-42.1342 86.3215 6.60766 0.281076 -0.922249 -0.265198
-41.4405 86.3834 7.21673 0.335316 -0.907702 -0.252269
-40.712 86.4827 7.76426 0.320967 -0.904734 -0.280065
-39.5981 86.6548 8.39569 0.290132 -0.901208 -0.319942
-38.7043 86.8032 8.77118 0.320179 -0.873027 -0.367843
-37.6852 87.025 9.17109 0.341536 -0.869099 -0.357799
-36.7494 86.985 10.1136 0.276314 -0.898852 -0.33907
-37.0604 86.409 11.4319 0.24784 -0.933061 -0.23852
-37.2981 86.1258 12.4261 0.105666 -0.954409 -0.279174
-37.5954 85.8496 13.4131 0.0886212 -0.968202 -0.233894
-37.7913 85.615 14.3151 0.0601991 -0.973718 -0.219656
-37.9648 85.4561 15.3511 -0.0270713 -0.993027 -0.114707
-38.1486 85.4014 16.287 -0.0637053 -0.997876 -0.0135869
-38.3303 85.2603 17.6347 -0.0651316 -0.989464 -0.1293
-38.4955 85.0952 18.7534 -0.0117618 -0.980243 -0.197445
-38.6053 84.9137 19.6453 -0.0131446 -0.979087 -0.203016
-38.7415 84.6322 20.8155 -0.113666 -0.961172 -0.251453
-39.0168 84.2803 21.9851 -0.109161 -0.923239 -0.368372
-39.387 83.9769 22.8226 -0.121205 -0.873427 -0.47163
-40.1324 83.465 23.9251 -0.0914213 -0.868675 -0.486873
-40.7073 83.1613 24.6022 -0.127321 -0.877586 -0.462203
-41.5231 82.6727 25.5992 -0.0973318 -0.828648 -0.551244
-42.3095 82.1057 26.4935 0.0223813 -0.844137 -0.535661
-43.092 81.4965 27.3582 -0.0105531 -0.801941 -0.59731
-43.7278 81.0014 28.0087 -0.0172321 -0.764236 -0.644674
-44.4776 80.3393 28.7886 0.0545763 -0.760747 -0.646372
-45.0358 79.7564 29.3933 0.0893573 -0.742217 -0.663688
-45.6014 79.166 29.9975 0.0963112 -0.770872 -0.629667
-46.1188 78.5589 30.6461 0.124346 -0.73882 -0.661672
-46.5567 77.8486 31.3249 0.152303 -0.730277 -0.665958
-47.0432 77.0706 32.1834 0.142707 -0.779665 -0.609709
-47.2904 76.3954 32.8874 0.24049 -0.739541 -0.628684
-47.8123 75.5806 33.8457 0.194872 -0.799526 -0.56765
-48.3584 74.785 34.7857 0.179338 -0.812362 -0.554306
-49.4418 74.1686 35.294 0.245155 -0.83643 -0.490166
-50.4017 74.1367 34.8422 0.283743 -0.830692 -0.478758
-51.1762 74.2087 34.2817 0.294301 -0.822172 -0.487002
-52.1034 74.345 33.3521 0.353017 -0.835908 -0.420283
-52.7479 74.6231 32.2255 0.416359 -0.788875 -0.452019
-52.8963 75.01 31.3954 0.462471 -0.775985 -0.427524
-52.9719 75.4437 30.5859 0.47892 -0.75442 -0.448871
-53.0511 75.8944 29.7419 0.47925 -0.754852 -0.447792
-53.2453 76.4477 28.5705 0.478473 -0.765203 -0.43073
-53.4417 76.9316 27.4429 0.59088 -0.696809 -0.406527
-53.5771 77.3297 26.5154 0.605761 -0.713058 -0.352594
-53.7827 77.6435 25.5406 0.623646 -0.681429 -0.382663
-54.0541 78.0005 24.4404 0.638164 -0.686156 -0.349194
-54.2614 78.3436 23.3771 0.650829 -0.681711 -0.334112
-54.4731 78.7263 22.2542 0.673341 -0.647447 -0.356966
-54.5623 79.0441 21.395 0.688387 -0.666662 -0.285319
-54.5709 79.436 20.4 0.68152 -0.680296 -0.269681
-54.4837 79.9159 19.5005 0.691845 -0.658512 -0.296162
-54.2964 80.4289 18.5971 0.654843 -0.722599 -0.221433
-54.1057 80.7974 17.9232 0.652247 -0.734387 -0.187747
-54.8319 80.243 17.6184 0.649086 -0.727389 -0.220131
-55.0692 79.6987 18.5214 0.695153 -0.680644 -0.23127
-55.2684 79.0041 19.7686 0.669677 -0.694587 -0.262834
-55.274 78.5219 20.8767 0.692111 -0.656043 -0.300924
-55.1827 78.0751 22.0847 0.686897 -0.669893 -0.281037
-54.9586 77.6976 23.3371 0.650828 -0.681708 -0.334119
-54.706 77.2566 24.7135 0.636451 -0.688674 -0.347103
-54.4483 76.937 25.755 0.616864 -0.700684 -0.358084
-54.2687 76.6026 26.7448 0.625872 -0.695793 -0.352358
-54.1553 76.2012 27.6768 0.601502 -0.696175 -0.391228
-54.0149 75.8653 28.5237 0.57354 -0.731343 -0.369038
-53.9019 75.4554 29.4962 0.566819 -0.727532 -0.386541
-53.8241 75.0009 30.4208 0.479088 -0.754632 -0.448335
-53.7394 74.4808 31.5088 0.44602 -0.797554 -0.40617
-53.5111 73.9029 32.8667 0.408519 -0.820988 -0.398862
-52.9759 73.8177 33.5902 0.399822 -0.821457 -0.406469
-52.3763 73.7648 34.2703 0.350184 -0.82763 -0.43571
-51.4699 73.632 35.0823 0.29836 -0.829938 -0.471363
-50.5076 73.5922 35.7555 0.265312 -0.837834 -0.476453
-49.3296 73.6493 36.2392 0.241306 -0.837267 -0.490669
-48.3938 73.889 36.2193 0.187327 -0.846314 -0.49866
-47.7372 74.3865 35.6216 0.184907 -0.837223 -0.514327
-47.3225 74.9503 34.89 0.185447 -0.825396 -0.533227
-46.8519 75.6483 34.0536 0.182374 -0.790046 -0.585293
-46.4659 76.2127 33.3947 0.12121 -0.778672 -0.615014
-46.2233 76.8218 32.6943 0.148789 -0.773513 -0.616068
-45.7096 77.6864 31.7087 0.106131 -0.787278 -0.606146
-45.2889 78.3163 31.0436 0.0963876 -0.747363 -0.657387
-44.7699 78.9137 30.4126 0.0618694 -0.767456 -0.637636
-43.9263 79.787 29.4481 0.0121092 -0.747899 -0.66268
-43.1682 80.4674 28.6268 -0.0172289 -0.764234 -0.644676
-42.2749 81.1605 27.795 -0.0112015 -0.781939 -0.622426
-41.3506 81.7963 26.8376 -0.0461076 -0.807061 -0.588533
-40.7353 82.2807 26.0446 -0.100026 -0.82596 -0.554783
-40.1773 82.6842 25.3432 -0.108584 -0.828269 -0.549613
-39.4973 83.0416 24.5625 -0.111243 -0.867612 -0.484639
-38.9352 83.3768 23.8248 -0.114632 -0.876297 -0.467935
-38.4429 83.7739 22.9604 -0.117495 -0.876143 -0.467505
-38.0265 84.1064 22.115 -0.12 -0.921736 -0.368786
-37.8054 84.4529 21.1317 -0.0953106 -0.950577 -0.294256
-37.6814 84.7631 20.0514 -0.0684105 -0.962158 -0.262936
-37.5694 85.0377 18.8987 -0.104576 -0.97521 -0.19263
-37.3613 85.2077 17.5641 -0.0615986 -0.989625 -0.129802
-37.1972 85.3319 16.2685 -0.0337659 -0.992385 -0.113544
-36.9846 85.4391 15.3401 0.0452745 -0.980163 -0.176114
-36.7897 85.764 14.0942 0.0922341 -0.968047 -0.233158
-36.5556 85.9863 13.2487 0.0749928 -0.97083 -0.227146
-36.3229 86.3107 12.268 0.174297 -0.941491 -0.28847
-36.1109 86.6989 11.4423 0.25194 -0.874659 -0.414122
-35.8837 87.1252 10.5017 0.287506 -0.904573 -0.314783
-35.6639 87.5015 9.63625 0.267963 -0.890757 -0.367042
-35.8953 87.7703 8.82319 0.286614 -0.881725 -0.374309
-36.8673 87.5959 8.53101 0.27741 -0.891705 -0.357312
-38.0256 87.3181 8.13986 0.33026 -0.870906 -0.363769
-39.0159 87.1237 7.73993 0.341592 -0.868802 -0.357625
-40.2452 86.8784 7.06405 0.365406 -0.867912 -0.336273
-41.3817 86.7414 6.13457 0.349985 -0.886603 -0.3024
-42.137 86.6959 5.46389 0.329325 -0.890099 -0.31507
-42.8148 86.6892 4.78661 0.343809 -0.882991 -0.319549
-43.4339 86.6818 4.13305 0.314192 -0.89874 -0.303318
-44.2672 86.3323 4.42807 0.257206 -0.935732 -0.232659
-45.0044 86.015 5.10614 0.252591 -0.951578 -0.175204
-46.0325 85.5476 5.90293 0.279939 -0.944799 -0.166171
-47.0187 85.1807 6.71045 0.269391 -0.957329 -0.104637
-48.027 84.76 7.66193 0.293667 -0.952214 -0.0834846
-49.0465 84.3621 8.6259 0.33339 -0.93903 -0.0812926
-49.709 84.0808 9.16682 0.348953 -0.937128 -0.00484894
-50.6082 83.7055 9.89775 0.387355 -0.921594 -0.0249172
-51.2642 83.4264 10.5026 0.406575 -0.91317 -0.0135043
-52.1222 83.0081 11.4312 0.456767 -0.888682 -0.0121752
-52.6702 82.6756 12.2414 0.505466 -0.861182 -0.0535696
-53.1431 82.3548 12.9756 0.51033 -0.858349 -0.052241
-53.5408 82.0577 13.8147 0.554351 -0.829222 -0.0518037
-53.932 81.6451 14.7587 0.620753 -0.774562 -0.121272
-54.2465 81.2426 15.6081 0.627182 -0.760512 -0.16788
-54.5192 80.8353 16.4666 0.620525 -0.766325 -0.16642
-54.7123 80.4647 17.2023 0.623944 -0.749808 -0.220187
-55.3917 79.9645 16.7852 0.696596 -0.692429 -0.18787
-55.162 80.4211 15.8575 0.664242 -0.733213 -0.143396
-54.8915 80.8074 15.0197 0.646047 -0.751922 -0.131288
-54.5815 81.2111 14.2331 0.632329 -0.763908 -0.127511
-54.164 81.6256 13.2748 0.593092 -0.803699 -0.0478727
-53.8231 81.9252 12.4921 0.589891 -0.806214 -0.0452537
-53.3882 82.2882 11.6938 0.547681 -0.833695 -0.0494263
-52.794 82.6289 10.8291 0.508718 -0.860813 0.0143483
-52.1412 83.0062 10.0626 0.44865 -0.893707 -3.29403e-05
-51.3361 83.4015 9.29518 0.42383 -0.905485 0.0108606
-50.5921 83.7284 8.66573 0.417586 -0.908421 -0.00737666
-49.7373 84.149 8.00949 0.428778 -0.903265 -0.014259
-48.8884 84.5054 7.17603 0.33416 -0.941797 -0.0368066
-47.9691 84.9082 6.30263 0.350098 -0.934074 -0.0702658
-47.2052 85.2484 5.63057 0.311342 -0.945969 -0.0906005
-46.3165 85.6308 4.91607 0.329507 -0.924121 -0.192135
-45.599 85.9736 4.34006 0.267949 -0.954442 -0.131244
-44.7692 86.3982 3.49145 0.341263 -0.91046 -0.233671
-44.0805 86.8801 2.8301 0.384197 -0.868577 -0.312996
-43.2254 87.2157 2.90849 0.345204 -0.87854 -0.330153
-42.499 87.175 3.78401 0.343815 -0.882991 -0.319544
-41.8828 87.1472 4.51562 0.336981 -0.882874 -0.32699
-41.0097 87.1801 5.35887 0.381906 -0.85866 -0.341811
-39.9316 87.3187 6.24037 0.373614 -0.870088 -0.32141
-38.7135 87.5636 6.96003 0.365405 -0.867912 -0.336273
-37.6655 87.754 7.39792 0.310613 -0.879128 -0.36146
-36.6788 87.97 7.71299 0.283997 -0.895032 -0.343895
-35.5348 88.2925 7.96865 0.326134 -0.857397 -0.398129
-34.6216 88.5556 8.145 0.327837 -0.849308 -0.413705
-34.4446 88.1286 9.16318 0.327446 -0.83938 -0.433268
-34.7493 87.624 10.0785 0.302262 -0.875013 -0.378141
-35.0046 87.2687 10.872 0.248835 -0.889974 -0.3759
-35.2238 86.8019 11.6975 0.213265 -0.876379 -0.431763
-35.448 86.2969 12.6492 0.205139 -0.888826 -0.409763
-35.7176 85.913 13.7855 0.0588709 -0.972649 -0.224695
-35.9624 85.6432 14.8459 0.0434647 -0.972262 -0.22982
-36.1871 85.3727 15.9148 0.0452782 -0.980164 -0.176104
-36.3239 85.2607 16.8173 -0.0121719 -0.991494 -0.129584
-36.5015 85.0609 18.072 -0.0606119 -0.980048 -0.182972
-36.6463 84.8194 19.4169 -0.105203 -0.96909 -0.223149
-36.7305 84.5072 20.546 -0.110481 -0.943817 -0.311454
-36.8497 84.2077 21.4686 -0.124241 -0.92326 -0.363531
-37.2101 83.7008 22.7325 -0.141521 -0.883619 -0.446307
-37.7511 83.3091 23.654 -0.120355 -0.875989 -0.467075
-38.2985 82.9297 24.4342 -0.164919 -0.839748 -0.516192
-38.8251 82.6386 25.1139 -0.183766 -0.824886 -0.533827
-39.6322 82.1663 26.016 -0.108584 -0.828263 -0.549622
-40.4839 81.5147 27.0369 -0.118494 -0.769331 -0.627765
-41.2294 80.9473 27.8937 -0.114735 -0.767587 -0.630455
-42.1958 80.2245 28.8569 -0.0456683 -0.752493 -0.656983
-43.0156 79.5372 29.6955 -0.0344232 -0.751192 -0.659186
-43.5918 78.9678 30.3823 -0.00917917 -0.753951 -0.656867
-44.1061 78.4663 30.9651 -0.0182705 -0.732346 -0.679894
-44.5646 77.9174 31.6077 0.0992571 -0.749732 -0.654255
-45.0779 77.1881 32.4326 0.0676561 -0.793256 -0.605117
-45.4494 76.5017 33.2583 0.0793405 -0.771103 -0.6295
-45.8287 75.7466 34.1347 0.11892 -0.800948 -0.586643
-46.2565 75.2016 34.8025 0.11549 -0.823494 -0.554615
-46.6841 74.5069 35.7599 0.155482 -0.822034 -0.547801
-47.131 73.9633 36.5091 0.149237 -0.840638 -0.520631
-47.9867 73.4356 37.1782 0.144616 -0.880462 -0.451523
-49.3742 73.1404 37.1406 0.188919 -0.883506 -0.428628
-50.5819 73.0894 36.71 0.190261 -0.885467 -0.423969
-51.3444 73.0792 36.1974 0.292183 -0.862194 -0.413824
-52.1019 73.0883 35.6441 0.293257 -0.864359 -0.408476
-52.9576 73.2205 34.8369 0.350182 -0.827632 -0.435708
-53.6687 73.216 34.093 0.430613 -0.815937 -0.385771
-54.2632 73.3272 33.2046 0.425124 -0.817052 -0.389463
-54.5237 73.6096 32.3264 0.478923 -0.791807 -0.37825
-54.6044 74.0682 31.2377 0.51365 -0.765182 -0.388149
-54.6476 74.621 30.0375 0.529701 -0.767776 -0.360468
-54.7687 75.2464 28.5884 0.564274 -0.735459 -0.375094
-54.8951 75.6982 27.4779 0.569774 -0.747677 -0.341082
-55.0645 76.1127 26.3251 0.604584 -0.709075 -0.362892
-55.2577 76.4037 25.4125 0.61056 -0.71763 -0.334998
-55.4441 76.6584 24.547 0.636452 -0.688675 -0.347101
-55.666 76.9826 23.4637 0.631578 -0.697097 -0.339358
-55.815 77.2707 22.5734 0.639382 -0.71118 -0.290119
-55.9342 77.6362 21.294 0.686895 -0.669894 -0.281039
-56.0164 78.0573 20.1888 0.697901 -0.650664 -0.299284
-55.981 78.4626 19.3299 0.697802 -0.666992 -0.260748
-55.8268 78.9351 18.4881 0.690279 -0.677012 -0.255277
-55.5643 79.6073 17.4108 0.678047 -0.694912 -0.238525
-55.4024 79.9416 16.8305 0.696597 -0.692429 -0.187872
-56.0248 79.4709 16.2631 0.69128 -0.697829 -0.187526
-55.7903 79.9461 15.2665 0.687654 -0.712674 -0.138051
-55.5203 80.3511 14.4258 0.669946 -0.734667 -0.106948
-55.0555 80.9296 13.3387 0.654216 -0.752151 -0.0675883
-54.6581 81.3003 12.406 0.635846 -0.770507 -0.0439599
-54.3042 81.6063 11.6197 0.603564 -0.796935 -0.0238789
-53.8404 81.9457 10.824 0.561883 -0.827016 -0.0182446
-52.9968 82.5158 9.65031 0.52518 -0.850947 -0.00864364
-52.2113 82.9645 8.82628 0.448914 -0.892674 0.0338028
-51.4356 83.324 8.15147 0.464447 -0.884076 0.00162899
-50.7556 83.6672 7.63514 0.429704 -0.902945 -0.00665552
-49.9905 84.0474 6.95665 0.439286 -0.897523 -0.0360754
-49.2896 84.4077 6.25455 0.384201 -0.922551 -0.0359067
-48.6206 84.7192 5.6119 0.372266 -0.921599 -0.109053
-47.7705 85.1321 4.90197 0.337939 -0.935758 -0.0964722
-47.0583 85.5042 4.29818 0.356405 -0.910552 -0.209452
-46.25 85.8926 3.6203 0.263748 -0.955651 -0.13103
-45.6125 86.2196 3.00807 0.324418 -0.907566 -0.266602
-45.0561 86.6378 2.42439 0.351184 -0.863637 -0.361664
-44.5167 87.1023 1.84384 0.358489 -0.851852 -0.381239
-43.9883 87.6856 1.09573 0.333441 -0.858823 -0.387249
-43.3853 88.0031 0.843797 0.306738 -0.863198 -0.399945
-42.7862 87.7864 1.92027 0.374547 -0.862847 -0.339425
-42.1588 87.6686 2.89721 0.373488 -0.860682 -0.346024
-41.5448 87.6329 3.64347 0.37071 -0.857118 -0.357663
-40.8801 87.6371 4.35265 0.384948 -0.853974 -0.350062
-39.9948 87.7152 5.14171 0.379205 -0.858725 -0.344665
-39.0052 87.8616 5.81984 0.35985 -0.868647 -0.339955
-37.7317 88.1053 6.47466 0.310579 -0.881634 -0.355335
-36.6314 88.3653 6.87643 0.340694 -0.860403 -0.378991
-35.7118 88.6328 7.09076 0.33142 -0.856438 -0.395778
-34.6705 88.9883 7.22677 0.345343 -0.841598 -0.415272
-33.6672 89.3587 7.25996 0.309619 -0.856778 -0.411915
-32.4557 89.8028 7.20245 0.297105 -0.867878 -0.398141
-32.6145 89.4693 7.79826 0.287117 -0.865796 -0.409831
-33.0851 88.9238 8.62042 0.307638 -0.860374 -0.40577
-33.4299 88.445 9.30028 0.320599 -0.83178 -0.453166
-33.7568 87.9405 10.1064 0.268136 -0.890865 -0.366691
-34.1751 87.2052 11.4114 0.200366 -0.873707 -0.443272
-34.4212 86.6677 12.3597 0.198255 -0.868252 -0.45461
-34.6057 86.2317 13.1636 0.148166 -0.890147 -0.430913
-34.8365 85.8727 14.1294 0.0470611 -0.969681 -0.239801
-35.0299 85.6503 15.0341 0.0809724 -0.981567 -0.171318
-35.203 85.4663 15.9082 0.100804 -0.977407 -0.185782
-35.393 85.2396 16.958 0.0363743 -0.987691 -0.152132
-35.5451 85.0804 17.9005 -0.0297105 -0.97699 -0.210647
-35.6361 84.8616 18.896 -0.0420106 -0.970774 -0.235605
-35.6995 84.6243 19.813 -0.0735446 -0.967711 -0.238457
-35.7789 84.2822 20.8459 -0.145938 -0.934084 -0.325867
-35.9007 83.8639 22.0214 -0.122671 -0.923753 -0.362812
-36.1882 83.47 22.8774 -0.131544 -0.884149 -0.448283
-36.8331 83.0176 23.9085 -0.158793 -0.846718 -0.507564
-37.4199 82.6284 24.7012 -0.131981 -0.844035 -0.519793
-38.0704 82.2273 25.4811 -0.157891 -0.797515 -0.582265
-38.8986 81.6864 26.4819 -0.200756 -0.787427 -0.582799
-39.5127 81.2514 27.16 -0.148019 -0.77138 -0.618514
-40.0741 80.8321 27.8138 -0.121019 -0.778676 -0.615644
-40.6971 80.3591 28.4936 -0.116788 -0.756476 -0.643509
-41.3664 79.8594 29.1897 -0.10901 -0.744022 -0.659203
-41.9626 79.4188 29.7755 -0.0399708 -0.753947 -0.65568
-42.4787 78.9031 30.3975 -0.0757369 -0.730609 -0.678583
-43.0462 78.3064 31.0855 -0.0475143 -0.711911 -0.700365
-43.6176 77.6979 31.8049 -0.0801219 -0.781866 -0.618277
-44.1122 77.0929 32.6224 -0.0134287 -0.765762 -0.640591
-44.6159 76.2442 33.6157 0.0404072 -0.796665 -0.602257
-45.134 75.4621 34.6493 0.0611963 -0.806428 -0.588157
-45.5543 74.786 35.5627 0.0387742 -0.82507 -0.563698
-45.8779 74.2719 36.3277 0.0690065 -0.839236 -0.537586
-46.27 73.7664 37.0116 0.107542 -0.850876 -0.512412
-46.8215 73.3533 37.6484 0.112692 -0.871649 -0.476936
-47.6243 73.0254 38.0665 0.10905 -0.8832 -0.456142
-48.5898 72.7996 38.1721 0.178434 -0.875045 -0.449953
-49.9168 72.6461 37.9306 0.178859 -0.893388 -0.412149
-50.777 72.6223 37.5837 0.250323 -0.888221 -0.384174
-51.6158 72.5972 37.0258 0.267352 -0.893077 -0.361852
-52.4715 72.613 36.3844 0.29325 -0.864365 -0.408468
-53.4427 72.688 35.5043 0.35822 -0.84963 -0.382413
-54.2101 72.6414 34.7284 0.383698 -0.851613 -0.355884
-54.9771 72.6801 33.7905 0.435247 -0.817018 -0.377766
-55.2944 72.93 32.8834 0.413213 -0.828637 -0.377644
-55.4095 73.2614 31.9085 0.459314 -0.819994 -0.340434
-55.455 73.9023 30.4164 0.489537 -0.790042 -0.368372
-55.4806 74.3563 29.4061 0.526649 -0.781202 -0.335209
-55.587 74.8813 28.1259 0.556433 -0.751115 -0.354323
-55.6816 75.1948 27.2559 0.570328 -0.751055 -0.332629
-55.8378 75.5312 26.2318 0.574428 -0.749394 -0.329303
-56.0821 75.8929 24.9954 0.617012 -0.714361 -0.330128
-56.3319 76.228 23.8033 0.617014 -0.714364 -0.330117
-56.4834 76.4962 22.9163 0.634452 -0.704155 -0.31861
-56.6258 76.831 21.8088 0.635353 -0.726979 -0.260421
-56.693 77.1135 20.8638 0.633463 -0.727846 -0.262612
-56.7324 77.4194 19.9451 0.636001 -0.724288 -0.266271
-56.6997 77.8068 19.0983 0.655106 -0.693835 -0.299046
-56.5051 78.4136 18.044 0.679058 -0.686586 -0.259768
-56.291 78.9359 17.1967 0.703399 -0.679025 -0.210131
-56.1603 79.1978 16.7801 0.691284 -0.697825 -0.187529
-56.8439 78.621 16.3871 0.693567 -0.68984 -0.20754
-57.1734 77.9408 17.5188 0.693572 -0.687909 -0.213868
-57.363 77.4502 18.3645 0.676869 -0.691909 -0.251218
-57.4629 77.0296 19.2478 0.636398 -0.724792 -0.263951
-57.4556 76.5825 20.4949 0.633481 -0.729186 -0.258748
-57.3864 76.2372 21.6367 0.62717 -0.73358 -0.261758
-57.2852 75.9698 22.5088 0.635242 -0.709994 -0.303935
-57.1129 75.6412 23.5911 0.627293 -0.711251 -0.317214
-56.8836 75.3566 24.7098 0.582152 -0.755376 -0.300842
-56.7096 75.1282 25.5944 0.585287 -0.743848 -0.322691
-56.5259 74.8468 26.5837 0.577011 -0.752165 -0.318283
-56.4022 74.4479 27.7076 0.569434 -0.751682 -0.332744
-56.3084 74.0716 28.7883 0.524995 -0.787489 -0.322394
-56.3045 73.7181 29.6325 0.512343 -0.791287 -0.33372
-56.2766 73.2428 30.7596 0.495242 -0.799727 -0.33867
-56.2675 72.8118 31.8563 0.480724 -0.816825 -0.318907
-56.1796 72.496 32.7976 0.468784 -0.828913 -0.304376
-56.0019 72.2289 33.6868 0.397573 -0.842716 -0.362995
-55.2494 72.1192 34.8551 0.417938 -0.847762 -0.326539
-54.5269 72.149 35.6056 0.356674 -0.863752 -0.355973
-53.775 72.1626 36.3603 0.358221 -0.84963 -0.382411
-52.771 72.1728 37.2025 0.322761 -0.880946 -0.346063
-51.9133 72.1717 37.8562 0.269556 -0.892091 -0.362639
-51.153 72.1694 38.3519 0.2333 -0.883367 -0.40649
-50.1425 72.2083 38.7879 0.181223 -0.895434 -0.406641
-49.0368 72.3024 39.0283 0.151942 -0.894713 -0.420003
-48.1337 72.4255 39.0928 0.154455 -0.900623 -0.405935
-46.7392 72.7739 38.7896 0.122856 -0.888652 -0.44182
-45.9035 73.197 38.1082 0.0868961 -0.879471 -0.467952
-45.371 73.6414 37.4164 0.064972 -0.87028 -0.487826
-44.9698 74.0969 36.6731 0.0532584 -0.856629 -0.513176
-44.5796 74.6097 35.8632 0.0230029 -0.838303 -0.544506
-44.113 75.3548 34.8359 0.0185551 -0.772308 -0.634977
-43.7392 75.9099 34.0819 -0.0508441 -0.795251 -0.604144
-43.342 76.6574 33.07 -0.0580894 -0.781824 -0.620487
-42.7834 77.3397 32.1564 -0.0769386 -0.785217 -0.614423
-42.2593 77.9206 31.4266 -0.0176433 -0.768054 -0.640142
-41.7255 78.4418 30.8101 -0.0813083 -0.730719 -0.677796
-41.1279 79.0264 30.1024 -0.0868701 -0.730832 -0.677007
-40.2149 79.7 29.1791 -0.106423 -0.74813 -0.65493
-39.6123 80.1791 28.5163 -0.110462 -0.755569 -0.645688
-38.7219 80.823 27.5323 -0.142098 -0.785603 -0.602193
-38.1685 81.1898 26.9185 -0.155304 -0.786403 -0.59782
-37.6137 81.5534 26.2784 -0.15613 -0.796624 -0.583964
-37.025 81.9248 25.6097 -0.159647 -0.798409 -0.580565
-36.4583 82.283 24.9425 -0.174482 -0.794927 -0.581074
-35.6903 82.8029 23.8625 -0.205173 -0.845296 -0.493335
-35.2851 83.1768 23.0594 -0.199855 -0.839512 -0.50525
-34.9217 83.7603 21.946 -0.194792 -0.840238 -0.505993
-34.8256 84.052 21.0791 -0.12976 -0.936619 -0.325435
-34.7911 84.352 20.2034 -0.138804 -0.929858 -0.340318
-34.6895 84.7837 19.0399 -0.086449 -0.946062 -0.304008
-34.5275 85.096 17.6898 -0.0240383 -0.973459 -0.227596
-34.3295 85.3876 16.5247 0.0121943 -0.970405 -0.241176
-34.1397 85.6474 15.399 0.0261589 -0.982108 -0.181485
-33.9393 85.8452 14.4167 0.0909411 -0.9522 -0.284311
-33.6982 86.252 13.4338 0.172157 -0.876474 -0.448427
-33.4215 86.9278 12.2988 0.198256 -0.868252 -0.45461
-33.2223 87.3758 11.5246 0.235668 -0.859522 -0.453522
-32.9282 87.9502 10.596 0.238917 -0.855536 -0.459322
-32.5608 88.536 9.69228 0.258755 -0.855433 -0.448643
-31.9878 89.2805 8.57362 0.256718 -0.864624 -0.43188
-31.5504 89.7543 7.90033 0.264244 -0.860743 -0.435083
-31.0313 90.2423 7.23097 0.271858 -0.864457 -0.422856
-30.578 90.6911 6.60213 0.285981 -0.87124 -0.398831
-29.6102 91.3287 5.9087 0.278978 -0.868902 -0.408877
-30.5885 91.119 5.67607 0.292674 -0.86678 -0.403776
-31.7097 90.5749 6.05801 0.286343 -0.874097 -0.392311
-32.701 90.1479 6.26707 0.295251 -0.870182 -0.394447
-33.5758 89.8082 6.34077 0.313782 -0.871345 -0.377224
-34.6676 89.4038 6.3458 0.340536 -0.859601 -0.380614
-35.5272 89.0994 6.23424 0.34985 -0.852185 -0.389084
-36.729 88.7171 5.99086 0.351608 -0.853027 -0.385617
-37.5988 88.526 5.63116 0.347292 -0.854726 -0.385788
-38.5473 88.3368 5.14708 0.371264 -0.849669 -0.374466
-39.6089 88.1826 4.41397 0.380332 -0.853536 -0.356123
-40.5581 88.118 3.53838 0.388166 -0.851709 -0.352021
-41.2423 88.1284 2.75607 0.386671 -0.853059 -0.350393
-42.0544 88.244 1.54825 0.358155 -0.874824 -0.326204
-42.508 88.4696 0.528221 0.341214 -0.856262 -0.387801
-42.9234 88.7683 -0.550818 0.26175 -0.924866 -0.275879
-43.2885 88.9546 -1.50354 0.223799 -0.9344 -0.277148
-43.2029 89.3092 -2.55261 0.213367 -0.926522 -0.309888
-43.7433 88.8581 -1.54536 0.230366 -0.929912 -0.286437
-44.1252 88.4233 -0.593072 0.337398 -0.871476 -0.351206
-44.7927 87.5907 0.552007 0.372094 -0.839194 -0.396592
-45.2323 87.1031 1.17888 0.352811 -0.852378 -0.38525
-45.883 86.5173 1.92389 0.33617 -0.857624 -0.389192
-46.8119 85.8966 2.84576 0.328462 -0.927761 -0.177124
-47.6035 85.4763 3.4944 0.355991 -0.91057 -0.210078
-48.4216 84.9736 4.18429 0.374502 -0.910102 -0.17738
-49.2683 84.5313 4.93311 0.384057 -0.916393 -0.112803
-49.9973 84.1038 5.67158 0.460706 -0.884921 -0.0611661
-50.7117 83.7075 6.3754 0.461481 -0.886614 -0.0308276
-51.3629 83.3846 6.91751 0.429542 -0.902966 -0.0120761
-52.1474 82.9787 7.51817 0.471407 -0.880513 -0.0497185
-52.958 82.5447 8.24079 0.49125 -0.869365 0.0274022
-53.581 82.162 8.97965 0.525101 -0.851017 -0.00339727
-54.0914 81.8136 9.67433 0.56062 -0.827384 -0.0337839
-54.5812 81.4513 10.42 0.561251 -0.8272 -0.0260113
-55.0717 81.0255 11.3576 0.607712 -0.793238 -0.0357633
-55.3856 80.7187 12.1544 0.63474 -0.770891 -0.0532203
-55.8592 80.2074 13.2451 0.660971 -0.743288 -0.102198
-56.2324 79.7496 14.1408 0.652842 -0.744073 -0.14196
-56.5699 79.154 15.3743 0.702027 -0.69073 -0.173349
-56.7596 78.7858 16.1168 0.682466 -0.705308 -0.190287
-57.4637 78.1674 15.811 0.694523 -0.689926 -0.204059
-57.1193 78.8496 14.4902 0.670401 -0.720697 -0.176518
-56.8599 79.3037 13.5561 0.665917 -0.734779 -0.124291
-56.4641 79.7745 12.6664 0.64174 -0.758155 -0.11563
-56.1191 80.1711 11.8764 0.640684 -0.76157 -0.0976449
-55.718 80.5676 10.7643 0.602262 -0.797165 -0.0425256
-55.1904 81.0093 9.88389 0.604986 -0.795969 -0.0206186
-54.6917 81.3956 9.03752 0.592006 -0.805807 -0.0142693
-53.9214 81.9206 7.9476 0.550828 -0.834119 0.028879
-53.3253 82.3139 7.29472 0.50763 -0.861499 0.0114787
-52.316 82.9209 6.47128 0.481492 -0.87545 -0.0118032
-51.2887 83.4336 5.65561 0.452832 -0.888944 -0.0459912
-50.6831 83.8066 5.09282 0.459931 -0.883226 -0.0915132
-49.9128 84.2805 4.293 0.436941 -0.892396 -0.109337
-49.2658 84.7024 3.63294 0.446122 -0.882021 -0.151704
-48.4929 85.1993 2.97904 0.412875 -0.884838 -0.215594
-47.8008 85.6989 2.36885 0.354511 -0.888029 -0.280689
-47.063 86.1275 1.75608 0.308817 -0.884029 -0.345798
-46.4098 86.6739 1.0885 0.371665 -0.868958 -0.326006
-45.7883 87.2493 0.335672 0.388554 -0.846846 -0.361945
-45.3781 87.7481 -0.326621 0.387746 -0.835581 -0.389175
-44.9777 88.2503 -1.00591 0.358376 -0.780704 -0.496635
-44.665 88.8672 -1.98269 0.15099 -0.869362 -0.470545
-44.3409 89.199 -2.77897 0.0537062 -0.941098 -0.333842
-44.0143 89.5127 -3.83895 0.152679 -0.95907 -0.227818
-43.8147 89.8541 -5.15203 0.187219 -0.967953 -0.167381
-43.6315 90.1639 -6.35269 0.147822 -0.947842 -0.282389
-43.6013 90.2644 -7.26491 -0.0770344 -0.996466 0.0334847
-43.5057 90.2947 -8.20401 -0.0410186 -0.994585 -0.0954843
-43.424 90.2829 -9.29315 0.0297909 -0.992086 0.115919
-43.3997 90.1157 -10.3247 0.0258369 -0.986451 0.162008
-43.3649 89.8368 -11.7166 -0.12927 -0.985957 0.105728
-42.8676 89.4991 -12.6605 -0.150404 -0.922058 0.346269
-41.9952 89.4304 -12.4645 -0.150394 -0.922061 0.346264
-41.7057 89.7798 -11.4835 -0.0419146 -0.931402 0.361572
-41.623 90.081 -10.4916 -0.00924977 -0.955659 0.294329
-41.634 90.3372 -9.3727 0.0264474 -0.992897 0.0817916
-41.7295 90.3439 -8.33845 0.0363367 -0.99614 -0.0452262
-41.9395 90.3131 -7.10934 0.162768 -0.985786 0.0416188
-42.1914 90.1953 -5.58044 0.159078 -0.985298 -0.0326193
-42.393 90.0128 -4.63917 0.154518 -0.973658 -0.167674
-42.4519 89.8283 -3.62219 0.190564 -0.958627 -0.204539
-42.2949 89.5506 -2.64975 0.216243 -0.926435 -0.308152
-42.1488 89.2794 -1.61651 0.240662 -0.936302 -0.255576
-41.9602 89.0148 -0.504898 0.255808 -0.931183 -0.259458
-41.6179 88.8495 0.472489 0.301703 -0.894236 -0.318639
-41.1285 88.658 1.49419 0.390022 -0.867168 -0.309681
-40.5919 88.6181 2.2818 0.388347 -0.860112 -0.330041
-39.7062 88.6293 3.24238 0.389973 -0.848508 -0.357651
-38.6775 88.7198 4.13038 0.378634 -0.852163 -0.361125
-37.6662 88.9177 4.70253 0.372358 -0.851209 -0.36982
-36.6919 89.1097 5.148 0.348884 -0.855278 -0.383089
-35.5215 89.4988 5.36082 0.352101 -0.855488 -0.379677
-34.6007 89.814 5.45061 0.328999 -0.867568 -0.372942
-33.4873 90.242 5.41883 0.319801 -0.865982 -0.384451
-32.3081 90.7338 5.24725 0.296658 -0.873402 -0.386215
-31.444 91.144 4.96849 0.299118 -0.878066 -0.373534
-30.5168 91.5942 4.59706 0.276084 -0.90095 -0.334764
-29.6279 92.038 4.13195 0.263124 -0.90257 -0.340546
-28.7958 92.4111 3.63273 0.21074 -0.932349 -0.293791
-27.7645 92.9025 2.84861 0.211113 -0.944325 -0.245772
-27.0039 93.1747 2.23915 0.179946 -0.959893 -0.214244
-26.1756 93.4211 1.60955 0.0841408 -0.970681 -0.225163
-25.3967 93.6061 1.10799 0.100173 -0.9666 -0.235636
-24.5642 93.8112 0.666083 0.0884903 -0.975633 -0.194106
-23.764 93.9141 0.224586 0.0317597 -0.987443 -0.15475
-23.006 94.0089 -0.343796 -0.0848256 -0.992371 -0.0823242
-22.195 93.9559 -0.823548 -0.0752321 -0.995261 -0.0616121
-21.222 93.89 -1.1282 -0.13638 -0.987837 -0.0722095
-19.8337 93.7016 -0.961258 -0.127747 -0.990261 -0.0553541
-19.038 93.487 -0.571549 -0.255181 -0.958823 0.0736207
-19.1093 93.5732 0.26802 -0.120762 -0.992681 0.00129708
-19.799 93.6891 0.862131 -0.116871 -0.984476 0.130948
-20.712 93.769 1.39877 -0.0304779 -0.998922 -0.0350079
-21.8117 93.7688 1.97543 0.0369585 -0.997444 -0.0424614
-22.7563 93.6781 2.43229 0.0798809 -0.996265 -0.032801
-23.7418 93.3997 3.00727 0.155604 -0.970071 -0.186412
-24.8485 93.1555 3.63688 0.0751944 -0.986556 -0.145099
-25.6856 93.0133 4.1035 0.160766 -0.962786 -0.202606
-26.9003 92.5291 4.89718 0.233164 -0.935738 -0.262634
-27.6977 92.0592 5.50001 0.27363 -0.908663 -0.314532
-28.3726 91.6981 6.01759 0.301105 -0.891702 -0.332721
-28.933 91.249 6.56163 0.345639 -0.849411 -0.396252
-29.7161 90.6594 7.22662 0.274284 -0.863017 -0.424221
-30.5167 89.9484 8.13788 0.262746 -0.858557 -0.440245
-31.2956 89.1481 9.25251 0.240763 -0.847501 -0.471272
-31.8143 88.3872 10.3365 0.226579 -0.845415 -0.483668
-32.1096 87.8878 11.1222 0.199985 -0.849968 -0.485865
-32.4039 87.2401 12.1108 0.158452 -0.851728 -0.499451
-32.7377 86.4095 13.504 0.171399 -0.86828 -0.465401
-32.9725 85.9113 14.5434 0.0928211 -0.937324 -0.33587
-33.2565 85.6016 15.6782 0.0718459 -0.973929 -0.215175
-33.4343 85.3688 16.6149 0.00220817 -0.961864 -0.273356
-33.5855 85.1177 17.5005 -0.0154023 -0.965891 -0.257824
-33.7165 84.8202 18.6072 -0.0902107 -0.957196 -0.275023
-33.7619 84.4613 19.5919 -0.112516 -0.927644 -0.356089
-33.8356 84.0981 20.5517 -0.122216 -0.931386 -0.342363
-33.9063 83.6823 21.5905 -0.214515 -0.884831 -0.413591
-34.1183 83.2249 22.5337 -0.197342 -0.843723 -0.499063
-34.5401 82.7129 23.5682 -0.157259 -0.852709 -0.497768
-35.077 82.2427 24.5706 -0.193236 -0.820981 -0.534868
-35.6048 81.8494 25.2795 -0.178559 -0.795322 -0.579275
-36.2314 81.4482 26.0237 -0.178838 -0.797608 -0.576054
-36.9517 81.0427 26.7756 -0.205966 -0.772098 -0.601201
-37.8726 80.4362 27.7937 -0.189579 -0.737692 -0.647974
-38.6988 79.842 28.6709 -0.166148 -0.708494 -0.68588
-39.4309 79.2739 29.4344 -0.180132 -0.721536 -0.668001
-40.1552 78.7625 30.2297 -0.175456 -0.758185 -0.626798
-40.7722 78.2123 30.9541 -0.073689 -0.747052 -0.660669
-41.3533 77.6999 31.6665 -0.0481731 -0.774404 -0.630002
-41.8156 77.1738 32.3264 -0.0263606 -0.773902 -0.632757
-42.2914 76.5793 33.0913 -0.0432599 -0.792861 -0.607865
-42.6569 75.9612 33.9235 -0.0456833 -0.792713 -0.607876
-42.9748 75.4616 34.658 -0.0243968 -0.785484 -0.618401
-43.4067 74.8347 35.5773 0.0211864 -0.846847 -0.531414
-43.8476 74.2059 36.5762 0.0321987 -0.864632 -0.501373
-44.2222 73.7491 37.3311 0.0498034 -0.866012 -0.497179
-44.6944 73.2863 38.1289 0.047685 -0.875654 -0.480578
-45.4332 72.7894 38.9588 0.0614377 -0.888569 -0.453354
-46.1367 72.4573 39.5502 0.0751958 -0.905027 -0.418655
-47.3903 72.1363 39.9962 0.122884 -0.908892 -0.39834
-48.4445 71.9717 40.018 0.144952 -0.905927 -0.397627
-49.9649 71.8315 39.7533 0.147085 -0.911885 -0.383185
-51.254 71.7428 39.3088 0.186279 -0.90305 -0.386274
-52.1921 71.7324 38.7646 0.235368 -0.89836 -0.370879
-53.2668 71.7269 37.9193 0.292989 -0.897604 -0.329255
-54.0323 71.7153 37.2515 0.309874 -0.896132 -0.317268
-55.0796 71.6851 36.273 0.321666 -0.890069 -0.322967
-55.7729 71.6175 35.5613 0.396767 -0.869758 -0.293421
-56.7107 71.6264 34.336 0.386875 -0.868424 -0.310106
-57.055 71.9264 33.0707 0.442224 -0.847045 -0.294417
-57.0957 72.2313 32.1424 0.43682 -0.854909 -0.278979
-57.1248 72.5501 31.2595 0.459016 -0.826596 -0.325643
-57.1082 72.9715 30.2085 0.498471 -0.803435 -0.325605
-57.1127 73.4171 29.053 0.501225 -0.811816 -0.299547
-57.1808 73.8318 27.8657 0.539144 -0.786499 -0.301235
-57.3067 74.1508 26.8106 0.546467 -0.778232 -0.306441
-57.4675 74.5621 25.5477 0.576779 -0.752766 -0.317284
-57.6616 74.7883 24.6139 0.58119 -0.761713 -0.285881
-57.8577 75.0007 23.6835 0.589637 -0.751976 -0.29472
-57.9979 75.2446 22.8033 0.575091 -0.761135 -0.299668
-58.1114 75.5671 21.7225 0.604647 -0.738082 -0.296405
-58.1941 75.8684 20.7163 0.632119 -0.732245 -0.253462
-58.223 76.1695 19.7855 0.634416 -0.726265 -0.264678
-58.2088 76.5039 18.904 0.633991 -0.7264 -0.265326
-57.9367 77.2653 17.383 0.639248 -0.732497 -0.233988
-57.6479 77.8049 16.4403 0.643404 -0.732834 -0.221258
-57.4838 78.1282 15.8755 0.694525 -0.689923 -0.20406
-58.1532 77.6777 15.3921 0.643407 -0.732831 -0.22126
-57.8991 78.1165 14.5235 0.649191 -0.74628 -0.147025
-57.4886 78.7835 13.0764 0.690087 -0.711409 -0.132954
-57.2055 79.2008 12.3132 0.665912 -0.734784 -0.124294
-56.8021 79.6501 11.4195 0.649206 -0.755699 -0.0863154
-56.4743 79.99 10.5609 0.634514 -0.772256 -0.0318228
-56.0661 80.3526 9.7253 0.591747 -0.805379 -0.0329185
-55.6632 80.6833 8.9838 0.595914 -0.802678 -0.0223583
-54.9342 81.2383 7.85986 0.580139 -0.813575 -0.0321544
-54.4294 81.6024 7.10782 0.533026 -0.844919 -0.0446622
-53.7064 82.1019 6.37507 0.515116 -0.854819 -0.0555795
-52.905 82.5923 5.74648 0.501825 -0.8638 -0.0410798
-52.0975 83.0735 5.13487 0.456126 -0.88464 -0.0967588
-51.3549 83.5285 4.47145 0.451689 -0.884425 -0.115674
-50.7061 83.97 3.74009 0.447592 -0.884118 -0.134139
-50.1599 84.3424 3.09588 0.447062 -0.879387 -0.161226
-49.5497 84.7735 2.52566 0.448738 -0.870391 -0.201976
-48.845 85.2739 1.97774 0.487643 -0.846336 -0.208592
-48.2144 85.7502 1.47375 0.450789 -0.862253 -0.230887
-47.3498 86.4267 0.716648 0.380216 -0.875145 -0.299261
-46.5474 87.1665 -0.243106 0.387937 -0.835465 -0.389235
-46.153 87.6889 -0.97141 0.358377 -0.780703 -0.496635
-45.8114 88.3928 -1.68952 0.27984 -0.822153 -0.495736
-45.5798 89.0015 -2.56824 0.276096 -0.821013 -0.499678
-45.2218 89.3012 -3.41309 0.0972384 -0.966504 -0.237518
-44.9409 89.5495 -4.39262 0.0827552 -0.973342 -0.213828
-44.7241 89.7841 -5.44943 0.0699308 -0.980965 -0.181157
-44.5657 90.0871 -6.49224 0.0750596 -0.936212 -0.343328
-44.536 90.296 -7.49716 0.000429997 -0.999997 -0.00254186
-44.4539 90.4416 -8.50374 -0.0713692 -0.987867 0.13793
-44.3945 90.3112 -9.4037 -0.0603396 -0.975 0.213857
-44.3827 90.0883 -10.5032 -0.0663231 -0.984879 0.154995
-44.4118 89.9848 -11.4448 -0.0787753 -0.99106 0.107679
-44.2579 89.7477 -12.5436 -0.149106 -0.946269 0.286955
-43.8095 89.3187 -13.2393 -0.0786791 -0.86561 0.494485
-43.0558 88.9816 -13.7166 -0.0764334 -0.854145 0.513794
-42.0698 88.7403 -13.9575 -0.0900827 -0.853571 0.513129
-41.3376 88.9885 -13.3923 -0.0308924 -0.917773 0.393971
-40.9044 89.5009 -12.1604 -0.0167465 -0.93848 0.344929
-40.7333 89.8411 -11.2437 0.0154711 -0.943303 0.33063
-40.6516 90.1354 -10.3017 0.0097783 -0.955405 0.295138
-40.7136 90.3757 -9.28918 0.0851379 -0.993924 0.0631215
-40.7972 90.4131 -8.30069 0.109536 -0.992969 0.0448333
-40.9439 90.4428 -7.23615 0.0981281 -0.993865 0.0493917
-41.1003 90.4122 -6.20271 0.122975 -0.983685 -0.130987
-41.2648 90.2484 -5.09672 0.123115 -0.980804 -0.149472
-41.3938 90.0802 -4.17748 0.186746 -0.976684 -0.105901
-41.4603 89.9308 -3.25467 0.195936 -0.936185 -0.291833
-41.3643 89.6803 -2.38679 0.20609 -0.93131 -0.299992
-41.1827 89.471 -1.38005 0.283474 -0.928032 -0.24166
-41.0019 89.3205 -0.424522 0.340309 -0.913763 -0.212995
-40.7191 89.1875 0.426716 0.370523 -0.891021 -0.262286
-39.9324 89.0855 1.77259 0.384103 -0.87238 -0.302305
-39.1713 89.1257 2.64431 0.390663 -0.860616 -0.325329
-38.2052 89.2015 3.48526 0.375485 -0.85341 -0.361527
-37.2871 89.3619 4.02138 0.354214 -0.856378 -0.37553
-36.1724 89.6621 4.38443 0.346069 -0.85595 -0.384076
-35.2907 89.9793 4.48373 0.338469 -0.860984 -0.379436
-33.8541 90.4916 4.52957 0.324578 -0.869173 -0.373017
-32.999 90.8446 4.46063 0.298474 -0.886489 -0.3536
-32.1999 91.1975 4.24215 0.294657 -0.887072 -0.355361
-31.2129 91.6659 3.84265 0.266649 -0.89912 -0.347105
-30.36 92.0687 3.41449 0.251081 -0.922213 -0.293542
-29.0391 92.6586 2.6252 0.227112 -0.933735 -0.276694
-28.0426 93.0857 1.82676 0.184716 -0.955724 -0.228788
-27.1934 93.3928 1.13533 0.146361 -0.967501 -0.206206
-26.3604 93.6461 0.540105 0.139172 -0.969342 -0.202195
-25.2479 93.88 -0.0929608 0.0662744 -0.986588 -0.149169
-24.1084 94.0316 -0.697444 0.0490162 -0.986888 -0.153312
-23.1351 94.0753 -1.33764 -0.142178 -0.98815 -0.0578322
-22.1094 94.0175 -1.84788 -0.0667672 -0.994992 -0.0743901
-21.2153 93.9742 -2.07005 -0.105894 -0.990201 -0.0817354
-20.008 93.791 -2.0099 -0.215085 -0.965926 0.0312046
-19.0979 93.473 -1.75778 -0.382272 -0.915699 0.12395
-18.1851 93.1758 -1.16476 -0.336437 -0.919443 0.18994
-17.7362 93.2779 -0.0485499 -0.264492 -0.948641 0.173565
-18.2656 93.4925 0.875241 -0.114032 -0.991827 0.0572335
-18.9828 93.6337 1.48026 -0.145153 -0.986866 0.0635007
-19.8867 93.7462 2.04199 0.00775875 -0.999967 -0.00248013
-20.7737 93.7381 2.52795 0.0100556 -0.999886 -0.00896408
-21.8091 93.7218 3.06897 0.0829591 -0.986154 -0.0928938
-22.5991 93.5087 3.45958 0.182872 -0.967817 -0.172873
-23.5891 93.2414 3.97323 0.156909 -0.970625 -0.18239
-24.5195 93.0633 4.53599 0.0971497 -0.980221 -0.167358
-25.2906 92.8753 5.0146 0.109022 -0.972393 -0.206313
-26.085 92.5686 5.51794 0.271671 -0.913411 -0.303109
-26.9723 92.0734 6.16497 0.309167 -0.897823 -0.313526
-27.781 91.6115 6.77121 0.300596 -0.878552 -0.36261
-28.4595 91.0026 7.40498 0.352368 -0.834467 -0.423644
-29.0743 90.4923 7.98285 0.292918 -0.854124 -0.429734
-29.8006 89.8419 8.78078 0.291403 -0.84219 -0.452897
-30.3132 89.2593 9.50153 0.222442 -0.833811 -0.505251
-30.7096 88.7498 10.1973 0.209366 -0.850186 -0.483062
-31.054 88.2231 10.9516 0.205112 -0.832775 -0.514139
-31.4525 87.4048 12.136 0.197895 -0.836542 -0.510916
-31.6424 86.9272 12.9349 0.152042 -0.865332 -0.477581
-31.8507 86.3984 13.8602 0.167879 -0.873386 -0.457181
-32.0626 85.9153 14.8626 0.11106 -0.953218 -0.281141
-32.3983 85.5337 16.0878 0.0132932 -0.961012 -0.276188
-32.6186 85.2037 17.2315 -0.00059168 -0.952138 -0.303699
-32.7467 84.8254 18.2815 -0.0664472 -0.936859 -0.342552
-32.8074 84.3623 19.5402 -0.111651 -0.922377 -0.369616
-32.8929 83.7758 20.9397 -0.162002 -0.892863 -0.420032
-32.9685 83.2478 22.069 -0.184411 -0.874771 -0.448071
-33.2603 82.8323 22.8976 -0.167273 -0.848222 -0.502534
-33.6859 82.3815 23.8495 -0.19003 -0.844173 -0.500736
-34.111 81.9721 24.6457 -0.176269 -0.815063 -0.551329
-34.7338 81.4574 25.5513 -0.169558 -0.801874 -0.57293
-35.3303 81.0826 26.2186 -0.160549 -0.770608 -0.616209
-36.0212 80.6417 26.9717 -0.195811 -0.768152 -0.609438
-36.6541 80.2789 27.609 -0.193491 -0.734744 -0.650163
-37.3526 79.8029 28.3594 -0.187743 -0.749421 -0.634567
-38.0533 79.2843 29.1218 -0.120871 -0.746757 -0.654021
-38.8033 78.7551 29.8964 -0.145347 -0.784633 -0.602682
-39.51 78.2646 30.7082 -0.137113 -0.766815 -0.626182
-40.1553 77.6685 31.5034 -0.127251 -0.74113 -0.659192
-40.7964 77.0424 32.3308 -0.143368 -0.746631 -0.649299
-41.2915 76.4919 33.1025 -0.151471 -0.78976 -0.591253
-41.6757 76.0459 33.7924 -0.0885387 -0.805704 -0.585664
-42.1422 75.3491 34.8206 0.0210469 -0.83906 -0.543632
-42.4928 74.7426 35.7668 0.0340326 -0.853233 -0.520419
-42.9683 74.0319 36.9174 0.0271588 -0.860955 -0.507924
-43.5033 73.4321 37.9532 0.0167066 -0.878332 -0.477759
-43.9571 73.0457 38.6751 0.0540834 -0.900609 -0.430716
-44.5431 72.6515 39.4077 0.0732553 -0.903456 -0.422359
-45.3285 72.2496 40.1465 0.0672637 -0.912544 -0.403212
-46.3483 71.9332 40.6965 0.0766639 -0.9158 -0.39425
-47.3038 71.7429 40.9221 0.132917 -0.909758 -0.393286
-48.7434 71.5587 40.8863 0.127295 -0.916546 -0.379051
-50.0392 71.4549 40.6493 0.146192 -0.921166 -0.360668
-50.9073 71.3886 40.3911 0.184634 -0.915385 -0.357744
-51.8292 71.344 39.983 0.237716 -0.906926 -0.347817
-52.9013 71.3158 39.3238 0.236542 -0.902643 -0.359347
-53.6892 71.2993 38.7012 0.271285 -0.908785 -0.31704
-54.8037 71.2828 37.6987 0.307827 -0.905378 -0.29246
-55.5079 71.2444 37.0502 0.360447 -0.891272 -0.275009
-56.2264 71.1652 36.336 0.363483 -0.892633 -0.266619
-57.0476 71.0932 35.4403 0.371791 -0.885357 -0.278775
-57.6042 71.1678 34.5065 0.379495 -0.874899 -0.300619
-57.9376 71.4292 33.2349 0.4161 -0.867854 -0.271461
-57.9747 71.819 31.9925 0.446042 -0.856728 -0.258967
-58.0099 72.1883 30.9302 0.452664 -0.832709 -0.318692
-57.9457 72.5598 30.0143 0.4766 -0.82814 -0.29452
-57.9457 72.9693 28.8607 0.508322 -0.809091 -0.294923
-58.0032 73.4005 27.6129 0.509565 -0.802746 -0.309744
-58.1 73.7172 26.6017 0.519388 -0.803066 -0.292098
-58.2379 74.0217 25.5053 0.522404 -0.803397 -0.28574
-58.4448 74.2515 24.4898 0.560642 -0.779424 -0.279222
-58.7177 74.5556 23.1458 0.56093 -0.770114 -0.302981
-58.8696 74.8535 22.1086 0.575862 -0.765614 -0.286721
-58.9707 75.2391 20.7903 0.582591 -0.773872 -0.248414
-59.0003 75.6864 19.4137 0.585951 -0.764955 -0.267406
-58.9142 76.1727 18.1142 0.615011 -0.752442 -0.234661
-58.6711 76.7364 17.0514 0.634913 -0.738506 -0.225685
-58.3948 77.2329 16.1706 0.651075 -0.727958 -0.214893
-58.2099 77.5725 15.58 0.645481 -0.732264 -0.217003
-58.9605 76.9633 15.3333 0.66169 -0.727884 -0.179865
-59.3452 76.3079 16.4771 0.642657 -0.738689 -0.203299
-59.5824 75.8749 17.3378 0.581332 -0.782875 -0.221643
-59.7695 75.3719 18.5906 0.585396 -0.776912 -0.231624
-59.7785 75.0187 19.6287 0.580551 -0.76904 -0.267467
-59.765 74.7365 20.5413 0.559764 -0.787844 -0.256838
-59.7072 74.4356 21.5561 0.565166 -0.776644 -0.278212
-59.601 74.1447 22.5701 0.562699 -0.775597 -0.28604
-59.4267 73.9093 23.5512 0.55421 -0.779868 -0.290764
-59.2425 73.7293 24.4272 0.529198 -0.807792 -0.259656
-59.0097 73.4394 25.7295 0.523874 -0.802735 -0.284907
-58.8245 73.047 27.1448 0.520883 -0.800549 -0.296314
-58.7939 72.5431 28.6028 0.490729 -0.82391 -0.283473
-58.7746 72.1174 29.8634 0.480151 -0.831279 -0.279579
-58.8263 71.7774 30.8004 0.473454 -0.830987 -0.292066
-58.8328 71.4777 31.6678 0.420542 -0.862583 -0.281131
-58.8781 71.1757 32.5812 0.423304 -0.871786 -0.245918
-58.7676 70.8909 33.6953 0.411929 -0.870422 -0.269595
-58.4916 70.7029 34.708 0.411563 -0.868326 -0.276815
-57.8615 70.6337 35.8407 0.372709 -0.888912 -0.266316
-57.1147 70.7031 36.6535 0.369945 -0.890538 -0.264724
-56.4693 70.7715 37.323 0.360435 -0.891276 -0.275012
-55.4622 70.875 38.2679 0.332615 -0.897647 -0.287929
-54.7148 70.8896 38.9588 0.298067 -0.901986 -0.312373
-53.6812 70.9083 39.8533 0.27497 -0.913251 -0.300605
-52.5052 70.9643 40.6129 0.201259 -0.928109 -0.313221
-51.654 71.0013 41.0506 0.184036 -0.930695 -0.315636
-50.5484 71.0682 41.4337 0.16781 -0.933594 -0.316603
-49.5917 71.1232 41.6762 0.118293 -0.938302 -0.324957
-48.2134 71.2406 41.8457 0.124139 -0.933361 -0.336788
-46.9752 71.3994 41.8075 0.0836956 -0.927708 -0.363725
-45.5612 71.6947 41.4047 0.0652719 -0.924134 -0.375709
-44.5943 72.0243 40.7846 0.0582114 -0.916051 -0.396792
-43.893 72.3589 40.1067 0.0192269 -0.906107 -0.422611
-43.2279 72.7912 39.2557 0.033243 -0.899231 -0.43621
-42.7403 73.1926 38.4864 0.0208207 -0.892928 -0.449198
-42.2258 73.6858 37.5041 -0.0225316 -0.870988 -0.488109
-41.8408 74.2181 36.6302 -0.0410743 -0.849467 -0.525974
-41.5589 74.6868 35.8366 -0.045953 -0.85326 -0.519457
-41.2238 75.1855 34.9242 -0.0861193 -0.845267 -0.525284
-40.7627 75.8657 33.9025 -0.0849659 -0.806375 -0.58526
-40.2013 76.4075 32.9473 -0.0779095 -0.832392 -0.547326
-39.6474 76.9968 32.1605 -0.0797228 -0.763537 -0.638313
-39.1603 77.4706 31.5549 -0.0873784 -0.746205 -0.659957
-38.6418 77.9396 30.9258 -0.141771 -0.788008 -0.59912
-38.0633 78.3458 30.2546 -0.134645 -0.789467 -0.598799
-37.273 78.8283 29.4686 -0.1342 -0.762018 -0.632527
-36.4669 79.404 28.5935 -0.158085 -0.766069 -0.622634
-35.8732 79.8308 27.9295 -0.146799 -0.777715 -0.611236
-35.1844 80.2217 27.2747 -0.135445 -0.77662 -0.615237
-34.5508 80.5898 26.6698 -0.151476 -0.782132 -0.604093
-33.901 80.9957 25.948 -0.148698 -0.790661 -0.593615
-33.4579 81.4071 25.2373 -0.194959 -0.792103 -0.578415
-32.8534 82.0082 24.1255 -0.212309 -0.826119 -0.52197
-32.4605 82.4097 23.3237 -0.228405 -0.834014 -0.502218
-31.9717 82.9623 22.1788 -0.217577 -0.849805 -0.479191
-31.9434 83.5251 21.0933 -0.205254 -0.872874 -0.442416
-31.9158 84.1318 19.8448 -0.187242 -0.876603 -0.44304
-31.7672 84.7328 18.3506 -0.0869681 -0.931808 -0.350308
-31.6668 85.1906 17.1371 -0.0793771 -0.925219 -0.370793
-31.3868 85.6456 15.8832 0.0765562 -0.947579 -0.308311
-31.1383 85.961 15.0727 0.102623 -0.945201 -0.30851
-30.9741 86.3614 14.2528 0.172208 -0.880075 -0.442181
-30.6937 87.0511 13.0123 0.157395 -0.871624 -0.463944
-30.376 87.8079 11.8887 0.178921 -0.831123 -0.526342
-30.0102 88.5285 10.8908 0.211063 -0.839754 -0.499859
-29.5975 89.1231 10.1375 0.30476 -0.809282 -0.50218
-29.1467 89.6504 9.51308 0.290013 -0.830192 -0.476102
-28.6116 90.1938 8.89146 0.291412 -0.842188 -0.452895
-27.6476 91.0697 7.94811 0.352379 -0.834462 -0.423645
-26.993 91.619 7.37774 0.340852 -0.841846 -0.418377
-26.3184 92.0504 6.86474 0.308273 -0.895985 -0.319653
-25.5858 92.4531 6.34236 0.28194 -0.915668 -0.286465
-24.7292 92.8079 5.80492 0.159004 -0.975639 -0.151152
-23.6994 93.0514 5.13821 0.0979725 -0.983931 -0.149268
-22.6048 93.3115 4.56875 0.188116 -0.971229 -0.146033
-21.5349 93.5977 4.03 0.158656 -0.972444 -0.170822
-20.4294 93.7284 3.4285 0.0123542 -0.999804 -0.0154529
-19.5683 93.7464 2.95504 0.0100649 -0.999886 -0.00896122
-18.7461 93.656 2.51895 -0.0511165 -0.992114 0.114438
-17.8392 93.5101 1.79466 -0.0830661 -0.991777 0.0778724
-17.102 93.4445 1.05379 -0.230433 -0.949609 0.0997263
-16.6897 92.9792 -0.0277884 -0.433437 -0.857842 0.269305
-16.8771 92.79 -0.972201 -0.49013 -0.834366 0.252203
-17.6837 92.8608 -1.99854 -0.370248 -0.92048 0.12503
-18.5562 93.1368 -2.57135 -0.374154 -0.916671 0.139353
-19.8872 93.6106 -2.91011 -0.325587 -0.932041 0.15312
-21.035 93.992 -3.0518 -0.279308 -0.958645 0.00491657
-22.4143 94.1376 -2.69965 -0.091869 -0.98515 -0.145048
-23.5803 94.1569 -2.09641 -0.117412 -0.990292 0.0744043
-24.5599 94.139 -1.49298 0.0600436 -0.985917 -0.156082
-25.4834 94.0049 -1.01385 0.064036 -0.985794 -0.155216
-26.3287 93.8726 -0.555819 0.134211 -0.970407 -0.200745
-27.1808 93.649 -0.038494 0.139174 -0.969341 -0.202198
-28.148 93.3492 0.65682 0.169987 -0.958272 -0.228191
-29.2997 92.8714 1.64308 0.210285 -0.946588 -0.243317
-30.1584 92.5151 2.18664 0.233554 -0.933369 -0.272071
-31.4396 91.9554 2.91858 0.250568 -0.91201 -0.323198
-32.6377 91.3842 3.4054 0.293266 -0.894015 -0.338718
-33.6494 90.9457 3.64646 0.295273 -0.890896 -0.344997
-34.6145 90.599 3.63882 0.31633 -0.867825 -0.383164
-35.6979 90.2125 3.5919 0.336132 -0.863446 -0.376134
-36.8716 89.8541 3.31291 0.364301 -0.85379 -0.371924
-37.9149 89.6395 2.69998 0.406097 -0.845652 -0.34635
-38.8692 89.5633 1.77089 0.387794 -0.878066 -0.279324
-39.6519 89.5428 0.721375 0.376026 -0.886178 -0.270725
-40.0514 89.6558 -0.536209 0.384198 -0.911744 -0.145307
-40.1842 89.7914 -1.43899 0.271969 -0.935077 -0.226383
-40.353 89.9609 -2.40363 0.26046 -0.94212 -0.211118
-40.4345 90.21 -3.56821 0.205029 -0.97117 -0.12013
-40.3364 90.3383 -4.58279 0.211171 -0.972179 -0.101354
-40.1602 90.5444 -5.95736 0.197663 -0.971552 -0.130442
-40.0296 90.5657 -6.89296 0.0961771 -0.99388 0.0419639
-39.9207 90.5256 -7.82248 0.0671703 -0.996352 0.0526346
-39.7761 90.4627 -8.90886 0.0584134 -0.995252 0.077852
-39.6847 90.2713 -9.92972 0.0211048 -0.951189 0.307888
-39.7301 89.8501 -11.2257 0.00293527 -0.950628 0.310318
-39.9679 89.4566 -12.3303 0.0316949 -0.937673 0.346012
-40.1953 89.106 -13.1432 0.104605 -0.858966 0.501233
-40.568 88.6463 -13.9265 -0.0312475 -0.852803 0.521296
-41.18 88.3105 -14.5409 -0.0644956 -0.859133 0.507672
-42.4242 88.1353 -14.9491 -0.0437885 -0.758048 0.650727
-43.2461 88.3812 -14.6884 -0.0692556 -0.844247 0.531385
-44.3782 88.9218 -13.985 -0.062769 -0.82487 0.561538
-45.0318 89.4858 -13.1491 -0.0832389 -0.860194 0.503063
-45.3973 89.968 -12.3901 -0.0402069 -0.928894 0.156876
-45.388 90.0732 -11.3452 -0.0805054 -0.991338 0.103672
-45.3253 90.2041 -10.1652 -0.0570279 -0.988792 0.135531
-45.3742 90.3877 -9.24527 -0.0363385 -0.988406 0.118844
-45.4285 90.4242 -8.24926 0.0142124 -0.995152 0.0637993
-45.4524 90.287 -7.20319 0.040281 -0.947073 -0.304735
-45.5747 89.8165 -6.05992 0.0987087 -0.956713 -0.252754
-45.8095 89.6086 -4.97036 0.0871049 -0.971487 -0.220359
-46.1683 89.2613 -3.72528 0.1187 -0.957492 -0.262904
-46.5671 88.744 -2.68295 0.272361 -0.819864 -0.503629
-46.7456 88.2295 -1.9522 0.32971 -0.760981 -0.55347
-47.1084 87.3319 -1.11021 0.363907 -0.77498 -0.502808
-47.5681 86.7633 -0.413223 0.417778 -0.810435 -0.410678
-48.2272 86.1497 0.244617 0.480201 -0.821903 -0.306403
-48.9592 85.532 0.834732 0.484757 -0.841806 -0.234075
-49.811 84.8684 1.4904 0.456575 -0.871303 -0.17992
-50.7688 84.1656 2.45519 0.490119 -0.861681 -0.13149
-51.5597 83.5866 3.33729 0.487019 -0.864693 -0.12296
-52.2475 83.0876 4.09044 0.492312 -0.861422 -0.124828
-53.0301 82.5992 4.67278 0.493493 -0.867174 -0.0668887
-53.6874 82.1885 5.14771 0.491859 -0.868555 -0.0603215
-54.6236 81.5437 5.91154 0.540776 -0.839279 -0.0563113
-55.2806 81.0694 6.71994 0.550978 -0.833499 -0.0412684
-55.7577 80.696 7.41968 0.569582 -0.819959 -0.0569544
-56.542 80.0527 8.7621 0.583143 -0.810942 -0.0467943
-57.083 79.5891 9.75203 0.609505 -0.789912 -0.0674
-57.4092 79.2264 10.5913 0.61967 -0.777642 -0.106013
-57.6909 78.8789 11.3975 0.660235 -0.745986 -0.0871439
-58.0943 78.3762 12.4132 0.651104 -0.742822 -0.155124
-58.42 77.9144 13.3219 0.640435 -0.752638 -0.152899
-58.6741 77.4411 14.4552 0.662099 -0.728157 -0.177198
-58.8039 77.224 14.8543 0.661689 -0.727884 -0.179867
-59.4567 76.7937 14.3212 0.578467 -0.791762 -0.196033
-59.236 77.2678 13.1842 0.603225 -0.774223 -0.19053
-58.8295 77.8618 12.006 0.6211 -0.763545 -0.17673
-58.4376 78.312 11.1366 0.619795 -0.775275 -0.121603
-58.0166 78.8158 10.0371 0.623505 -0.774049 -0.109953
-57.6903 79.173 9.13673 0.609504 -0.789913 -0.0673978
-57.0956 79.7145 8.056 0.560883 -0.824085 -0.0793404
-56.5672 80.1658 7.10388 0.555214 -0.828132 -0.0766783
-56.0007 80.6238 6.15985 0.548737 -0.833119 -0.0691035
-55.4509 81.0394 5.4384 0.544477 -0.836633 -0.0597175
-54.7973 81.5016 4.84823 0.542137 -0.838466 -0.0553267
-54.0265 82.04 4.19238 0.540186 -0.839901 -0.0525788
-52.9263 82.7657 3.4935 0.51968 -0.848496 -0.0997112
-52.1011 83.3773 2.57773 0.505362 -0.855983 -0.107943
-51.5445 83.8011 1.93131 0.516951 -0.8452 -0.135642
-51.0048 84.2149 1.29757 0.501331 -0.851216 -0.155238
-50.2538 84.7845 0.575066 0.508451 -0.837716 -0.193771
-49.5346 85.383 0.0810626 0.520785 -0.8211 -0.233619
-48.5688 86.2675 -0.700089 0.541613 -0.721229 -0.399236
-48.0107 87.12 -1.39751 0.327743 -0.816277 -0.475684
-47.6784 88.0095 -2.24612 0.359817 -0.710809 -0.604384
-47.5049 88.6214 -3.01187 0.254114 -0.798918 -0.54512
-47.0577 89.2445 -4.11519 0.187237 -0.945169 -0.267576
-46.7129 89.5661 -5.22769 0.110839 -0.975795 -0.188517
-46.5066 89.7858 -6.17495 0.0626699 -0.911308 -0.406928
-46.4031 90.2609 -7.24771 0.0402888 -0.947075 -0.304725
-46.374 90.376 -8.28526 0.111971 -0.991629 -0.0642989
-46.3587 90.4106 -9.29919 -0.0543166 -0.986042 0.157141
-46.3108 90.2317 -10.3785 -0.0570267 -0.988793 0.135525
-46.3956 90.1076 -11.3544 -0.0318608 -0.988963 0.144696
-46.4269 89.9658 -12.2564 0.428968 -0.881154 -0.198884
-46.0642 89.4933 -13.303 -0.0783907 -0.875826 0.473489
-45.6647 89.0322 -14.0053 -0.0752464 -0.83664 0.541706
-45.0467 88.581 -14.5716 -0.0792761 -0.819995 0.566854
-44.3188 88.2049 -15.0496 -0.0624479 -0.793142 0.602713
-43.5574 87.7282 -15.5129 -0.0654213 -0.759432 0.647145
-42.4893 87.4607 -15.7526 -0.0401588 -0.769662 0.637174
-41.5092 87.538 -15.6037 -0.0355842 -0.767434 0.640134
-40.279 88.0084 -14.9524 0.0369949 -0.816245 0.576521
-39.5841 88.4999 -14.0846 0.00814233 -0.813956 0.57527
-39.2853 89.0513 -13.4268 0.0825677 -0.818661 0.563067
-39.002 89.4495 -12.4706 0.0602846 -0.935996 0.346811
-38.8142 89.7793 -11.6529 0.0618605 -0.931142 0.359188
-38.7269 90.0781 -10.7218 0.0622529 -0.952557 0.297926
-38.7752 90.4576 -9.31375 -0.0130834 -0.978527 0.205702
-38.9326 90.5651 -8.23351 0.0387758 -0.995345 0.0856609
-39.0284 90.6264 -7.27432 0.087312 -0.993407 0.0742963
-39.1529 90.6692 -6.27869 0.125075 -0.99212 -0.00732574
-39.2516 90.653 -5.37883 0.167501 -0.982861 -0.0466541
-39.3935 90.4775 -3.9581 0.199858 -0.975832 -0.0870775
-39.4851 90.2889 -2.759 0.223713 -0.950624 -0.202573
-39.3254 90.1285 -1.64206 0.37083 -0.916816 -0.148097
-39.1819 90.0391 -0.642025 0.379178 -0.914955 -0.137803
-38.8813 89.9687 0.292556 0.35698 -0.904714 -0.232505
-38.3074 90.0044 1.14805 0.421226 -0.869735 -0.256643
-37.4719 90.1261 1.99466 0.40098 -0.867004 -0.295838
-36.619 90.3041 2.51876 0.355875 -0.859693 -0.366445
-35.5825 90.6333 2.7248 0.340544 -0.864311 -0.37013
-34.2657 91.094 2.75664 0.286038 -0.893176 -0.347013
-33.1809 91.5045 2.6146 0.299662 -0.891118 -0.3407
-32.1933 91.9931 2.18142 0.263853 -0.911381 -0.313096
-31.1119 92.4198 1.69056 0.238478 -0.928054 -0.286071
-29.9418 92.9402 0.857177 0.224706 -0.937036 -0.26734
-29.0249 93.3125 0.136485 0.186733 -0.951375 -0.244954
-28.31 93.5366 -0.37189 0.160773 -0.969635 -0.184283
-27.2774 93.834 -1.05947 0.154638 -0.971252 -0.18099
-26.4408 94.0322 -1.57002 0.0677046 -0.985156 -0.157701
-25.3237 94.2027 -2.18916 0.0613845 -0.985032 -0.160987
-24.4995 94.3275 -2.61771 -0.0732862 -0.980974 -0.0778163
-23.5378 94.2428 -3.18838 -0.172373 -0.954995 -0.241397
-22.6508 94.2843 -3.58814 -0.0757886 -0.975718 -0.192382
-21.6085 94.0704 -4.00118 -0.122971 -0.970839 0.205789
-20.6676 93.8675 -3.9861 -0.370199 -0.926659 0.0324912
-19.8071 93.4926 -3.8219 -0.409582 -0.909632 0.0693649
-18.5403 92.9841 -3.60412 -0.430225 -0.88882 0.137364
-17.8097 92.6333 -3.18143 -0.48533 -0.859092 0.162532
-16.965 92.3588 -2.49473 -0.457748 -0.842919 0.282639
-16.2752 92.2498 -1.59251 -0.488961 -0.836338 0.247904
-15.847 92.2999 -0.634752 -0.472201 -0.837966 0.273569
-15.7866 92.576 0.273878 -0.471503 -0.827176 0.305721
-16.0132 92.9881 1.15442 -0.394887 -0.895088 0.205098
-16.6584 93.4359 1.99659 -0.230431 -0.949608 0.0997263
-17.6838 93.6515 2.95406 -0.0753883 -0.989062 0.124028
-18.6952 93.7568 3.58147 -0.0484219 -0.995762 0.0781868
-20.0905 93.7427 4.36338 0.0494889 -0.998098 -0.0161145
-20.9772 93.6291 4.83973 0.189682 -0.980304 -0.0550017
-22.0228 93.2957 5.42366 0.222003 -0.964231 -0.140518
-22.9267 93.1268 5.82916 0.166888 -0.981189 -0.0895888
-23.7262 92.9073 6.35406 0.216419 -0.961292 -0.158706
-24.6264 92.5378 6.85661 0.270786 -0.934774 -0.22994
-25.3658 92.2093 7.33808 0.295103 -0.905827 -0.303061
-26.0653 91.7534 7.82502 0.305498 -0.869342 -0.388477
-26.7737 91.1713 8.44126 0.348755 -0.820939 -0.452138
-27.5336 90.4646 9.16737 0.324214 -0.832518 -0.449211
-28.0798 89.9482 9.72523 0.329575 -0.827849 -0.453877
-28.7624 89.1444 10.5871 0.306482 -0.792569 -0.526523
-29.2254 88.3241 11.5068 0.291837 -0.751531 -0.591635
-29.5238 87.6957 12.3676 0.154953 -0.823977 -0.543545
-29.8035 87.0272 13.2492 0.114132 -0.84611 -0.516028
-30.032 86.4416 14.2774 0.0703371 -0.868965 -0.489849
-30.1549 85.9898 15.0881 0.0305287 -0.871628 -0.489217
-30.4536 85.5072 16.1313 -0.07276 -0.910824 -0.406332
-30.694 85.1332 17.0836 -0.0782297 -0.920944 -0.381751
-30.8089 84.7488 18.0225 -0.123089 -0.906408 -0.404072
-30.8903 84.1982 19.3159 -0.158314 -0.8931 -0.418677
-31.0616 83.6487 20.4397 -0.187232 -0.876608 -0.443034
-30.9756 83.1803 21.2976 -0.207215 -0.867067 -0.453053
-31.0311 82.5971 22.3776 -0.196305 -0.841489 -0.503349
-31.5912 82.0462 23.527 -0.229126 -0.831148 -0.50665
-32.0118 81.6183 24.4002 -0.214771 -0.815719 -0.536788
-32.431 81.213 25.157 -0.206096 -0.798711 -0.565011
-32.8571 80.836 25.8902 -0.163039 -0.839293 -0.518657
-33.403 80.3726 26.6723 -0.129883 -0.794078 -0.593776
-33.9934 80.0088 27.2813 -0.14006 -0.777489 -0.613072
-34.6849 79.636 27.9032 -0.135442 -0.776217 -0.615746
-35.5367 79.0874 28.7799 -0.132164 -0.77885 -0.612923
-36.1055 78.6859 29.4274 -0.12776 -0.788716 -0.601335
-36.982 78.1394 30.2971 -0.122792 -0.787227 -0.604257
-37.6154 77.7562 30.9385 -0.119485 -0.799184 -0.5889
-38.1493 77.3197 31.6046 -0.0768474 -0.759611 -0.645819
-38.8664 76.6383 32.5645 -0.0850385 -0.80859 -0.582194
-39.5522 75.9286 33.6003 -0.0431215 -0.825604 -0.5626
-40.0663 75.3663 34.4935 -0.0532763 -0.842922 -0.530588
-40.3738 74.9553 35.267 -0.018811 -0.876275 -0.481444
-40.6654 74.5124 36.0636 -0.0198397 -0.856089 -0.51642
-41.0787 73.8082 37.2327 0.00979932 -0.872107 -0.487016
-41.4562 73.4039 38.0544 -0.00974796 -0.895478 -0.445
-41.9133 72.9813 38.9021 0.00871237 -0.905742 -0.422356
-42.6554 72.4355 40.043 0.0528242 -0.898816 -0.435132
-43.3885 72.0024 40.9362 0.0218978 -0.928553 -0.370554
-44.1568 71.6615 41.675 0.0553863 -0.91482 -0.400045
-45.1639 71.3571 42.2647 0.042219 -0.92292 -0.382669
-46.6176 71.0831 42.6936 0.0812395 -0.922175 -0.378145
-47.7156 70.9578 42.7533 0.0924348 -0.918588 -0.384254
-48.7685 70.858 42.6988 0.116421 -0.934302 -0.336832
-50.0074 70.7695 42.5462 0.113251 -0.936962 -0.330484
-51.0732 70.7032 42.2353 0.168794 -0.934031 -0.314794
-52.4456 70.6351 41.6618 0.174954 -0.940912 -0.289957
-53.6074 70.5837 41.017 0.236496 -0.929994 -0.28139
-54.4136 70.5399 40.4183 0.26648 -0.926024 -0.267334
-55.5609 70.5124 39.3777 0.302624 -0.915197 -0.263172
-56.4246 70.4255 38.5486 0.337004 -0.90346 -0.264931
-57.2606 70.3158 37.7663 0.37312 -0.892677 -0.252804
-58.1281 70.2221 36.8477 0.374481 -0.889758 -0.260948
-58.818 70.1741 36.04 0.370312 -0.889579 -0.267428
-59.4058 70.2777 34.8252 0.385846 -0.890743 -0.239921
-59.7036 70.4585 33.6895 0.393234 -0.881846 -0.260222
-59.791 70.7461 32.5762 0.415224 -0.879691 -0.231802
-59.8048 70.9913 31.687 0.41568 -0.863366 -0.285862
-59.6735 71.4249 30.5606 0.423376 -0.866767 -0.263211
-59.6043 71.8035 29.4379 0.44511 -0.852463 -0.274196
-59.6457 72.0777 28.5401 0.454161 -0.842006 -0.290597
-59.629 72.408 27.6266 0.468556 -0.837894 -0.27998
-59.6735 72.7106 26.6466 0.482388 -0.826492 -0.289486
-59.7983 72.9301 25.7659 0.501378 -0.822448 -0.268699
-60.0319 73.2047 24.4817 0.51199 -0.816069 -0.268136
-60.3103 73.4809 23.0776 0.513878 -0.818048 -0.258317
-60.4427 73.6924 22.1505 0.52114 -0.807098 -0.277127
-60.5306 73.9537 21.2526 0.530274 -0.798718 -0.284358
-60.5668 74.3451 19.9779 0.520717 -0.818182 -0.243786
-60.5704 74.8539 18.2852 0.552806 -0.796698 -0.244291
-60.4127 75.242 17.3956 0.581331 -0.782875 -0.221643
-60.1655 75.7281 16.2981 0.585644 -0.780492 -0.218687
-59.8755 76.1969 15.4122 0.59066 -0.777959 -0.214243
-59.5703 76.6316 14.628 0.57825 -0.790074 -0.203494
-60.3376 76.1832 14.1891 0.565034 -0.802544 -0.191029
-60.09 76.6119 13.1427 0.59029 -0.781954 -0.199306
-59.7826 77.0753 12.1307 0.602334 -0.779283 -0.172949
-59.3555 77.5956 11.1372 0.601029 -0.787078 -0.138827
-58.9236 78.0941 10.2018 0.595255 -0.791298 -0.139253
-58.3887 78.7004 8.8388 0.588987 -0.800284 -0.112349
-58.036 79.0611 7.99371 0.577061 -0.812637 -0.0813794
-57.5745 79.4695 7.24117 0.556268 -0.824715 -0.100677
-56.9629 80.0004 6.02487 0.555209 -0.828134 -0.0766872
-56.3527 80.4829 5.11804 0.535376 -0.839762 -0.0904017
-55.8123 80.8894 4.50225 0.526981 -0.845381 -0.0871327
-55.1831 81.3349 3.94471 0.520556 -0.849462 -0.0861785
-54.5825 81.7526 3.41447 0.517793 -0.851398 -0.0837348
-53.7303 82.3397 2.89685 0.518263 -0.848211 -0.109274
-52.986 82.8842 2.21036 0.516583 -0.848564 -0.114377
-52.3113 83.4047 1.46882 0.517404 -0.845377 -0.132761
-51.616 83.9736 0.618536 0.515302 -0.844585 -0.145122
-51.1236 84.3804 -0.0354259 0.526941 -0.829572 -0.179611
-50.2664 85.1044 -0.589734 0.54173 -0.806961 -0.234247
-49.6446 85.6586 -0.996383 0.545077 -0.797685 -0.258051
-49.0135 86.5844 -1.59119 0.610499 -0.615617 -0.498303
-48.6575 87.4889 -2.2519 0.394295 -0.714624 -0.577792
-48.5118 88.1593 -3.00371 0.389781 -0.745855 -0.540158
-48.1686 88.956 -3.91956 0.36556 -0.845854 -0.356812
-47.8237 89.3109 -4.90461 0.192303 -0.945514 -0.262722
-47.5314 89.5485 -5.77406 0.105516 -0.943601 -0.290203
-47.3271 90.0745 -6.94842 0.0632653 -0.911272 -0.406916
-47.3052 90.2899 -7.9076 0.183844 -0.967826 -0.171798
-47.3082 90.4633 -8.88755 0.0696675 -0.979598 -0.147547
-47.237 90.359 -9.91616 -0.0675411 -0.986859 0.146788
-47.3613 90.2308 -10.9727 -0.0966541 -0.986295 0.132703
-47.5756 90.1427 -11.8414 -0.069177 -0.96527 0.22693
-47.3651 89.6943 -13.0774 0.187872 -0.91137 0.0668277
-46.941 89.2773 -13.7972 -0.0926956 -0.86415 0.494623
-46.4243 88.7785 -14.4973 -0.084319 -0.829342 0.552215
-45.709 88.2596 -15.1443 -0.0834751 -0.796449 0.596884
-44.8957 87.7279 -15.6831 -0.087457 -0.762495 0.641056
-43.7709 87.0532 -16.325 -0.0624187 -0.757937 0.648813
-42.1942 86.7565 -16.5845 -0.0402739 -0.751146 0.658731
-41.1968 86.9296 -16.3279 -0.028383 -0.77394 0.632623
-40.3797 87.2215 -16.0032 0.0166637 -0.790457 0.612291
-39.3078 87.8248 -15.2441 -0.00115203 -0.834926 0.544518
-38.6277 88.4518 -14.2673 0.111293 -0.797966 0.591126
-38.2233 89.1448 -13.2501 -0.0309671 -0.901494 0.431682
-37.9928 89.5447 -12.3897 0.0473942 -0.932426 0.358197
-37.7499 89.8781 -11.5477 0.0543215 -0.942774 0.327728
-37.7782 90.266 -10.2951 0.0545541 -0.965073 0.253182
-37.8952 90.5725 -8.8003 0.0681278 -0.984151 0.158884
-38.0379 90.6711 -7.75162 0.0822149 -0.994557 0.0640113
-38.1301 90.7439 -6.69811 0.0818895 -0.993488 0.079075
-38.2647 90.7909 -5.65137 0.120124 -0.992318 0.0184836
-38.2949 90.7393 -4.3707 0.199851 -0.975834 -0.0870733
-38.3859 90.64 -3.29918 0.225648 -0.967336 -0.107865
-38.5103 90.5106 -2.14747 0.334981 -0.931306 -0.143025
-38.4204 90.406 -0.987689 0.37708 -0.918516 -0.117289
-38.1114 90.4118 -0.0356798 0.412092 -0.893896 -0.16207
-37.5109 90.4941 0.76232 0.420835 -0.874511 -0.241098
-36.8563 90.644 1.4109 0.440281 -0.843213 -0.308455
-35.9943 90.8845 1.80646 0.347191 -0.846937 -0.402687
-34.9168 91.2395 1.85835 0.274655 -0.893901 -0.354268
-33.9888 91.5567 1.79711 0.285087 -0.89263 -0.349195
-33.1582 91.915 1.54501 0.295993 -0.894534 -0.334959
-31.9938 92.3878 1.06548 0.236354 -0.928715 -0.285703
-30.9339 92.8466 0.352736 0.224025 -0.93707 -0.267794
-30.0985 93.1981 -0.256788 0.196252 -0.952143 -0.234327
-29.3936 93.4682 -0.763862 0.191754 -0.952174 -0.237827
-28.4861 93.7146 -1.33148 0.117127 -0.969126 -0.216917
-27.6615 93.9616 -1.93273 0.155175 -0.964596 -0.21325
-26.8273 94.1427 -2.44337 0.0709769 -0.985182 -0.156135
-25.8844 94.3029 -2.94274 0.0568542 -0.981488 -0.182893
-24.9405 94.4423 -3.47749 -0.0138178 -0.990078 -0.12791
-23.7533 94.4293 -4.10372 -0.0649611 -0.99262 -0.102394
-22.6675 94.4127 -4.61889 -0.0739007 -0.990826 -0.1123
-21.6278 94.0713 -5.01629 -0.396567 -0.874053 -0.280652
-20.6558 93.8157 -4.94409 -0.474273 -0.88024 0.0155731
-19.6811 93.3579 -4.79323 -0.409415 -0.909231 0.0753469
-18.4505 92.7718 -4.57184 -0.484555 -0.863067 0.142012
-17.3317 92.2215 -3.91758 -0.499307 -0.852613 0.153056
-16.5269 91.8948 -3.21724 -0.474584 -0.854874 0.204779
-15.8773 91.735 -2.525 -0.514938 -0.823647 0.237277
-15.0929 91.7495 -0.920126 -0.501785 -0.820929 0.27233
-14.8828 92.0658 0.33009 -0.491741 -0.817535 0.299694
-15.1681 92.7168 1.57341 -0.468701 -0.817713 0.333974
-15.4635 93.1803 2.32452 -0.35742 -0.868498 0.323499
-16.1224 93.4893 2.93584 -0.16065 -0.972876 0.166446
-17.1986 93.7871 3.76697 -0.0476059 -0.9705 0.214874
-18.4494 93.8355 4.55342 0.0586133 -0.995605 0.0724095
-19.332 93.742 5.0476 0.0414485 -0.996321 -0.0750094
-20.5655 93.6319 5.65013 0.0732162 -0.984545 -0.155494
-21.4974 93.3476 6.24481 0.261573 -0.960271 -0.0972559
-22.4386 93.1369 6.689 0.175485 -0.983851 -0.0170578
-23.3574 92.7891 7.25837 0.230631 -0.948295 -0.218051
-24.2917 92.4142 7.75301 0.285763 -0.911294 -0.28914
-25.4338 91.7002 8.51277 0.332645 -0.871914 -0.359322
-26.279 90.9413 9.27492 0.369568 -0.820866 -0.43543
-26.9107 90.3505 9.84249 0.340606 -0.830515 -0.440718
-27.5255 89.6781 10.5718 0.334683 -0.781149 -0.527028
-28.0342 88.9839 11.2667 0.331236 -0.762836 -0.554459
-28.3719 88.3776 11.8742 0.314458 -0.755233 -0.575099
-28.5833 87.765 12.5314 0.179683 -0.813319 -0.553378
-28.9552 86.8853 13.6594 0.122015 -0.830139 -0.538683
-29.2018 86.1087 14.9328 0.0389729 -0.855479 -0.515404
-29.3192 85.6401 15.8056 0.0344315 -0.889105 -0.456406
-29.6927 85.0667 16.9826 -0.118331 -0.905777 -0.406899
-29.8919 84.5737 18.0918 -0.131405 -0.89849 -0.417892
-29.9058 84.192 18.9593 -0.158572 -0.886331 -0.433393
-30.0371 83.6223 20.0832 -0.180887 -0.871915 -0.455021
-30.003 83.0089 21.1899 -0.159293 -0.869587 -0.466639
-30.0258 82.4122 22.2942 -0.206926 -0.843269 -0.494947
-30.4973 81.8216 23.4165 -0.215112 -0.829884 -0.514693
-30.9673 81.4571 24.2091 -0.231162 -0.816069 -0.529649
-31.4953 80.8957 25.2683 -0.209073 -0.810964 -0.546467
-31.9293 80.5377 26.0001 -0.232766 -0.822297 -0.519276
-32.4333 80.1118 26.7849 -0.137663 -0.781995 -0.607892
-33.3187 79.5112 27.7579 -0.130771 -0.792852 -0.594938
-33.9346 79.17 28.3425 -0.119368 -0.794455 -0.595477
-34.6493 78.7709 29.0304 -0.115763 -0.801176 -0.586989
-35.2417 78.327 29.7334 -0.104545 -0.799954 -0.590881
-36.0369 77.8825 30.4718 -0.0982789 -0.800113 -0.591744
-36.6406 77.5365 31.0571 -0.106837 -0.807523 -0.580061
-37.2817 77.0391 31.8292 -0.0787501 -0.75991 -0.64524
-37.786 76.591 32.4934 -0.052969 -0.820209 -0.569604
-38.4059 75.9526 33.477 -0.048667 -0.825817 -0.561808
-38.8553 75.4826 34.2012 -0.0433506 -0.825506 -0.562725
-39.3566 74.9476 35.2103 -0.0632368 -0.875125 -0.479748
-39.7092 74.469 36.102 0.0371864 -0.864781 -0.500771
-40.0368 73.8968 37.1425 0.0364247 -0.890378 -0.453763
-40.5132 73.3466 38.2102 0.0251451 -0.898256 -0.438752
-41.0283 72.8908 39.1493 0.0256474 -0.914245 -0.404005
-41.5766 72.4458 40.1777 0.0431919 -0.915872 -0.397882
-42.5199 71.8924 41.3487 0.0619502 -0.934241 -0.351218
-43.454 71.4367 42.32 0.0710111 -0.921055 -0.382882
-44.2508 71.1261 42.9275 0.064332 -0.92087 -0.384513
-45.4382 70.8432 43.4753 0.0413775 -0.923283 -0.381886
-46.3325 70.7302 43.5953 0.0743713 -0.919169 -0.386778
-47.4807 70.6314 43.6522 0.0706933 -0.933479 -0.351047
-48.505 70.5501 43.6245 0.0834576 -0.937878 -0.336777
-50.1109 70.4245 43.471 0.108203 -0.935144 -0.337339
-51.0511 70.3849 43.2233 0.159936 -0.939538 -0.302802
-52.2803 70.3304 42.7602 0.151307 -0.941035 -0.302586
-53.4225 70.2806 42.2097 0.201968 -0.940333 -0.273192
-54.6708 70.2095 41.3308 0.260026 -0.930908 -0.25651
-55.5744 70.1555 40.6118 0.283142 -0.923445 -0.257848
-56.5087 70.0785 39.6842 0.320279 -0.918683 -0.231176
-57.279 69.9866 38.9585 0.333897 -0.915975 -0.222489
-57.9951 69.8839 38.3047 0.333839 -0.916172 -0.221768
-58.8417 69.8106 37.3391 0.337053 -0.911995 -0.233794
-59.8178 69.7545 36.1231 0.348106 -0.903753 -0.249103
-60.1958 69.8242 35.2452 0.378573 -0.89785 -0.224826
-60.4878 69.9452 34.2706 0.386497 -0.895403 -0.220881
-60.669 70.2294 33.0069 0.393233 -0.881842 -0.260235
-60.7068 70.445 32.1293 0.403693 -0.883259 -0.238507
-60.675 70.7146 31.2856 0.407196 -0.867812 -0.284769
-60.5092 71.0472 30.4019 0.441514 -0.863033 -0.245249
-60.4392 71.3394 29.5328 0.445898 -0.858794 -0.252283
-60.5055 71.5895 28.6084 0.4822 -0.833594 -0.269452
-60.4616 71.9862 27.4514 0.485687 -0.832047 -0.267892
-60.5604 72.3633 26.0962 0.493761 -0.830446 -0.257991
-60.7644 72.5568 25.109 0.502432 -0.825102 -0.258395
-60.9081 72.8238 23.9727 0.511231 -0.821151 -0.253678
-61.1744 72.998 22.8799 0.516365 -0.816865 -0.257097
-61.3132 73.2671 21.784 0.512004 -0.815481 -0.269892
-61.3687 73.5583 20.783 0.525963 -0.809498 -0.260868
-61.4133 73.9542 19.4793 0.533997 -0.803569 -0.262855
-61.4105 74.3095 18.196 0.517474 -0.824792 -0.22789
-61.2094 74.7205 17.299 0.546361 -0.798242 -0.253573
-60.922 75.2704 15.9844 0.561594 -0.797227 -0.22145
-60.702 75.6468 15.1763 0.565618 -0.794943 -0.219363
-60.3506 76.1688 14.2092 0.570323 -0.793959 -0.210355
-29.604 91.3345 5.89994 0.247153 -0.888998 -0.385483
-29.5422 91.6808 5.12601 0.251837 -0.903646 -0.346413
-29.3486 91.6195 5.40634 0.247158 -0.888996 -0.385486
-28.7383 91.885 5.16861 0.237292 -0.916049 -0.322755
-28.1299 92.3577 4.28001 0.216478 -0.924004 -0.314369
-27.4336 92.7084 3.7255 0.236045 -0.926196 -0.294012
-26.3055 93.1269 2.87476 0.079542 -0.974622 -0.209251
-25.2828 93.3566 2.21862 0.102588 -0.968501 -0.226105
-24.6049 93.5603 1.71255 0.121413 -0.966428 -0.226443
-23.2699 93.7756 1.18499 0.0320238 -0.985835 -0.16463
-22.4922 93.8001 1.19795 0.0350465 -0.986058 -0.16267
-23.276 93.6972 1.65341 0.0335412 -0.985947 -0.163646
-24.2359 93.6047 1.72092 0.120832 -0.966875 -0.224832
-24.4914 93.403 2.46688 0.130324 -0.971192 -0.199503
-25.3095 93.2389 2.83089 0.0975331 -0.984795 -0.14197
-26.6853 92.9834 3.45266 0.160756 -0.962787 -0.202607
-27.4329 92.6294 3.99291 0.264666 -0.928939 -0.258891
-28.3385 92.1138 4.81842 0.252369 -0.916439 -0.310564
-28.3922 92.0834 4.86439 0.252369 -0.916439 -0.310564
-22.4798 93.8585 0.62657 -0.0476223 -0.994549 -0.0841302
-21.779 93.8759 -0.0390399 -0.102712 -0.9917 -0.0715244
-20.7225 93.7204 0.158759 -0.122315 -0.988701 -0.0861659
-21.507 93.7997 0.774121 -0.134243 -0.990183 -0.0389507
-22.0329 93.8297 0.966726 -0.023578 -0.998287 -0.0535474
-22.2605 93.8518 0.653339 -0.0235858 -0.998287 -0.0535464
