-47.4813 85.212 19.83 0.214689 -0.964426 -0.139265
-46.8643 85.4265 18.9166 0.142923 -0.983981 -0.103231
-46.1516 85.645 17.6043 0.165734 -0.982584 -0.0840308
-45.7739 85.5895 18.6628 0.0642574 -0.983422 -0.169562
-46.3915 85.3686 19.8033 0.0519217 -0.987601 -0.148148
-46.9816 85.1842 20.5362 0.189057 -0.953787 -0.233557
-47.6565 84.8165 21.2258 0.310652 -0.905471 -0.286894
-47.3129 85.0372 20.8348 0.300268 -0.919128 -0.255033
-47.6377 85.1158 20.1476 0.296092 -0.93404 -0.193655
-48.4089 84.9496 19.7696 0.296093 -0.93404 -0.193654
-48.7288 84.5933 20.765 0.307901 -0.910446 -0.272484
-49.034 84.0631 21.9602 0.321921 -0.887407 -0.329676
-48.9853 83.6807 22.9784 0.32914 -0.868739 -0.369711
-48.6756 83.4691 23.7096 0.327395 -0.846263 -0.420299
-48.2192 83.9348 23.0472 0.322897 -0.876682 -0.356604
-47.4692 84.4709 22.3212 0.277431 -0.890845 -0.35976
-46.5901 85.0059 21.4339 0.115662 -0.947619 -0.296905
-45.6667 85.309 20.3956 0.0333392 -0.982863 -0.181297
-45.1651 85.4822 19.5158 0.0885582 -0.980277 -0.174889
-44.8956 85.7021 18.4925 0.112859 -0.977131 -0.180215
-44.7373 85.8227 17.4349 0.0861958 -0.993682 -0.0664673
-44.5947 85.8732 16.4799 0.0876184 -0.995856 -0.0243567
-44.4134 85.9107 15.5962 0.0898857 -0.995734 -0.0202946
-44.4721 85.9129 14.4794 0.0796732 -0.996812 0.00433772
-45.2221 85.8439 15.1049 0.106122 -0.994162 -0.013155
-45.9687 85.7459 15.8659 0.129612 -0.99106 -0.0257208
-46.7558 85.586 17.0422 0.153147 -0.987281 -0.0402627
-47.2673 85.4548 17.843 0.176205 -0.983078 -0.0501014
-47.7813 85.3155 18.6159 0.299982 -0.945673 -0.125216
-48.1532 85.1061 19.2558 0.27811 -0.948681 -0.150533
-48.8703 84.9563 18.7199 0.299983 -0.945673 -0.125217
-48.2447 85.289 17.6594 0.238463 -0.964642 -0.0847604
-47.5589 85.4633 16.6312 0.1764 -0.983122 -0.0485169
-46.8344 85.6323 15.5425 0.17455 -0.98421 -0.0240607
-46.233 85.7217 14.8146 0.123889 -0.992291 -0.00308993
-45.5125 85.8184 14.0469 0.131631 -0.991161 -0.0165069
-44.7492 85.9022 13.356 0.0702291 -0.997414 -0.0149325
-43.9549 85.968 12.8585 0.0713442 -0.997288 -0.0180489
-43.2016 86.0219 13.1387 0.0554059 -0.997555 -0.0425839
-43.2577 86.0051 14.0799 0.0707962 -0.997441 0.00825145
-43.4396 85.9957 15.1573 0.0739582 -0.997255 0.00358074
-43.5829 85.9785 16.0527 0.0993553 -0.994808 -0.0220427
-43.811 85.893 17.3993 0.0766755 -0.99285 -0.0914341
-43.9771 85.7646 18.6944 0.0576845 -0.988641 -0.131026
-44.3249 85.4851 19.9569 0.0986395 -0.976176 -0.193266
-45.0879 85.2106 21.1628 0.0741878 -0.983627 -0.164241
-46.0236 84.8449 22.1347 0.165256 -0.942631 -0.290066
-46.6387 84.5504 22.7647 0.19551 -0.916058 -0.338869
-47.3643 83.9996 23.5632 0.270476 -0.888889 -0.369756
-47.9027 83.5389 24.1854 0.320906 -0.852302 -0.412769
-48.6255 82.8938 24.8923 0.331188 -0.833761 -0.441766
-49.2029 82.368 25.3734 0.382209 -0.802237 -0.458619
-49.6179 82.4806 24.7706 0.442077 -0.7877 -0.429064
-49.8117 82.9025 23.8146 0.451287 -0.784839 -0.424309
-49.9072 83.2814 22.9136 0.44541 -0.817861 -0.364298
-49.8572 83.7848 21.6953 0.43127 -0.847241 -0.310144
-49.6261 84.319 20.6239 0.377138 -0.867274 -0.319122
-49.3426 84.6294 19.7297 0.339131 -0.927173 -0.159185
-49.0425 84.8568 19.0447 0.319195 -0.936155 -0.14509
-49.9281 84.5407 18.8387 0.376035 -0.917855 -0.127041
-50.2938 84.207 19.7519 0.491587 -0.839675 -0.230842
-50.5779 83.6869 20.8793 0.489646 -0.825119 -0.281826
-50.7578 83.1433 22.1035 0.523 -0.806489 -0.275764
-50.7147 82.5695 23.4366 0.46155 -0.786957 -0.409476
-50.564 82.1954 24.3192 0.441555 -0.785207 -0.434106
-50.2331 81.6259 25.6209 0.479077 -0.750801 -0.454735
-50.0593 81.2525 26.4785 0.433539 -0.767077 -0.468637
-49.6342 80.7302 27.5425 0.389529 -0.750005 -0.534565
-49.1371 81.3679 27.0007 0.381759 -0.771903 -0.508347
-48.3797 82.4356 25.9412 0.380679 -0.787756 -0.483422
-47.5762 83.1193 25.1687 0.2594 -0.841184 -0.474469
-46.9234 83.7426 24.4746 0.223339 -0.838514 -0.493585
-46.1319 84.3151 23.5994 0.207734 -0.897847 -0.388224
-45.3745 84.7579 22.7872 0.160251 -0.933264 -0.319899
-44.5968 85.0558 22.0152 0.0688181 -0.970619 -0.230572
-43.8318 85.3318 21.0525 0.081258 -0.979403 -0.184841
-43.3993 85.5478 20.1318 0.118251 -0.978818 -0.165116
-43.1479 85.7094 19.2018 0.07725 -0.983807 -0.156621
-43.0065 85.8721 18.3104 0.0576827 -0.98864 -0.131031
-42.8685 85.9806 17.261 0.0784802 -0.992473 -0.094012
-42.5981 86.06 15.734 0.0738898 -0.997261 0.00340539
-42.4575 86.0673 14.8241 0.0739484 -0.997256 0.0035793
-42.1739 86.0694 13.3639 0.0614886 -0.997594 -0.0149252
-42.4137 86.1155 12.1462 0.0705435 -0.995861 -0.0570991
-43.2158 86.0336 11.6763 0.0825996 -0.995523 0.0459495
-44.1735 85.9632 11.8171 0.0662685 -0.997158 0.0357604
-45.088 85.8898 12.4341 0.0800651 -0.996739 -0.0100752
-45.818 85.7968 13.0401 0.129249 -0.99137 -0.0219208
-46.5239 85.6895 13.7331 0.153633 -0.987639 -0.018641
-47.2355 85.562 14.5826 0.176243 -0.984347 0.000577667
-47.7796 85.4594 15.3167 0.181953 -0.983267 -0.00895744
-48.333 85.3197 16.1506 0.238518 -0.971025 -0.0126949
-48.8552 85.1759 16.9365 0.282827 -0.95352 -0.0740912
-49.6344 84.7412 18.2591 0.357581 -0.926943 -0.11053
-49.6608 84.7236 18.3086 0.376041 -0.917853 -0.127039
-50.468 84.4403 17.9316 0.393092 -0.915335 -0.087404
-50.9333 84.0604 18.9474 0.463395 -0.869749 -0.169709
-51.2379 83.6222 19.8902 0.502113 -0.826628 -0.252313
-51.4091 83.2154 20.7147 0.523309 -0.798267 -0.29819
-51.5801 82.6714 21.9241 0.565804 -0.761401 -0.308536
-51.5729 82.2405 22.8413 0.608614 -0.716311 -0.341304
-51.4445 81.8675 23.6881 0.568241 -0.726473 -0.386444
-51.1592 81.3396 25.051 0.553199 -0.721555 -0.416328
-50.8804 80.8523 26.1952 0.536236 -0.710961 -0.454955
-50.6477 80.4027 27.1277 0.511791 -0.695481 -0.504357
-50.4004 80 27.9522 0.478992 -0.702184 -0.524998
-49.9257 79.4401 29.0269 0.448898 -0.706372 -0.546327
-49.4867 79.7071 29.0207 0.403438 -0.718986 -0.565939
-49.0185 80.4097 28.4607 0.40086 -0.73545 -0.545734
-48.4576 81.2477 27.6663 0.378104 -0.759665 -0.5291
-47.9343 81.951 26.9544 0.259615 -0.821733 -0.507302
-47.2378 82.6612 26.1413 0.251051 -0.829991 -0.498085
-46.5549 83.2641 25.411 0.166606 -0.849891 -0.499927
-45.8512 83.8605 24.6575 0.180548 -0.840654 -0.510591
-44.9683 84.4576 23.7268 0.109502 -0.923607 -0.367368
-44.1273 84.889 22.8647 0.0847538 -0.946232 -0.307698
-43.274 85.208 21.9276 0.070217 -0.963682 -0.257587
-42.765 85.4407 21.0497 0.0724715 -0.974385 -0.212891
-42.4135 85.6616 20.0714 0.0503393 -0.988006 -0.145379
-42.1534 85.8461 18.8619 0.0610859 -0.988592 -0.137673
-42.0147 85.949 17.8854 0.0206737 -0.995493 -0.0924812
-41.8643 86.0401 16.9695 0.00381441 -0.997377 -0.0619253
-41.6837 86.0652 15.9991 -0.00607498 -0.99974 -0.0194384
-41.4949 86.0231 14.6971 -0.0653377 -0.99699 0.0417348
-41.3006 86.0083 13.7097 -0.0682147 -0.997497 -0.0186071
-41.0968 86.0526 12.643 0.0789677 -0.995722 -0.0457998
-41.2971 86.1391 11.7389 -0.049518 -0.995178 -0.0811317
-42.2254 86.1897 11.1693 0.124883 -0.989635 -0.0234468
-43.0715 86.0438 10.6341 0.167228 -0.984242 -0.0549005
-44.0712 85.9453 10.5456 0.071531 -0.997078 -0.026806
-44.8359 85.8938 11.0859 0.0885966 -0.993212 0.0651696
-45.8929 85.8009 11.8942 0.146738 -0.98915 0.00707255
-46.5884 85.7 12.4793 0.164244 -0.986168 -0.0113772
-47.405 85.5368 13.2984 0.175334 -0.984439 -0.0101775
-48.2915 85.3316 14.4404 0.262094 -0.964805 0.0183221
-48.8639 85.1933 15.2538 0.242102 -0.970211 -0.00806709
-49.3494 85.0692 16.0104 0.26535 -0.963756 0.00273787
-49.871 84.8034 16.9084 0.401243 -0.911056 -0.0947622
-50.228 84.5837 17.5089 0.397162 -0.913198 -0.091087
-50.906 84.3481 16.9271 0.426016 -0.900035 -0.0843869
-51.3903 84.0131 17.8388 0.458932 -0.884738 -0.08137
-51.7651 83.6354 18.7603 0.551336 -0.809813 -0.19699
-52.0892 83.0518 19.9445 0.526388 -0.803676 -0.276905
-52.2953 82.4483 21.1063 0.618345 -0.716855 -0.321362
-52.3475 81.7833 22.4006 0.622622 -0.706365 -0.336734
-52.1936 81.2517 23.6936 0.626091 -0.684499 -0.373458
-51.9997 80.9192 24.6282 0.628748 -0.677926 -0.380773
-51.816 80.5956 25.4536 0.556627 -0.715818 -0.42163
-51.6 80.2223 26.318 0.54436 -0.707131 -0.451262
-51.3723 79.8068 27.2359 0.519314 -0.706771 -0.480404
-51.0761 79.2657 28.3303 0.481227 -0.70898 -0.512432
-50.8142 78.7278 29.2826 0.425446 -0.721211 -0.546352
-50.6046 78.1534 30.1897 0.407984 -0.729927 -0.548413
-50.1686 77.7657 30.9537 0.380499 -0.714318 -0.587314
-50.0081 77.4618 31.4461 0.349802 -0.730206 -0.586888
-49.5125 78.2901 30.7275 0.357009 -0.720254 -0.594793
-48.9751 79.2422 29.9297 0.356203 -0.701406 -0.617373
-48.5501 79.9186 29.3698 0.291062 -0.73425 -0.612443
-48.1143 80.5474 28.8022 0.30949 -0.748718 -0.586195
-47.4896 81.4684 27.9136 0.246397 -0.786748 -0.565114
-46.8839 82.1785 27.122 0.222886 -0.807199 -0.546521
-46.3393 82.697 26.5231 0.209989 -0.848818 -0.483634
-45.6701 83.231 25.7552 0.131693 -0.85785 -0.495511
-44.9618 83.7909 25.0584 0.161038 -0.840667 -0.517055
-44.3817 84.2032 24.4547 0.0980488 -0.874889 -0.474294
-43.5438 84.6657 23.5987 0.0933527 -0.92944 -0.35697
-42.562 85.0998 22.4856 0.00468292 -0.955085 -0.296296
-42.027 85.3461 21.6992 -0.0026012 -0.95765 -0.287804
-41.6264 85.5604 20.8247 0.0544792 -0.976768 -0.207257
-41.3406 85.7371 19.8618 0.0396022 -0.987418 -0.153092
-41.1944 85.8595 18.8322 -0.0344803 -0.99391 -0.103685
-41.0375 85.9903 17.6667 -0.00883786 -0.994065 -0.102963
-40.8521 86.0446 16.6109 0.00755415 -0.999381 -0.0343597
-40.6969 86.0605 15.6375 0.00996665 -0.997668 0.067519
-40.4737 86.0046 14.3019 0.0733972 -0.995168 -0.029419
-40.247 86.1047 13.3092 0.0947045 -0.994154 -0.0495607
-39.9193 86.2143 12.4168 0.268915 -0.962618 -0.0324328
-39.67 86.2984 11.6793 0.212207 -0.938869 -0.271098
-40.3995 86.2722 11.026 0.12299 -0.976606 -0.176393
-41.5454 86.2921 10.4918 0.00803349 -0.986886 -0.161216
-42.4605 86.1896 9.88163 0.167233 -0.98424 -0.0549089
-43.3166 86.1146 9.34485 0.162655 -0.973923 -0.158171
-44.4483 85.8876 9.55765 0.177359 -0.978031 -0.0628861
-45.1891 85.7636 10.139 0.149065 -0.985763 0.0600681
-46.034 85.736 10.83 0.107192 -0.989721 0.0946713
-46.9651 85.635 11.5509 0.156079 -0.987727 0.0058645
-47.7242 85.5076 12.2557 0.236535 -0.968872 -0.0311888
-48.36 85.2979 13.0129 0.269053 -0.963037 0.0130637
-49.0867 85.1068 13.9749 0.262096 -0.964804 0.0183318
-49.7784 84.9263 15.0289 0.291924 -0.956237 0.0197926
-50.3059 84.7186 15.9014 0.400688 -0.911005 -0.0975595
-50.8074 84.406 16.7644 0.39717 -0.913195 -0.0910798
-51.4454 84.1369 16.1245 0.432111 -0.90106 -0.0370232
-51.9456 83.815 17.0165 0.444363 -0.89053 -0.0974552
-52.3814 83.3585 18.0469 0.569675 -0.812146 -0.126052
-52.7214 82.8983 19.022 0.605418 -0.750953 -0.252928
-52.9552 82.279 20.1274 0.653439 -0.717871 -0.240163
-53.114 81.6386 21.2994 0.618937 -0.707327 -0.341474
-53.1111 81.1728 22.2395 0.665488 -0.66861 -0.331237
-52.9408 80.6503 23.5434 0.630052 -0.684464 -0.366719
-52.6864 80.2412 24.6838 0.63141 -0.671349 -0.388088
-52.4442 79.8298 25.834 0.651865 -0.648659 -0.392795
-52.239 79.4454 26.7966 0.593741 -0.682478 -0.420525
-52.0055 79.0398 27.6566 0.526821 -0.686569 -0.501083
-51.718 78.4475 28.7816 0.529895 -0.68991 -0.493186
-51.5495 77.9807 29.6134 0.522536 -0.688046 -0.503536
-51.4414 77.5006 30.3816 0.518631 -0.694762 -0.498235
-51.2484 77.0378 31.1528 0.379862 -0.736609 -0.559438
-51.0184 76.3882 32.225 0.388257 -0.765706 -0.512788
-50.3536 76.1542 33.0423 0.347947 -0.78225 -0.516739
-49.624 76.697 32.7118 0.345713 -0.774024 -0.530204
-49.2364 77.3675 32.0495 0.362097 -0.749965 -0.553569
-48.7159 78.3279 31.157 0.335908 -0.724078 -0.602041
-48.1553 79.2079 30.3789 0.310009 -0.74131 -0.595276
-47.7387 79.8593 29.7847 0.290533 -0.734885 -0.612231
-47.3094 80.4841 29.2643 0.282209 -0.720475 -0.633462
-46.7797 81.2711 28.49 0.202831 -0.777764 -0.592349
-46.1981 81.9554 27.7214 0.216228 -0.807988 -0.548086
-45.5264 82.5891 26.9364 0.0996413 -0.825355 -0.555752
-44.8165 83.1302 26.1961 0.16227 -0.846147 -0.507644
-44.2289 83.5668 25.6189 0.0672324 -0.836095 -0.544437
-43.4591 84.1187 24.7792 0.0794013 -0.872612 -0.481917
-42.5884 84.5844 23.9312 0.0289642 -0.927364 -0.372466
-41.8883 84.8952 23.1557 0.00770368 -0.943267 -0.330005
-41.2682 85.1714 22.2652 0.000257092 -0.955397 -0.295324
-40.8358 85.415 21.4401 -0.00545172 -0.959899 -0.280295
-40.4607 85.6685 20.3263 -0.0192062 -0.990124 -0.138874
-40.2914 85.8125 19.0583 -0.0291268 -0.995462 -0.0905974
-40.1543 85.8966 18.1618 -0.00817947 -0.988 -0.147685
-40.0033 86.0935 17.0974 0.0544616 -0.989982 -0.0861661
-39.8534 86.1006 16.1952 0.0365959 -0.99705 0.0359111
-39.6773 86.0792 15.1167 -0.0255572 -0.999531 -0.0168907
-39.5232 86.0771 14.2188 0.0733868 -0.995169 -0.0294252
-39.0497 86.4445 12.7934 0.229357 -0.962212 -0.114836
-38.7983 86.5355 11.7235 0.313679 -0.934441 -0.168598
-39.0741 86.7738 10.5805 0.299799 -0.893286 -0.334902
-40.3448 86.5586 9.99479 0.307352 -0.892383 -0.330435
-41.596 86.424 9.35706 0.152992 -0.959041 -0.238398
-42.6494 86.3714 8.64927 0.231684 -0.950443 -0.207316
-43.4169 86.2985 8.14291 0.173538 -0.966901 -0.187015
-44.4867 86.0689 8.3567 0.170861 -0.970526 -0.169169
-45.2209 85.8605 8.92887 0.0673246 -0.97236 -0.22357
-46.0265 85.6334 9.62006 0.0884104 -0.980074 -0.082384
-46.8195 85.6199 10.269 0.0777196 -0.994206 0.0742611
-47.9341 85.4483 11.1634 0.247073 -0.966262 0.0213988
-48.7315 85.1892 12.0384 0.308443 -0.951232 0.00130827
-49.6485 84.9354 13.1694 0.277012 -0.960736 0.0158244
-50.1612 84.7416 13.9946 0.34827 -0.935115 0.0653311
-50.6567 84.6133 14.7998 0.407636 -0.909667 0.0287088
-51.3539 84.1886 15.9827 0.464912 -0.882779 -0.067515
-51.373 84.176 16.0158 0.448512 -0.891919 -0.0522698
-51.9604 83.91 15.3164 0.569471 -0.820512 -0.0191096
-51.3434 84.2548 14.3347 0.484666 -0.874353 0.005129
-50.7527 84.5212 13.2355 0.411964 -0.910696 0.0303154
-50.1778 84.744 12.3076 0.404813 -0.91249 0.0583693
-49.277 85.0151 11.2447 0.29053 -0.956712 0.00581538
-48.2946 85.332 10.2469 0.267341 -0.962367 0.0188719
-47.3605 85.5214 9.5204 0.209696 -0.977003 0.028516
-46.2087 85.8759 8.56442 0.0832175 -0.969151 -0.231296
-45.5421 86.0495 7.97991 0.0682372 -0.97581 -0.207699
-44.8676 86.2525 7.38924 0.10948 -0.975593 -0.190349
-43.9573 86.463 6.94577 0.167745 -0.956073 -0.240388
-42.8908 86.5465 7.36521 0.17306 -0.961025 -0.214023
-41.959 86.6618 8.02967 0.302839 -0.923836 -0.213129
-40.7969 86.8358 8.83071 0.340743 -0.885362 -0.316272
-39.9594 86.9787 9.22643 0.307083 -0.890613 -0.335423
-38.6001 87.2121 9.8002 0.283048 -0.90076 -0.329417
-37.788 87.2882 10.2893 0.274779 -0.89915 -0.340398
-37.8107 86.9165 11.2281 0.26603 -0.898472 -0.349251
-37.999 86.699 12.2088 0.188203 -0.958692 -0.194635
-38.2855 86.4031 13.2258 -0.068723 -0.758073 0.23398
-38.5511 86.2064 14.1624 0.12839 -0.974324 -0.184954
-38.7605 86.0524 15.3124 0.0527194 -0.992629 -0.0613218
-38.9174 86.0866 16.2208 -0.0592515 -0.997554 0.0370927
-39.0964 86.0575 17.399 -0.0840189 -0.989896 -0.114224
-39.2261 85.906 18.2811 0.0380475 -0.989312 -0.140761
-39.3922 85.7609 19.5424 -0.012436 -0.992992 -0.113866
-39.5519 85.557 20.7103 -0.0507049 -0.966117 -0.253074
-39.8619 85.3183 21.6323 -0.0588523 -0.955198 -0.289194
-40.6352 84.8877 22.9792 -0.0407054 -0.93024 -0.364688
-41.3937 84.5565 23.9245 -0.0535191 -0.921555 -0.384542
-42.0618 84.2572 24.6697 -0.0685972 -0.866855 -0.492039
-42.7463 83.9075 25.2791 0.0745995 -0.874848 -0.478577
-43.3274 83.4449 25.9214 0.0533508 -0.827248 -0.55884
-44.1278 82.8562 26.7268 0.0643293 -0.837514 -0.542616
-44.808 82.3215 27.4415 0.0817105 -0.818595 -0.568527
-45.2799 81.84 28.0654 0.0830217 -0.818293 -0.568774
-45.9093 81.1566 28.864 0.128484 -0.786372 -0.60349
-46.4974 80.3556 29.7122 0.111719 -0.735771 -0.6677
-46.9928 79.6187 30.3422 0.230331 -0.7397 -0.629804
-47.5146 78.9078 31.0863 0.252758 -0.757623 -0.598803
-48.0169 78.0614 31.7727 0.256739 -0.69403 -0.672613
-48.3779 77.4061 32.385 0.245238 -0.741239 -0.624839
-48.689 76.8204 33.0099 0.26353 -0.791451 -0.551504
-49.1667 76.0801 33.8338 0.283535 -0.784814 -0.551037
-49.6974 75.5096 34.3818 0.286007 -0.786845 -0.546868
-50.512 75.493 33.9755 0.317814 -0.793988 -0.516445
-51.4519 75.6353 33.0692 0.350894 -0.789516 -0.503036
-51.9801 76.1536 31.8365 0.43938 -0.769418 -0.462776
-52.1546 76.6795 30.8384 0.498109 -0.724564 -0.476335
-52.2912 77.3512 29.7102 0.503465 -0.716115 -0.483381
-52.4818 77.8958 28.7336 0.531619 -0.689827 -0.491447
-52.6387 78.3091 27.9272 0.588699 -0.654718 -0.474107
-52.9054 78.8268 26.7283 0.642997 -0.659861 -0.388765
-53.1518 79.2474 25.6161 0.653969 -0.649296 -0.388252
-53.3721 79.5988 24.6395 0.661725 -0.65003 -0.37355
-53.5726 79.907 23.7594 0.666475 -0.646289 -0.371596
-53.7676 80.3054 22.6713 0.665491 -0.668604 -0.331241
-53.845 80.7209 21.6234 0.67766 -0.656209 -0.331289
-53.7956 81.4119 20.3598 0.698033 -0.662763 -0.268465
-53.5626 82.0107 19.277 0.655788 -0.70988 -0.256286
-53.327 82.611 18.216 0.661772 -0.724781 -0.180775
-53.0148 83.0104 17.4274 0.606667 -0.783392 -0.126714
-52.6922 83.3637 16.6479 0.595777 -0.796191 -0.093599
-52.2554 83.7207 15.7961 0.570241 -0.821043 0.0267027
-52.1813 83.7684 15.6817 0.570244 -0.821041 0.0266976
-52.7733 83.3648 15.0818 0.56869 -0.819986 -0.0649233
-53.2797 82.9432 16.0305 0.611814 -0.789312 -0.0516628
-53.6358 82.5799 16.8416 0.64345 -0.75473 -0.12789
-53.9779 82.1377 17.7306 0.66177 -0.724782 -0.180776
-54.1789 81.6243 18.6179 0.700562 -0.672798 -0.237815
-54.3893 81.115 19.5145 0.690249 -0.685259 -0.232121
-54.5154 80.5993 20.3966 0.692175 -0.656863 -0.299039
-54.5412 80.0215 21.5987 0.688266 -0.656509 -0.308565
-54.41 79.5855 22.777 0.687054 -0.650201 -0.324338
-54.2372 79.2564 23.6955 0.667664 -0.650268 -0.362428
-53.9568 78.8488 24.9251 0.659164 -0.655593 -0.368372
-53.784 78.5449 25.7841 0.629353 -0.682733 -0.371201
-53.5751 78.1879 26.7557 0.612175 -0.686377 -0.392486
-53.4115 77.8256 27.6559 0.600197 -0.687795 -0.407781
-53.2644 77.3785 28.5764 0.585307 -0.698246 -0.411504
-53.0939 76.8354 29.6295 0.508222 -0.715951 -0.47867
-53.0136 76.3473 30.4454 0.497154 -0.743567 -0.44563
-52.9188 75.9331 31.2841 0.441802 -0.782718 -0.438364
-52.7862 75.4682 32.2047 0.398324 -0.803906 -0.441672
-52.2108 75.0805 33.4641 0.396122 -0.814673 -0.423551
-51.2506 74.9473 34.3561 0.326852 -0.817293 -0.474462
-50.3587 74.8448 35.069 0.273152 -0.83737 -0.473497
-49.4932 74.8759 35.4577 0.224661 -0.826395 -0.516332
-48.8054 75.329 35.0039 0.204597 -0.811472 -0.54516
-48.3821 75.8746 34.423 0.203461 -0.785308 -0.584709
-47.94 76.5519 33.6618 0.211677 -0.783385 -0.584275
-47.5823 77.2308 32.8923 0.228807 -0.757477 -0.610469
-47.2245 77.9371 32.2086 0.240489 -0.737985 -0.630458
-46.6613 78.7178 31.4611 0.125901 -0.734776 -0.666523
-46.1405 79.4827 30.7252 0.128821 -0.73011 -0.671077
-45.6244 80.1857 29.9946 0.0202858 -0.74453 -0.66728
-45.0246 80.9645 29.1917 0.0611293 -0.71488 -0.69657
-44.4571 81.6257 28.4759 0.0100898 -0.763948 -0.643395
-43.7032 82.3673 27.5318 0.0723674 -0.828207 -0.555446
-42.9613 82.8622 26.8049 0.0248722 -0.841876 -0.539098
-42.3369 83.346 26.1078 -0.0512164 -0.831507 -0.553148
-41.7141 83.7289 25.4752 -0.0506725 -0.831168 -0.553707
-41.01 84.076 24.7718 -0.123153 -0.870056 -0.477322
-40.2453 84.448 23.9036 -0.117234 -0.872408 -0.474465
-39.511 84.8261 23.0109 -0.0800968 -0.902674 -0.416815
-39.016 85.0943 22.1059 -0.100045 -0.947157 -0.30477
-38.6298 85.4159 20.8872 -0.119446 -0.961401 -0.2476
-38.4871 85.6202 19.9663 -0.116403 -0.96675 -0.227694
-38.3511 85.8193 18.7486 -0.105559 -0.986509 -0.125131
-38.1456 85.976 17.3502 -0.105278 -0.986308 -0.126936
-37.9552 86.0485 16.0779 0.00305589 -0.999987 0.00412278
-37.7308 86.1738 14.8209 -0.0204857 -0.980802 -0.193926
-37.531 86.4015 13.8385 0.114751 -0.974322 -0.193157
-37.2364 86.6599 12.7381 0.123905 -0.961997 -0.242291
-36.9376 87.0421 11.568 0.260186 -0.899057 -0.343895
-36.7315 87.5222 10.6246 0.316163 -0.875106 -0.366376
-37.1709 87.8506 9.43449 0.318358 -0.879002 -0.354947
-38.6207 87.5411 8.88292 0.302369 -0.88977 -0.340961
-39.5357 87.3865 8.49451 0.294915 -0.892919 -0.340177
-40.4017 87.2386 8.11996 0.336071 -0.89608 -0.28979
-41.206 87.102 7.57717 0.344359 -0.894371 -0.285511
-42.221 86.9496 6.81888 0.349735 -0.882589 -0.3142
-43.0306 86.8558 6.16935 0.340877 -0.894797 -0.288339
-44.2269 86.7279 5.66426 0.181248 -0.951411 -0.248929
-44.9546 86.4455 6.22015 0.243254 -0.939582 -0.240857
-45.7098 86.1841 6.88998 0.201683 -0.974691 -0.0964472
-46.6753 85.8608 7.73388 0.24146 -0.96752 -0.0748528
-47.6772 85.4992 8.56751 0.257926 -0.96395 -0.0633566
-48.6527 85.2071 9.34829 0.236952 -0.970144 -0.00760592
-49.403 84.9717 10.0338 0.329121 -0.944272 0.00546233
-50.0914 84.707 10.7461 0.366441 -0.930439 0.00217109
-50.6515 84.4827 11.4298 0.39089 -0.920206 0.0099156
-51.2232 84.2674 12.269 0.399992 -0.915385 0.041223
-51.688 84.0625 13.1411 0.482939 -0.875654 0.000462955
-52.1878 83.7711 14.1038 0.48933 -0.871726 -0.0254844
-52.6867 83.4379 14.916 0.568687 -0.819988 -0.0649193
-53.3385 83.0741 14.3772 0.531492 -0.84378 -0.0651744
-52.7486 83.4752 13.3996 0.530609 -0.847246 -0.0243544
-52.2919 83.7345 12.4285 0.479399 -0.877572 -0.00660161
-51.8172 83.9947 11.5052 0.432965 -0.899789 0.0130805
-51.1965 84.2553 10.6672 0.394288 -0.918954 -0.00780561
-50.4153 84.5852 9.72172 0.371764 -0.928273 -0.0100421
-49.4705 84.9526 8.84286 0.333248 -0.942561 -0.0229163
-48.4583 85.3095 8.01834 0.301004 -0.953435 -0.0189521
-47.6303 85.617 7.34628 0.290837 -0.952503 -0.0902944
-46.6471 85.986 6.49172 0.255182 -0.961759 -0.0995077
-45.9544 86.2484 5.84813 0.287439 -0.947562 -0.139648
-44.9839 86.6695 4.96325 0.277454 -0.95152 -0.132694
-44.1326 87.0524 4.31453 0.327141 -0.916129 -0.230844
-43.3292 87.2312 4.68804 0.294465 -0.918901 -0.259626
-42.4189 87.2838 5.56559 0.340362 -0.894642 -0.289429
-41.5939 87.3701 6.27434 0.341381 -0.894959 -0.287242
-40.8382 87.479 6.84581 0.346223 -0.893143 -0.287098
-39.7251 87.6882 7.49226 0.325915 -0.899018 -0.292482
-38.7604 87.8698 7.91166 0.312503 -0.885332 -0.34428
-37.5816 88.1075 8.38818 0.320373 -0.884444 -0.339293
-36.6766 88.3098 8.68214 0.265374 -0.894507 -0.359768
-35.7023 88.5184 8.92153 0.328907 -0.862677 -0.384185
-35.6481 88.1363 9.9846 0.29663 -0.897473 -0.326425
-35.8693 87.67 10.9695 0.253707 -0.876396 -0.408378
-36.0649 87.1691 11.8961 0.260185 -0.899059 -0.343891
-36.4025 86.6537 13.1559 0.125249 -0.94701 -0.27912
-36.6729 86.3893 14.3344 0.106349 -0.966387 -0.232006
-36.8976 86.0696 15.4032 0.0993835 -0.971915 -0.203087
-37.1067 85.9733 16.6036 -0.0903446 -0.99064 -0.095752
-37.25 85.8425 17.6862 -0.0760944 -0.989375 -0.122389
-37.3946 85.712 18.7979 -0.103724 -0.986905 -0.123534
-37.5177 85.5632 19.7775 -0.0997808 -0.965856 -0.239095
-37.6429 85.3066 20.7861 -0.136371 -0.950097 -0.278161
-37.8877 85.0781 21.7859 -0.112015 -0.952681 -0.281296
-38.3856 84.6974 22.9128 -0.162176 -0.907064 -0.388502
-38.8775 84.4031 23.6376 -0.121223 -0.874951 -0.468791
-39.7292 83.9964 24.5982 -0.114979 -0.869708 -0.479987
-40.7268 83.4874 25.6524 -0.112862 -0.82412 -0.555057
-41.41 83.0822 26.3527 -0.100667 -0.786803 -0.608686
-41.9154 82.6756 26.9873 -0.12117 -0.794821 -0.594623
-42.595 82.2517 27.6049 -0.0682249 -0.770875 -0.633323
-43.1376 81.8208 28.1816 -0.0320944 -0.756943 -0.652692
-43.6979 81.2297 28.9136 -0.0366849 -0.771836 -0.634763
-44.1861 80.6642 29.5557 0.0109214 -0.69718 -0.716813
-44.6928 80.0402 30.1927 0.0329793 -0.753342 -0.656785
-45.0904 79.4926 30.8044 0.0347012 -0.745689 -0.665251
-45.7085 78.6608 31.6998 0.0913674 -0.748145 -0.656158
-46.2834 77.868 32.4898 0.127918 -0.760559 -0.636543
-46.6249 77.3044 33.1616 0.168864 -0.763906 -0.61835
-47.1746 76.339 34.1892 0.200461 -0.765625 -0.611256
-47.6717 75.5884 35.0541 0.191056 -0.789483 -0.583185
-48.3278 74.7887 36.0735 0.159382 -0.837839 -0.521776
-49.0129 74.3776 36.5018 0.228359 -0.843373 -0.486389
-50.1677 74.2234 36.1991 0.252328 -0.8354 -0.4883
-50.964 74.3263 35.6203 0.292769 -0.826633 -0.479791
-51.7042 74.3801 35.0384 0.318335 -0.82147 -0.473024
-52.4588 74.4726 34.3485 0.326142 -0.822079 -0.46671
-53.1319 74.5315 33.6463 0.406702 -0.807488 -0.427267
-53.5449 74.7344 32.8698 0.435193 -0.799621 -0.412458
-53.7163 75.1313 31.8736 0.486455 -0.775204 -0.403014
-53.7768 75.5713 30.9629 0.487375 -0.771482 -0.409001
-53.8883 76.2762 29.6419 0.545605 -0.715585 -0.430926
-53.968 76.7533 28.6637 0.592789 -0.698201 -0.401394
-54.0997 77.1855 27.7225 0.600202 -0.687792 -0.407778
-54.3576 77.7224 26.3295 0.625477 -0.683146 -0.376948
-54.534 78.0405 25.3386 0.648865 -0.676811 -0.346667
-54.718 78.3444 24.4608 0.659158 -0.655596 -0.368377
-54.9977 78.7892 23.1212 0.696644 -0.636683 -0.329819
-55.1373 79.0899 22.1946 0.705905 -0.635101 -0.313601
-55.2393 79.589 20.908 0.715489 -0.629063 -0.303901
-55.1588 80.2094 19.7387 0.702173 -0.65212 -0.285821
-55.0154 80.7055 18.903 0.668158 -0.709261 -0.224754
-54.8209 81.1548 18.0607 0.682858 -0.691826 -0.233426
-54.5804 81.7141 17.1011 0.675861 -0.720914 -0.149816
-54.2448 82.1697 16.1977 0.652517 -0.746878 -0.127479
-53.6334 82.8117 14.93 0.569746 -0.810436 -0.136318
-53.4148 83.0084 14.5191 0.534954 -0.838849 -0.100781
-54.0587 82.6362 13.9762 0.589209 -0.804182 -0.0327514
-54.4626 82.1973 14.784 0.643583 -0.7571 -0.11225
-54.8437 81.7352 15.6159 0.661123 -0.739136 -0.128819
-55.1515 81.3185 16.4279 0.675867 -0.720907 -0.149825
-55.4049 80.8345 17.3197 0.700293 -0.68014 -0.212553
-55.6543 80.2129 18.4135 0.740211 -0.631774 -0.227776
-55.7828 79.7436 19.1711 0.740518 -0.617041 -0.265697
-55.8804 79.237 20.0526 0.71219 -0.645999 -0.273525
-55.8867 78.7718 21.1122 0.695579 -0.65058 -0.304821
-55.7871 78.4493 22.0292 0.704065 -0.638531 -0.31072
-55.6367 78.0925 23.1163 0.696643 -0.636684 -0.329818
-55.4318 77.8021 24.1183 0.666535 -0.674381 -0.317713
-55.226 77.5001 25.1584 0.645376 -0.685014 -0.337473
-55.0775 77.1357 26.1703 0.659557 -0.663851 -0.352191
-54.9307 76.7542 27.08 0.648453 -0.657079 -0.384391
-54.807 76.4591 27.9306 0.596256 -0.696847 -0.398601
-54.7127 76.0276 28.8261 0.577554 -0.725131 -0.372543
-54.6455 75.5523 29.8797 0.541269 -0.754676 -0.370771
-54.6256 75.1083 30.825 0.513978 -0.764262 -0.387981
-54.5924 74.6651 31.7559 0.467285 -0.79649 -0.38373
-54.4157 74.1607 32.9968 0.466507 -0.788177 -0.401389
-54.0176 73.9785 33.8108 0.462211 -0.784872 -0.412591
-53.1092 73.9359 34.839 0.365278 -0.819074 -0.439817
-52.2174 73.8493 35.6468 0.297686 -0.850352 -0.433259
-51.4591 73.8054 36.2156 0.29277 -0.826633 -0.479791
-50.6033 73.7247 36.9154 0.274882 -0.863912 -0.422015
-49.7315 73.7331 37.3161 0.203038 -0.883192 -0.422784
-48.6454 73.933 37.418 0.201733 -0.884015 -0.421689
-47.5638 74.535 36.7357 0.156716 -0.848315 -0.505769
-47.0901 75.0786 36.0005 0.150549 -0.832626 -0.532808
-46.7405 75.5874 35.2995 0.15542 -0.774088 -0.613703
-46.359 76.2146 34.5895 0.058274 -0.812066 -0.580577
-46.023 76.7664 33.8805 0.0207489 -0.790924 -0.611562
-45.5973 77.5068 33.0695 0.0931177 -0.767977 -0.632324
-45.0366 78.2266 32.2601 0.0176566 -0.75634 -0.653906
-44.4293 79.002 31.3935 0.0211627 -0.75228 -0.658504
-43.9946 79.5543 30.7891 0.0374985 -0.752801 -0.657179
-43.517 80.1819 30.0916 0.0334961 -0.757418 -0.652071
-42.9523 80.8406 29.3095 -0.0376866 -0.755517 -0.654044
-42.5095 81.345 28.691 -0.100607 -0.75282 -0.649899
-41.5346 82.0524 27.7326 -0.0688057 -0.770694 -0.633479
-40.9229 82.4521 27.0866 -0.100666 -0.786807 -0.608682
-40.2808 82.9254 26.396 -0.0989755 -0.80366 -0.585489
-39.303 83.4601 25.3456 -0.150104 -0.824895 -0.544993
-38.2636 83.9596 24.218 -0.158364 -0.843035 -0.514016
-37.5403 84.3611 23.2658 -0.226209 -0.854418 -0.467759
-37.1127 84.6898 22.3417 -0.173766 -0.895788 -0.409109
-36.7324 85.1023 21.0969 -0.109181 -0.946862 -0.302543
-36.6167 85.3794 20.1158 -0.107484 -0.963288 -0.246016
-36.4625 85.6189 18.9771 -0.0796983 -0.983685 -0.159444
-36.3358 85.7423 18.0839 -0.0600102 -0.989683 -0.129106
-36.172 85.9477 16.5962 0.0450928 -0.982188 -0.182159
-35.9542 86.1571 15.4458 0.0993928 -0.971915 -0.203086
-35.7196 86.4871 14.2211 0.0639929 -0.969835 -0.235213
-35.3981 86.8964 13.0133 0.188439 -0.911971 -0.363918
-35.2065 87.2671 12.2057 0.21339 -0.895396 -0.389919
-35.026 87.6992 11.3764 0.223605 -0.884366 -0.409729
-34.8523 88.1187 10.5831 0.230385 -0.873022 -0.429831
-34.6255 88.5355 9.81618 0.313607 -0.880382 -0.353896
-34.365 88.9713 8.99913 0.290342 -0.881712 -0.371867
-34.4361 89.2921 8.23319 0.303989 -0.868798 -0.390871
-35.5028 88.9687 8.09021 0.329473 -0.85913 -0.391591
-36.4748 88.689 7.88835 0.296304 -0.878283 -0.373387
-37.6467 88.4384 7.46796 0.320366 -0.883233 -0.342439
-38.5059 88.2664 7.12259 0.312507 -0.885334 -0.344272
-39.6077 88.0334 6.62401 0.355817 -0.875519 -0.326895
-40.69 87.8428 5.95815 0.375747 -0.859767 -0.345854
-41.6985 87.7301 5.1225 0.374261 -0.865075 -0.33386
-42.428 87.6901 4.43104 0.364521 -0.869123 -0.33429
-43.0742 87.6969 3.6807 0.375939 -0.868573 -0.32279
-43.7057 87.7635 2.81743 0.364781 -0.858837 -0.359629
-44.4216 87.3171 3.15734 0.384257 -0.851466 -0.356242
-45.1335 86.7886 3.87146 0.328462 -0.916661 -0.226744
-45.9725 86.4275 4.597 0.285464 -0.948639 -0.136261
-46.8261 86.0512 5.40242 0.270518 -0.954908 -0.11953
-47.771 85.679 6.25918 0.313982 -0.945539 -0.0824981
-48.4888 85.379 6.85967 0.341962 -0.937811 -0.0597695
-49.1478 85.1016 7.41938 0.34982 -0.935414 -0.048808
-49.8996 84.8116 8.02408 0.347901 -0.937431 -0.0136839
-50.6466 84.4877 8.68293 0.40516 -0.913589 -0.0346602
-51.456 84.1359 9.55583 0.410705 -0.911766 0.0022401
-52.074 83.8643 10.3415 0.408616 -0.91267 0.00820115
-52.638 83.5584 11.2085 0.467847 -0.883671 -0.0156294
-53.1279 83.2727 12.1793 0.533859 -0.845419 -0.014056
-53.5193 82.999 13.0163 0.534882 -0.8445 -0.0268507
-53.8622 82.7673 13.6576 0.533197 -0.845774 -0.0191582
-54.4969 82.3156 13.1523 0.640014 -0.766369 -0.054365
-54.9444 81.8855 13.9989 0.648176 -0.75758 -0.0723283
-55.3794 81.3944 14.8826 0.65045 -0.753199 -0.0980066
-55.6926 80.9635 15.6526 0.706241 -0.685361 -0.177493
-55.9791 80.3732 16.7257 0.731867 -0.65116 -0.200901
-56.1819 79.8842 17.5723 0.731302 -0.651376 -0.202248
-56.3846 79.3087 18.5135 0.701131 -0.666529 -0.253288
-56.5076 78.8766 19.31 0.701179 -0.664144 -0.259268
-56.5777 78.3981 20.3186 0.70954 -0.652203 -0.266499
-56.5079 78.0221 21.2705 0.704281 -0.639123 -0.309048
-56.3918 77.7094 22.1841 0.69126 -0.65898 -0.295335
-56.2963 77.418 23.1084 0.677834 -0.678211 -0.28385
-56.1015 77.1354 24.1581 0.657421 -0.685251 -0.313415
-55.893 76.8024 25.2571 0.646561 -0.677237 -0.351154
-55.7594 76.4587 26.1535 0.615625 -0.702155 -0.351641
-55.6341 76.0636 27.2437 0.571548 -0.748571 -0.336118
-55.4563 75.5994 28.5576 0.558848 -0.753414 -0.346491
-55.4093 75.1844 29.5134 0.54127 -0.754676 -0.370769
-55.4123 74.633 30.6993 0.516376 -0.779478 -0.354642
-55.4114 74.1983 31.6335 0.494719 -0.792038 -0.356638
-55.3208 73.6893 32.9468 0.445096 -0.813682 -0.37173
-54.8174 73.4257 34.0099 0.404903 -0.834606 -0.371847
-54.2025 73.4041 34.8154 0.396848 -0.860781 -0.318696
-53.1718 73.3772 35.8743 0.336755 -0.84189 -0.421683
-52.4589 73.3278 36.489 0.288832 -0.861528 -0.416127
-51.7121 73.3258 37.0742 0.273516 -0.877127 -0.39378
-50.7202 73.2622 37.8194 0.245625 -0.879891 -0.406768
-49.8788 73.2845 38.1887 0.200514 -0.886178 -0.417711
-48.4691 73.5015 38.3261 0.146703 -0.878975 -0.453742
-47.3137 73.9332 37.799 0.0592185 -0.878121 -0.474759
-46.6256 74.4348 37.069 0.098379 -0.820818 -0.562654
-46.1496 74.9886 36.2793 0.0469488 -0.827984 -0.556417
-45.8317 75.5067 35.6056 0.0284394 -0.807361 -0.589208
-45.502 76.0291 34.9301 0.0590515 -0.806767 -0.587911
-45.0848 76.7406 33.9835 0.0746436 -0.775025 -0.625423
-44.5529 77.561 33.0555 0.0189781 -0.781349 -0.623806
-43.9881 78.2483 32.2697 0.0215602 -0.752789 -0.657909
-43.488 78.8513 31.5537 -0.0547073 -0.724138 -0.687307
-42.9909 79.5044 30.8469 -0.0714088 -0.721477 -0.688449
-42.4895 80.1534 30.0847 -0.0631247 -0.746733 -0.661241
-41.9627 80.6812 29.3974 -0.115573 -0.766941 -0.631225
-41.2969 81.2724 28.6159 -0.085646 -0.738696 -0.668575
-40.6743 81.7366 27.9855 -0.128978 -0.77341 -0.619806
-39.9909 82.1898 27.2658 -0.104659 -0.769591 -0.629902
-39.2873 82.6543 26.5095 -0.190486 -0.781798 -0.593466
-38.4344 83.1314 25.5732 -0.201599 -0.790697 -0.577995
-37.7514 83.4572 24.8843 -0.15813 -0.843153 -0.513895
-37.0078 83.8212 24.0419 -0.180633 -0.859986 -0.476596
-36.2963 84.3299 22.8062 -0.162212 -0.883506 -0.438144
-35.9153 84.7591 21.6049 -0.206428 -0.912644 -0.352802
-35.7222 85.181 20.4029 -0.177852 -0.928051 -0.324537
-35.5737 85.4847 19.2281 -0.104808 -0.971672 -0.208696
-35.4051 85.7004 18.0889 -0.0083845 -0.977024 -0.21285
-35.2584 85.9785 16.6562 0.0450929 -0.982188 -0.18216
-35.0139 86.2628 15.3202 0.0605917 -0.973575 -0.219364
-34.7827 86.5479 14.2071 0.0993746 -0.952911 -0.279312
-34.4652 87.0679 13.0186 0.121994 -0.908888 -0.398798
-34.2271 87.6231 11.9745 0.228391 -0.88227 -0.411626
-33.9449 88.2555 10.7869 0.230039 -0.876066 -0.423712
-33.6285 88.8438 9.75188 0.225352 -0.876749 -0.424886
-33.24 89.3952 8.87187 0.265081 -0.871386 -0.412471
-32.787 89.8834 8.12337 0.278186 -0.865151 -0.417285
-32.204 90.4017 7.43823 0.288248 -0.867268 -0.405714
-33.1397 90.131 7.33715 0.292481 -0.875248 -0.385221
-34.0637 89.8166 7.34537 0.302149 -0.872311 -0.384421
-35.1825 89.4406 7.31094 0.320423 -0.873007 -0.367585
-36.4831 89.072 7.00381 0.334506 -0.865388 -0.373108
-37.5742 88.8092 6.61731 0.337823 -0.862583 -0.376561
-38.4717 88.6242 6.24494 0.335821 -0.861412 -0.381042
-39.381 88.4337 5.81252 0.352295 -0.873721 -0.33541
-40.2128 88.3032 5.29565 0.341977 -0.875936 -0.340277
-41.1093 88.1997 4.58244 0.366063 -0.879111 -0.305224
-42.1113 88.1527 3.57141 0.381844 -0.858973 -0.341115
-42.7453 88.2121 2.70325 0.384972 -0.860873 -0.332705
-43.2487 88.328 1.84239 0.355382 -0.871159 -0.338786
-43.862 88.5114 0.88203 0.353549 -0.842446 -0.406556
-44.2709 88.0727 1.43629 0.35235 -0.857131 -0.374132
-44.7779 87.6074 2.09853 0.372465 -0.853153 -0.363613
-45.5127 86.8894 2.93214 0.374242 -0.876236 -0.294743
-46.1935 86.511 3.52931 0.297032 -0.937587 -0.174772
-47.0505 86.1234 4.33564 0.300183 -0.945055 -0.12923
-47.7205 85.7892 4.97911 0.341867 -0.933694 -0.100611
-48.6043 85.4101 5.7563 0.347854 -0.934841 -0.0712049
-49.358 85.0895 6.36353 0.3591 -0.931322 -0.0607206
-50.2861 84.6994 7.15649 0.340557 -0.9395 -0.0368926
-51.2024 84.2306 7.98511 0.441535 -0.896765 0.0293209
-52.113 83.832 8.95137 0.43179 -0.900966 0.0426374
-52.8811 83.436 9.97143 0.542565 -0.840008 0.00325297
-53.4949 83.0505 11.0238 0.537468 -0.843215 0.010826
-53.9827 82.7307 12.074 0.53722 -0.843184 -0.0208783
-54.3652 82.4448 12.8967 0.63599 -0.770085 -0.0475982
-54.9977 81.9419 12.4165 0.637176 -0.77002 -0.0328159
-55.4982 81.4745 13.3461 0.651531 -0.754364 -0.0757305
-56.0016 80.9024 14.3689 0.667666 -0.739992 -0.0814475
-56.4174 80.2591 15.5137 0.701137 -0.689534 -0.181521
-56.7511 79.4954 16.8755 0.708458 -0.672428 -0.214305
-56.9876 78.9604 17.8007 0.691132 -0.673472 -0.262244
-57.191 78.2279 19.1283 0.696943 -0.662116 -0.275242
-57.207 77.6781 20.3594 0.706688 -0.65101 -0.276597
-57.1508 77.246 21.606 0.63867 -0.719864 -0.271838
-57.0856 76.9326 22.5237 0.637969 -0.712718 -0.291581
-56.9693 76.6794 23.3912 0.63553 -0.714338 -0.292954
-56.7863 76.449 24.2676 0.620282 -0.710979 -0.3313
-56.6117 76.1471 25.3134 0.591075 -0.748619 -0.300333
-56.4907 75.7807 26.4077 0.584388 -0.743003 -0.326247
-56.3175 75.3732 27.626 0.568786 -0.752649 -0.331665
-56.1725 74.9026 28.9159 0.548109 -0.768625 -0.328802
-56.2013 74.3423 30.1843 0.518122 -0.779012 -0.353115
-56.2461 73.7694 31.4444 0.517463 -0.792086 -0.323776
-56.2199 73.3164 32.6087 0.445566 -0.82796 -0.340519
-56.0181 73.0186 33.6245 0.42443 -0.843152 -0.329727
-55.3695 72.8808 34.7281 0.401157 -0.853705 -0.331742
-54.4986 72.9377 35.699 0.381601 -0.854849 -0.348751
-53.5251 72.8778 36.6476 0.313361 -0.864735 -0.392477
-52.4962 72.855 37.5752 0.268836 -0.891997 -0.363411
-51.7458 72.8385 38.1401 0.236419 -0.893118 -0.382682
-50.8418 72.8262 38.7495 0.206097 -0.901319 -0.378951
-49.859 72.8436 39.1469 0.17434 -0.883549 -0.433326
-48.3734 73.0475 39.2364 0.147322 -0.878664 -0.454143
-47.2582 73.3731 38.9168 0.0903888 -0.88592 -0.453789
-46.3357 73.8021 38.1813 0.0823605 -0.886107 -0.455522
-45.5874 74.4567 37.229 0.0582756 -0.859658 -0.505668
-45.1252 75.0078 36.3622 0.0338504 -0.849517 -0.525777
-44.8289 75.4988 35.6524 0.0206501 -0.814326 -0.580041
-44.43 76.2172 34.7539 0.0187928 -0.78164 -0.623411
-44.1031 76.8033 34.0188 -0.0275203 -0.811437 -0.580135
-43.703 77.3148 33.3214 -0.112362 -0.762359 -0.637325
-43.2517 77.8453 32.6531 -0.0820834 -0.742894 -0.664302
-42.7714 78.4 31.9874 -0.0536367 -0.73483 -0.676127
-42.2617 79.0012 31.2944 -0.101275 -0.727804 -0.678115
-41.6085 79.8841 30.2374 -0.115488 -0.726102 -0.677819
-41.0197 80.4395 29.5019 -0.130708 -0.749925 -0.648482
-40.4762 80.9019 28.8811 -0.115035 -0.745009 -0.65706
-39.7146 81.4755 28.0803 -0.148647 -0.751695 -0.642499
-38.9869 81.942 27.3269 -0.179724 -0.778535 -0.601318
-38.3914 82.2959 26.6907 -0.166721 -0.780823 -0.60195
-37.4933 82.7857 25.7035 -0.191286 -0.774766 -0.601619
-36.6838 83.1985 24.9802 -0.165257 -0.801576 -0.570271
-35.9513 83.5809 24.0752 -0.180624 -0.859984 -0.476603
-35.3261 84.1027 22.8631 -0.200499 -0.850071 -0.486638
-35.0667 84.4373 21.9522 -0.195627 -0.914792 -0.353393
-34.8338 84.7811 21.0173 -0.136699 -0.933107 -0.332602
-34.7387 85.1084 20.037 -0.129346 -0.941112 -0.308073
-34.6048 85.4555 19.0181 -0.0735225 -0.953144 -0.290113
-34.463 85.7217 17.9425 -0.040364 -0.972915 -0.225047
-34.3416 85.9123 17.027 -0.00858552 -0.977211 -0.211942
-34.215 86.1256 16.1153 -0.00985721 -0.970562 -0.240651
-34.0746 86.3532 15.1918 0.0283144 -0.973877 -0.221164
-33.8358 86.675 14.2611 0.144023 -0.935867 -0.321574
-33.448 87.4186 12.7316 0.172436 -0.867917 -0.465818
-33.279 87.8775 11.9391 0.172128 -0.868153 -0.46549
-32.9125 88.6272 10.5766 0.209173 -0.874122 -0.437906
-32.5389 89.2822 9.52306 0.257753 -0.86322 -0.433979
-31.9992 89.8786 8.64241 0.266795 -0.862076 -0.430833
-31.5272 90.3461 8.01029 0.274817 -0.861901 -0.425995
-30.9163 90.8984 7.27623 0.282424 -0.864499 -0.415786
-30.3631 91.4103 6.59613 0.280397 -0.863318 -0.419578
-29.8314 91.9103 5.89758 0.296571 -0.872306 -0.388753
-29.8557 92.1497 5.31466 0.27916 -0.902158 -0.328909
-30.7143 91.7309 5.6242 0.299261 -0.871432 -0.388651
-31.6173 91.1963 6.12137 0.297774 -0.870357 -0.392166
-32.7892 90.6872 6.37425 0.294873 -0.87062 -0.393783
-33.9317 90.2488 6.46739 0.313047 -0.869371 -0.382264
-35.2178 89.7948 6.4389 0.320423 -0.873007 -0.367585
-36.4611 89.447 6.15134 0.327153 -0.869339 -0.370414
-37.3055 89.2427 5.87336 0.3353 -0.861617 -0.381039
-38.1987 89.06 5.50035 0.352432 -0.862368 -0.362625
-39.0223 88.8805 5.0767 0.369544 -0.856436 -0.360493
-39.9466 88.7171 4.49298 0.383876 -0.853388 -0.352659
-40.7431 88.6364 3.83152 0.361008 -0.866107 -0.345692
-41.4977 88.6274 3.06295 0.373376 -0.861233 -0.344644
-42.2662 88.7166 1.95221 0.38497 -0.860874 -0.332704
-42.7378 88.9143 0.925322 0.282744 -0.898268 -0.330783
-43.0173 89.1385 -0.110355 0.246824 -0.925371 -0.285815
-43.1796 89.3954 -0.986007 0.205676 -0.925507 -0.318017
-43.3647 89.6463 -1.83539 0.205645 -0.925339 -0.318524
-43.5881 89.6863 -2.13213 0.28326 -0.918257 -0.276708
-44.0953 89.2396 -1.18679 0.290801 -0.914058 -0.282724
-44.593 88.6587 -0.0968928 0.359144 -0.851768 -0.381454
-45.0661 88.018 0.858974 0.3526 -0.843187 -0.405844
-45.7467 87.2903 1.79779 0.344711 -0.849054 -0.397021
-46.2806 86.826 2.38996 0.290679 -0.86836 -0.401664
-47.1548 86.2639 3.10266 0.317662 -0.932381 -0.167959
-47.8866 85.9255 3.83671 0.302983 -0.943776 -0.132243
-48.6794 85.4625 4.60211 0.378154 -0.915039 -0.122242
-49.3777 85.1569 5.20255 0.374661 -0.924571 -0.0662468
-50.1572 84.8001 5.8504 0.377789 -0.925366 -0.0311927
-50.8247 84.4431 6.46025 0.466046 -0.884296 -0.0286564
-51.6605 83.9869 7.22513 0.42678 -0.903872 -0.00688452
-52.3505 83.6834 7.89287 0.456835 -0.888338 0.0190261
-52.9833 83.3553 8.59225 0.50437 -0.861915 0.0400984
-53.6192 82.9641 9.55089 0.536561 -0.843687 -0.0171481
-54.1473 82.6116 10.5062 0.586357 -0.809734 0.0227166
-54.6644 82.2237 11.6832 0.621654 -0.783139 -0.0142868
-54.9117 82.0206 12.2413 0.630095 -0.776091 -0.0206994
-55.5766 81.5002 11.8402 0.61855 -0.784907 -0.035094
-55.188 81.8293 10.9794 0.612421 -0.790207 -0.0226612
-54.6421 82.2663 9.71965 0.600289 -0.799751 -0.00710515
-54.2053 82.6004 8.91634 0.569753 -0.820525 0.0201298
-53.5767 82.963 7.99394 0.539702 -0.84139 0.0264187
-52.8913 83.3556 7.2072 0.506272 -0.861851 0.0300307
-52.0323 83.8323 6.36732 0.454603 -0.890649 -0.00895764
-51.3063 84.2142 5.71089 0.461738 -0.886477 -0.0309244
-50.5873 84.6133 5.03121 0.463578 -0.88541 -0.0337034
-49.9565 84.9666 4.49416 0.428249 -0.900907 -0.0550943
-49.1617 85.4199 3.773 0.398846 -0.897995 -0.185814
-48.4926 85.8338 3.13259 0.296022 -0.943424 -0.149403
-47.6563 86.3965 2.34238 0.290578 -0.873017 -0.391669
-47.0439 86.8411 1.80492 0.290674 -0.86836 -0.401669
-46.4432 87.3035 1.16755 0.351625 -0.885669 -0.303234
-45.9753 87.7886 0.490269 0.380496 -0.840686 -0.385238
-45.4753 88.4589 -0.49203 0.375382 -0.842311 -0.386783
-45.0848 88.9262 -1.26777 0.325636 -0.899344 -0.291792
-44.6318 89.3991 -2.20275 0.0762357 -0.935813 -0.344154
-44.1981 89.8977 -3.31224 0.282508 -0.897773 -0.337924
-43.5963 90.4154 -4.64906 0.189945 -0.963054 -0.190916
-43.2034 90.6935 -5.58392 0.0325999 -0.962432 -0.207254
-43.152 90.8809 -7.12079 -0.0315458 -0.991674 -0.0443987
-43.2313 91.0283 -8.537 0.0039553 -0.996146 -0.0789337
-43.3113 90.9964 -9.73768 -0.0256349 -0.991521 0.127396
-43.4361 90.8626 -10.8032 -0.0255828 -0.991482 0.127703
-43.4942 90.7479 -11.7673 -0.0439551 -0.99458 0.0937997
-43.4696 90.6658 -12.6831 -0.0971883 -0.972107 0.183577
-43.3362 90.3952 -13.5342 -0.125293 -0.93754 0.321092
-43.0457 89.9271 -14.2636 -0.104317 -0.843975 0.52614
-42.2447 89.682 -14.501 -0.0880366 -0.858303 0.505535
-41.606 90.1066 -13.4357 -0.0969949 -0.930828 0.34167
-41.4717 90.5347 -12.2495 0.00796641 -0.943176 0.332198
-41.5146 90.8459 -11.2503 0.0708328 -0.987302 0.142052
-41.6258 91.008 -10.093 0.0736528 -0.990634 0.108952
-41.7287 91.0661 -9.19098 0.066723 -0.995873 0.0572686
-41.8643 91.0683 -8.22467 0.143551 -0.989336 -0.0246498
-42.0014 90.9751 -6.93994 0.129412 -0.986614 -0.0992245
-42.107 90.844 -5.73895 0.14539 -0.985171 -0.0911032
-42.2439 90.6873 -4.70703 0.166231 -0.965698 -0.198605
-42.3844 90.4153 -3.56706 0.171909 -0.949367 -0.25935
-42.3647 90.1248 -2.60759 0.202098 -0.936166 -0.287664
-42.3112 89.7791 -1.54091 0.201948 -0.927301 -0.315119
-42.1802 89.5211 -0.409873 0.324153 -0.91789 -0.228918
-41.9565 89.2919 0.590208 0.341918 -0.896433 -0.281823
-41.5216 89.1514 1.55788 0.349246 -0.88802 -0.299078
-40.8541 89.0763 2.57187 0.370316 -0.881431 -0.293163
-40.2045 89.0905 3.24261 0.374275 -0.863627 -0.337209
-39.1898 89.2556 4.01375 0.387648 -0.855964 -0.341935
-38.1251 89.4279 4.62913 0.33659 -0.879412 -0.336663
-37.0034 89.6709 5.1037 0.353848 -0.861243 -0.364762
-36.0909 89.9174 5.38194 0.32598 -0.868264 -0.373972
-34.6618 90.3597 5.60073 0.323252 -0.867516 -0.378031
-33.6463 90.7498 5.55453 0.305993 -0.871191 -0.383917
-32.8101 91.0899 5.45005 0.298622 -0.872812 -0.386036
-31.783 91.5591 5.16748 0.297139 -0.879177 -0.372396
-30.8692 92.0406 4.75467 0.278557 -0.902298 -0.329035
-29.7336 92.6122 4.14538 0.276935 -0.903306 -0.327635
-28.6205 93.1615 3.36725 0.239461 -0.936881 -0.254778
-27.5932 93.6009 2.68205 0.207874 -0.94797 -0.240109
-26.3971 93.991 1.95753 0.150948 -0.965403 -0.21263
-25.3768 94.2826 1.22506 0.118192 -0.964309 -0.23521
-24.3386 94.5409 0.495899 0.0932114 -0.978591 -0.183499
-23.5945 94.6829 -0.0394775 0.0267913 -0.987835 -0.153182
-22.4222 94.835 -0.826863 -0.01098 -0.992447 -0.108056
-21.367 94.8159 -1.41038 -0.0660016 -0.995842 -0.0627939
-20.3904 94.7773 -1.80853 -0.0996694 -0.991872 -0.0707909
-19.3797 94.6743 -1.82032 -0.197182 -0.973087 -0.0251039
-17.993 94.215 -1.26511 -0.294526 -0.955535 -0.00995027
-17.5388 94.2497 -0.459383 -0.0262937 -0.912247 0.408796
-18.2346 94.4994 0.387855 -0.0901482 -0.995334 0.0343932
-19.2957 94.5665 1.00761 0.0271606 -0.999243 -0.0278465
-20.1771 94.5309 1.4251 -0.0139701 -0.997028 -0.0566795
-21.4703 94.5289 1.91203 -0.0277585 -0.996189 -0.0826882
-22.3153 94.4475 2.24625 0.117588 -0.981132 -0.13861
-23.4783 94.1898 2.6697 0.141176 -0.962708 -0.227798
-24.4249 93.9187 3.12527 0.130948 -0.97367 -0.182067
-25.2963 93.7568 3.60898 0.115466 -0.968336 -0.213837
-26.4045 93.4422 4.30179 0.164273 -0.973879 -0.156762
-27.4126 92.953 5.06089 0.279206 -0.924589 -0.259188
-28.3459 92.3325 6.00631 0.255025 -0.902034 -0.346788
-29.1304 91.7531 6.73498 0.317869 -0.85749 -0.404561
-29.7284 91.2362 7.3622 0.269292 -0.860354 -0.432751
-30.2804 90.7736 7.93736 0.269599 -0.859787 -0.433686
-30.8593 90.2334 8.64647 0.270512 -0.858867 -0.434937
-31.3724 89.6835 9.39992 0.232479 -0.849114 -0.474298
-31.7465 89.1785 10.1263 0.228819 -0.854033 -0.467176
-32.0824 88.5922 11.067 0.226259 -0.866592 -0.444776
-32.2833 88.0593 11.9675 0.182378 -0.865526 -0.46635
-32.567 87.3868 13.117 0.171559 -0.867199 -0.467471
-32.8242 86.8004 14.1065 0.116235 -0.902271 -0.405023
-33.1009 86.4694 15.0525 0.0933906 -0.952009 -0.291474
-33.2364 86.1481 15.9844 0.0429971 -0.957666 -0.277027
-33.3645 85.9287 16.9662 0.0169646 -0.979442 -0.201009
-33.5598 85.6196 18.1333 -0.0373431 -0.967933 -0.248418
-33.7445 85.1901 19.4985 -0.126263 -0.927373 -0.352189
-33.8699 84.7283 20.7823 -0.125292 -0.931986 -0.340153
-34.0401 84.3378 21.7834 -0.122016 -0.894144 -0.430836
-34.2835 83.9985 22.6548 -0.189776 -0.881726 -0.424662
-34.744 83.4291 23.7999 -0.200508 -0.850067 -0.486641
-35.3173 83.0689 24.5988 -0.216677 -0.814739 -0.537821
-35.9233 82.7393 25.3264 -0.209745 -0.78039 -0.589066
-36.6702 82.3655 26.0293 -0.141282 -0.777849 -0.612364
-37.5077 81.956 26.907 -0.172425 -0.796929 -0.57795
-38.177 81.5448 27.6121 -0.179206 -0.753219 -0.631026
-38.9645 80.9884 28.4171 -0.184806 -0.705853 -0.683826
-39.7391 80.3914 29.2217 -0.205608 -0.695004 -0.688981
-40.3914 79.8919 29.9575 -0.187732 -0.727676 -0.65961
-40.8681 79.4302 30.5856 -0.178583 -0.724944 -0.66525
-41.3124 78.8424 31.2991 -0.118417 -0.72326 -0.680347
-41.7113 78.3196 31.9244 -0.113271 -0.720866 -0.683724
-42.1743 77.813 32.5585 -0.0869848 -0.763 -0.640519
-42.6325 77.2893 33.1863 -0.0649772 -0.736532 -0.672964
-43.0915 76.7596 33.9485 -0.0738756 -0.837087 -0.542059
-43.4352 76.2355 34.7609 0.0187928 -0.781643 -0.623408
-43.7562 75.6153 35.5172 0.0127677 -0.797337 -0.602393
-44.0988 75.0269 36.3538 0.0119643 -0.842843 -0.538026
-44.4925 74.5141 37.1659 0.0306902 -0.87292 -0.486614
-45.0397 73.9472 38.1551 0.043346 -0.879442 -0.474003
-45.5886 73.5494 38.8079 0.0823497 -0.886107 -0.455524
-46.2273 73.2167 39.397 0.0705876 -0.905954 -0.417451
-47.0267 72.9524 39.8434 0.0648156 -0.908806 -0.412155
-47.9794 72.7141 40.1203 0.137385 -0.907752 -0.396373
-49.2402 72.533 40.0939 0.139851 -0.907791 -0.395421
-50.4164 72.418 39.8873 0.176286 -0.907617 -0.380991
-51.769 72.359 39.2817 0.242931 -0.898536 -0.365537
-52.6538 72.4398 38.5097 0.255253 -0.895206 -0.364358
-53.442 72.4267 37.8986 0.318723 -0.889381 -0.327199
-54.229 72.4342 37.1231 0.304629 -0.897871 -0.31785
-55.1381 72.4422 36.2016 0.332942 -0.874847 -0.348276
-56.0854 72.3868 35.1614 0.399844 -0.862366 -0.310564
-56.7437 72.4632 34.1091 0.407401 -0.852344 -0.327311
-57.0299 72.651 33.2454 0.433528 -0.849181 -0.30021
-57.0982 72.92 32.3437 0.45727 -0.837419 -0.299387
-57.0944 73.3611 31.1827 0.478699 -0.820825 -0.311599
-57.028 73.7751 30.2313 0.469501 -0.818299 -0.331596
-56.9696 74.2766 29.1245 0.535485 -0.785476 -0.310294
-57.0168 74.6707 27.9994 0.558034 -0.770223 -0.306276
-57.1622 74.9481 27.1141 0.580066 -0.746368 -0.326267
-57.3085 75.3723 25.8729 0.582273 -0.746123 -0.322885
-57.385 75.6855 24.9197 0.600001 -0.746831 -0.286707
-57.5913 75.9126 23.9118 0.627903 -0.712663 -0.312124
-57.7494 76.2124 22.8615 0.624424 -0.720424 -0.301799
-57.8479 76.5677 21.7534 0.613461 -0.732251 -0.295245
-57.9259 76.8439 20.8596 0.634734 -0.721856 -0.275749
-57.9275 77.2742 19.6929 0.635805 -0.726045 -0.261936
-57.8291 77.8795 18.3485 0.673142 -0.683611 -0.282058
-57.6539 78.4174 17.4023 0.695112 -0.688917 -0.205437
-57.3032 79.1602 16.1186 0.693986 -0.687608 -0.213393
-57.0379 79.7712 14.9843 0.69356 -0.694194 -0.191395
-56.7155 80.2652 14.0531 0.658455 -0.739994 -0.13728
-56.3167 80.759 13.2175 0.65674 -0.745834 -0.11146
-55.8516 81.2526 12.3759 0.61949 -0.783757 -0.0442356
-55.6979 81.3905 12.0861 0.619495 -0.783753 -0.0442401
-56.3743 80.8788 11.6789 0.618544 -0.784912 -0.0350884
-55.8136 81.3574 10.5282 0.61501 -0.788136 -0.0243041
-55.4903 81.621 9.72516 0.611301 -0.791331 -0.0102998
-55.0183 81.9871 8.72238 0.59478 -0.803831 -4.75101e-05
-54.5272 82.3521 7.90584 0.569748 -0.820529 0.0201287
-53.9996 82.6731 7.14344 0.541395 -0.84059 0.0172847
-53.0716 83.2436 6.14603 0.520108 -0.853927 -0.0172309
-52.3745 83.6665 5.49594 0.457772 -0.888772 -0.019895
-51.4263 84.1902 4.60642 0.461738 -0.886477 -0.0309244
-50.6937 84.6466 3.91265 0.442941 -0.888791 -0.117701
-49.7222 85.3384 2.94857 0.457926 -0.874614 -0.158357
-49.0373 85.7754 2.35747 0.395988 -0.896119 -0.20041
-48.2977 86.3827 1.69514 0.427468 -0.857932 -0.271693
-47.4903 86.9629 0.946819 0.352714 -0.885209 -0.303312
-46.8152 87.6162 0.0227496 0.387158 -0.836921 -0.386875
-46.4465 88.1348 -0.67546 0.368539 -0.800238 -0.468407
-46.0396 88.7336 -1.49586 0.306213 -0.842975 -0.442297
-45.5851 89.3552 -2.36602 0.252265 -0.855842 -0.448092
-45.2437 89.6683 -3.21084 0.0923444 -0.958056 -0.271297
-44.8981 89.9693 -4.08765 0.272717 -0.920022 -0.27264
-44.4635 90.3129 -5.09837 0.209787 -0.946467 -0.237562
-44.1437 90.6442 -5.98924 0.134827 -0.9396 -0.314602
-44.0944 90.8412 -6.97815 0.03345 -0.998707 0.0382834
-44.1281 90.9634 -7.85133 -0.52209 -0.554605 -0.647947
-44.1816 90.9554 -8.65308 0.0587717 -0.978237 0.122982
-44.268 91.0018 -9.8885 0.0298204 -0.993429 0.0411625
-44.3644 90.8842 -10.7969 -0.0112003 -0.990873 0.134333
-44.4186 90.7683 -11.8346 0.00443749 -0.997342 0.0727289
-44.361 90.6851 -12.9787 -0.0231006 -0.996097 0.0802474
-44.2368 90.2992 -14.0444 -0.136877 -0.882087 0.440793
-43.8181 89.7187 -14.8344 -0.154967 -0.831191 0.533954
-42.8655 89.1342 -15.5264 -0.101279 -0.85394 0.510142
-41.6447 89.1829 -15.2441 -0.0864638 -0.855956 0.509743
-41.0779 89.6084 -14.4552 -0.0548247 -0.859056 0.508938
-40.6763 90.089 -13.4531 -0.00792137 -0.937148 0.348795
-40.5677 90.4864 -12.3989 0.00687793 -0.934991 0.354419
-40.5939 90.7994 -11.4134 -0.0244357 -0.955207 0.294928
-40.6558 91.0398 -10.3499 0.0415043 -0.991604 0.114548
-40.731 91.1101 -9.3236 0.0415987 -0.998253 0.0419653
-40.9452 91.1375 -8.13 0.0116346 -0.999915 0.00583534
-41.0808 91.1195 -7.11234 0.141676 -0.985635 -0.0919352
-41.1473 91.0101 -6.16536 0.135871 -0.983358 -0.120611
-41.2544 90.8819 -5.20854 0.0912073 -0.985921 -0.140143
-41.3755 90.6928 -4.10428 0.145388 -0.964869 -0.218433
-41.395 90.4392 -3.05973 0.21154 -0.95164 -0.210252
-41.3897 90.1755 -1.96559 0.299084 -0.921252 -0.248684
-41.3266 89.8697 -0.65303 0.294937 -0.932173 -0.209917
-41.1128 89.669 0.428081 0.358988 -0.890735 -0.278477
-40.7687 89.55 1.25454 0.374493 -0.885094 -0.276255
-40.267 89.5135 2.00645 0.381398 -0.874982 -0.298231
-39.3389 89.5952 2.91031 0.369636 -0.874086 -0.315164
-38.5946 89.714 3.45044 0.35515 -0.87264 -0.334488
-37.6214 89.8995 3.97626 0.3775 -0.849378 -0.368851
-36.6743 90.135 4.35359 0.352214 -0.850813 -0.389953
-35.8298 90.3623 4.57819 0.326851 -0.86765 -0.374636
-34.7656 90.7055 4.70938 0.325487 -0.868143 -0.374681
-33.9133 91.0334 4.70163 0.317891 -0.867046 -0.383432
-33.005 91.407 4.57968 0.294593 -0.879093 -0.374246
-31.9184 91.9119 4.22405 0.287245 -0.890364 -0.352984
-30.9959 92.3597 3.79825 0.274739 -0.896939 -0.346437
-30.1754 92.7687 3.30448 0.267937 -0.909486 -0.317568
-29.3337 93.1649 2.73046 0.223429 -0.937451 -0.26692
-28.5671 93.4932 2.20197 0.211259 -0.943726 -0.254461
-27.7165 93.8189 1.69803 0.220132 -0.943822 -0.24614
-26.9212 94.0794 1.18121 0.15222 -0.966105 -0.208495
-26.0737 94.3457 0.544682 0.12878 -0.970094 -0.205267
-25.089 94.5828 -0.108678 0.0932107 -0.97859 -0.183503
-24.2436 94.776 -0.778803 0.0542271 -0.987914 -0.143908
-23.225 94.9043 -1.41991 0.0324216 -0.989794 -0.138691
-22.4466 94.9188 -1.88129 -0.0701072 -0.990776 -0.115964
-21.4832 94.8916 -2.37036 -0.0813006 -0.992854 -0.0873567
-20.2066 94.8308 -2.81706 -0.0996645 -0.991872 -0.0707987
-19.121 94.5555 -2.72362 -0.375958 -0.920518 0.103767
-18.0417 94.1781 -2.38504 -0.370927 -0.920566 0.121912
-17.0892 93.8961 -1.80645 -0.350416 -0.92152 0.16736
-16.4359 94.0324 -0.589343 -0.18453 -0.931404 0.313744
-16.6926 94.3223 0.30936 -0.147821 -0.986499 0.0704879
-17.9231 94.5173 1.29884 -0.076236 -0.995883 0.049051
-19.0757 94.5675 1.93216 0.0073302 -0.999936 -0.00859582
-20.0965 94.529 2.36535 0.0567991 -0.998362 -0.00688459
-21.4615 94.4478 2.88615 0.0145203 -0.997275 -0.0447864
-22.6796 94.1998 3.38615 0.163398 -0.980093 -0.112779
-23.474 93.9609 3.74741 0.257 -0.951712 -0.167914
-24.3448 93.7466 4.18434 0.110634 -0.973943 -0.197979
-25.1955 93.5463 4.68974 0.111898 -0.97364 -0.198755
-26.092 93.2461 5.30056 0.221378 -0.938939 -0.263411
-26.8716 92.8278 5.91995 0.31104 -0.895754 -0.317616
-27.578 92.3462 6.57229 0.317327 -0.888439 -0.331609
-28.2256 91.8921 7.15887 0.333254 -0.862638 -0.376934
-28.8057 91.3644 7.74281 0.327438 -0.841203 -0.4301
-29.5431 90.715 8.5122 0.269885 -0.859661 -0.433756
-30.2371 90.0725 9.29244 0.251558 -0.837625 -0.484874
-30.6805 89.5568 9.9659 0.232118 -0.85061 -0.471779
-31.0087 89.0271 10.7633 0.228821 -0.848228 -0.477624
-31.2625 88.4681 11.6344 0.193277 -0.858427 -0.475049
-31.4664 87.8663 12.6014 0.110629 -0.84846 -0.517568
-31.6318 87.4227 13.3903 0.139035 -0.882645 -0.447079
-31.9261 86.831 14.3855 0.17512 -0.870601 -0.459768
-32.2187 86.4166 15.4941 0.0981542 -0.946626 -0.306983
-32.3856 86.0572 16.6073 0.10401 -0.961271 -0.255225
-32.536 85.7015 17.6603 -0.0250483 -0.955835 -0.289435
-32.7002 85.3802 18.6241 -0.124087 -0.932369 -0.339544
-32.8159 85.071 19.4849 -0.122642 -0.927094 -0.354196
-32.9246 84.6921 20.503 -0.152067 -0.922541 -0.354675
-33.0566 84.3118 21.4488 -0.181895 -0.888798 -0.420657
-33.2789 83.8516 22.4812 -0.233743 -0.856394 -0.459971
-33.5213 83.4182 23.3435 -0.225313 -0.838991 -0.495307
-33.9924 82.9897 24.209 -0.185393 -0.80832 -0.558792
-34.73 82.5225 25.173 -0.227632 -0.808983 -0.541969
-35.572 82.0662 26.0863 -0.219616 -0.775848 -0.591463
-36.2755 81.7163 26.7497 -0.258953 -0.715772 -0.648547
-36.9991 81.3571 27.4425 -0.263523 -0.721459 -0.640353
-37.6022 80.9652 28.0609 -0.196799 -0.707936 -0.678304
-38.3675 80.3728 28.8738 -0.172735 -0.689136 -0.703724
-38.9305 79.9337 29.4453 -0.209612 -0.699825 -0.681513
-39.7363 79.3692 30.3471 -0.222432 -0.719007 -0.657782
-40.2292 78.8236 31.0786 -0.178342 -0.72683 -0.663259
-40.7014 78.2098 31.8427 -0.135624 -0.725051 -0.675121
-41.3064 77.5078 32.7712 -0.154474 -0.751825 -0.641012
-41.8569 76.948 33.5484 -0.0169552 -0.787543 -0.616027
-42.3618 76.3114 34.5126 -0.0951692 -0.830899 -0.548225
-42.7109 75.6951 35.4475 -0.0415166 -0.793681 -0.603219
-43.0877 75.0221 36.3998 0.0255821 -0.853866 -0.518779
-43.5619 74.4328 37.3946 0.0473332 -0.870782 -0.489162
-43.9661 74.0119 38.1332 0.0284662 -0.869036 -0.49348
-44.4165 73.6287 38.8239 0.058757 -0.888343 -0.455406
-44.9964 73.2114 39.6058 0.0527315 -0.906212 -0.419432
-45.8848 72.8044 40.3498 0.0657198 -0.90521 -0.419817
-46.8695 72.5423 40.7879 0.0653259 -0.914576 -0.399103
-47.7675 72.3564 41.0386 0.11152 -0.911592 -0.394301
-48.825 72.2108 41.0084 0.121943 -0.92094 -0.370117
-49.8085 72.1134 40.9301 0.121951 -0.922328 -0.36666
-50.8275 72.0137 40.7295 0.168711 -0.917762 -0.359514
-51.6695 71.999 40.3316 0.204445 -0.918514 -0.33843
-52.766 71.9873 39.6317 0.216882 -0.924622 -0.313107
-53.663 72.017 38.801 0.274307 -0.91563 -0.2939
-54.6562 72.0166 37.8932 0.304568 -0.897888 -0.317862
-55.322 72.0265 37.2194 0.344345 -0.887567 -0.303731
-56.3335 71.9359 36.1615 0.373942 -0.884001 -0.280102
-57.0631 71.9187 35.2361 0.373471 -0.888895 -0.2653
-57.5519 71.9817 34.4111 0.409191 -0.865864 -0.287824
-57.9346 72.2109 33.1353 0.417146 -0.866913 -0.27286
-57.9488 72.5283 32.1402 0.459966 -0.837094 -0.29612
-57.92 72.9429 31.0368 0.470614 -0.823966 -0.315599
-57.8498 73.3101 30.1489 0.512599 -0.80209 -0.306421
-57.7822 73.8392 28.84 0.5167 -0.805597 -0.289888
-57.8576 74.1778 27.7893 0.536802 -0.794553 -0.283777
-57.9623 74.5138 26.6752 0.552089 -0.774503 -0.305317
-58.0875 74.9241 25.4495 0.590566 -0.753838 -0.288028
-58.2545 75.2293 24.313 0.58561 -0.758449 -0.286034
-58.4061 75.4449 23.4322 0.58954 -0.751667 -0.2957
-58.5356 75.8526 22.1359 0.586319 -0.755221 -0.292061
-58.6535 76.1777 21.0463 0.609666 -0.752725 -0.248418
-58.6876 76.4779 20.0563 0.614871 -0.745742 -0.254912
-58.6429 76.8649 19.096 0.634593 -0.726711 -0.263028
-58.5311 77.3624 17.9901 0.628493 -0.730032 -0.268271
-58.353 77.7793 17.1844 0.693917 -0.690703 -0.20349
-58.0444 78.4379 16.0475 0.69167 -0.688079 -0.21941
-57.8309 78.9203 15.197 0.693553 -0.6942 -0.191396
-57.4279 79.7018 13.6733 0.678756 -0.717132 -0.154238
-56.8638 80.3718 12.5717 0.700282 -0.707202 -0.0913707
-56.4393 80.8205 11.8018 0.635458 -0.769231 -0.0610551
-57.1507 80.229 11.4543 0.659008 -0.749366 -0.0639106
-57.8111 79.4453 12.6227 0.690499 -0.712814 -0.122912
-58.2127 78.8605 13.6725 0.69386 -0.703313 -0.14873
-58.4351 78.4734 14.5934 0.663864 -0.733111 -0.147759
-58.6637 78.0292 15.4299 0.685442 -0.696818 -0.21057
-59.0107 77.3486 16.6939 0.647432 -0.733346 -0.207452
-59.2193 76.9284 17.49 0.640616 -0.73547 -0.22067
-59.362 76.4433 18.5628 0.622318 -0.733292 -0.273866
-59.4616 75.9785 19.7369 0.587643 -0.768206 -0.253799
-59.4288 75.6522 20.7982 0.591428 -0.76257 -0.262106
-59.3433 75.406 21.7204 0.564291 -0.774516 -0.285833
-59.2702 75.0832 22.69 0.562926 -0.764287 -0.314611
-59.1093 74.7897 23.7418 0.567679 -0.771599 -0.287014
-58.9313 74.5753 24.6927 0.535676 -0.802537 -0.262144
-58.8393 74.2919 25.6925 0.527997 -0.802332 -0.278345
-58.775 73.9149 26.8773 0.520715 -0.802281 -0.291869
-58.6301 73.596 28.0291 0.504882 -0.813615 -0.288248
-58.5798 73.2881 28.963 0.50556 -0.810769 -0.295064
-58.6713 72.8281 30.1289 0.47149 -0.832623 -0.290579
-58.7851 72.4015 31.1717 0.46861 -0.834197 -0.290703
-58.8481 72.007 32.2996 0.445739 -0.860485 -0.246745
-58.8288 71.7047 33.3765 0.431088 -0.86348 -0.261194
-58.5186 71.5393 34.4689 0.397676 -0.87674 -0.269202
-57.9816 71.4695 35.4081 0.387269 -0.880783 -0.272326
-57.4324 71.473 36.2099 0.38363 -0.884379 -0.265666
-56.589 71.5304 37.1509 0.358855 -0.894086 -0.268017
-55.6704 71.6201 38.0862 0.325492 -0.903213 -0.276556
-54.6903 71.6342 39.0469 0.283701 -0.915959 -0.283193
-53.9708 71.6204 39.7494 0.271227 -0.916742 -0.293272
-53.2842 71.6098 40.3463 0.234386 -0.924224 -0.300985
-52.4604 71.6241 40.9049 0.182105 -0.932443 -0.312071
-51.193 71.6494 41.5189 0.157089 -0.935181 -0.317426
-50.2947 71.7244 41.7424 0.153926 -0.933784 -0.322973
-48.8969 71.8492 41.8844 0.121942 -0.920937 -0.370127
-47.9743 71.9469 41.9501 0.122986 -0.919672 -0.372932
-46.9678 72.0944 41.7836 0.0768217 -0.92012 -0.383126
-45.9732 72.324 41.4343 0.0647535 -0.914518 -0.399329
-45.0268 72.6098 40.9293 0.0609649 -0.915861 -0.39684
-44.1279 73.0408 40.0685 0.0318039 -0.901556 -0.431491
-43.5285 73.4681 39.1832 -0.0467877 -0.910269 -0.411366
-43.0069 73.9216 38.3175 0.0168095 -0.860659 -0.508905
-42.5541 74.4342 37.4144 -0.0411504 -0.850037 -0.525114
-42.1636 74.9353 36.5633 -0.0728507 -0.851267 -0.51963
-41.8405 75.4113 35.7426 -0.0759998 -0.849265 -0.522469
-41.3725 76.2227 34.4724 -0.0860128 -0.819152 -0.566764
-40.761 76.8535 33.4284 -0.171621 -0.796846 -0.579295
-40.3253 77.3048 32.7723 -0.140928 -0.748125 -0.648225
-39.8655 77.8731 32.0501 -0.127119 -0.734077 -0.667062
-39.1995 78.7049 30.9659 -0.19106 -0.746877 -0.634971
-38.652 79.1467 30.2072 -0.175015 -0.775348 -0.603849
-37.8571 79.7108 29.4041 -0.170631 -0.693308 -0.700148
-37.2538 80.167 28.7889 -0.190084 -0.693144 -0.695284
-36.4808 80.7346 27.9324 -0.261659 -0.724155 -0.63807
-35.8663 81.0357 27.3387 -0.204401 -0.740864 -0.637009
-34.7785 81.6172 26.3803 -0.152062 -0.760177 -0.631669
-33.9746 82.0619 25.5321 -0.186508 -0.794226 -0.578185
-33.4459 82.3987 24.8502 -0.20375 -0.812255 -0.54656
-32.7607 82.9385 23.7625 -0.245947 -0.816086 -0.522852
-32.3614 83.4714 22.6935 -0.248288 -0.842417 -0.478212
-32.1898 83.9755 21.681 -0.219525 -0.867423 -0.446442
-32.0253 84.4334 20.7171 -0.213587 -0.8765 -0.430984
-31.9209 84.8932 19.6284 -0.131015 -0.921884 -0.364548
-31.777 85.2477 18.7095 -0.0862595 -0.92543 -0.368413
-31.5787 85.6789 17.5275 -0.0758547 -0.932102 -0.354163
-31.4724 86.0098 16.6921 -0.0501376 -0.911046 -0.409245
-31.3221 86.41 15.6904 -0.075232 -0.928442 -0.363779
-31.11 86.7471 14.8316 0.0434612 -0.886789 -0.460113
-30.8327 87.1768 14.0258 0.0458338 -0.887934 -0.457682
-30.5921 87.7107 13.0439 0.100623 -0.869231 -0.481087
-30.4451 88.2263 12.3033 0.193677 -0.822631 -0.534572
-30.2753 88.8206 11.4588 0.196241 -0.818447 -0.540031
-29.9603 89.3431 10.7001 0.276609 -0.823967 -0.491071
-29.5901 89.8911 9.9865 0.287216 -0.847485 -0.446403
-28.8175 90.6513 9.10856 0.343573 -0.828853 -0.441542
-28.2831 91.1726 8.5434 0.342016 -0.839706 -0.421784
-27.7314 91.6649 8.01681 0.345902 -0.83836 -0.421311
-26.7785 92.4231 7.1246 0.314054 -0.889965 -0.330654
-25.755 93.0359 6.26189 0.227919 -0.929013 -0.291527
-24.7015 93.4396 5.52408 0.130978 -0.976787 -0.166873
-23.8383 93.6858 4.98103 0.224926 -0.967732 -0.113594
-22.9812 93.9556 4.56938 0.256602 -0.95726 -0.133447
-21.8041 94.2993 4.07412 0.235802 -0.969659 -0.0644926
-20.2769 94.5258 3.43051 0.0590045 -0.998111 0.017142
-19.1788 94.6015 3.0247 0.0685078 -0.993055 0.0707982
-18.1942 94.5716 2.52922 -0.00363131 -0.990839 0.129988
-17.3315 94.5083 2.03211 -0.0300438 -0.996933 0.0722608
-16.3547 94.3997 1.34286 -0.0635983 -0.990834 0.115787
-15.7043 94.2626 0.740751 -0.469604 -0.813893 0.342126
-15.4816 93.8174 -0.113171 -0.419727 -0.837354 0.34769
-15.4943 93.4906 -1.00688 -0.337145 -0.890801 0.304642
-16.0165 93.4368 -2.00084 -0.369708 -0.91426 0.165666
-16.6706 93.5811 -2.66425 -0.360065 -0.917888 0.166515
-17.411 93.8165 -3.13061 -0.38056 -0.916587 0.122649
-18.3362 94.1498 -3.47885 -0.375962 -0.920517 0.103764
-19.4782 94.6099 -3.76137 -0.317071 -0.941581 0.0826843
-20.5032 94.927 -3.8247 -0.0285341 -0.949457 -0.089689
-21.4077 95.0185 -3.48652 -0.0892396 -0.9867 -0.135858
-22.2179 95.0349 -3.07898 -0.0883843 -0.986926 -0.134774
-23.2428 95.0447 -2.47317 -0.0659277 -0.990107 -0.120954
-24.111 94.9567 -2.00076 0.0324265 -0.989793 -0.138699
-25.0235 94.7989 -1.32895 0.0735182 -0.986645 -0.145352
-25.803 94.6342 -0.767775 0.0944617 -0.979711 -0.176755
-26.5692 94.4465 -0.284617 0.14306 -0.967939 -0.206464
-27.3838 94.1987 0.291872 0.150535 -0.966265 -0.208979
-28.2702 93.9113 0.847275 0.199862 -0.954319 -0.222105
-29.1737 93.5614 1.44426 0.21176 -0.943599 -0.254518
-30.1373 93.1421 2.1474 0.224718 -0.936209 -0.270213
-31.1132 92.6832 2.79631 0.256891 -0.914922 -0.311327
-32.1456 92.1885 3.3225 0.279769 -0.895826 -0.345289
-33.22 91.6991 3.69589 0.28312 -0.887983 -0.362395
-34.5942 91.1438 3.86576 0.32525 -0.859735 -0.393787
-35.6041 90.7902 3.80309 0.325322 -0.859968 -0.393217
-36.7073 90.5063 3.51311 0.322579 -0.863458 -0.387738
-37.7931 90.2502 3.00666 0.37744 -0.843695 -0.38173
-38.6708 90.0663 2.39847 0.435142 -0.836211 -0.33377
-39.5502 89.976 1.56621 0.380057 -0.879992 -0.284527
-40.0664 89.9808 0.828713 0.378716 -0.885002 -0.270824
-40.429 90.1489 -0.481288 0.357499 -0.921157 -0.153833
-40.4691 90.4775 -2.06938 0.26586 -0.937212 -0.225727
-40.4819 90.7118 -3.0571 0.273597 -0.938967 -0.20759
-40.4012 90.9205 -4.38455 0.201507 -0.972507 -0.116725
-40.3036 91.0602 -5.32556 0.197661 -0.972293 -0.124809
-40.2257 91.167 -6.24499 0.179185 -0.979195 -0.0952339
-40.1029 91.1645 -7.29734 0.0159192 -0.999467 0.0285115
-39.9336 91.1527 -8.36048 0.0224131 -0.999632 -0.0153083
-39.7304 91.1105 -9.72922 0.0426025 -0.996309 0.0745205
-39.6763 90.8715 -11.0592 -0.0487245 -0.957616 0.283897
-39.6438 90.5615 -12.0818 -0.028891 -0.959202 0.281243
-39.6552 90.2561 -13.0507 0.0238204 -0.936565 0.349578
-39.8372 89.8939 -13.8912 0.0387418 -0.859334 0.509946
-40.1189 89.4438 -14.6282 -0.0144681 -0.865268 0.498091
-40.7652 88.9515 -15.6662 0.0159637 -0.878495 0.474265
-41.5366 88.5635 -16.2435 -0.0232217 -0.852927 0.517138
-42.4117 88.5091 -16.4857 -0.0503429 -0.808534 0.580125
-43.2659 88.6802 -16.3295 -0.0436659 -0.754508 0.654837
-44.2533 89.2599 -15.6795 -0.0390484 -0.79064 0.611034
-44.8369 89.7027 -15.108 -0.00349026 -0.878495 0.474757
-45.2077 90.2103 -14.2231 0.039779 -0.877245 0.477066
-45.224 90.7108 -13.2228 -0.0433752 -0.935144 0.145313
-45.3586 90.7679 -11.8357 -0.00991517 -0.998251 0.0453801
-45.2555 90.9087 -10.6905 -0.0110533 -0.990832 0.134643
-45.1766 90.959 -9.20128 -0.0228093 -0.998879 -0.00104268
-45.1274 90.9876 -8.29924 0.0152156 -0.980023 0.149007
-45.0374 90.8456 -7.01781 -0.217993 -0.760483 -0.445164
-45.2512 90.3951 -5.77838 0.158143 -0.932124 -0.325785
-45.6706 90.0309 -4.77091 0.125964 -0.959819 -0.250759
-45.9969 89.7677 -3.9273 0.125005 -0.95881 -0.255022
-46.4621 89.3076 -2.78623 0.231317 -0.923925 -0.304721
-46.9171 88.6282 -1.86162 0.319037 -0.794238 -0.511495
-47.3381 87.8089 -0.944898 0.40977 -0.802703 -0.428698
-47.7558 87.2714 -0.176691 0.412988 -0.814888 -0.403813
-48.5116 86.5881 0.628749 0.422359 -0.873404 -0.242443
-49.2205 85.9555 1.25762 0.509764 -0.818823 -0.263541
-49.8631 85.4913 1.81713 0.457125 -0.872031 -0.174926
-50.5 85.0388 2.38127 0.465653 -0.865993 -0.182276
-51.2406 84.4953 3.1831 0.463522 -0.87452 -0.142696
-51.8819 84.0519 3.8474 0.477629 -0.872201 -0.103361
-52.5535 83.6048 4.49525 0.464709 -0.881083 -0.0743573
-53.3727 83.095 5.19664 0.512566 -0.857785 -0.038483
-54.0366 82.6714 5.85472 0.530116 -0.847024 -0.0390773
-54.7903 82.1595 6.77009 0.563824 -0.825864 0.00721381
-55.485 81.6611 7.86903 0.581934 -0.813018 -0.0188275
-56.0849 81.1965 9.11113 0.588496 -0.808155 -0.0236103
-56.5711 80.7621 10.296 0.622683 -0.781211 -0.0403016
-56.9303 80.4567 10.9849 0.640581 -0.766384 -0.0385772
-57.4282 80.0863 10.2407 0.62295 -0.775702 -0.101017
-56.8506 80.6451 8.89911 0.60529 -0.794439 -0.041325
-56.4719 80.9609 8.04744 0.585396 -0.809668 -0.0418159
-56.0501 81.2847 7.17385 0.568824 -0.822139 -0.022948
-55.4277 81.7658 6.14983 0.547464 -0.835154 -0.0528547
-54.8043 82.2103 5.35017 0.532465 -0.844879 -0.0500344
-54.1272 82.6754 4.65765 0.510321 -0.858605 -0.0486196
-53.4694 83.0955 4.10636 0.51465 -0.854436 -0.068078
-52.7857 83.5762 3.5124 0.504892 -0.858632 -0.0864897
-52.1766 84.0144 2.90269 0.504604 -0.850887 -0.146173
-51.6093 84.4601 2.24055 0.498707 -0.85522 -0.139249
-50.9383 84.9514 1.55206 0.4869 -0.858572 -0.159938
-50.2318 85.4883 0.913712 0.473148 -0.862659 -0.177236
-49.5572 86.0319 0.333835 0.521919 -0.8132 -0.257499
-48.9366 86.6055 -0.215136 0.553449 -0.729853 -0.376039
-48.3839 87.32 -0.917728 0.457688 -0.776479 -0.432854
-48.0009 87.9234 -1.63248 0.368511 -0.783157 -0.500021
-47.7109 88.5342 -2.31739 0.387719 -0.762389 -0.51811
-47.3542 89.2482 -3.18348 0.213657 -0.89767 -0.380983
-46.968 89.6663 -4.05261 0.159388 -0.915433 -0.369564
-46.4923 90.0876 -5.36474 0.0895315 -0.937986 -0.325751
-46.1255 90.4764 -6.21477 0.0436459 -0.923394 -0.381365
-46.0442 90.889 -7.447 0.045835 -0.974106 -0.221398
-46.1887 91.0247 -8.53971 -0.039483 -0.998646 0.0338847
-46.1052 90.9989 -9.60489 -0.0876543 -0.992745 0.0321228
-46.1912 90.9348 -10.5916 -0.0199667 -0.998678 0.0473675
-46.3195 90.7767 -11.7736 -0.0170599 -0.987726 0.155265
-46.1913 90.7701 -12.8785 -0.117972 -0.979571 -0.162858
-46.1547 90.4237 -13.7226 0.0445011 -0.88647 0.460379
-46.1292 89.9387 -14.6827 0.0665249 -0.904281 0.421723
-45.7771 89.5581 -15.4889 -0.0716317 -0.833935 0.534701
-45.1266 89.0415 -16.0178 -0.0705994 -0.781093 0.619477
-44.3988 88.5415 -16.5698 -0.0535501 -0.750771 0.658388
-43.5375 88.0845 -17.045 -0.0380753 -0.764187 0.64387
-42.4379 87.8731 -17.2456 -0.0141417 -0.762314 0.647006
-41.2674 88.026 -17.0399 -0.0289125 -0.771919 0.634397
-40.1209 88.4826 -16.3356 -0.0242137 -0.807652 0.588709
-39.6005 88.9838 -15.5252 -0.0342588 -0.897605 0.439468
-39.1499 89.4174 -14.713 0.0222157 -0.848192 0.529223
-38.9011 89.9241 -13.9114 0.0304786 -0.853763 0.519584
-38.7011 90.4397 -12.5583 0.00728169 -0.946025 0.324013
-38.7567 90.7658 -11.3511 0.0119904 -0.967875 0.250281
-38.7506 91.0903 -10.1905 0.00539882 -0.962915 0.269751
-38.8357 91.2134 -8.86277 0.0423978 -0.996329 0.07437
-39.1204 91.2335 -7.51972 0.101376 -0.991673 0.0791748
-39.2809 91.2861 -6.3364 0.08658 -0.995772 0.0306916
-39.3876 91.2304 -5.33167 0.179213 -0.978948 -0.0976916
-39.4826 91.0989 -4.25661 0.210949 -0.97095 -0.112947
-39.5341 90.9678 -3.31978 0.184258 -0.969751 -0.160103
-39.5589 90.7063 -2.0164 0.30015 -0.934489 -0.175823
-39.5924 90.5694 -1.0809 0.353583 -0.92518 -0.137175
-39.5192 90.4447 -0.149021 0.375016 -0.915031 -0.146698
-39.1267 90.4038 0.786055 0.39895 -0.8741 -0.277106
-38.4816 90.483 1.50021 0.420964 -0.870566 -0.254763
-37.7127 90.6665 2.14368 0.428055 -0.853388 -0.294267
-36.7274 90.862 2.66561 0.354436 -0.859298 -0.368757
-35.6014 91.1781 2.95776 0.325979 -0.859618 -0.393439
-34.4974 91.5508 3.00679 0.293843 -0.890589 -0.347142
-33.6036 91.9083 2.84325 0.28474 -0.897574 -0.336279
-32.8096 92.2524 2.56547 0.2778 -0.903778 -0.325596
-31.9894 92.6253 2.22457 0.265956 -0.913514 -0.307831
-31.2011 93.0037 1.74366 0.232667 -0.934762 -0.268331
-30.4427 93.3378 1.21972 0.224365 -0.935763 -0.272044
-29.7065 93.6322 0.68761 0.193543 -0.949985 -0.245093
-28.8057 93.9798 0.0673529 0.2018 -0.954123 -0.221194
-28.0407 94.2524 -0.429527 0.15054 -0.966269 -0.208955
-27.2904 94.4824 -0.952548 0.146799 -0.967106 -0.2077
-26.5682 94.6724 -1.47681 0.113742 -0.977056 -0.17995
-25.8317 94.8521 -1.9869 0.0587164 -0.982956 -0.174213
-24.9694 95.0271 -2.64869 0.050088 -0.982929 -0.175933
-23.9629 95.1626 -3.27421 -0.0100479 -0.989916 -0.134646
-22.8734 95.1653 -3.79046 -0.0387687 -0.994966 -0.0920488
-21.8168 95.166 -4.30628 -0.233259 -0.951661 -0.00112048
-20.8898 95.0092 -4.66112 0.246904 -0.94663 -0.207193
-19.7675 94.6923 -4.76165 -0.376062 -0.921921 0.0239701
-18.6234 94.1604 -4.56389 -0.430284 -0.893838 0.116671
-17.6314 93.7198 -4.23467 -0.408071 -0.900615 0.149567
-16.8193 93.4129 -3.82503 -0.518201 -0.832621 0.195475
-15.8603 93.0128 -3.10134 -0.492368 -0.843647 0.214087
-15.2707 92.9036 -2.40599 -0.489032 -0.823718 0.286557
-14.7478 92.9077 -1.48981 -0.492149 -0.815906 0.303457
-14.5198 93.0804 -0.624623 -0.485518 -0.825168 0.288729
-14.6451 93.4546 0.217783 -0.4934 -0.807558 0.32312
-14.8604 93.9664 1.16815 -0.4679 -0.824127 0.317696
-15.5053 94.4204 1.91581 -0.00603896 -0.991667 0.128688
-16.3292 94.4992 2.48422 -0.0373726 -0.992698 0.108446
-17.28 94.6093 3.06913 -0.0395542 -0.989911 0.13606
-18.25 94.7105 3.65542 0.0685103 -0.993055 0.0707946
-19.1747 94.6206 4.07636 0.104724 -0.994344 0.0176739
-20.1157 94.5533 4.39169 0.0625248 -0.997858 0.0192584
-21.3122 94.3493 4.92875 0.240905 -0.965186 -0.101887
-22.4495 93.9904 5.38064 0.274683 -0.953029 -0.127614
-23.4006 93.665 5.82279 0.25982 -0.947458 -0.186594
-24.3318 93.3434 6.41649 0.177836 -0.960227 -0.215266
-25.264 92.9668 7.08601 0.291245 -0.916445 -0.270637
-25.9577 92.5305 7.67165 0.316035 -0.895769 -0.312316
-26.8511 91.8012 8.48203 0.377435 -0.824579 -0.42144
-27.5683 91.1431 9.16365 0.351843 -0.822515 -0.446852
-28.1186 90.5991 9.73179 0.344149 -0.825526 -0.447213
-28.6998 89.9889 10.4051 0.335514 -0.823544 -0.45739
-29.1597 89.4021 11.1195 0.313468 -0.774812 -0.547083
-29.4715 88.6403 12.0513 0.220576 -0.818752 -0.530087
-29.5948 87.9547 12.9839 0.192662 -0.809381 -0.55408
-29.7788 87.4513 13.7434 0.151164 -0.856566 -0.4934
-30.1304 86.8067 14.8046 0.0296146 -0.886357 -0.461912
-30.3916 86.3427 15.6698 -0.0170778 -0.907044 -0.413161
-30.5452 85.9757 16.5924 -0.0782694 -0.916581 -0.392114
-30.6426 85.6312 17.4413 -0.074567 -0.926675 -0.367976
-30.8691 85.119 18.7221 -0.14046 -0.897821 -0.416806
-31.0587 84.4979 20.0906 -0.164766 -0.880363 -0.444763
-31.1806 84.0128 21.1338 -0.214039 -0.866382 -0.451166
-31.3239 83.585 22.0173 -0.216923 -0.864323 -0.453752
-31.586 82.913 23.2758 -0.209344 -0.838604 -0.502808
-32.0246 82.4387 24.2327 -0.2242 -0.82839 -0.513327
-32.5895 82.0141 25.1026 -0.211471 -0.811919 -0.54406
-33.2886 81.5384 26.0227 -0.196543 -0.795201 -0.573608
-34.0727 81.1321 26.7923 -0.153634 -0.759984 -0.631522
-34.7937 80.7317 27.4496 -0.152062 -0.760177 -0.631669
-35.6968 80.2976 28.1788 -0.147142 -0.757568 -0.635956
-36.2696 79.9204 28.7657 -0.193303 -0.700686 -0.686682
-36.9832 79.3641 29.6352 -0.134014 -0.783786 -0.606399
-37.7851 78.8693 30.4036 -0.106159 -0.783521 -0.611907
-38.5891 78.1463 31.4954 -0.10729 -0.763763 -0.6358
-39.0021 77.5711 32.2117 -0.115159 -0.748965 -0.651847
-39.4261 77.0556 32.8942 -0.0376601 -0.794927 -0.605535
-39.8678 76.6026 33.5514 -0.0730639 -0.845201 -0.528301
-40.3437 76.1668 34.3604 -0.10674 -0.825874 -0.55224
-40.699 75.6214 35.2148 -0.141118 -0.825871 -0.545915
-41.0438 75.0447 36.2317 -0.0382321 -0.851659 -0.521726
-41.3451 74.6037 37.0004 -0.0707964 -0.85448 -0.514631
-41.7179 74.1767 37.7657 -0.056521 -0.852864 -0.518791
-42.1658 73.6826 38.73 -0.0302255 -0.872702 -0.485447
-42.6575 73.2886 39.5445 -0.00333444 -0.920839 -0.389692
-43.3195 72.8395 40.5338 0.0139101 -0.901208 -0.433164
-44.0778 72.4369 41.3945 0.0314523 -0.931477 -0.362438
-45.1218 72.1347 42.0621 0.0556898 -0.927802 -0.36833
-46.6422 71.7832 42.647 0.0738944 -0.929085 -0.362408
-47.9946 71.6216 42.8113 0.0905472 -0.934149 -0.34389
-49.3768 71.4847 42.747 0.0993991 -0.940595 -0.324656
-50.5212 71.3823 42.6096 0.150755 -0.932389 -0.328519
-51.5152 71.3173 42.3378 0.153924 -0.933783 -0.322978
-52.4583 71.2843 41.9102 0.178267 -0.930766 -0.319211
-53.4907 71.2721 41.2782 0.234575 -0.929298 -0.28527
-54.2264 71.2639 40.6883 0.260796 -0.928064 -0.265864
-55.0769 71.2644 39.8523 0.264469 -0.922962 -0.279247
-56.1243 71.2137 38.8908 0.317045 -0.912452 -0.256586
-56.9294 71.133 38.0365 0.354375 -0.903695 -0.240262
-57.8169 71.0457 37.1147 0.36185 -0.892614 -0.268895
-58.4655 71.0105 36.2102 0.392495 -0.883745 -0.254545
-59.0456 71.0467 35.3057 0.369645 -0.886523 -0.27828
-59.4477 71.1043 34.4809 0.405052 -0.879608 -0.249446
-59.6793 71.2973 33.3813 0.415735 -0.879689 -0.230892
-59.7231 71.5616 32.2972 0.416658 -0.877911 -0.235462
-59.6546 71.8949 31.2401 0.421251 -0.87113 -0.252294
-59.5101 72.3436 30.1563 0.470371 -0.833799 -0.289005
-59.4074 72.711 29.1944 0.484151 -0.836034 -0.258155
-59.4326 73.0405 28.1804 0.50605 -0.810969 -0.29367
-59.5681 73.3265 27.1374 0.502606 -0.816594 -0.283833
-59.6181 73.6771 25.9974 0.50218 -0.82231 -0.26762
-59.7085 74.0666 24.6335 0.54371 -0.801797 -0.247995
-59.8588 74.2513 23.7068 0.555699 -0.786694 -0.267505
-60.0344 74.4896 22.7646 0.562056 -0.767401 -0.30845
-60.0961 74.817 21.8253 0.569431 -0.765775 -0.298894
-60.21 75.0392 20.9275 0.571515 -0.78504 -0.238919
-60.2459 75.3183 19.9525 0.574073 -0.776893 -0.258608
-60.1933 75.7329 18.8132 0.586654 -0.773976 -0.238262
-60.0576 76.1277 17.8537 0.590251 -0.772448 -0.234364
-59.8704 76.5608 16.8991 0.596004 -0.778718 -0.194429
-59.626 76.9898 15.9826 0.656078 -0.726071 -0.205543
-59.4239 77.4189 15.1462 0.650204 -0.729803 -0.211171
-59.0656 78.0276 14.0417 0.654536 -0.737259 -0.16693
-58.7876 78.5112 12.9164 0.647849 -0.747136 -0.14805
-58.4283 78.9779 12.0437 0.644322 -0.752378 -0.13703
-57.9987 79.4994 11.2558 0.675323 -0.730235 -0.0975723
-57.633 79.866 10.6502 0.641025 -0.762677 -0.0799867
-58.4176 79.2976 10.1746 0.631823 -0.767484 -0.10794
-58.874 78.7697 11.1588 0.638115 -0.758983 -0.12832
-59.5033 77.9965 12.517 0.620366 -0.770136 -0.14845
-59.6767 77.6464 13.3534 0.583338 -0.783566 -0.213713
-59.9712 77.1698 14.3161 0.588065 -0.781834 -0.20716
-60.2957 76.6709 15.2425 0.588748 -0.777219 -0.221912
-60.4881 76.274 16.1093 0.584659 -0.781951 -0.216165
-60.8538 75.6211 17.5782 0.57734 -0.785844 -0.220752
-60.9838 75.2631 18.4477 0.576136 -0.778959 -0.247203
-60.9876 74.9435 19.4353 0.525561 -0.816566 -0.238759
-61.0052 74.598 20.5279 0.545942 -0.801834 -0.242919
-60.9141 74.3205 21.5896 0.536448 -0.788848 -0.299904
-60.7827 73.953 22.8518 0.516442 -0.809215 -0.28008
-60.5874 73.7336 23.9234 0.512773 -0.826188 -0.233402
-60.4885 73.5249 24.8076 0.505111 -0.823997 -0.25662
-60.4459 73.2082 25.8776 0.507226 -0.820291 -0.264282
-60.396 72.8184 27.1834 0.482246 -0.833894 -0.268441
-60.267 72.5696 28.1487 0.468325 -0.831352 -0.299208
-60.2525 72.2397 29.204 0.460236 -0.847542 -0.2643
-60.4606 71.7721 30.3423 0.432924 -0.858818 -0.272829
-60.5864 71.3476 31.5741 0.421253 -0.871128 -0.252296
-60.5601 70.9982 32.9904 0.40686 -0.884077 -0.229832
-60.3543 70.6763 34.5347 0.406966 -0.881668 -0.23883
-59.8308 70.614 35.5976 0.392101 -0.888905 -0.236483
-59.3025 70.6026 36.4773 0.355854 -0.903637 -0.238343
-58.6688 70.6061 37.4136 0.357496 -0.903206 -0.23752
-57.9146 70.6776 38.2865 0.344853 -0.910708 -0.227348
-56.9358 70.7765 39.3372 0.341504 -0.907412 -0.244678
-56.2609 70.837 40.0559 0.335197 -0.911419 -0.238657
-55.5932 70.8812 40.6687 0.288551 -0.923459 -0.252906
-54.9086 70.9126 41.2467 0.261855 -0.929422 -0.259944
-53.8175 70.9696 42.063 0.216283 -0.943354 -0.251604
-52.9705 70.9666 42.651 0.167615 -0.945651 -0.278655
-52.1666 70.9851 43.0642 0.139837 -0.942304 -0.304154
-51.1139 71.0418 43.3727 0.139751 -0.94232 -0.304141
-49.8032 71.1344 43.6271 0.107948 -0.938184 -0.328773
-48.5863 71.2442 43.6837 0.0979188 -0.938941 -0.329832
-47.602 71.3087 43.6916 0.0625095 -0.928078 -0.367101
-46.471 71.4521 43.5154 0.0573833 -0.924046 -0.377829
-45.5319 71.6373 43.2206 0.060241 -0.920439 -0.386216
-44.552 71.8557 42.7922 0.026247 -0.920536 -0.389776
-43.6987 72.1 42.2729 0.0512998 -0.921929 -0.383069
-42.9304 72.3749 41.6393 0.0417398 -0.941327 -0.334905
-42.3237 72.7635 40.7437 0.0250903 -0.909003 -0.416034
-41.7177 73.1607 39.8707 0.0150446 -0.919145 -0.393632
-41.1861 73.6365 38.8104 0.0229788 -0.905802 -0.422832
-40.8601 74.0149 38.0555 0.0274524 -0.892306 -0.450595
-40.312 74.6062 36.93 0.013227 -0.869801 -0.49114
-39.9373 75.202 35.8818 -0.0570317 -0.888532 -0.455256
-39.7021 75.615 35.0719 -0.0283363 -0.838228 -0.544584
-39.0995 76.2833 33.9952 -0.055982 -0.828596 -0.556306
-38.5957 76.6812 33.334 -0.0387147 -0.818702 -0.571399
-38.1643 77.3045 32.4783 -0.0467803 -0.799051 -0.599441
-37.8171 77.7841 31.7986 -0.0942875 -0.784918 -0.612375
-37.3218 78.3148 31.039 -0.0926551 -0.786838 -0.610164
-36.4418 78.8276 30.2048 -0.116049 -0.785638 -0.607705
-35.7212 79.2815 29.4682 -0.128399 -0.784569 -0.606601
-35.2535 79.6983 28.836 -0.123075 -0.779176 -0.614604
-34.0202 80.2702 27.8522 -0.132565 -0.779077 -0.612752
-33.2881 80.7116 27.134 -0.128609 -0.778673 -0.614096
-32.6383 81.0479 26.4794 -0.195614 -0.799586 -0.567748
-32.0836 81.3853 25.8215 -0.197008 -0.794952 -0.573794
-31.3957 81.815 24.9202 -0.217111 -0.813384 -0.539694
-31.027 82.2004 24.1846 -0.218929 -0.826301 -0.518922
-30.5606 82.6666 23.2418 -0.216714 -0.831218 -0.511938
-30.4703 83.2872 22.1816 -0.21647 -0.842585 -0.492894
-30.2415 83.9056 20.9305 -0.182045 -0.870739 -0.456808
-30.0853 84.5418 19.6332 -0.174913 -0.877806 -0.44594
-29.8979 85.0747 18.5097 -0.158567 -0.885628 -0.436486
-29.7479 85.5811 17.3664 -0.129835 -0.916536 -0.378293
-29.5675 86.136 16.1136 0.014688 -0.888387 -0.458842
-29.2685 86.7024 15.038 0.0298564 -0.884069 -0.466161
-28.9754 87.2833 14.1968 0.151386 -0.831542 -0.534435
-28.6988 87.842 13.4242 0.157645 -0.793469 -0.587839
-28.6051 88.6126 12.4092 0.23654 -0.763107 -0.59541
-28.41 89.3647 11.5573 0.30855 -0.750939 -0.583855
-27.9535 89.9877 10.9463 0.307053 -0.800605 -0.510975
-27.3873 90.5251 10.3897 0.333372 -0.820664 -0.464041
-26.4575 91.5045 9.37463 0.356231 -0.815469 -0.456095
-25.7856 92.1117 8.79395 0.355966 -0.819817 -0.448535
-24.8837 92.7758 8.00935 0.303587 -0.900507 -0.311322
-24.2142 93.162 7.46136 0.21852 -0.960794 -0.170655
-23.1149 93.5931 6.77032 0.294564 -0.942482 -0.15701
-22.3325 93.8959 6.3236 0.279282 -0.95044 -0.136427
-21.4923 94.1751 6.0547 0.20005 -0.963885 -0.156784
-20.4267 94.4024 5.55806 0.124217 -0.976187 -0.177845
-19.4496 94.5564 5.14688 0.184977 -0.954043 -0.219448
-18.0104 94.8085 4.67004 0.151718 -0.984713 0.0855712
-17.0276 94.7512 3.96536 -0.0134785 -0.985313 0.170223
-15.9826 94.6325 3.33681 -0.00426115 -0.985631 0.168811
-14.8393 94.5103 2.62062 -0.0447972 -0.986984 0.146944
-14.105 93.7885 1.82187 -0.473722 -0.814577 0.334742
-13.8523 93.256 0.899348 -0.484688 -0.804757 0.342448
-13.6499 92.7144 -0.187967 -0.498493 -0.81738 0.288782
-13.7745 92.4064 -1.19832 -0.530873 -0.792524 0.300133
-14.1547 92.3098 -2.13642 -0.515146 -0.808184 0.285261
-14.7029 92.3627 -2.94712 -0.508612 -0.820434 0.259096
-15.4301 92.5635 -3.82743 -0.506001 -0.831013 0.23104
-16.289 92.9452 -4.48312 -0.505809 -0.846945 0.163781
-17.3304 93.4468 -5.10349 -0.450972 -0.877258 0.152692
-18.167 93.7949 -5.38527 -0.466884 -0.877823 0.106742
-19.2518 94.464 -5.65421 -0.526735 -0.838204 -0.00751818
-20.3575 94.9325 -5.65776 -0.293794 -0.947051 -0.121971
-21.5084 95.174 -5.42354 -0.188504 -0.975154 -0.108513
-22.3768 95.3065 -5.1282 -0.0362496 -0.990141 -0.135302
-23.3718 95.2698 -4.53429 -0.0575226 -0.984223 -0.165989
-24.2803 95.27 -4.14164 -0.058988 -0.992536 -0.106738
-25.2087 95.1844 -3.66983 0.0376354 -0.987564 -0.152409
-26.0629 95.0442 -3.09383 0.0623965 -0.9796 -0.191026
-26.8366 94.8451 -2.54342 0.113413 -0.96934 -0.215927
-27.5719 94.6454 -1.94759 0.113676 -0.975893 -0.186309
-28.514 94.3673 -1.29603 0.149246 -0.966302 -0.209729
-29.2037 94.1049 -0.744878 0.189865 -0.950422 -0.246273
-29.9485 93.8207 -0.222903 0.190778 -0.949781 -0.248025
-30.7703 93.5233 0.277387 0.213683 -0.944364 -0.24899
-31.4879 93.2154 0.735461 0.240968 -0.933762 -0.264617
-32.1826 92.8744 1.23348 0.268926 -0.923389 -0.27392
-33.2573 92.4136 1.74686 0.271196 -0.909653 -0.313968
-34.0868 92.0601 2.02113 0.274596 -0.90225 -0.332479
-35.0068 91.7442 2.0858 0.292452 -0.890135 -0.349474
-35.9754 91.4157 2.06721 0.278297 -0.882417 -0.379329
-37.0242 91.2112 1.65223 0.420385 -0.838159 -0.336335
-38.1336 90.8909 0.681605 0.449562 -0.85303 -0.262762
-38.5582 90.8567 -0.0954005 0.391325 -0.906912 -0.155459
-38.7455 90.9086 -1.23025 0.362518 -0.929493 -0.0680012
-38.6484 91.044 -2.11658 0.312801 -0.94522 -0.078105
-38.5872 91.1686 -3.16727 0.232403 -0.963312 -0.131026
-38.511 91.2945 -4.12121 0.212391 -0.970842 -0.111158
-38.5233 91.3955 -5.1295 0.153575 -0.984704 -0.0293347
-38.3816 91.3842 -6.12038 0.103772 -0.994045 0.0324371
-38.2376 91.3534 -7.06006 0.0840783 -0.99363 0.0746257
-37.9613 91.2847 -8.43087 0.0863819 -0.994074 0.0659384
-37.8178 91.1791 -9.43215 -0.00964453 -0.994476 0.104521
-37.7309 91.0367 -10.4037 0.00592034 -0.962774 0.270243
-37.8204 90.7459 -11.5453 0.0762635 -0.971927 0.222579
-37.7855 90.4409 -12.5724 0.0263725 -0.941568 0.334917
-37.9398 90.0633 -13.6694 0.00480791 -0.945763 0.324823
-38.1998 89.423 -14.9138 0.158158 -0.849239 0.503765
-38.6263 88.8961 -15.6452 -0.0182357 -0.900399 0.434683
-39.1471 88.3365 -16.5415 0.0125267 -0.809019 0.58765
-39.9795 87.72 -17.372 0.0232655 -0.80931 0.586921
-40.9912 87.383 -17.7859 -0.00866753 -0.760149 0.649691
-41.9578 87.1991 -17.9981 0.00417093 -0.742853 0.669358
-43.612 87.4361 -17.7829 -0.0283529 -0.74318 0.668463
-45.0265 88.1402 -17.1153 -0.0841258 -0.755316 0.64948
-45.8078 88.6974 -16.5539 -0.108348 -0.764646 0.63516
-46.8175 89.5249 -15.7006 -0.075623 -0.857277 0.479657
-47.1627 89.8938 -14.7083 -0.183998 -0.893606 0.380331
-47.108 90.3387 -13.8483 -0.147149 -0.856467 0.494784
-47.0853 90.6894 -13.0102 0.42888 -0.88122 -0.19878
-47.2252 90.8138 -11.9557 -0.0706549 -0.967253 0.223688
-47.2196 90.9384 -11.0595 -0.10141 -0.986813 0.125085
-47.1072 91.0471 -9.97025 -0.0870086 -0.990351 0.107864
-47.2475 91.0692 -8.89751 -0.112662 -0.992827 -0.0269171
-47.1787 90.896 -7.88127 0.0176529 -0.984016 -0.177201
-46.9631 90.7272 -6.92267 0.0210826 -0.981945 -0.187657
-47.3014 90.3054 -5.98691 0.0446051 -0.9159 -0.398921
-47.58 89.9043 -5.12086 0.0744581 -0.93163 -0.350445
-47.9001 89.6004 -4.33262 0.239311 -0.879166 -0.412048
-48.4079 88.9152 -3.15345 0.254189 -0.875759 -0.410111
-48.6812 88.1213 -2.30296 0.321079 -0.735775 -0.596275
-49.0428 87.3577 -1.66717 0.461788 -0.767455 -0.444708
-49.5081 86.7094 -1.05214 0.589763 -0.647183 -0.483046
-49.9727 86.0492 -0.526596 0.517125 -0.812528 -0.269035
-50.6262 85.4323 0.0102811 0.524077 -0.821571 -0.214489
-51.3026 84.909 0.674626 0.53665 -0.82806 -0.156672
-51.9413 84.4069 1.26571 0.5168 -0.845869 -0.131979
-52.6862 83.8238 2.12547 0.512985 -0.849118 -0.125876
-53.2426 83.3784 2.80076 0.520381 -0.846275 -0.113301
-53.9988 82.8508 3.38809 0.519248 -0.848676 -0.100492
-54.6548 82.4029 3.89837 0.511159 -0.857573 -0.0566974
-55.294 81.9676 4.4564 0.534005 -0.843275 -0.0610338
-55.833 81.5657 5.19716 0.545286 -0.835494 -0.0676745
-56.3129 81.203 5.88114 0.544921 -0.836137 -0.0627088
-56.748 80.8496 6.75843 0.546568 -0.834772 -0.06648
-57.1229 80.5266 7.56343 0.569855 -0.820474 -0.0457037
-57.6147 80.0815 8.73022 0.60002 -0.796825 -0.0710354
-58.0012 79.7255 9.46402 0.61089 -0.786992 -0.0840037
-58.1634 79.5602 9.74675 0.622946 -0.775706 -0.101014
-42.4663 90.7632 -11.3531 0.0218047 -0.988527 0.140561
-42.402 90.7076 -11.7607 -0.0326191 -0.992672 0.115224
-27.9418 93.1462 3.92068 0.209109 -0.927561 -0.309684
-27.2956 93.4219 3.59769 0.252119 -0.921908 -0.294145
-26.7201 93.6148 3.3012 0.186755 -0.952382 -0.241021
-27.835 93.1942 3.8489 0.230617 -0.924736 -0.301908
-23.8093 94.4037 1.51373 0.0979881 -0.979111 -0.173655
-22.9345 94.5919 0.707409 0.0675948 -0.988488 -0.133981
-22.215 94.6953 0.13833 0.0429211 -0.991713 -0.12109
-21.1373 94.7458 -0.552718 -0.0688806 -0.995424 -0.0662366
-19.9618 94.688 -0.951198 -0.0741579 -0.994998 -0.0669361
-18.9816 94.5181 -0.670076 -0.296522 -0.954475 -0.0324356
-19.7113 94.6115 0.187807 -0.0550066 -0.996085 -0.06653
-20.5568 94.6204 0.629231 -0.0394459 -0.995008 -0.0902027
-21.6574 94.6169 0.977692 -0.000957835 -0.99195 -0.118761
-22.4927 94.5299 1.33577 0.0485136 -0.990106 -0.131668
-23.3294 94.4251 1.6636 0.0979978 -0.97911 -0.173653
-23.4447 94.4039 1.70165 0.10932 -0.971351 -0.211013
-23.55 94.3857 1.73087 0.109315 -0.971351 -0.211015
