-47.0831 86.1801 19.2335 0.159578 -0.982367 -0.0973574
-47.5682 85.9322 20.4501 0.128231 -0.977383 -0.168167
-47.514 85.8181 21.1217 0.225006 -0.927712 -0.28998
-46.6444 86.1063 20.2582 0.166007 -0.974717 -0.149561
-45.8753 86.337 19.1792 0.0946658 -0.983995 -0.15097
-45.582 86.4792 17.9997 0.0941531 -0.994307 -0.0498926
-45.6191 86.5179 17.1326 0.0919041 -0.995147 -0.0152007
-46.2486 86.4166 18.079 0.0843184 -0.995095 -0.0517359
-46.7079 86.291 18.706 0.151545 -0.983857 -0.0949709
-47.4186 86.2411 18.079 0.140055 -0.983233 -0.116781
-47.9591 86.0606 18.9939 0.221748 -0.968227 -0.0976525
-48.4044 85.8352 19.9363 0.292977 -0.934662 -0.1808
-48.7071 85.4356 20.989 0.323731 -0.910291 -0.257613
-48.9137 85.0377 22.0346 0.350272 -0.887345 -0.29922
-48.8544 84.7516 22.8924 0.334995 -0.88434 -0.324709
-48.0384 85.0973 22.7539 0.302821 -0.897897 -0.318631
-47.1466 85.6125 22.0643 0.225001 -0.927714 -0.289979
-46.2873 85.9755 21.3098 0.147659 -0.94901 -0.277988
-45.5287 86.1789 20.5048 0.053963 -0.988077 -0.144196
-45.0268 86.3557 19.6112 0.100079 -0.982565 -0.156653
-44.717 86.5139 18.6105 0.0795181 -0.99415 -0.0730874
-44.5211 86.5992 17.6035 0.0942122 -0.994402 -0.047822
-44.3554 86.6682 16.5027 0.0874128 -0.995536 -0.0190464
-44.1692 86.6714 15.5696 0.0860155 -0.996173 0.000157447
-44.4951 86.6542 14.7948 0.0673408 -0.997296 0.00470341
-45.333 86.5724 15.2754 0.0844136 -0.996266 -0.0174896
-46.0378 86.5115 16.1488 0.0606029 -0.997973 -0.0193982
-47.0076 86.3777 17.4213 0.12099 -0.988576 -0.0792277
-47.2345 86.3025 17.7825 0.140052 -0.983234 -0.116777
-48.1272 86.1726 17.4358 0.232925 -0.964305 -0.121513
-47.4105 86.3515 16.3236 0.162531 -0.98637 0.0256651
-46.5564 86.4885 15.2322 0.126414 -0.990157 -0.00627679
-45.722 86.5608 14.2859 0.0784177 -0.996812 -0.0070381
-44.8548 86.5871 13.4614 0.0309119 -0.998593 0.043082
-43.6006 86.6708 12.882 0.092609 -0.995246 -0.0250571
-43.0983 86.715 13.7509 0.104493 -0.994516 0.00429543
-43.1351 86.7154 14.7424 0.0726631 -0.996178 0.027883
-43.2553 86.7277 15.8025 0.0264388 -0.999249 0.0256469
-43.4122 86.746 16.768 0.0874057 -0.995536 -0.0190565
-43.5916 86.6577 17.8381 0.0764367 -0.994151 -0.0763009
-43.8757 86.5321 19.2296 0.0851615 -0.988444 -0.117656
-44.2173 86.3405 20.2036 0.0984714 -0.982088 -0.160635
-44.8142 86.1205 21.1722 0.0764277 -0.984944 -0.153132
-45.5679 85.8829 21.9505 0.0989146 -0.95857 -0.264039
-46.5583 85.4972 22.8011 0.164443 -0.932967 -0.314162
-47.327 85.0454 23.4744 0.219813 -0.89202 -0.394282
-48.0667 84.4826 24.1721 0.31715 -0.862159 -0.395091
-48.6082 83.9356 24.8513 0.326492 -0.83858 -0.436105
-49.3257 83.1219 25.7591 0.370976 -0.801487 -0.469037
-49.7283 83.5209 24.683 0.452873 -0.796661 -0.400296
-49.8307 83.9578 23.7329 0.425663 -0.814319 -0.390662
-49.839 84.4691 22.5278 0.406999 -0.834862 -0.370616
-49.7703 84.8488 21.5663 0.333022 -0.893063 -0.301322
-49.4798 85.3697 20.297 0.309433 -0.912965 -0.265983
-49.1685 85.6788 19.4053 0.301282 -0.941684 -0.140084
-48.6598 85.9396 18.3502 0.254815 -0.962135 -0.0967773
-48.3761 86.0642 17.8586 0.254816 -0.962135 -0.0967729
-49.1727 85.9547 17.3672 0.229369 -0.967518 -0.0615835
-49.595 85.714 18.1302 0.375314 -0.918306 -0.12591
-49.9964 85.4321 18.9896 0.375333 -0.91829 -0.125973
-50.3672 85.0916 20.053 0.419491 -0.878999 -0.213633
-50.606 84.613 21.1615 0.474908 -0.823933 -0.309188
-50.7372 84.1618 22.1657 0.474637 -0.824779 -0.307343
-50.7702 83.778 23.0621 0.408094 -0.839427 -0.358687
-50.6843 83.2387 24.1628 0.447501 -0.790655 -0.417431
-50.5609 82.7153 25.2839 0.470959 -0.773363 -0.42439
-50.3983 82.3339 26.1194 0.461912 -0.76701 -0.445346
-50.1734 81.9082 27.0522 0.396504 -0.750948 -0.528074
-49.5105 81.9647 27.4695 0.374579 -0.763774 -0.525057
-48.7999 82.8625 26.6139 0.360799 -0.789057 -0.496317
-48.1498 83.5587 25.8518 0.30881 -0.826301 -0.471024
-47.6335 84.1059 25.2131 0.264302 -0.845481 -0.461914
-46.9265 84.6968 24.4372 0.212629 -0.865079 -0.454343
-46.2995 85.1237 23.8582 0.198007 -0.906696 -0.37219
-45.5848 85.5285 23.2176 0.164436 -0.932967 -0.314165
-44.643 85.8744 22.373 0.111204 -0.960331 -0.255729
-43.9727 86.0955 21.6962 0.0989022 -0.971789 -0.214114
-43.2959 86.3591 20.5781 0.0834986 -0.980949 -0.175397
-42.9458 86.5666 19.5756 0.0471921 -0.985152 -0.160532
-42.7064 86.6733 18.3731 0.0369545 -0.995901 -0.0822039
-42.528 86.772 17.222 0.0497332 -0.996119 -0.0726195
-42.3705 86.7623 16.1989 0.0155836 -0.999404 0.0289498
-42.2505 86.7561 15.2073 0.0407498 -0.999136 0.00815483
-42.138 86.7717 14.2763 -0.0288231 -0.996873 -0.00581556
-41.9886 86.8063 13.0257 -0.0892716 -0.990418 -0.105368
-42.5468 86.7744 12.2465 0.0736547 -0.99627 -0.0310042
-43.6503 86.6683 11.6856 0.0783072 -0.995822 0.0469741
-44.5173 86.6026 11.9162 0.086768 -0.995686 0.0328876
-45.2962 86.5736 12.5391 0.0432169 -0.999066 -0.000607161
-46.0171 86.5213 13.1829 0.112415 -0.993328 0.00795186
-46.8013 86.4499 14.0168 0.174277 -0.984472 0.00830347
-47.473 86.3175 14.8238 0.184543 -0.982797 -0.00700464
-48.116 86.1863 15.6653 0.249775 -0.968075 0.0210619
-48.8452 86.025 16.8012 0.247687 -0.968565 0.0230883
-48.881 86.0172 16.8591 0.247692 -0.968564 0.0230928
-49.7715 85.8282 16.4823 0.303238 -0.945031 -0.0530086
-50.3992 85.4333 17.6959 0.395049 -0.914635 -0.0859021
-50.7837 85.181 18.4743 0.394269 -0.909286 -0.131456
-51.1611 84.7515 19.6288 0.477103 -0.843938 -0.24524
-51.3761 84.3466 20.5762 0.500899 -0.826556 -0.256721
-51.5085 83.9954 21.421 0.474774 -0.824354 -0.308268
-51.5941 83.3798 22.7066 0.590891 -0.735487 -0.33152
-51.5431 82.8536 23.7777 0.574526 -0.713146 -0.401674
-51.4774 82.4304 24.6458 0.564643 -0.721298 -0.401133
-51.2831 81.9524 25.7441 0.572517 -0.700897 -0.425365
-51.0569 81.5352 26.7491 0.578533 -0.686208 -0.440234
-50.7976 81.0094 27.733 0.523959 -0.668751 -0.527484
-50.5377 80.395 28.7464 0.449843 -0.687791 -0.569724
-50.1696 79.9181 29.6132 0.449992 -0.68805 -0.569293
-49.7551 80.2709 29.4899 0.393552 -0.694473 -0.602192
-49.3348 81.0648 28.8347 0.364016 -0.739365 -0.563511
-48.9007 81.7091 28.2611 0.384134 -0.746137 -0.543802
-48.4512 82.3115 27.7205 0.329134 -0.795226 -0.506261
-47.8514 82.9805 26.9814 0.27785 -0.813546 -0.510824
-47.3678 83.5019 26.4007 0.244999 -0.831179 -0.497979
-46.7121 84.1098 25.6463 0.217886 -0.850232 -0.478905
-46.0943 84.609 24.9878 0.198746 -0.866586 -0.457743
-45.4797 85.0525 24.3894 0.161166 -0.904729 -0.394324
-44.5256 85.5221 23.5451 0.0580417 -0.933046 -0.354494
-43.7893 85.8047 22.873 0.0721693 -0.937651 -0.339472
-43.1236 86.0724 22.186 0.0816952 -0.974893 -0.206417
-42.4309 86.3452 21.0671 0.0759338 -0.979408 -0.18662
-42.0975 86.4856 20.1998 0.0311509 -0.9893 -0.142533
-41.8924 86.621 19.3043 0.00134856 -0.992495 -0.115404
-41.7354 86.7141 18.3074 -0.0337825 -0.994464 -0.0994998
-41.6207 86.7925 17.3588 -0.00381214 -0.999772 0.0192306
-41.3999 86.7651 16.146 0.0037754 -0.999858 0.0112652
-41.2779 86.7337 15.0743 -0.0739197 -0.99593 0.0515677
-41.0245 86.6538 13.8322 -0.084621 -0.995619 0.0361755
-40.9068 86.7522 12.8692 -0.0235809 -0.989727 -0.141015
-41.0477 86.8303 11.9999 -0.0446389 -0.998356 -0.0359642
-42.2091 86.8617 11.2872 0.121571 -0.990431 -0.0200074
-43.2534 86.6873 10.6563 0.165952 -0.985729 -0.0282554
-44.4823 86.5488 10.5276 0.0716123 -0.996374 0.04546
-45.2445 86.546 11.185 0.0342096 -0.996651 0.0742725
-45.9848 86.5442 11.8271 0.0833847 -0.995654 -0.0072139
-46.8744 86.4164 12.6338 0.145523 -0.989237 -0.012768
-47.6689 86.2923 13.5343 0.174277 -0.984472 0.00830347
-48.392 86.1407 14.4251 0.200069 -0.979721 -0.0109529
-49.1457 85.972 15.458 0.208612 -0.977931 -0.0114743
-49.4707 85.8968 15.9568 0.208244 -0.978024 -0.0100663
-50.4046 85.6221 15.6819 0.415374 -0.908106 -0.0326025
-49.7367 85.8225 14.6394 0.228397 -0.973098 0.0294587
-49.0184 85.9676 13.6588 0.25836 -0.965935 0.0132392
-48.3657 86.135 12.8554 0.253145 -0.967374 0.00935259
-47.6624 86.3068 12.0594 0.200514 -0.978268 -0.00355619
-46.4559 86.4405 10.9479 0.157912 -0.985493 0.0621801
-45.6297 86.4591 10.2137 0.104726 -0.991622 0.0701494
-44.7218 86.5176 9.4148 0.112524 -0.989564 -0.0900095
-43.536 86.6999 9.26365 0.150284 -0.984436 -0.0911061
-42.3304 86.8594 10.0712 0.191373 -0.980254 -0.0406167
-41.1819 87.0067 10.7488 0.0927867 -0.984676 -0.147663
-40.2621 87.0017 11.1538 0.151821 -0.960056 -0.224006
-39.7878 86.9076 12.1786 0.219426 -0.962519 -0.158898
-39.9842 86.6975 13.2678 0.200934 -0.963822 -0.172808
-40.1473 86.666 14.1528 0.0761017 -0.997096 0.00283159
-40.376 86.6933 15.4578 -0.0443825 -0.996733 0.0674754
-40.5245 86.7695 16.6603 -0.0306064 -0.998681 0.0322071
-40.6604 86.7624 17.5743 -0.0216369 -0.993672 -0.110213
-40.788 86.6639 18.4879 -0.0277048 -0.994068 -0.104864
-40.9548 86.5698 19.5804 -0.0284431 -0.99569 -0.0882785
-41.1371 86.4733 20.4946 0.0193752 -0.984942 -0.16924
-41.7772 86.1768 21.9537 0.0185566 -0.978997 -0.202616
-42.5661 85.8551 22.9875 -0.0255842 -0.946435 -0.32188
-43.3227 85.528 23.7268 0.0574089 -0.931166 -0.360046
-44.0219 85.2294 24.3603 0.0705675 -0.927964 -0.365927
-44.7202 84.9502 24.9345 0.111839 -0.915346 -0.383364
-45.291 84.4844 25.544 0.182325 -0.854304 -0.486747
-45.8692 84.0287 26.1273 0.191016 -0.848349 -0.493617
-46.3911 83.566 26.6978 0.199705 -0.842397 -0.500485
-47.1245 82.8163 27.5948 0.242218 -0.804531 -0.542262
-47.6331 82.2574 28.1933 0.248259 -0.787774 -0.563089
-48.069 81.6459 28.8138 0.290228 -0.752634 -0.589381
-48.4628 81.027 29.4022 0.296246 -0.749077 -0.589859
-48.9 80.2563 30.0609 0.310722 -0.698578 -0.644547
-49.2556 79.5931 30.5997 0.381276 -0.696765 -0.607514
-49.5847 78.922 31.1514 0.38035 -0.69144 -0.614203
-50.0438 77.9239 32.103 0.363222 -0.746055 -0.55809
-50.6813 78.0208 31.5346 0.40341 -0.723968 -0.558297
-50.9478 78.8585 30.3578 0.40311 -0.712053 -0.574535
-51.2514 79.6664 29.01 0.50544 -0.691183 -0.516391
-51.5648 80.4173 27.7278 0.525978 -0.677211 -0.514087
-51.7399 80.8228 26.9259 0.581261 -0.671349 -0.45981
-52.0593 81.3542 25.6913 0.600868 -0.679543 -0.419059
-52.2446 81.6888 24.8471 0.649763 -0.659028 -0.378789
-52.3449 82.3782 23.4651 0.647643 -0.660852 -0.379243
-52.3731 82.7732 22.5951 0.626471 -0.703103 -0.336422
-52.3439 83.2044 21.7471 0.596326 -0.732821 -0.327672
-52.2539 83.7525 20.6896 0.596427 -0.731575 -0.330263
-52.0678 84.2141 19.6839 0.517564 -0.825662 -0.220782
-51.8161 84.6215 18.7031 0.548107 -0.819611 -0.163186
-51.5105 84.9181 17.8985 0.425883 -0.897121 -0.117461
-50.9781 85.2579 16.8938 0.402195 -0.912173 -0.0781781
-50.5546 85.5256 16.0003 0.426133 -0.901753 -0.072476
-51.2984 85.2203 15.426 0.41424 -0.907513 -0.0680491
-51.7566 84.9579 16.295 0.403956 -0.912301 -0.0671588
-52.2009 84.5929 17.2547 0.548232 -0.826295 -0.129142
-52.6513 84.0957 18.523 0.548152 -0.826319 -0.129328
-52.8517 83.6965 19.4892 0.599907 -0.77333 -0.205114
-53.0011 83.2739 20.3455 0.622267 -0.722822 -0.30052
-53.1047 82.692 21.4124 0.638978 -0.690483 -0.339028
-53.1388 82.1816 22.3797 0.641399 -0.685752 -0.344021
-53.1239 81.7738 23.1917 0.646476 -0.660631 -0.381622
-53.0934 81.3189 24.0347 0.649763 -0.659028 -0.378789
-52.8932 80.8092 25.2392 0.665577 -0.645365 -0.374633
-52.7154 80.4875 26.0609 0.637997 -0.659972 -0.39639
-52.4931 80.0831 27.1404 0.595905 -0.682049 -0.419638
-52.28 79.6516 27.9764 0.543748 -0.671097 -0.503951
-52.0747 79.1119 28.9452 0.527948 -0.689694 -0.495223
-51.8973 78.6112 29.8068 0.510304 -0.697443 -0.503153
-51.6966 77.9609 30.8991 0.506202 -0.693612 -0.512506
-51.4388 77.3331 31.9147 0.41092 -0.743924 -0.526994
-50.758 76.8522 33.0714 0.347027 -0.762874 -0.545522
-49.6868 77.0536 33.4603 0.293919 -0.747689 -0.595459
-49.2689 77.7427 32.7783 0.257472 -0.756613 -0.600745
-48.9339 78.4589 32.0513 0.278971 -0.728847 -0.624604
-48.5693 79.2293 31.3527 0.307689 -0.711223 -0.632006
-48.098 80.0477 30.6736 0.312032 -0.70265 -0.639433
-47.77 80.6709 30.1051 0.271038 -0.724143 -0.634157
-47.3393 81.326 29.5081 0.223135 -0.753202 -0.618521
-46.9349 81.9508 28.8643 0.171916 -0.77748 -0.603171
-46.3728 82.5578 28.2017 0.123461 -0.754649 -0.644409
-45.637 83.3543 27.2773 0.0664042 -0.827369 -0.557719
-44.819 84.0307 26.4308 0.113997 -0.825985 -0.550497
-44.1793 84.5065 25.7876 0.0881949 -0.857574 -0.506743
-43.4799 84.9343 25.1408 0.0647699 -0.878899 -0.47259
-42.7303 85.2776 24.4696 0.00780024 -0.923167 -0.380448
-41.7239 85.6479 23.4613 -0.0773142 -0.92153 -0.380533
-41.0273 85.9358 22.5647 -0.0346224 -0.938521 -0.343482
-40.4871 86.212 21.5944 -0.00569559 -0.97319 -0.227684
-40.1321 86.4468 20.5241 -0.035768 -0.986371 -0.1606
-39.9315 86.5912 19.3535 -0.004331 -0.99726 -0.0717961
-39.7929 86.6489 18.3485 -0.0165404 -0.998086 -0.0595811
-39.6393 86.7618 17.1144 -0.0417251 -0.997135 -0.0044551
-39.5121 86.7155 16.1124 0.0115792 -0.999178 0.0121985
-39.3477 86.7407 15.1394 0.026949 -0.999409 -0.0213318
-39.1224 86.7434 13.8615 0.13186 -0.979595 -0.0975476
-38.8604 87.0345 12.6947 0.200944 -0.963819 -0.17281
-38.605 87.3162 11.5902 0.265826 -0.915909 -0.299781
-38.9999 87.5051 10.767 0.24567 -0.911128 -0.330895
-39.9032 87.3763 10.3224 0.306928 -0.891896 -0.332139
-40.8718 87.2064 9.88381 0.306403 -0.894626 -0.325122
-41.8893 87.0777 9.25299 0.267505 -0.929827 -0.25271
-42.67 87.0008 8.71876 0.262662 -0.930184 -0.256448
-43.568 86.9254 8.0748 0.224221 -0.939379 -0.256465
-44.6211 86.7826 7.9047 0.0990927 -0.972408 -0.20378
-45.5757 86.5209 8.85132 0.0707359 -0.97002 -0.232501
-46.506 86.3453 9.74026 0.128381 -0.989691 0.0634881
-47.3493 86.268 10.4557 0.150534 -0.98769 0.0425308
-48.3019 86.1216 11.3798 0.258999 -0.965165 0.0358751
-48.9627 85.9682 12.0755 0.281039 -0.958898 0.0390031
-49.7431 85.7669 13.0287 0.262367 -0.964929 0.00869531
-50.6124 85.5108 14.283 0.412769 -0.910556 0.0225099
-51.2335 85.2524 15.3069 0.408995 -0.912389 0.0141295
-51.2783 85.2332 15.3842 0.415379 -0.908104 -0.0325936
-52.0327 84.8657 14.8613 0.433966 -0.900779 0.0096472
-52.6058 84.4846 15.9802 0.599887 -0.797335 -0.0647586
-53.0096 84.0808 16.9798 0.596552 -0.798852 -0.0770112
-53.3243 83.7343 17.8637 0.568294 -0.812145 -0.132146
-53.5143 83.3625 18.7216 0.583136 -0.748389 -0.316015
-53.6732 82.9203 19.6808 0.664436 -0.693306 -0.279021
-53.837 82.3209 20.7228 0.656528 -0.694756 -0.293743
-53.8837 81.8111 21.7306 0.659105 -0.666671 -0.347037
-53.8805 81.3221 22.642 0.676372 -0.641555 -0.361597
-53.8591 80.819 23.5303 0.673403 -0.635506 -0.377703
-53.7458 80.3961 24.4442 0.670451 -0.636599 -0.381071
-53.5736 80.097 25.2766 0.66365 -0.65311 -0.364713
-53.3439 79.6808 26.3998 0.654341 -0.648518 -0.388926
-53.1331 79.2331 27.5097 0.653386 -0.65218 -0.384381
-52.9255 78.6716 28.6156 0.547938 -0.681813 -0.484659
-52.7452 78.1649 29.5394 0.542886 -0.685336 -0.485248
-52.5805 77.7106 30.348 0.533503 -0.696039 -0.480194
-52.4326 77.1413 31.3186 0.480882 -0.714704 -0.507889
-52.2189 76.6794 32.2323 0.447666 -0.737524 -0.503617
-51.8205 76.3587 33.0142 0.417508 -0.754086 -0.506993
-51.07 76.148 33.897 0.346274 -0.784762 -0.514045
-50.3967 76.0254 34.5065 0.297725 -0.781266 -0.548619
-49.5 76.1951 34.7402 0.2633 -0.781676 -0.564781
-48.8962 76.8453 34.1218 0.263303 -0.781672 -0.564786
-48.5266 77.4438 33.4969 0.257896 -0.768176 -0.585999
-48.2035 78.1032 32.7981 0.25551 -0.719966 -0.643548
-47.862 78.8465 32.0805 0.21178 -0.725603 -0.654708
-47.4103 79.6534 31.3372 0.213418 -0.723869 -0.6561
-46.9831 80.3117 30.7532 0.213369 -0.710618 -0.670228
-46.543 81.0634 30.0823 0.130287 -0.748619 -0.645689
-46.1564 81.6153 29.4714 0.127301 -0.789908 -0.599866
-45.6973 82.1609 28.8485 0.125308 -0.792155 -0.597317
-45.0271 82.8733 28.0189 0.0622973 -0.798488 -0.598779
-44.2903 83.5352 27.2098 0.0698585 -0.800726 -0.593624
-43.6995 83.99 26.6383 0.0226482 -0.803843 -0.594258
-43.1108 84.4269 26.0484 -0.0446643 -0.81351 -0.576779
-42.456 84.7167 25.442 -0.118888 -0.856346 -0.502531
-41.5963 85.1305 24.6868 -0.0556261 -0.877155 -0.470225
-40.751 85.446 23.793 -0.0492057 -0.926395 -0.373324
-40.2213 85.688 23.1088 -0.0552718 -0.930859 -0.361117
-39.7304 85.9542 22.2944 -0.104536 -0.946818 -0.304316
-39.2952 86.2179 21.236 -0.117005 -0.961871 -0.247214
-39.0545 86.4385 20.1197 -0.0987331 -0.982215 -0.158187
-38.8976 86.5852 18.751 -0.0968958 -0.990749 -0.0950119
-38.7151 86.6802 17.3102 -0.0549414 -0.997103 -0.0526052
-38.5823 86.7187 16.3133 -0.0691498 -0.997331 -0.022902
-38.3352 86.7357 15.0172 -0.0721317 -0.997034 -0.0268489
-38.161 86.8772 14.0486 0.153942 -0.963985 -0.215696
-37.8893 87.1876 12.7221 0.19732 -0.953653 -0.221709
-37.556 87.7028 11.3391 0.265826 -0.915908 -0.299782
-37.5205 88.0368 10.5094 0.298631 -0.887014 -0.352172
-38.4252 87.9405 9.99334 0.245488 -0.911526 -0.329934
-39.3118 87.8166 9.62912 0.278011 -0.911729 -0.302423
-40.3699 87.6431 9.13431 0.322286 -0.896951 -0.301785
-41.4156 87.4561 8.50573 0.329753 -0.895154 -0.299862
-42.2752 87.341 7.92581 0.328394 -0.898832 -0.289997
-43.0239 87.2858 7.34576 0.280253 -0.91673 -0.284717
-44.1152 87.2174 6.5898 0.190238 -0.946669 -0.260054
-44.9759 86.9829 6.82155 0.115611 -0.964425 -0.224317
-45.8977 86.7063 7.77379 0.226433 -0.968505 -0.103527
-46.6633 86.4 8.50766 0.218128 -0.954858 -0.201659
-47.531 86.2218 9.30028 0.17128 -0.980445 -0.0683208
-48.3743 86.0092 10.1227 0.262821 -0.96092 0.0856064
-49.2739 85.8356 10.9755 0.273923 -0.960923 0.0389271
-49.9827 85.6573 11.7801 0.281041 -0.958898 0.0390036
-50.576 85.474 12.5773 0.40868 -0.911368 0.0488862
-51.1045 85.2653 13.4066 0.411437 -0.911143 0.0231924
-51.7314 84.9968 14.3679 0.427447 -0.903799 0.0208782
-51.9523 84.9007 14.7325 0.427444 -0.903801 0.0208842
-52.7157 84.5207 14.2154 0.498767 -0.862385 -0.00183612
-53.1675 84.1277 15.1679 0.562519 -0.822691 -0.082166
-53.676 83.6454 16.3736 0.588244 -0.804745 -0.0794459
-53.9727 83.3505 17.1811 0.591799 -0.800815 -0.0907119
-54.184 82.9821 17.9993 0.715426 -0.676608 -0.174261
-54.3285 82.5406 18.9874 0.714122 -0.656957 -0.240443
-54.4899 82.0117 19.8596 0.706399 -0.653003 -0.273073
-54.5874 81.4982 20.789 0.719786 -0.627436 -0.297038
-54.6183 81.0223 21.6987 0.719532 -0.624075 -0.304637
-54.6076 80.4206 22.8445 0.705081 -0.606772 -0.367
-54.5568 80.0041 23.6922 0.691541 -0.633876 -0.342219
-54.4362 79.6483 24.5371 0.654342 -0.660359 -0.368459
-54.2459 79.3012 25.5033 0.657404 -0.653505 -0.374962
-54.0196 78.9573 26.491 0.634347 -0.672961 -0.380106
-53.7812 78.4337 27.7746 0.648955 -0.647647 -0.398872
-53.639 77.9825 28.6931 0.640295 -0.647046 -0.413803
-53.5054 77.5606 29.5348 0.540763 -0.691969 -0.478282
-53.3518 77.0086 30.546 0.513094 -0.720256 -0.466868
-53.2377 76.4229 31.662 0.469987 -0.763256 -0.440109
-53.013 76.0185 32.5328 0.416381 -0.799899 -0.432191
-52.5448 75.7782 33.441 0.421021 -0.801338 -0.424969
-51.7963 75.5817 34.3301 0.313803 -0.810173 -0.494878
-51.121 75.4645 34.9651 0.307663 -0.818558 -0.48506
-50.3663 75.3416 35.6201 0.256473 -0.824648 -0.503594
-49.4418 75.4057 35.9432 0.230659 -0.824442 -0.516741
-48.5877 75.9053 35.5103 0.23299 -0.802527 -0.547605
-48.0759 76.6095 34.7265 0.191749 -0.794011 -0.57687
-47.7317 77.2139 34.0612 0.209812 -0.760664 -0.614304
-47.3411 77.9908 33.2396 0.225425 -0.757742 -0.612381
-46.8352 79.0321 32.2098 0.213454 -0.723916 -0.656036
-46.443 79.6815 31.5775 0.108858 -0.71659 -0.688377
-45.9547 80.4004 30.9397 0.0733285 -0.728037 -0.679713
-45.5184 81.0547 30.1918 0.0703893 -0.755961 -0.650217
-45.0148 81.7472 29.4693 0.0298676 -0.742963 -0.668661
-44.3742 82.3876 28.7157 0.0404445 -0.813284 -0.58046
-43.754 82.9976 27.9406 0.0316072 -0.789384 -0.613057
-43.1118 83.532 27.2753 0.0299086 -0.795065 -0.60577
-42.4402 83.9726 26.5805 -0.103263 -0.816941 -0.567401
-41.8048 84.3046 25.9898 -0.0899866 -0.816687 -0.570018
-40.8324 84.7696 25.1433 -0.0999671 -0.853824 -0.509016
-40.0214 85.0896 24.3356 -0.143429 -0.865571 -0.479807
-39.3337 85.4244 23.5281 -0.142895 -0.864799 -0.481356
-38.8492 85.7143 22.6972 -0.151942 -0.941477 -0.30089
-38.4414 85.9482 21.8292 -0.115648 -0.936407 -0.331313
-38.1145 86.3078 20.2796 -0.123485 -0.973391 -0.186953
-38.0131 86.4341 19.3193 -0.125999 -0.983548 -0.128093
-37.8882 86.5265 18.3907 -0.11548 -0.986989 -0.108547
-37.7285 86.6316 17.2013 -0.0725571 -0.994015 -0.0761328
-37.5641 86.6551 16.1073 -0.0661679 -0.997628 -0.0189553
-37.2513 86.874 14.6327 0.149053 -0.959914 -0.237378
-37.126 87.1085 13.7418 0.19731 -0.953654 -0.221714
-36.9556 87.376 12.8954 0.235797 -0.939253 -0.249407
-36.7091 87.74 11.9424 0.289153 -0.893799 -0.342804
-36.4054 88.2415 10.9177 0.288785 -0.887504 -0.359083
-36.401 88.7029 9.75294 0.280246 -0.893425 -0.348599
-37.2772 88.5055 9.44675 0.310885 -0.893895 -0.322924
-38.6029 88.259 8.96499 0.283278 -0.90489 -0.317667
-39.9842 88.0439 8.34543 0.279704 -0.908057 -0.311765
-41.231 87.8183 7.6287 0.339039 -0.89134 -0.300907
-42.0252 87.7096 7.03304 0.333315 -0.900744 -0.2785
-43.0135 87.6396 6.15826 0.297732 -0.920325 -0.253687
-43.655 87.6216 5.48121 0.331873 -0.89493 -0.298102
-44.5982 87.4039 5.23537 0.261075 -0.946855 -0.187897
-45.6918 86.9548 6.1888 0.217462 -0.962888 -0.159868
-46.3957 86.6837 6.89567 0.226444 -0.968503 -0.10352
-47.4168 86.3379 7.88235 0.274911 -0.957897 -0.0804993
-48.3995 86.0378 8.81268 0.239952 -0.968883 -0.0606952
-49.0717 85.7944 9.47248 0.262561 -0.962039 -0.00642342
-49.9845 85.5473 10.3408 0.364459 -0.929091 0.0473759
-50.902 85.2533 11.4378 0.418664 -0.905964 0.0628425
-51.4906 85.0401 12.2838 0.437982 -0.896595 0.0618642
-52.0679 84.7993 13.1682 0.440306 -0.897672 0.0177494
-52.5839 84.575 14.0173 0.434007 -0.899934 0.0419189
-53.2256 84.2127 13.3785 0.591771 -0.806051 -0.00940166
-53.773 83.7853 14.4506 0.563023 -0.823765 -0.0638818
-54.1352 83.4354 15.2693 0.584158 -0.806024 -0.0953189
-54.5299 83.0021 16.349 0.647323 -0.756303 -0.0947606
-54.8398 82.4442 17.5332 0.675401 -0.700259 -0.231239
-55.0233 81.8865 18.6627 0.72092 -0.658347 -0.216456
-55.1813 81.4164 19.4576 0.736064 -0.621638 -0.26791
-55.2679 80.9544 20.2702 0.738068 -0.615764 -0.275845
-55.3095 80.3324 21.4089 0.746575 -0.584108 -0.318503
-55.2763 79.7484 22.5533 0.746457 -0.582971 -0.320854
-55.2539 79.308 23.4554 0.696501 -0.639681 -0.324918
-55.138 78.9209 24.4758 0.724041 -0.616947 -0.30845
-54.9264 78.5842 25.5656 0.700436 -0.642306 -0.311179
-54.6965 78.1957 26.6919 0.625834 -0.676029 -0.388775
-54.532 77.8269 27.6173 0.614378 -0.676048 -0.40604
-54.3781 77.3724 28.5426 0.600204 -0.680409 -0.42004
-54.2533 76.8711 29.6868 0.583373 -0.691952 -0.418983
-54.1666 76.3481 30.6695 0.532746 -0.720228 -0.443296
-54.093 75.8556 31.6848 0.475176 -0.788467 -0.390547
-53.89 75.4598 32.6782 0.47065 -0.776694 -0.418612
-53.3153 75.1942 33.7897 0.413839 -0.811211 -0.413127
-52.6902 75.0742 34.6138 0.354576 -0.811017 -0.462916
-51.7037 74.8914 35.5623 0.311751 -0.818644 -0.482321
-50.861 74.7826 36.3294 0.260017 -0.846324 -0.462996
-49.7568 74.7311 36.9332 0.225036 -0.846463 -0.482554
-48.7233 75.0583 36.7957 0.206493 -0.829947 -0.518216
-47.8416 75.6169 36.2302 0.152155 -0.844611 -0.513304
-47.2264 76.3858 35.2825 0.162799 -0.790259 -0.590713
-46.9163 76.967 34.612 0.17746 -0.765012 -0.619084
-46.5987 77.5494 33.9826 0.18277 -0.757801 -0.626229
-46.198 78.3718 33.0502 0.106453 -0.774279 -0.623827
-45.6962 79.2744 32.154 0.11778 -0.731883 -0.671156
-45.1987 79.9817 31.4617 0.108851 -0.716592 -0.688376
-44.7433 80.6367 30.728 0.0102375 -0.759625 -0.65028
-44.1783 81.3691 29.9269 0.0298667 -0.742963 -0.66866
-43.612 82.0115 29.1634 -0.0519992 -0.753489 -0.655378
-43.0468 82.5531 28.5039 -0.0717906 -0.752821 -0.653932
-42.3216 83.1408 27.6854 -0.0922231 -0.774432 -0.625899
-41.478 83.6479 26.8763 -0.095493 -0.81673 -0.569024
-40.7758 83.9993 26.2649 -0.0899868 -0.816688 -0.570017
-40.0983 84.345 25.6301 -0.150016 -0.824302 -0.544645
-39.1181 84.7326 24.6741 -0.174946 -0.837286 -0.518021
-38.3517 85.1799 23.6553 -0.176013 -0.856168 -0.485794
-37.6548 85.6223 22.4331 -0.184752 -0.921185 -0.342468
-37.3121 85.8864 21.5336 -0.170359 -0.940744 -0.287629
-37.1748 86.1775 20.2643 -0.130347 -0.959529 -0.248297
-37.0545 86.3057 19.2952 -0.101264 -0.988729 -0.110274
-36.9205 86.412 18.3553 -0.0577153 -0.982563 -0.170864
-36.7482 86.5648 17.243 -0.0255362 -0.989829 -0.139952
-36.596 86.6949 16.3396 0.0728823 -0.997078 -0.0228979
-36.3714 86.8807 15.2253 0.151544 -0.944968 -0.289948
-36.2011 87.1206 14.3538 0.128393 -0.976102 -0.175328
-36.0214 87.439 13.2345 0.13288 -0.944323 -0.300994
-35.7278 87.9459 12.0576 0.171593 -0.902844 -0.394243
-35.4216 88.4441 11.053 0.19909 -0.910359 -0.36278
-35.1269 88.9647 9.99052 0.263972 -0.887591 -0.377493
-34.8898 89.4305 9.07559 0.266644 -0.880847 -0.391166
-35.7617 89.2564 8.87337 0.282244 -0.881801 -0.377264
-36.6852 88.9917 8.70212 0.313603 -0.887361 -0.338001
-37.592 88.7852 8.40832 0.303618 -0.889625 -0.341149
-38.5562 88.5977 8.03929 0.291572 -0.897885 -0.329295
-39.405 88.4648 7.65784 0.289172 -0.895142 -0.339264
-40.2728 88.3335 7.19736 0.337492 -0.892204 -0.300063
-41.0451 88.2106 6.68476 0.342232 -0.889672 -0.302261
-41.7915 88.105 6.11206 0.35551 -0.885055 -0.300477
-42.6513 88.0648 5.25566 0.326114 -0.894424 -0.306033
-43.3487 88.0688 4.45764 0.337638 -0.895432 -0.290175
-44.3537 87.8944 3.61661 0.394978 -0.851184 -0.344511
-45.0289 87.4324 4.26377 0.313757 -0.936024 -0.159424
-45.8076 87.083 4.97781 0.256079 -0.958545 -0.124962
-46.7967 86.6991 5.91758 0.261295 -0.957491 -0.122046
-47.4589 86.4299 6.5648 0.261993 -0.959557 -0.0998714
-48.1095 86.1854 7.2083 0.292839 -0.95233 -0.0855176
-48.7506 85.9676 7.82894 0.339857 -0.940427 -0.00968106
-49.5102 85.7005 8.58008 0.325113 -0.945605 0.0115105
-50.3573 85.3882 9.37802 0.378143 -0.925694 0.00997688
-51.0182 85.1253 10.0561 0.37654 -0.926137 0.0195718
-51.6565 84.8943 10.8983 0.403314 -0.914259 0.0184016
-52.1936 84.6448 11.7472 0.431981 -0.901838 0.00902256
-52.8482 84.3777 12.7637 0.454618 -0.888016 0.0689165
-53.1892 84.2402 13.3105 0.546223 -0.834041 0.0352403
-53.8185 83.7845 12.7307 0.591674 -0.806131 -0.00869868
-53.129 84.1657 11.5949 0.504952 -0.86303 0.0142438
-52.4302 84.5194 10.4166 0.451204 -0.891716 0.023417
-51.9019 84.759 9.63364 0.406856 -0.912229 0.0303592
-51.172 85.0494 8.8174 0.378506 -0.925547 0.00981658
-50.5231 85.3066 8.2418 0.377491 -0.925925 0.0127719
-49.8049 85.5867 7.5534 0.358484 -0.933341 -0.00717687
-48.8846 85.9575 6.61021 0.347366 -0.936266 -0.0495134
-48.0525 86.3063 5.77823 0.339737 -0.938031 -0.0683324
-47.1167 86.7229 4.85509 0.315939 -0.944014 -0.0885613
-46.2149 87.0732 4.04415 0.285312 -0.951519 -0.114927
-45.5033 87.408 3.40555 0.380424 -0.880248 -0.253888
-44.9955 87.9158 2.80203 0.403883 -0.841085 -0.359798
-44.2662 88.5006 2.16429 0.360168 -0.869919 -0.336928
-43.6207 88.6296 2.52656 0.363411 -0.87072 -0.331328
-43.0149 88.5292 3.46277 0.379489 -0.865406 -0.327183
-42.3045 88.4956 4.38733 0.363031 -0.871674 -0.328663
-41.6038 88.5155 5.13481 0.361562 -0.879187 -0.310326
-40.7572 88.6053 5.83975 0.332598 -0.895781 -0.294865
-39.9651 88.7194 6.38177 0.332749 -0.894738 -0.297862
-39.1873 88.848 6.81552 0.307984 -0.89895 -0.311503
-38.3256 88.9905 7.20726 0.304504 -0.891831 -0.334536
-37.296 89.2044 7.60237 0.33901 -0.86192 -0.377019
-36.0802 89.5207 7.97016 0.317977 -0.875732 -0.362669
-34.9182 89.9034 7.95963 0.282834 -0.894247 -0.34686
-33.8011 90.2687 7.91893 0.279205 -0.894536 -0.34907
-33.5947 89.9895 8.78438 0.271144 -0.866514 -0.418459
-33.9267 89.4437 9.68036 0.250859 -0.871429 -0.421304
-34.2012 89.0046 10.4633 0.232784 -0.883428 -0.406653
-34.465 88.5718 11.2959 0.224567 -0.900003 -0.373584
-34.7297 88.1074 12.184 0.217113 -0.883661 -0.414735
-34.954 87.685 13.0518 0.147822 -0.931857 -0.330861
-35.1542 87.3329 13.9515 0.128277 -0.930283 -0.34358
-35.3193 87.0405 14.9859 0.0361398 -0.964553 -0.261404
-35.5644 86.7456 16.1199 0.0774863 -0.983883 -0.161074
-35.7544 86.5534 17.2342 0.058575 -0.979961 -0.18728
-35.9856 86.2721 18.615 -0.0955693 -0.982015 -0.15602
-36.1316 86.1674 19.6914 -0.100707 -0.988854 -0.109661
-36.2287 85.9713 20.6343 -0.107422 -0.959614 -0.260003
-36.3561 85.6351 21.6651 -0.215869 -0.917184 -0.334923
-36.8631 85.2125 22.9455 -0.226622 -0.8717 -0.434489
-37.4515 84.8367 23.9288 -0.183778 -0.855682 -0.48377
-38.0608 84.4497 24.7876 -0.165392 -0.836423 -0.522535
-38.7538 84.1169 25.5463 -0.169674 -0.838953 -0.517077
-39.412 83.8769 26.1471 -0.125532 -0.807302 -0.576567
-40.0499 83.554 26.7286 -0.125997 -0.802204 -0.583604
-40.9995 83.051 27.5932 -0.11826 -0.768926 -0.628224
-41.6175 82.673 28.1578 -0.108139 -0.760278 -0.640464
-42.2234 82.1897 28.8095 -0.0931412 -0.755443 -0.648561
-42.7207 81.7251 29.4139 -0.0857294 -0.735651 -0.671885
-43.2357 81.1502 30.1033 -0.079694 -0.735427 -0.672901
-43.7386 80.5211 30.8647 -0.093986 -0.725384 -0.681431
-44.2488 79.81 31.6252 -0.0289702 -0.714758 -0.698772
-44.8682 78.9439 32.5533 -0.0414651 -0.704269 -0.708691
-45.3372 78.0891 33.4797 0.00249215 -0.751363 -0.659225
-45.6214 77.4929 34.1299 0.0239728 -0.769394 -0.636978
-46.1413 76.5978 35.2904 0.0981027 -0.780355 -0.612243
-46.5095 75.8991 36.0781 0.0920038 -0.792529 -0.60132
-47.2178 75.1766 37.0119 0.0908336 -0.80986 -0.579423
-48.328 74.609 37.6735 0.141933 -0.873339 -0.465839
-49.194 74.3349 37.9027 0.175887 -0.879118 -0.440963
-50.4375 74.1406 37.7013 0.210985 -0.883607 -0.418001
-51.2606 74.228 37.1189 0.260015 -0.846328 -0.46299
-52.0193 74.3177 36.406 0.321291 -0.83587 -0.445077
-52.9301 74.4281 35.5547 0.314414 -0.827098 -0.465494
-53.7684 74.5643 34.5726 0.405429 -0.807412 -0.428251
-54.4374 74.7121 33.5055 0.461714 -0.795174 -0.393089
-54.7832 74.9423 32.6574 0.458921 -0.79092 -0.404768
-54.9641 75.5204 31.2608 0.51058 -0.779495 -0.362899
-55.0017 76.0764 30.1049 0.547479 -0.74463 -0.377783
-55.0331 76.4672 29.164 0.59104 -0.725793 -0.350331
-55.1396 76.8534 28.3253 0.590536 -0.694353 -0.411268
-55.3056 77.2559 27.3492 0.671401 -0.660778 -0.334719
-55.4836 77.6172 26.3263 0.68277 -0.643488 -0.346048
-55.6151 77.9038 25.4486 0.687456 -0.657939 -0.307441
-55.8255 78.2912 24.2082 0.681476 -0.650953 -0.334441
-55.9485 78.6268 23.3077 0.696501 -0.639681 -0.324918
-55.9814 79.1037 22.2457 0.706084 -0.637755 -0.307757
-55.9795 79.576 21.2767 0.712956 -0.625758 -0.316419
-55.9426 80.2189 20.081 0.746005 -0.604266 -0.279892
-55.8705 80.704 19.217 0.737066 -0.618703 -0.271874
-55.6933 81.2705 18.2698 0.733806 -0.641588 -0.222709
-55.5679 81.7153 17.4107 0.725826 -0.645013 -0.23903
-55.2957 82.292 16.3064 0.73116 -0.677664 -0.0785888
-54.9981 82.665 15.3505 0.685757 -0.723712 -0.077316
-54.7022 83.0308 14.5506 0.664473 -0.743435 -0.0698777
-54.3531 83.3599 13.7861 0.644053 -0.764372 -0.0304936
-53.9394 83.6933 12.9564 0.591669 -0.806134 -0.00869249
-54.5654 83.2479 12.3954 0.613966 -0.787752 -0.0282218
-54.0584 83.5957 11.5026 0.575549 -0.817345 0.0262762
-53.5619 83.8784 10.6397 0.523081 -0.852263 0.00590195
-53.0316 84.1661 9.6843 0.470252 -0.881765 0.0366886
-52.3923 84.4705 8.72933 0.452676 -0.890401 0.0424663
-51.6626 84.7832 7.96906 0.436047 -0.898753 0.0458946
-50.912 85.1344 7.33997 0.428725 -0.902749 -0.0108201
-50.2582 85.4185 6.71001 0.387335 -0.921741 -0.00577807
-49.3956 85.8063 5.76921 0.371921 -0.92692 -0.0496437
-48.4642 86.2272 4.81426 0.353773 -0.933259 -0.0603998
-47.832 86.5508 4.19851 0.320837 -0.931436 -0.171728
-46.8814 86.9537 3.35367 0.295119 -0.949335 -0.108021
-46.0803 87.4662 2.61895 0.328933 -0.831554 -0.447573
-45.3849 88.1783 1.72199 0.367029 -0.852908 -0.371264
-44.9463 88.6743 1.02032 0.368879 -0.849153 -0.377978
-44.5423 89.2187 0.191556 0.37679 -0.850499 -0.366729
-43.9099 89.4135 0.220209 0.262202 -0.913784 -0.310016
-43.2598 89.2433 1.2356 0.298569 -0.9067 -0.294616
-42.738 89.0658 2.3504 0.349998 -0.887038 -0.301108
-42.2263 88.9853 3.17117 0.379482 -0.865406 -0.327192
-41.5167 88.952 3.99993 0.347148 -0.882067 -0.31809
-40.8334 88.9686 4.66981 0.320426 -0.897591 -0.30275
-39.8487 89.0701 5.44623 0.352469 -0.88392 -0.306074
-39.088 89.2133 5.9416 0.358829 -0.865762 -0.347483
-37.9706 89.4374 6.45375 0.343817 -0.861066 -0.374641
-36.7741 89.7105 6.87728 0.298537 -0.893175 -0.336325
-35.6701 90.017 7.07228 0.314197 -0.887359 -0.337451
-34.812 90.2903 7.08089 0.279918 -0.885943 -0.369798
-33.9308 90.6158 7.03715 0.306399 -0.872442 -0.380742
-32.8241 91.0606 6.89077 0.296281 -0.867887 -0.398663
-31.9407 91.465 6.65617 0.294799 -0.871409 -0.392097
-31.8962 90.9825 7.73226 0.289167 -0.861769 -0.416817
-32.3932 90.3922 8.60654 0.262422 -0.874711 -0.406171
-32.8062 89.8512 9.51958 0.249265 -0.867178 -0.431126
-33.1288 89.328 10.4121 0.233624 -0.875291 -0.422949
-33.5603 88.6122 11.6876 0.212237 -0.892257 -0.398502
-33.8198 88.1484 12.573 0.212624 -0.877784 -0.428985
-33.9868 87.7118 13.3534 0.169378 -0.902347 -0.389578
-34.256 87.245 14.5057 0.125933 -0.927779 -0.351237
-34.4445 86.9541 15.427 0.0553731 -0.960801 -0.27165
-34.7029 86.6986 16.7575 -0.0328764 -0.979917 -0.196649
-34.9305 86.3704 18.1798 0.0280388 -0.974115 -0.224309
-35.1089 86.1324 19.5208 -0.0953229 -0.963909 -0.211521
-35.2622 85.8096 20.5119 -0.161724 -0.922818 -0.349645
-35.3676 85.4581 21.5129 -0.216468 -0.917873 -0.332632
-35.6444 85.0679 22.6104 -0.243953 -0.890292 -0.384535
-36.0514 84.7872 23.4236 -0.194395 -0.879025 -0.435345
-36.6946 84.39 24.417 -0.217997 -0.844217 -0.488743
-37.2428 84.0473 25.1808 -0.158035 -0.837911 -0.522427
-37.9312 83.6759 25.9152 -0.2146 -0.777054 -0.591552
-38.5804 83.3904 26.5133 -0.201825 -0.781596 -0.590231
-39.4717 83.0168 27.2948 -0.206711 -0.739499 -0.640534
-40.4481 82.4894 28.1769 -0.118253 -0.768929 -0.628222
-41.0297 82.0875 28.7434 -0.10631 -0.7545 -0.647632
-41.6063 81.6185 29.3638 -0.152217 -0.711373 -0.68608
-42.3745 80.8206 30.3457 -0.143868 -0.69768 -0.701616
-43.0287 79.9871 31.3009 -0.110075 -0.713372 -0.692035
-43.4642 79.3727 32.02 -0.0946093 -0.712338 -0.695034
-43.9773 78.645 32.7968 -0.0624238 -0.704353 -0.706872
-44.3235 78.029 33.5099 -0.0403493 -0.753858 -0.655798
-44.6688 77.3652 34.3162 -0.00621594 -0.789285 -0.613974
-44.989 76.7416 35.11 6.08414e-05 -0.785995 -0.618233
-45.3256 76.1438 35.8817 -0.000531711 -0.793038 -0.609172
-45.6524 75.6398 36.5741 0.037191 -0.835979 -0.544464
-46.0893 75.1372 37.2472 0.0925928 -0.825768 -0.556357
-46.6823 74.7351 37.8306 0.0711643 -0.862759 -0.500582
-47.5038 74.3763 38.3323 0.0666633 -0.878406 -0.472106
-48.6795 73.9696 38.7836 0.147524 -0.88626 -0.439053
-49.5533 73.7764 38.8853 0.145513 -0.887819 -0.436582
-50.6985 73.6585 38.5889 0.209817 -0.882663 -0.420561
-51.6843 73.7105 37.9238 0.251962 -0.871074 -0.421598
-52.3579 73.7668 37.2948 0.291568 -0.876421 -0.383128
-53.1537 73.8582 36.4694 0.294089 -0.882256 -0.367608
-53.8465 73.9446 35.7644 0.377883 -0.833536 -0.402243
-54.5382 74.0147 34.925 0.400973 -0.824509 -0.399256
-55.0599 74.0821 34.1521 0.423183 -0.834702 -0.352404
-55.5331 74.2611 33.1182 0.46096 -0.80934 -0.360848
-55.7565 74.5462 32.2766 0.511587 -0.790898 -0.335796
-55.8049 75.1248 30.9119 0.532397 -0.770411 -0.350176
-55.8025 75.6125 29.8035 0.54961 -0.764473 -0.336877
-55.8325 75.9721 28.9463 0.553834 -0.761999 -0.335597
-55.8963 76.3674 27.9436 0.594009 -0.714528 -0.363275
-56.0479 76.7021 26.9952 0.660039 -0.678066 -0.323381
-56.2025 76.9987 26.0578 0.671402 -0.660778 -0.334717
-56.3438 77.2871 25.1619 0.637813 -0.69688 -0.327952
-56.4918 77.5657 24.2678 0.657301 -0.689777 -0.30356
-56.6211 77.9866 23.0643 0.712811 -0.629888 -0.308426
-56.6892 78.4638 21.9479 0.709363 -0.633033 -0.309897
-56.6942 79.0064 20.7928 0.71004 -0.63234 -0.309664
-56.6575 79.4372 19.9717 0.721675 -0.626782 -0.293813
-56.4639 80.2723 18.5075 0.743386 -0.627631 -0.231207
-56.2539 80.9207 17.3307 0.758507 -0.619058 -0.202152
-56.0705 81.4939 16.3289 0.732058 -0.659888 -0.15017
-55.8246 81.8666 15.4674 0.691688 -0.712209 -0.119416
-55.621 82.2142 14.6344 0.671192 -0.730464 -0.122724
-55.2668 82.5863 13.7959 0.659809 -0.749815 -0.0492851
-54.8225 83.0025 12.9081 0.644155 -0.763709 -0.0425827
-54.6415 83.1755 12.5428 0.644153 -0.763711 -0.0425815
-55.2843 82.6718 12.0217 0.63578 -0.769962 -0.0542384
-55.7143 82.2555 12.8915 0.642906 -0.763825 -0.0561299
-56.177 81.7672 13.9129 0.66804 -0.742499 -0.0491806
-56.5582 81.1971 15.2147 0.693395 -0.709728 -0.124419
-56.8187 80.5891 16.3044 0.715745 -0.667443 -0.205483
-56.935 80.1889 17.1394 0.717953 -0.65946 -0.222837
-57.0774 79.7577 17.9317 0.709979 -0.657743 -0.247045
-57.253 79.2661 18.766 0.676572 -0.687848 -0.262897
-57.3603 78.6771 19.8843 0.723941 -0.629215 -0.282404
-57.3868 78.2499 20.747 0.713421 -0.634837 -0.296644
-57.3812 77.7514 21.8442 0.705258 -0.640561 -0.303523
-57.3531 77.3809 22.7899 0.668487 -0.688425 -0.281418
-57.2327 76.932 24.11 0.656073 -0.692157 -0.30081
-57.0945 76.6756 25.0014 0.646946 -0.694517 -0.314378
-56.9585 76.4189 25.93 0.611396 -0.735424 -0.292141
-56.8232 76.1411 26.8385 0.579033 -0.746614 -0.327299
-56.6926 75.8574 27.7426 0.571771 -0.753822 -0.323745
-56.6313 75.5137 28.6387 0.564929 -0.759029 -0.323479
-56.6096 75.1471 29.5407 0.558319 -0.761832 -0.328469
-56.6205 74.7544 30.4502 0.529201 -0.778934 -0.336465
-56.6579 74.3219 31.4248 0.517854 -0.794373 -0.317487
-56.576 73.8845 32.6285 0.46983 -0.825848 -0.311818
-56.2845 73.6083 33.7661 0.43966 -0.832486 -0.33679
-55.4452 73.4931 35.1236 0.397087 -0.862021 -0.314842
-54.5251 73.4474 36.2543 0.350627 -0.875615 -0.332204
-53.7553 73.3868 37.1196 0.315592 -0.875016 -0.366376
-53.0388 73.2883 37.908 0.25821 -0.909677 -0.325292
-52.1284 73.2385 38.7436 0.237583 -0.909402 -0.34116
-51.0915 73.2112 39.4363 0.193782 -0.906922 -0.374086
-49.9023 73.2916 39.8167 0.151871 -0.913733 -0.375628
-48.5887 73.5182 39.7753 0.156082 -0.895504 -0.416786
-47.6928 73.756 39.4684 0.107064 -0.888964 -0.44415
-46.6188 74.1149 38.9832 0.062163 -0.894051 -0.443631
-45.6593 74.5734 38.2516 0.050188 -0.852649 -0.520068
-45.1024 75.0249 37.5432 0.00141545 -0.858003 -0.513622
-44.5057 75.7248 36.3998 -0.0157368 -0.815416 -0.576189
-44.0841 76.4552 35.4665 -0.0123352 -0.783899 -0.620765
-43.8185 77.0164 34.7542 -0.0552193 -0.802336 -0.591685
-43.3912 77.7997 33.7339 -0.0567397 -0.777703 -0.623929
-42.9878 78.4475 32.9076 -0.0662032 -0.767189 -0.637996
-42.4818 79.1123 32.1391 -0.132047 -0.726684 -0.673736
-42.044 79.7292 31.3627 -0.154363 -0.728913 -0.666976
-41.5884 80.315 30.6743 -0.142959 -0.685927 -0.713489
-41.0944 80.8831 30.0128 -0.152211 -0.711375 -0.686079
-40.5747 81.3531 29.3999 -0.159655 -0.713321 -0.68241
-40.0048 81.7851 28.8182 -0.182679 -0.711965 -0.677564
-38.9193 82.4333 27.7884 -0.202031 -0.725864 -0.657342
-37.9584 82.8466 27.0001 -0.184722 -0.759244 -0.62404
-37.2554 83.1151 26.3871 -0.228237 -0.772731 -0.592279
-36.6081 83.466 25.72 -0.184872 -0.758964 -0.624336
-35.9839 83.8454 24.9792 -0.262893 -0.783886 -0.562504
-35.4142 84.1858 24.1514 -0.209013 -0.833847 -0.510604
-34.9475 84.5213 23.4287 -0.208777 -0.853435 -0.475535
-34.5339 84.8856 22.4932 -0.196185 -0.889412 -0.410421
-34.3446 85.2756 21.4625 -0.175722 -0.913253 -0.367547
-34.2381 85.7009 20.325 -0.167511 -0.920234 -0.353629
-34.0505 86.1154 19.0774 -0.130085 -0.934888 -0.330246
-33.9102 86.4201 17.9349 -0.0711253 -0.963093 -0.257624
-33.6989 86.6692 16.7361 -0.0328669 -0.979918 -0.196644
-33.5624 86.8872 15.8401 0.0548552 -0.960507 -0.272796
-33.376 87.1535 14.9922 0.0691772 -0.942597 -0.32437
-33.1479 87.4934 14.1397 0.0521778 -0.932346 -0.357783
-32.8683 88.1441 12.9416 0.1371 -0.87336 -0.467381
-32.6553 88.6542 12.0274 0.120432 -0.875993 -0.467046
-32.3754 89.0923 11.2616 0.218025 -0.881642 -0.418041
-32.1069 89.5698 10.4503 0.226477 -0.870062 -0.437836
-31.8071 90.0382 9.70236 0.251772 -0.854722 -0.453425
-31.4682 90.5354 8.94563 0.267204 -0.860267 -0.434214
-31.0456 91.0591 8.17066 0.28519 -0.858102 -0.426685
-30.4183 91.6446 7.385 0.278557 -0.867606 -0.411906
-29.716 92.2586 6.60989 0.301356 -0.851473 -0.429159
-28.662 92.9229 5.84561 0.279122 -0.903338 -0.325686
-27.9104 93.3517 5.30068 0.285757 -0.901875 -0.323905
-27.1056 93.7876 4.68251 0.247501 -0.925384 -0.285939
-26.3674 94.0813 4.05865 0.157958 -0.958785 -0.235214
-25.5579 94.3684 3.37168 0.125403 -0.956044 -0.259085
-24.7539 94.6204 2.8044 0.120531 -0.962352 -0.241718
-23.5607 94.9845 2.12509 0.112961 -0.960451 -0.251206
-22.3136 95.1901 1.68859 0.117825 -0.972933 -0.182082
-21.1161 95.3273 1.30388 0.0629914 -0.989168 -0.132588
-20.1644 95.3838 1.06303 -0.0155893 -0.994515 -0.094445
-18.9441 95.4276 0.700291 0.0972336 -0.9925 -0.074085
-17.5142 95.4516 0.218931 -0.060314 -0.995595 0.0677993
-16.6387 95.3418 -0.313663 -0.166572 -0.959007 0.187521
-16.4379 94.9958 -1.34443 -0.282492 -0.936006 0.208951
-17.5297 95.2288 -2.16963 -0.347918 -0.930381 0.11552
-18.4284 95.4174 -2.36953 -0.261338 -0.965134 0.0148171
-19.6305 95.6355 -2.2159 -0.0809811 -0.995899 -0.0403514
-20.6621 95.6831 -1.80929 -0.0487553 -0.994907 -0.0855427
-21.544 95.6565 -1.23696 -0.0132609 -0.991867 -0.121392
-22.3256 95.569 -0.692523 0.0176821 -0.988418 -0.150719
-23.326 95.4501 -0.161761 0.0420117 -0.983586 -0.175481
-24.1746 95.3111 0.404559 0.0775414 -0.984766 -0.15564
-25.0307 95.0196 1.20465 0.142562 -0.950677 -0.275479
-26.0185 94.6636 2.10182 0.0998618 -0.970839 -0.217942
-26.7847 94.3711 2.79575 0.197165 -0.950579 -0.239844
-27.6645 93.9506 3.61914 0.234285 -0.93495 -0.26642
-28.8624 93.4334 4.2344 0.261936 -0.913628 -0.310923
-29.6506 93.0784 4.60552 0.277799 -0.90525 -0.321349
-30.6092 92.5914 5.12233 0.29901 -0.885827 -0.353322
-31.4018 92.1726 5.46961 0.297455 -0.878809 -0.373115
-32.2334 91.7562 5.78567 0.302471 -0.871301 -0.38644
-33.557 91.166 6.08508 0.302305 -0.872614 -0.38361
-34.645 90.7353 6.19387 0.313949 -0.871051 -0.377614
-35.597 90.3946 6.16653 0.323162 -0.870882 -0.370312
-36.4628 90.1284 6.04364 0.302278 -0.893879 -0.331007
-37.4088 89.9087 5.75846 0.306012 -0.894586 -0.325688
-38.663 89.6572 5.23386 0.315245 -0.88844 -0.33361
-39.5964 89.5059 4.62512 0.392531 -0.857086 -0.333651
-40.535 89.4248 3.80408 0.354756 -0.8746 -0.329847
-41.1673 89.4062 3.12168 0.347148 -0.882067 -0.318091
-41.8426 89.4606 2.22195 0.346143 -0.888543 -0.301125
-42.4208 89.6144 1.04173 0.362786 -0.890482 -0.274642
-42.7905 89.901 -0.289013 0.269933 -0.913969 -0.302979
-42.9863 90.2469 -1.58982 0.244359 -0.925627 -0.286699
-43.1531 90.65 -2.95639 0.205018 -0.932277 -0.297772
-43.0231 90.925 -3.71306 0.197215 -0.94363 -0.262022
-42.9799 91.1407 -4.64888 0.190328 -0.959519 -0.207602
-42.713 91.4123 -5.84101 0.108671 -0.984957 -0.133354
-42.4726 91.5558 -6.82858 0.107303 -0.987352 -0.116715
-42.3457 91.6656 -7.75936 0.0230594 -0.98991 -0.139808
-42.0143 91.781 -8.68021 0.00128342 -0.998805 -0.0158731
-41.7438 91.7546 -9.73924 -0.0143914 -0.999599 0.0176939
-41.6125 91.7267 -10.6524 0.103966 -0.992487 0.0644958
-41.6177 91.6527 -11.5814 0.104139 -0.990095 0.0941614
-41.6349 91.4372 -12.4545 -0.0174832 -0.960921 0.276269
-41.6214 91.1791 -13.3642 -0.0864856 -0.954144 0.284539
-41.613 90.8909 -14.4082 -0.0595576 -0.962356 0.265185
-41.7757 90.4557 -15.3045 -0.00370496 -0.894838 0.444981
-42.8071 90.2769 -15.8055 -0.1375 -0.874588 0.464961
-43.0246 90.7585 -14.9758 -0.153121 -0.885921 0.437833
-42.952 91.1087 -14.0523 -0.0888869 -0.944239 0.317035
-42.9163 91.4122 -13.122 -0.11857 -0.954432 0.271793
-42.8515 91.5112 -12.1757 0.0612595 -0.996947 0.0484095
-42.9714 91.5982 -11.0449 -0.00332244 -0.992063 0.125297
-43.0148 91.7854 -9.67047 0.0480154 -0.992641 0.0885278
-43.2602 91.7202 -8.29703 0.0283905 -0.994076 -0.0942851
-43.4429 91.4957 -7.26662 0.138101 -0.967368 -0.212434
-43.4456 91.3615 -6.20251 0.151598 -0.980331 -0.124246
-43.7463 91.1257 -5.25039 0.156193 -0.962551 -0.221583
-43.6346 90.9105 -4.20735 0.199545 -0.955163 -0.218734
-44.0493 90.5788 -3.31093 0.251726 -0.908972 -0.325906
-44.2152 90.1431 -2.34493 0.308563 -0.885847 -0.346502
-44.5669 89.76 -1.55641 0.292316 -0.912959 -0.284705
-45.087 89.3375 -0.735632 0.29442 -0.914541 -0.277255
-45.5081 88.8634 0.00841961 0.337317 -0.863374 -0.375237
-45.9927 88.3024 0.856223 0.345435 -0.858697 -0.378568
-46.5568 87.7547 1.65844 0.307764 -0.879684 -0.362544
-47.2021 87.1912 2.35657 0.28779 -0.855184 -0.431089
-47.7834 86.7259 2.89164 0.294197 -0.922769 -0.216633
-48.5175 86.4359 3.50092 0.35321 -0.92392 -0.128519
-49.3219 85.9176 4.32024 0.386255 -0.913452 -0.110579
-49.9649 85.6207 5.00572 0.374522 -0.92563 -0.0542431
-50.6131 85.3067 5.72081 0.427639 -0.902336 -0.0539899
-51.3184 84.9523 6.4287 0.428727 -0.902748 -0.0108129
-52.1382 84.5113 7.16244 0.445847 -0.894267 0.0102669
-52.8761 84.1554 7.89376 0.512947 -0.85688 0.0514042
-53.396 83.8953 8.60091 0.526654 -0.847471 0.0636944
-53.8718 83.6484 9.40979 0.543024 -0.837288 0.0638274
-54.405 83.3223 10.4248 0.570381 -0.82107 0.0225894
-54.8273 83.0492 11.1806 0.57059 -0.82094 0.0220054
-55.1882 82.7645 11.8328 0.631663 -0.774265 -0.0249839
-55.6526 82.3851 11.002 0.628961 -0.777413 0.00603783
-56.2621 81.8444 12.1222 0.650029 -0.757692 -0.0580147
-56.6707 81.4116 13.0147 0.656453 -0.750118 -0.0799574
-57.022 80.9541 13.9685 0.698724 -0.70571 -0.117201
-57.2524 80.578 14.835 0.707001 -0.686235 -0.164011
-57.5016 80.0145 15.7982 0.714497 -0.669124 -0.204371
-57.6585 79.5592 16.701 0.69953 -0.682631 -0.211361
-57.8489 79.0349 17.7235 0.701648 -0.674665 -0.229168
-57.9677 78.5396 18.5721 0.725462 -0.626365 -0.285258
-58.0248 78.1125 19.3844 0.681978 -0.675575 -0.270251
-58.1033 77.669 20.4032 0.630866 -0.727473 -0.269795
-58.1459 77.2234 21.4614 0.62521 -0.72557 -0.287508
-58.1126 76.725 22.7573 0.620932 -0.726848 -0.293432
-58.0197 76.395 23.7889 0.615691 -0.731068 -0.293995
-57.9038 76.1467 24.6716 0.601791 -0.748078 -0.279689
-57.682 75.7608 26.1088 0.60466 -0.733606 -0.310176
-57.5173 75.4049 27.2784 0.606071 -0.733819 -0.306901
-57.4347 75.1174 28.1792 0.561106 -0.764 -0.318535
-57.4095 74.7763 29.0642 0.539171 -0.784939 -0.305034
-57.4515 74.2415 30.3238 0.526385 -0.795536 -0.299319
-57.5153 73.866 31.2022 0.498388 -0.807831 -0.314673
-57.5086 73.5543 32.0919 0.476081 -0.824958 -0.304618
-57.3725 73.209 33.2602 0.430521 -0.858678 -0.278072
-56.7916 73.0104 34.7202 0.425614 -0.855388 -0.295237
-56.0939 72.9701 35.7232 0.393273 -0.860164 -0.324736
-55.374 72.976 36.6023 0.366041 -0.887246 -0.280555
-54.5163 72.9368 37.6168 0.30249 -0.904648 -0.300187
-53.9459 72.8746 38.3143 0.290446 -0.900166 -0.324564
-53.0248 72.8162 39.2104 0.243312 -0.913212 -0.326423
-52.2838 72.8132 39.7822 0.226405 -0.916773 -0.328444
-51.3466 72.8056 40.3424 0.188054 -0.921481 -0.339865
-50.4393 72.8361 40.6864 0.171174 -0.916519 -0.361328
-49.5277 72.9265 40.8037 0.126437 -0.918704 -0.37396
-48.3333 73.1267 40.7005 0.102155 -0.918796 -0.381283
-46.8252 73.5266 40.1469 0.0789334 -0.915937 -0.392603
-45.5396 73.9758 39.3992 0.0415417 -0.897214 -0.43936
-44.8717 74.2936 38.7799 0.0216287 -0.883094 -0.467007
-44.1359 74.8848 37.7846 0.0187908 -0.863639 -0.503748
-43.7176 75.3724 36.9697 -0.00283833 -0.855748 -0.517385
-43.3099 75.9804 36.0684 0.0176675 -0.809033 -0.587497
-42.9163 76.6688 35.1046 -0.0982957 -0.821445 -0.561753
-42.5656 77.3201 34.173 -0.112247 -0.766775 -0.631947
-42.2253 77.871 33.4499 -0.109268 -0.737743 -0.66618
-41.7998 78.4576 32.683 -0.177873 -0.734506 -0.654028
-41.34 79.1083 31.8783 -0.154541 -0.729106 -0.666725
-40.9291 79.6736 31.1987 -0.126666 -0.71188 -0.690657
-40.5008 80.185 30.5637 -0.253162 -0.715371 -0.65127
-40.0163 80.6643 29.9066 -0.230008 -0.680631 -0.695584
-39.4728 81.1024 29.3137 -0.237959 -0.666235 -0.706753
-38.8328 81.5277 28.6937 -0.236536 -0.682111 -0.691628
-37.8548 82.042 27.8404 -0.216982 -0.696082 -0.684362
-37.0393 82.4004 27.21 -0.229022 -0.705474 -0.670713
-36.3351 82.6991 26.6148 -0.192384 -0.788209 -0.58444
-35.7222 83.0606 25.9505 -0.22388 -0.771428 -0.593417
-35.1508 83.3671 25.2897 -0.215548 -0.798303 -0.562362
-34.3894 83.8821 24.234 -0.215067 -0.821749 -0.527708
-33.8133 84.3322 23.2769 -0.228927 -0.825681 -0.5156
-33.4786 84.778 22.2016 -0.210477 -0.888534 -0.407685
-33.3513 85.1774 21.2317 -0.193214 -0.904128 -0.380352
-33.2742 85.5444 20.2865 -0.162491 -0.913571 -0.372807
-33.1418 85.855 19.4053 -0.144249 -0.924577 -0.352243
-32.9784 86.1831 18.4478 -0.133531 -0.936874 -0.323168
-32.819 86.4629 17.4303 -0.0446455 -0.969617 -0.239177
-32.6676 86.7891 16.3787 0.0165616 -0.941485 -0.336648
-32.4791 87.105 15.4165 0.134159 -0.944478 -0.295913
-32.2153 87.4376 14.5413 0.155397 -0.912155 -0.370977
-31.9807 87.9813 13.515 0.131378 -0.886965 -0.442742
-31.7682 88.5511 12.4495 0.12114 -0.880051 -0.459081
-31.5305 89.0145 11.7043 0.181891 -0.84527 -0.502428
-31.2512 89.5825 10.858 0.223339 -0.839087 -0.496033
-30.7335 90.3713 9.72086 0.229242 -0.84504 -0.483064
-30.3379 90.9137 8.89878 0.271091 -0.858668 -0.434971
-29.7157 91.507 8.11846 0.27246 -0.857611 -0.436198
-28.7996 92.2786 7.23821 0.324549 -0.848982 -0.41701
-28.166 92.752 6.74498 0.285752 -0.901874 -0.323913
-27.3286 93.2558 6.09676 0.292385 -0.900412 -0.322133
-26.4269 93.7915 5.3179 0.24392 -0.935507 -0.24059
-25.7075 94.0264 4.80915 0.179602 -0.961537 -0.206918
-24.9317 94.2997 4.17834 0.196542 -0.963297 -0.182838
-23.8944 94.6339 3.41878 0.172234 -0.968009 -0.181596
-22.6202 94.9904 2.8285 0.178509 -0.963575 -0.199144
-21.5903 95.173 2.4298 0.041462 -0.995646 -0.0834822
-20.2891 95.2542 2.04765 0.0506562 -0.993024 -0.041695
-19.3124 95.3352 1.80752 0.106166 -0.993302 0.0438411
-18.0853 95.5012 1.43574 0.139853 -0.990155 -0.00588685
-16.7509 95.4306 0.961061 -0.0736503 -0.996594 0.02957
-15.9328 95.3012 0.481449 -0.0429459 -0.974935 0.169808
-15.3253 94.9258 -0.564703 -0.314553 -0.887069 0.337883
-15.3954 94.5879 -1.57021 -0.350394 -0.909893 0.199169
-15.9648 94.6515 -2.33798 -0.289932 -0.940491 0.176664
-17.0774 94.9381 -2.99784 -0.361907 -0.919979 0.150536
-18.2304 95.3116 -3.33207 -0.285544 -0.951101 0.117775
-19.3353 95.6489 -3.28708 -0.273442 -0.958117 0.0662988
-20.4471 95.7561 -2.97819 -0.116092 -0.989291 -0.0884604
-21.338 95.783 -2.55518 -0.0417538 -0.99291 -0.111294
-22.4406 95.736 -1.81195 0.000794763 -0.991371 -0.128387
-23.3528 95.633 -1.2388 0.0515834 -0.987163 -0.14758
-24.128 95.5042 -0.790999 0.0800224 -0.98676 -0.141073
-24.88 95.3661 -0.276516 0.120863 -0.977133 -0.16843
-25.6452 95.105 0.40945 0.172583 -0.966195 -0.191524
-26.3299 94.865 1.02568 0.156588 -0.965066 -0.209086
-27.2352 94.5124 1.86551 0.185744 -0.955859 -0.226954
-28.09 94.1325 2.53179 0.240546 -0.939109 -0.245381
-28.8819 93.7849 3.07019 0.240795 -0.937213 -0.252287
-29.7554 93.403 3.57148 0.268799 -0.911217 -0.312053
-30.8328 92.9005 4.08122 0.274241 -0.908704 -0.314712
-31.5787 92.5378 4.45235 0.289453 -0.891128 -0.348524
-32.4434 92.093 4.84182 0.281102 -0.883621 -0.374428
-33.2962 91.6904 5.10643 0.302652 -0.869983 -0.389271
-34.504 91.1748 5.28166 0.322847 -0.868439 -0.376211
-35.6653 90.7486 5.27453 0.31991 -0.870715 -0.373486
-36.6151 90.4755 5.10711 0.316652 -0.870553 -0.376656
-37.4769 90.2555 4.83815 0.355892 -0.858672 -0.368323
-38.4647 90.0539 4.35501 0.315472 -0.889884 -0.32952
-39.3138 89.9347 3.76774 0.355887 -0.881789 -0.309505
-40.0657 89.882 3.09105 0.379333 -0.86581 -0.326313
-40.8771 89.8678 2.13558 0.367219 -0.880901 -0.297836
-41.3884 89.9535 1.27707 0.352631 -0.892573 -0.281007
-41.6709 90.1132 0.415198 0.357707 -0.891528 -0.277824
-41.8811 90.2952 -0.668035 0.323137 -0.907352 -0.259937
-42.0233 90.5316 -1.59965 0.273947 -0.924794 -0.264025
-42.0934 90.7876 -2.64659 0.231932 -0.935891 -0.260587
-42.0284 91.0964 -3.60104 0.192747 -0.937376 -0.29013
-41.9483 91.3262 -4.6329 0.142022 -0.977299 -0.154818
-41.7188 91.5131 -5.77515 0.108661 -0.984959 -0.133346
-41.4749 91.6596 -6.79386 0.106781 -0.987463 -0.116256
-41.2464 91.7764 -7.70094 0.0649995 -0.995021 -0.0486095
-41.0455 91.7942 -8.64356 0.0252301 -0.999122 0.0143863
-40.841 91.7595 -9.58563 0.0173396 -0.999175 0.0310505
-40.6909 91.7557 -10.5278 -0.0423608 -0.999087 0.00549783
-40.6238 91.6687 -11.4963 -0.0264013 -0.969546 0.243484
-40.6081 91.4236 -12.4188 -0.0287127 -0.956608 0.289902
-40.6348 91.1646 -13.2837 -0.0339597 -0.957129 0.287664
-40.6828 90.8585 -14.3332 -0.0454667 -0.95647 0.287982
-40.9016 90.3377 -15.5317 -0.00487571 -0.905005 0.425131
-41.5345 89.7355 -16.6657 0.023686 -0.88624 0.46262
-42.7195 89.6155 -16.93 -0.119988 -0.819732 0.559605
-43.6723 90.0562 -16.4606 -0.126295 -0.844527 0.519348
-43.963 90.5182 -15.7156 -0.120945 -0.864634 0.487627
-44.0042 90.9162 -14.7986 -0.0530688 -0.936093 0.347727
-43.9054 91.2692 -13.8332 -0.0673765 -0.941051 0.330704
-43.8469 91.4867 -12.6731 -0.0460197 -0.998842 0.0140164
-43.8942 91.5285 -11.6364 0.0221487 -0.991582 0.127574
-43.9663 91.6509 -10.663 0.048023 -0.99264 0.0885335
-44.1458 91.6921 -9.27955 0.0867549 -0.995483 0.00527221
-44.2826 91.6959 -8.341 -0.00128465 -0.970937 0.239332
-44.4037 91.5848 -7.41689 -0.217979 -0.76051 -0.44518
-44.4984 91.2514 -6.54206 -0.0988305 -0.987157 -0.125516
-44.6581 90.9857 -5.33068 0.160035 -0.95686 -0.241849
-44.7946 90.7296 -4.37441 0.220155 -0.935814 -0.268116
-44.9565 90.3862 -3.50606 0.246424 -0.89435 -0.373381
-45.1713 89.9911 -2.70136 0.248517 -0.893117 -0.374931
-45.5162 89.6005 -1.95601 0.266354 -0.917775 -0.294525
-46.0822 89.0546 -0.987414 0.346224 -0.874353 -0.340052
-46.6731 88.3783 0.040706 0.371787 -0.847929 -0.377876
-47.0816 87.9134 0.718186 0.342632 -0.880864 -0.326621
-47.7106 87.3491 1.48867 0.387233 -0.858343 -0.336598
-48.3378 86.8549 2.0635 0.29361 -0.894941 -0.335968
-48.9668 86.4001 2.59496 0.451587 -0.864171 -0.213508
-49.818 85.8658 3.39501 0.401685 -0.900402 -0.167109
-50.6035 85.3902 4.31545 0.387274 -0.921076 -0.0404653
-51.4839 84.8772 5.29803 0.470237 -0.882521 0.00579521
-52.1789 84.4961 5.95231 0.485996 -0.873957 -0.00262662
-52.8422 84.126 6.52595 0.484841 -0.874601 -0.00184393
-53.6324 83.6826 7.41441 0.503449 -0.86287 0.0446592
-54.1316 83.4137 8.15036 0.515664 -0.855967 0.037552
-54.7031 83.0669 9.21371 0.590854 -0.806275 0.0228667
-55.1194 82.8033 10.0133 0.608117 -0.792839 0.0286475
-55.479 82.5231 10.6914 0.628963 -0.777412 0.00603505
-56.1006 82.0292 10.1364 0.613325 -0.788719 -0.0248673
-55.5105 82.4687 9.01348 0.5931 -0.805121 -0.00357786
-55.0138 82.8316 7.96427 0.587986 -0.808811 0.00663268
-54.4556 83.1602 7.07195 0.533336 -0.844256 0.0527777
-53.7064 83.6166 6.15649 0.513806 -0.8579 -0.00317268
-53.096 83.9844 5.54753 0.517306 -0.855154 -0.0248289
-52.4667 84.3369 4.97157 0.464424 -0.885233 -0.0259224
-51.4752 84.939 3.94012 0.467138 -0.877157 -0.111252
-50.7196 85.494 2.96487 0.470893 -0.868441 -0.155146
-50.0093 86.0213 2.16781 0.432919 -0.883427 -0.175769
-49.0301 86.7007 1.3945 0.499546 -0.833772 -0.235111
-48.2672 87.3842 0.660588 0.479459 -0.836667 -0.264779
-47.7588 87.9089 0.00599754 0.441948 -0.804795 -0.392686
-47.3702 88.4189 -0.742939 0.374114 -0.848362 -0.374594
-46.7733 89.0914 -1.77653 0.29193 -0.856647 -0.415567
-46.318 89.6552 -2.60191 0.170878 -0.900124 -0.40072
-45.9621 90.1264 -3.49133 0.123152 -0.912573 -0.383673
-45.8032 90.4802 -4.3957 0.203436 -0.91787 -0.340778
-45.6734 90.7893 -5.23485 0.204013 -0.936142 -0.286385
-45.5231 91.1252 -6.1948 0.07187 -0.930391 -0.359455
-45.4495 91.4438 -7.18443 0.0412084 -0.971273 -0.234372
-45.2758 91.6153 -8.42671 0.0805817 -0.989946 0.116249
-45.0866 91.6117 -9.49371 0.096585 -0.994269 -0.0458251
-44.9643 91.6387 -10.5636 0.0166512 -0.995611 0.0792794
-44.8699 91.4655 -11.9568 0.0240098 -0.991696 0.126325
-44.8234 91.5219 -13.313 -0.061468 -0.965539 0.14667
-44.9065 91.1922 -14.2196 -0.0885176 -0.932131 0.351103
-44.9996 90.8871 -15.0872 -0.0806688 -0.939932 0.331694
-44.9594 90.3538 -16.2497 -0.118691 -0.862272 0.49234
-44.3405 89.6404 -17.1895 -0.043 -0.764475 0.643218
-43.4917 89.188 -17.6727 -0.0403876 -0.766595 0.640859
-42.4014 88.9795 -17.8489 -0.0184293 -0.847175 0.530995
-41.2389 89.1167 -17.5886 -0.0677024 -0.798571 0.598081
-40.4483 89.643 -16.8168 -0.0390939 -0.793886 0.606808
-40.0104 90.1597 -15.8784 -0.00948998 -0.899212 0.437411
-39.782 90.6459 -14.8511 -0.0273817 -0.93213 0.3547
-39.6907 91.01 -13.7331 0.00843807 -0.952258 0.304095
-39.6244 91.4159 -12.3649 -0.0276222 -0.961925 0.270996
-39.6542 91.6845 -11.3283 -0.0290814 -0.968654 0.246671
-39.7856 91.7939 -10.0189 0.0629293 -0.994303 0.0860357
-39.9838 91.8154 -8.94195 0.0466215 -0.998167 0.0346665
-40.2419 91.7885 -7.60829 0.00938951 -0.999745 -0.0205556
-40.4989 91.7947 -6.60931 0.17528 -0.980357 -0.0904274
-40.727 91.6508 -5.62655 0.168862 -0.974533 -0.147547
-40.8836 91.484 -4.70445 0.152899 -0.978379 -0.137972
-40.9923 91.3279 -3.80997 0.19928 -0.970969 -0.132313
-41.1069 91.1039 -2.77991 0.239751 -0.944954 -0.222669
-41.0875 90.8245 -1.65492 0.306837 -0.92127 -0.234882
-40.9574 90.634 -0.589911 0.339732 -0.917745 -0.205735
-40.6819 90.3899 0.708504 0.326547 -0.907563 -0.263999
-40.1175 90.3228 1.76625 0.377709 -0.883247 -0.277869
-39.5199 90.3579 2.4627 0.365409 -0.868882 -0.333563
-38.532 90.419 3.32031 0.385209 -0.860832 -0.329906
-37.6114 90.5966 3.88912 0.376765 -0.845501 -0.378385
-36.5255 90.8814 4.23983 0.31541 -0.872914 -0.372207
-35.386 91.2335 4.40548 0.327493 -0.863165 -0.384271
-34.203 91.6901 4.37025 0.323241 -0.865077 -0.383608
-33.0709 92.1932 4.06962 0.302814 -0.890402 -0.339836
-32.1897 92.6341 3.65233 0.278405 -0.905477 -0.320314
-31.4595 93.0046 3.23953 0.280779 -0.907275 -0.312974
-30.5586 93.4183 2.82205 0.273411 -0.910436 -0.310408
-29.5025 93.8887 2.17974 0.223233 -0.934193 -0.278298
-28.8065 94.2012 1.69102 0.218016 -0.935138 -0.279199
-28.0818 94.5033 1.16868 0.198321 -0.955151 -0.219899
-27.3841 94.7782 0.584867 0.181311 -0.95855 -0.219566
-26.6614 95.0335 -0.0446877 0.141496 -0.970226 -0.19657
-25.9528 95.2762 -0.638069 0.147972 -0.963111 -0.224771
-25.0656 95.5105 -1.35582 0.0740908 -0.987096 -0.141955
-24.0492 95.685 -1.98283 0.0842153 -0.985444 -0.147677
-23.173 95.8242 -2.49758 0.000787459 -0.99137 -0.128392
-22.0431 95.8909 -3.26587 -0.0294297 -0.993089 -0.112986
-21.2419 95.8908 -3.72061 -0.0827244 -0.988446 -0.127005
-20.0993 95.7151 -4.10146 -0.210068 -0.970085 0.12168
-18.923 95.3924 -4.3158 -0.279974 -0.951784 0.125389
-18.0329 95.1298 -4.3217 -0.282759 -0.951442 0.121582
-17.1377 94.8038 -4.06475 -0.374622 -0.916577 0.139802
-16.3646 94.5485 -3.66529 -0.367085 -0.919361 0.141092
-15.36 94.2602 -3.10778 -0.416577 -0.858588 0.298816
-14.6749 94.149 -2.38946 -0.459499 -0.832746 0.308859
-14.2317 94.2012 -1.533 -0.310261 -0.905746 0.288726
-14.3103 94.63 -0.359424 -0.336129 -0.888317 0.312906
-14.73 95.2381 0.654313 -0.346009 -0.815476 0.463979
-15.5508 95.5322 1.42377 0.0502704 -0.988605 0.141891
-16.7012 95.5522 1.99019 0.0553814 -0.988619 0.139876
-17.75 95.5358 2.32545 0.0473001 -0.994555 0.0903828
-18.6595 95.447 2.61698 0.118464 -0.992093 0.0414569
-19.5581 95.3621 2.88472 0.0887958 -0.994418 0.0559289
-20.4464 95.2994 3.08081 0.111362 -0.992286 0.0544726
-21.424 95.1791 3.47199 0.164837 -0.985721 -0.0343868
-22.7686 94.7555 3.96574 0.236401 -0.958558 -0.152007
-23.7134 94.4941 4.47842 0.206734 -0.963577 -0.164443
-24.4078 94.2222 5.02019 0.183422 -0.9553 -0.231859
-25.1159 93.9681 5.59198 0.140952 -0.97044 -0.195903
-26.0521 93.5897 6.33224 0.305105 -0.905457 -0.295051
-27.0269 92.9818 7.09262 0.332191 -0.888899 -0.315449
-27.9268 92.3412 7.82459 0.360205 -0.83901 -0.407817
-28.5155 91.8439 8.34424 0.326322 -0.847161 -0.419309
-29.3436 91.1 9.16744 0.31281 -0.832991 -0.45633
-29.7647 90.5313 9.903 0.27307 -0.836774 -0.472478
-30.1995 89.8432 10.8882 0.222422 -0.84003 -0.494852
-30.6126 89.0495 12.0446 0.209098 -0.829671 -0.516946
-30.9239 88.3333 13.1322 0.134399 -0.886195 -0.443389
-31.0752 87.9012 13.9478 0.0888386 -0.87423 -0.474097
-31.3397 87.3229 15.0517 -0.0395563 -0.902444 -0.428988
-31.558 86.8278 16.198 -0.031049 -0.938469 -0.343964
-31.7798 86.5408 17.0607 -0.0628193 -0.927557 -0.364913
-31.9223 86.2064 17.9149 -0.142376 -0.938323 -0.315022
-32.0346 85.924 18.809 -0.141099 -0.937158 -0.318986
-32.1969 85.6075 19.6487 -0.194234 -0.89447 -0.402737
-32.3147 85.2528 20.5049 -0.205978 -0.899506 -0.385307
-32.4291 84.8573 21.473 -0.20471 -0.895174 -0.395927
-32.5701 84.3857 22.5138 -0.270667 -0.858059 -0.436433
-32.8694 83.9689 23.4319 -0.249699 -0.825717 -0.505809
-33.3674 83.5732 24.2842 -0.22605 -0.821743 -0.523106
-33.845 83.2115 25.0458 -0.214202 -0.784033 -0.582223
-34.4732 82.8265 25.7925 -0.227398 -0.771922 -0.593648
-35.2115 82.3959 26.6163 -0.213046 -0.737963 -0.638646
-35.8688 82.0387 27.2008 -0.218482 -0.710119 -0.669325
-36.6863 81.6869 27.8409 -0.219586 -0.70716 -0.672078
-37.43 81.351 28.4258 -0.20187 -0.715144 -0.669192
-38.1533 80.9491 29.0354 -0.209273 -0.69101 -0.691889
-38.9232 80.4283 29.7885 -0.209633 -0.691185 -0.691605
-39.4562 79.9518 30.4268 -0.219002 -0.719217 -0.657858
-39.9153 79.4017 31.2304 -0.215019 -0.736415 -0.641389
-40.3878 78.7505 32.0498 -0.143716 -0.710222 -0.689152
-40.7683 78.1628 32.7358 -0.15673 -0.71249 -0.683819
-41.3094 77.5063 33.6808 -0.189291 -0.792972 -0.575696
-41.709 76.9056 34.5466 -0.0882496 -0.78788 -0.609467
-42.0473 76.2129 35.5621 -0.135025 -0.806332 -0.575845
-42.4589 75.678 36.4766 -0.0728544 -0.816249 -0.569019
-42.8461 75.168 37.339 -0.0711129 -0.862231 -0.500707
-43.2167 74.7168 38.1105 0.0010319 -0.859341 -0.510951
-43.9159 74.1634 39.1118 0.0272777 -0.90139 -0.432147
-44.5672 73.8072 39.8133 0.0265394 -0.90321 -0.428352
-45.2249 73.5292 40.3675 0.0251961 -0.905201 -0.424236
-46.4576 73.1503 41.0506 0.0547746 -0.913681 -0.402723
-47.3209 72.9451 41.4025 0.0622629 -0.922007 -0.382127
-48.3188 72.7198 41.6924 0.107903 -0.926032 -0.361693
-49.2834 72.5989 41.7242 0.115614 -0.921045 -0.371519
-50.2099 72.498 41.6596 0.123225 -0.925627 -0.357813
-51.4657 72.4278 41.279 0.151863 -0.928652 -0.337957
-52.2819 72.4107 40.8499 0.206952 -0.922858 -0.323884
-53.1607 72.4196 40.2765 0.226398 -0.916776 -0.328439
-54.2745 72.435 39.3348 0.256704 -0.914022 -0.314113
-55.2574 72.5057 38.1638 0.282558 -0.909316 -0.304565
-56.2536 72.5007 36.9531 0.36291 -0.885625 -0.289768
-56.8303 72.4808 36.243 0.369172 -0.888869 -0.271336
-57.5166 72.5099 35.2041 0.374945 -0.885763 -0.273567
-57.9903 72.5797 34.2897 0.42714 -0.871006 -0.242692
-58.2521 72.7379 33.2911 0.455577 -0.846972 -0.27401
-58.3742 73.0784 32.0277 0.466699 -0.835759 -0.288504
-58.3616 73.4013 31.058 0.465073 -0.838319 -0.284232
-58.299 73.7485 30.1789 0.517963 -0.807013 -0.283627
-58.2294 74.2777 28.8818 0.543532 -0.785821 -0.295055
-58.2398 74.6073 27.9845 0.552316 -0.774912 -0.306796
-58.3448 74.9314 26.8927 0.526723 -0.799877 -0.287677
-58.505 75.2635 25.7891 0.581485 -0.755005 -0.301526
-58.6464 75.5092 24.8028 0.594619 -0.755057 -0.276232
-58.814 75.864 23.5303 0.586505 -0.755089 -0.293006
-58.9112 76.3427 22.1069 0.573582 -0.764924 -0.292875
-58.9003 76.7129 21.1247 0.580674 -0.768974 -0.266609
-58.8549 77.2139 19.8831 0.622596 -0.735558 -0.266907
-58.7598 77.6946 18.7677 0.636293 -0.72549 -0.262289
-58.6149 78.1388 17.8061 0.678396 -0.681723 -0.263184
-58.5025 78.608 16.9895 0.685051 -0.685048 -0.242115
-58.3139 79.0832 16.0491 0.706005 -0.678085 -0.204344
-58.1344 79.5208 15.2048 0.713686 -0.669894 -0.204683
-57.914 80.0029 14.3435 0.718641 -0.684746 -0.120202
-57.5754 80.5279 13.1959 0.696544 -0.710458 -0.0991805
-57.1525 81.069 12.1121 0.671478 -0.737506 -0.0597386
-56.6781 81.5257 11.1293 0.655623 -0.754672 -0.0130092
-56.3209 81.8251 10.5274 0.640876 -0.766879 -0.0202007
-56.9403 81.3514 9.96357 0.630773 -0.774512 -0.0475023
-56.5217 81.7229 9.22227 0.593098 -0.805123 -0.00357788
-55.9151 82.1758 7.92102 0.590728 -0.806861 -0.00215481
-55.2664 82.6272 6.73957 0.560462 -0.826649 0.0332994
-54.7074 82.9936 5.96835 0.541154 -0.840804 -0.0141566
-54.1179 83.3732 5.30519 0.517306 -0.855155 -0.0248259
-53.5401 83.7577 4.72757 0.520801 -0.852412 -0.046483
-52.7823 84.2213 4.00259 0.479834 -0.869451 -0.117534
-52.0232 84.7457 3.16331 0.471018 -0.871555 -0.134046
-51.3867 85.2519 2.29553 0.472897 -0.867196 -0.155992
-50.6057 85.8412 1.41893 0.476587 -0.865036 -0.156609
-49.9749 86.3213 0.890814 0.431727 -0.860373 -0.270868
-49.0823 87.0819 0.121417 0.481659 -0.829064 -0.283359
-48.6064 87.6794 -0.519613 0.471834 -0.773602 -0.42298
-48.2505 88.1929 -1.20813 0.365572 -0.804814 -0.454907
-47.8128 88.9264 -2.04735 0.27483 -0.833137 -0.479949
-47.3214 89.581 -2.88834 0.24503 -0.839792 -0.483571
-46.9802 90.1351 -3.83893 0.123153 -0.912573 -0.383673
-46.6745 90.6173 -5.10688 0.0911279 -0.935742 -0.34071
-46.4946 91.0985 -6.32732 0.0811253 -0.927182 -0.36572
-46.4402 91.4201 -7.26043 0.0613618 -0.975523 -0.208565
-46.3562 91.5987 -8.18078 0.081515 -0.979773 -0.182759
-46.1029 91.6435 -9.42227 -0.0501347 -0.997484 -0.0501199
-45.9708 91.6563 -10.3593 3.24264e-05 -0.991898 0.127034
-45.9268 91.5186 -11.4343 0.00446202 -0.992249 0.124069
-45.8236 91.5265 -12.4078 -0.0644632 -0.99731 -0.0348891
-45.793 91.5554 -13.4317 0.0257666 -0.990206 -0.0940607
-45.9408 91.111 -14.6816 -0.0829416 -0.935572 0.343035
-46.0121 90.7852 -15.6033 -0.0693042 -0.937403 0.341281
-45.8996 90.136 -16.7569 -0.0739032 -0.80941 0.577243
-45.4647 89.5953 -17.3527 -0.0698529 -0.76481 0.640456
-44.6493 88.9104 -18.0712 -0.0479895 -0.737213 0.673953
-43.7955 88.5454 -18.4155 -0.0397876 -0.73569 0.676149
-42.818 88.3333 -18.6035 -0.0297929 -0.742422 0.669269
-41.4835 88.3423 -18.5744 0.00709559 -0.752885 0.658113
-40.6505 88.5646 -18.2465 0.0464454 -0.808186 0.587093
-39.8908 89.0898 -17.5746 0.039569 -0.81248 0.581645
-39.4561 89.5739 -16.9273 0.00493195 -0.820886 0.571071
-38.9999 90.2031 -15.8226 0.0344158 -0.90393 0.426129
-38.778 90.7107 -14.6289 0.0161168 -0.945565 0.325035
-38.6965 91.1005 -13.4422 0.0217781 -0.956543 0.290114
-38.6794 91.3733 -12.5788 0.0380794 -0.953049 0.300414
-38.6806 91.5984 -11.5678 0.0538611 -0.981065 0.18604
-38.744 91.8068 -10.44 0.0211888 -0.994012 0.107199
-38.9274 91.8542 -9.29475 0.0346591 -0.999398 -0.00134114
-39.1435 91.8303 -8.0306 0.0406363 -0.998893 -0.0237037
-39.3721 91.8638 -6.94383 0.110267 -0.992495 0.0528609
-39.634 91.8845 -6.0093 0.0641409 -0.99512 0.0587656
-39.8393 91.742 -5.10599 0.214461 -0.969817 -0.116022
-39.9724 91.596 -4.15358 0.217103 -0.966103 -0.139684
-40.1172 91.4049 -3.05698 0.208192 -0.968536 -0.135999
-40.1348 91.1352 -1.74473 0.269752 -0.942925 -0.195262
-40.0383 90.9868 -0.840291 0.265971 -0.946699 -0.181713
-39.8836 90.8342 0.327644 0.374156 -0.900577 -0.219309
-39.3869 90.7716 1.3329 0.375987 -0.883849 -0.278284
-38.6637 90.8308 2.1162 0.360493 -0.879844 -0.307978
-37.6773 90.9903 2.94385 0.400242 -0.84596 -0.350467
-36.445 91.2862 3.37916 0.334537 -0.854992 -0.396251
-35.3937 91.62 3.53075 0.327492 -0.863166 -0.384272
-34.3724 91.9931 3.48778 0.302607 -0.883034 -0.358721
-33.5374 92.3587 3.26976 0.278813 -0.899383 -0.335292
-32.7328 92.7398 2.84755 0.276665 -0.910559 -0.307071
-31.972 93.1238 2.4137 0.284596 -0.90787 -0.307858
-31.2113 93.5002 2.00685 0.279 -0.909157 -0.309126
-30.4248 93.868 1.50336 0.239346 -0.935234 -0.259982
-29.2903 94.3521 0.748284 0.229182 -0.939186 -0.255744
-28.1988 94.7884 -0.174874 0.189143 -0.954479 -0.2305
-27.3392 95.1164 -0.875221 0.159038 -0.964017 -0.213021
-26.6106 95.3454 -1.36765 0.150205 -0.964354 -0.217624
-25.5716 95.6257 -2.21819 0.0585774 -0.98131 -0.183161
-24.7137 95.7789 -2.73182 0.0594452 -0.980052 -0.18963
-23.3568 95.946 -3.51838 0.0272968 -0.992867 -0.116057
-22.2858 96.0045 -4.26179 -0.0364277 -0.990054 -0.132797
-21.3512 96.023 -4.69872 -0.166074 -0.978553 -0.121873
-20.4451 95.8683 -4.99404 -0.267649 -0.949308 -0.164858
-19.5513 95.6549 -5.21907 -0.268316 -0.949259 -0.164053
-18.3701 95.2481 -5.34446 -0.304484 -0.942676 -0.101969
-17.4047 94.7445 -5.16873 -0.435311 -0.892224 0.0838889
-16.1975 94.2676 -4.63426 -0.44513 -0.877045 0.180696
-15.328 93.9357 -4.15785 -0.453966 -0.868615 0.19698
-14.5966 93.6547 -3.64561 -0.477117 -0.830193 0.288339
-13.992 93.5678 -2.91362 -0.541654 -0.795369 0.272027
-13.3956 93.5898 -1.73462 -0.528562 -0.793865 0.300667
-13.3107 93.9961 -0.568 -0.50665 -0.793546 0.337032
-13.6136 94.6673 0.642415 -0.472102 -0.819279 0.324647
-14.0595 95.2026 1.40828 -0.471703 -0.819713 0.324399
-14.8789 95.6418 2.12614 0.026469 -0.992548 0.118945
-15.7431 95.6779 2.61703 0.0265453 -0.99246 0.119657
-16.9858 95.6546 3.13739 0.0380501 -0.993256 0.10952
-18.1694 95.5754 3.51563 0.141136 -0.987424 0.0712397
-19.0787 95.4564 3.8105 0.0752266 -0.995663 0.0547461
-20.0141 95.3947 3.9744 0.117857 -0.988619 -0.024477
-20.8983 95.2133 4.29612 0.169203 -0.981349 -0.0912398
-22.0491 94.8124 4.75156 0.270773 -0.949557 -0.156626
-22.8682 94.5453 5.11282 0.211852 -0.95555 -0.205046
-23.7967 94.2023 5.77132 0.217534 -0.960542 -0.173316
-24.7307 93.881 6.53803 0.188069 -0.96431 -0.182685
-25.3894 93.5549 7.11798 0.308256 -0.900874 -0.305452
-26.0238 93.1594 7.61727 0.311966 -0.896734 -0.313919
-26.6899 92.7511 8.09752 0.356167 -0.853455 -0.373566
-27.3229 92.1833 8.61614 0.358406 -0.827858 -0.430844
-28.1115 91.5012 9.29591 0.344547 -0.827014 -0.444224
-28.8934 90.6349 10.3087 0.311848 -0.82785 -0.466278
-29.3315 89.8984 11.3118 0.318459 -0.820885 -0.474058
-29.5786 89.3074 12.0305 0.228629 -0.795134 -0.559862
-29.8395 88.7284 12.8214 0.190355 -0.812406 -0.550728
-30.0803 88.0609 13.7611 0.155878 -0.836764 -0.524908
-30.2825 87.4595 14.7938 0.0400637 -0.875966 -0.480706
-30.4864 86.9667 15.7224 -0.0352967 -0.920455 -0.386481
-30.6466 86.6432 16.5963 -0.082099 -0.916491 -0.391081
-30.9009 86.2274 17.5783 -0.0906302 -0.914953 -0.392951
-31.0092 85.8855 18.4767 -0.115893 -0.933366 -0.338268
-31.2033 85.5023 19.4311 -0.152044 -0.885253 -0.439556
-31.2937 85.089 20.3734 -0.207076 -0.890854 -0.404009
-31.4663 84.5889 21.5183 -0.224078 -0.87896 -0.420866
-31.5939 84.1407 22.4738 -0.220172 -0.855774 -0.468162
-31.8425 83.6906 23.3605 -0.252556 -0.807241 -0.533152
-32.267 83.3357 24.1186 -0.262599 -0.800905 -0.537979
-32.8691 82.8313 25.1399 -0.255712 -0.784386 -0.564563
-33.4326 82.4596 25.869 -0.237853 -0.773003 -0.588051
-34.2185 82.0196 26.7317 -0.202621 -0.746347 -0.632813
-35.0708 81.5274 27.5144 -0.16611 -0.729147 -0.6636
-36.0399 81.0979 28.2442 -0.225187 -0.706869 -0.670508
-36.8292 80.7579 28.8784 -0.215785 -0.712344 -0.667682
-37.5545 80.3273 29.4935 -0.141877 -0.722924 -0.674493
-38.3981 79.7278 30.3295 -0.209636 -0.691182 -0.691607
-38.8282 79.2438 31.0447 -0.222089 -0.744603 -0.629424
-39.2717 78.6894 31.821 -0.21388 -0.730779 -0.648242
-39.6858 78.1481 32.5245 -0.140493 -0.724633 -0.674359
-40.1026 77.5244 33.3087 -0.159444 -0.748029 -0.643549
-40.5108 77.0079 34.1689 -0.196574 -0.828445 -0.52444
-40.8527 76.4408 35.0258 -0.0887328 -0.789468 -0.607344
-41.2123 75.8326 36.0018 -0.0690961 -0.870765 -0.486821
-41.6508 75.273 37.0159 -0.0701313 -0.850081 -0.521961
-41.9788 74.8322 37.8189 -0.0754633 -0.875936 -0.476488
-42.4972 74.3372 38.7362 -0.0102859 -0.868898 -0.494884
-43.1668 73.8449 39.6595 -0.036522 -0.901365 -0.428676
-43.7798 73.5607 40.3809 -0.0258061 -0.922445 -0.385266
-44.9656 73.0953 41.3447 0.0304645 -0.917641 -0.39585
-46.283 72.7492 42.0442 0.0622694 -0.922008 -0.382122
-47.3187 72.504 42.4609 0.0718803 -0.920429 -0.384153
-48.4611 72.2995 42.7575 0.0747803 -0.939341 -0.334317
-49.3706 72.1896 42.7996 0.127032 -0.932386 -0.338406
-50.3692 72.095 42.7369 0.117229 -0.941357 -0.314908
-51.6249 72.0552 42.2828 0.157417 -0.932506 -0.324636
-52.8344 72.0466 41.6088 0.201743 -0.93102 -0.304114
-53.6035 72.0576 41.0579 0.205299 -0.929866 -0.305291
-54.5537 72.0491 40.3164 0.236757 -0.934874 -0.264495
-55.4126 72.0393 39.486 0.293775 -0.912674 -0.284087
-56.0092 72.0994 38.6481 0.350914 -0.907383 -0.231334
-56.5636 72.0757 37.9225 0.34902 -0.900988 -0.257694
-57.2444 72.0241 37.1805 0.358835 -0.896881 -0.258317
-57.9908 72.0124 36.1648 0.376516 -0.885857 -0.271078
-58.5428 72.0536 35.2352 0.398735 -0.877992 -0.264839
-59.0284 72.1803 33.9056 0.425841 -0.872101 -0.241031
-59.2012 72.378 32.8782 0.433821 -0.863608 -0.256105
-59.2443 72.7861 31.4618 0.452301 -0.855697 -0.25141
-59.2312 73.0896 30.5714 0.464526 -0.834795 -0.29552
-59.1314 73.4732 29.5794 0.481266 -0.840291 -0.249587
-59.0722 74.0538 28.0614 0.508893 -0.810139 -0.290248
-59.1384 74.385 26.9589 0.526724 -0.799878 -0.287671
-59.2646 74.6657 25.9187 0.539882 -0.795119 -0.276248
-59.4082 74.9346 24.8628 0.556355 -0.788183 -0.263128
-59.6008 75.2936 23.4723 0.565743 -0.771053 -0.292254
-59.6665 75.5807 22.5954 0.566964 -0.766903 -0.300684
-59.6899 75.9118 21.707 0.578784 -0.762735 -0.287968
-59.6748 76.2225 20.7979 0.585776 -0.771008 -0.249745
-59.6358 76.5368 19.9221 0.606363 -0.750137 -0.2625
-59.5791 76.9076 19.011 0.618647 -0.740989 -0.261173
-59.43 77.4529 17.7035 0.631112 -0.744921 -0.215344
-59.271 77.9223 16.7551 0.685047 -0.685051 -0.242116
-58.9878 78.4928 15.6797 0.695666 -0.690253 -0.198259
-58.8094 78.9494 14.7213 0.709673 -0.676054 -0.198034
-58.4894 79.514 13.6882 0.718645 -0.684742 -0.120198
-58.2353 79.9454 12.7277 0.706765 -0.695363 -0.130208
-57.8196 80.48 11.6839 0.688504 -0.719743 -0.0890097
-57.4422 80.8777 10.8549 0.642682 -0.763679 -0.0612705
-57.0671 81.2351 10.1762 0.630774 -0.774511 -0.0475034
-57.7414 80.7243 9.63575 0.604131 -0.793899 -0.0655202
-58.1809 80.292 10.6243 0.620969 -0.781062 -0.0658774
-58.7181 79.6637 11.7079 0.652166 -0.746306 -0.133068
-59.0299 79.2202 12.5947 0.657258 -0.73979 -0.143951
-59.3608 78.6518 13.8312 0.663913 -0.726441 -0.177492
-59.5991 78.2341 14.6649 0.657289 -0.727657 -0.19514
-59.9061 77.5634 15.9482 0.654208 -0.721446 -0.226996
-60.1309 77.1199 16.8371 0.626398 -0.752564 -0.203159
-60.2377 76.8042 17.6768 0.621293 -0.755533 -0.207628
-60.3797 76.3378 18.8114 0.577151 -0.777836 -0.248733
-60.4927 75.9876 19.6445 0.577045 -0.777171 -0.251036
-60.462 75.6284 20.8151 0.566038 -0.785642 -0.249295
-60.4449 75.2877 21.8505 0.534561 -0.796598 -0.28227
-60.4377 74.8785 22.9411 0.573285 -0.765595 -0.291905
-60.3065 74.5933 24.0415 0.522784 -0.816756 -0.242946
-60.1596 74.3804 25.0047 0.505846 -0.822813 -0.259033
-60.0334 74.1182 26.0663 0.502506 -0.821277 -0.27017
-59.9338 73.7987 27.2093 0.505119 -0.818182 -0.274644
-59.9167 73.4658 28.2514 0.494455 -0.819833 -0.287673
-60.0448 72.9994 29.4283 0.469945 -0.846954 -0.248639
-60.081 72.6576 30.4455 0.471147 -0.831921 -0.293134
-60.1234 72.3605 31.3651 0.431599 -0.865705 -0.253529
-60.0959 71.9588 32.8544 0.408778 -0.882042 -0.234258
-59.9333 71.7464 33.9179 0.405511 -0.882668 -0.237608
-59.5996 71.6029 35.0566 0.411503 -0.882846 -0.226382
-59.1464 71.5657 35.9637 0.389745 -0.883494 -0.259879
-58.6098 71.5399 36.8903 0.382018 -0.890423 -0.247079
-58.0364 71.5406 37.72 0.368653 -0.892773 -0.258945
-57.2791 71.6596 38.4227 0.36418 -0.900497 -0.237642
-56.6882 71.6805 39.238 0.359146 -0.899456 -0.248779
-55.873 71.6301 40.3724 0.267745 -0.926263 -0.265235
-55.1478 71.664 41.031 0.268744 -0.932561 -0.241052
-54.1625 71.7203 41.7935 0.21311 -0.936763 -0.276013
-53.3829 71.7087 42.351 0.184204 -0.942989 -0.277203
-52.2443 71.708 43.0332 0.151241 -0.945696 -0.287725
-51.3948 71.7296 43.3742 0.140618 -0.943728 -0.29933
-50.5243 71.7717 43.6442 0.122234 -0.941794 -0.312455
-49.5563 71.8132 43.8079 0.0868532 -0.945217 -0.314678
-48.6583 71.8813 43.8885 0.0747852 -0.939343 -0.334311
-47.3443 72.1274 43.414 0.0495491 -0.936023 -0.348394
-46.03 72.3841 42.9841 0.0699783 -0.927258 -0.367826
-45.1234 72.5944 42.5693 0.0319522 -0.929758 -0.36678
-44.2934 72.8098 42.0988 0.0224209 -0.930541 -0.365352
-43.5574 73.0389 41.5923 0.0346593 -0.923473 -0.382094
-42.872 73.3737 40.7904 -0.00689262 -0.925611 -0.378406
-42.2961 73.6564 40.0845 -0.00647525 -0.926436 -0.376397
-41.7888 73.9725 39.3584 0.00138898 -0.893582 -0.445147
-41.3395 74.3642 38.6542 -0.0350634 -0.881588 -0.470716
-40.9286 74.7467 37.8897 -0.0308546 -0.900552 -0.433653
-40.6413 75.1602 37.1192 0.00131156 -0.872971 -0.487771
-40.2356 75.6602 36.1589 -0.0678403 -0.880517 -0.468737
-39.833 76.0525 35.38 -0.0849469 -0.830985 -0.544491
-39.5039 76.757 34.2272 -0.164222 -0.844782 -0.509288
-39.1314 77.2872 33.4177 -0.0584011 -0.77621 -0.626416
-38.7627 77.8493 32.7281 -0.0769061 -0.752324 -0.654289
-38.1958 78.5168 31.7895 -0.113274 -0.772868 -0.624375
-37.7156 79.2251 30.7979 -0.120288 -0.789362 -0.602028
-37.0333 79.6387 30.2014 -0.106411 -0.747519 -0.655463
-36.2034 80.259 29.2775 -0.177776 -0.764078 -0.619749
-35.0889 80.6874 28.4381 -0.120785 -0.773005 -0.622708
-34.3008 81.0223 27.8802 -0.126449 -0.767692 -0.628187
-33.5965 81.401 27.275 -0.137067 -0.759666 -0.635704
-32.8786 81.8034 26.5455 -0.183407 -0.783334 -0.593927
-31.9552 82.4551 25.2891 -0.217736 -0.809239 -0.545164
-31.4941 82.843 24.4912 -0.211078 -0.822803 -0.527534
-30.9567 83.235 23.6581 -0.23534 -0.809196 -0.538346
-30.7043 83.659 22.8513 -0.254608 -0.8349 -0.487972
-30.6031 84.1415 21.9924 -0.232346 -0.852906 -0.465939
-30.3973 84.5572 21.0357 -0.187525 -0.883205 -0.428374
-30.3061 85.0309 20.0629 -0.155447 -0.882348 -0.444182
-30.1902 85.4862 19.1155 -0.15023 -0.885701 -0.439277
-30.0171 85.8545 18.2939 -0.125846 -0.908431 -0.395539
-29.8953 86.2225 17.393 -0.0859727 -0.90081 -0.425082
-29.6559 86.6282 16.4022 -0.0873478 -0.923239 -0.374166
-29.4794 87.0546 15.5958 0.039075 -0.878159 -0.476742
-29.2194 87.815 14.3889 0.129979 -0.822666 -0.553381
-28.9654 88.3333 13.658 0.167566 -0.82037 -0.545954
-28.7719 88.9544 12.8481 0.224934 -0.787594 -0.573215
-28.5483 89.7716 11.8619 0.239979 -0.770671 -0.590319
-28.1886 90.4779 11.0612 0.313843 -0.827438 -0.46567
-27.6009 91.2494 10.1466 0.352121 -0.798715 -0.48792
-26.6793 92.0976 9.35841 0.391088 -0.808169 -0.439935
-26.1152 92.6132 8.88025 0.379855 -0.823009 -0.422213
-25.0752 93.3025 8.15299 0.312593 -0.896918 -0.312769
-24.2703 93.7922 7.38245 0.229317 -0.955751 -0.184264
-23.5499 94.0876 6.83112 0.270449 -0.948991 -0.160693
-22.8714 94.3686 6.22681 0.270134 -0.952628 -0.139743
-21.7494 94.7589 5.72398 0.268396 -0.953771 -0.135223
-20.7168 95.1045 5.33177 0.223872 -0.956329 -0.177631
-19.7404 95.3354 4.98464 0.15012 -0.983801 -0.0979773
-18.5767 95.5466 4.76153 0.117869 -0.988617 -0.0244826
-17.6606 95.6808 4.38181 0.162118 -0.986454 0.0250237
-16.6462 95.7342 4.04942 -0.00344587 -0.997893 0.0643008
-15.7675 95.7138 3.82864 0.0409953 -0.996793 0.0361051
-14.9625 95.7707 3.29474 0.0176793 -0.994039 0.107578
-13.6352 95.3755 2.36061 -0.426844 -0.861269 0.238275
-13.0557 94.7603 1.68054 -0.440346 -0.826661 0.350325
-12.5764 94.058 0.712393 -0.530812 -0.781662 0.327481
-12.4335 93.5993 -0.152485 -0.528748 -0.781715 0.330639
-12.4483 93.0848 -1.38278 -0.530671 -0.786338 0.315912
-12.9474 92.9281 -2.70014 -0.537794 -0.794707 0.281281
-13.4791 93.0052 -3.53377 -0.540086 -0.802221 0.25353
-14.2329 93.2272 -4.44017 -0.523511 -0.816065 0.244896
-15.1604 93.6337 -5.06309 -0.468744 -0.865993 0.174173
-15.9733 94 -5.59634 -0.471271 -0.87175 0.126308
-16.8025 94.3591 -5.95957 -0.435402 -0.893416 0.110603
-17.6403 94.7586 -6.17015 -0.496642 -0.858842 0.125447
-18.5787 95.2908 -6.35897 -0.517085 -0.847792 0.117779
-19.389 95.7901 -6.304 -0.275175 -0.952015 -0.132484
-20.3371 96.0115 -6.05664 -0.218149 -0.965504 -0.13461
-21.2451 96.1315 -5.72373 -0.173659 -0.977 -0.12375
-22.1597 96.1828 -5.35762 -0.0377956 -0.985276 -0.166739
-22.9823 96.1421 -4.9309 -0.031501 -0.985785 -0.164899
-23.78 96.0401 -4.39253 0.0358277 -0.976035 -0.199378
-24.6377 95.9566 -3.87502 0.0225864 -0.99219 -0.122675
-25.4542 95.8578 -3.41712 0.0616804 -0.985848 -0.153819
-26.2458 95.7142 -2.92697 0.108235 -0.975443 -0.1872
-27.0625 95.4689 -2.32808 0.14809 -0.970104 -0.192269
-27.8575 95.2364 -1.80524 0.157239 -0.965797 -0.206053
-28.9222 94.8563 -1.0307 0.17953 -0.957034 -0.227716
-29.5393 94.5771 -0.379793 0.186639 -0.953171 -0.237974
-30.3205 94.237 0.185254 0.252442 -0.936553 -0.24319
-31.0225 93.9169 0.702732 0.244027 -0.93972 -0.239536
-31.7806 93.5924 1.21224 0.262319 -0.924046 -0.274574
-32.6053 93.1834 1.65578 0.271215 -0.91062 -0.311515
-33.3929 92.8027 2.111 0.26206 -0.909988 -0.321321
-34.348 92.3835 2.55084 0.26556 -0.900685 -0.340879
-35.841 91.8857 2.57739 0.276159 -0.885675 -0.373252
-36.8244 91.5995 2.38206 0.340443 -0.85084 -0.400212
-37.6217 91.4046 1.97625 0.433972 -0.835373 -0.337372
-38.3733 91.2297 1.27002 0.419362 -0.864088 -0.275368
-38.9401 91.1971 0.339598 0.414461 -0.893244 -0.155128
-39.0815 91.3473 -0.78893 0.371063 -0.922137 -0.109432
-39.1598 91.398 -1.73998 0.340885 -0.937842 -0.0650993
-39.1008 91.5874 -2.74566 0.217964 -0.962543 -0.159978
-39.0432 91.731 -3.64647 0.18525 -0.974488 -0.121092
-38.9203 91.8651 -4.75915 0.146144 -0.983432 -0.107259
-38.6029 91.9784 -5.72388 0.0834902 -0.996373 0.016418
-38.3785 91.9784 -6.86592 0.0968843 -0.994434 0.0346318
-38.1646 91.9278 -8.03076 0.0962984 -0.993408 0.0621825
-37.9963 91.8895 -8.91605 0.0687457 -0.996309 0.0287933
-37.8145 91.8717 -10.0047 0.0194149 -0.994247 0.105335
-37.739 91.7331 -10.9496 -0.0541815 -0.981201 0.184208
-37.7429 91.5393 -11.8981 -0.0498604 -0.976527 0.209242
-37.7352 91.1365 -13.3411 -0.0146768 -0.952589 0.303905
-37.7568 90.7033 -14.7369 0.0602351 -0.937873 0.341709
-37.8941 90.3581 -15.6145 0.0481474 -0.902806 0.427329
-38.3572 89.7 -16.7769 0.0101638 -0.834023 0.551224
-39.0066 88.9072 -17.8821 0.0260276 -0.811941 0.583156
-39.4631 88.4359 -18.5158 0.0324056 -0.79136 0.609587
-40.3874 87.9266 -19.0902 0.0263852 -0.769285 0.638361
-41.2533 87.6706 -19.3327 0.0255562 -0.750725 0.659649
-42.2951 87.5998 -19.4062 0.0240221 -0.734097 0.678169
-43.3388 87.6871 -19.3247 -0.0226209 -0.723215 0.690253
-44.5809 88.0981 -18.9514 -0.0464652 -0.727262 0.684743
-45.4105 88.5126 -18.5596 -0.0667365 -0.728028 0.681927
-46.1383 89.1482 -17.9554 -0.097022 -0.743906 0.661203
-46.8336 89.8639 -17.2077 -0.0917128 -0.771514 0.629567
-47.0176 90.3772 -16.493 -0.0632266 -0.867439 0.493509
-47.0418 90.8615 -15.6437 -0.105448 -0.88914 0.439613
-46.8085 91.3302 -14.2646 -0.0764767 -0.938157 0.330908
-46.8434 91.5578 -13.2201 -0.0367976 -0.984455 -0.171737
-46.8813 91.4392 -12.2333 0.0194448 -0.991192 0.0701084
-46.9766 91.5968 -11.2563 -0.0676434 -0.990237 0.120851
-46.9625 91.7132 -10.2038 -0.0828091 -0.9894 0.118959
-47.2278 91.7078 -9.18194 -0.120288 -0.991291 -0.03988
-47.4148 91.6197 -8.19192 -0.101715 -0.98015 -0.170176
-47.3947 91.2035 -6.71899 0.0325683 -0.925724 -0.376794
-47.5001 90.8303 -5.81132 0.0642129 -0.910099 -0.406758
-47.843 90.2654 -4.53872 0.150912 -0.933422 -0.325498
-48.1141 89.8192 -3.74022 0.260027 -0.867669 -0.421144
-48.6133 89.1802 -2.88116 0.297238 -0.804837 -0.511402
-48.9453 88.5797 -2.18614 0.341641 -0.785744 -0.515644
-49.3581 87.5743 -1.13139 0.441188 -0.74247 -0.498146
-50.0073 86.7899 -0.315909 0.424631 -0.810249 -0.403962
-50.7018 86.1024 0.183706 0.536258 -0.804942 -0.251905
-51.5436 85.3898 1.01765 0.480241 -0.864131 -0.150488
-52.096 84.9341 1.74153 0.501871 -0.853503 -0.13954
-52.6202 84.5298 2.41567 0.501923 -0.855399 -0.127846
-53.3784 83.9753 3.2968 0.494197 -0.86362 -0.0996486
-54.0635 83.4881 3.97013 0.511801 -0.857298 -0.0556709
-55.104 82.7747 5.07123 0.52796 -0.84796 -0.0443015
-55.631 82.4258 5.76117 0.525605 -0.85025 -0.0285271
-56.0952 82.0766 6.46625 0.557069 -0.829304 -0.0439247
-56.5861 81.7243 7.21518 0.583836 -0.810995 -0.0377265
-56.9219 81.4374 8.18433 0.587048 -0.809092 -0.0219469
-57.3677 81.0498 9.02944 0.635811 -0.771091 -0.0341087
-57.4741 80.9543 9.2062 0.611458 -0.788928 -0.0503623
-22.1248 95.3661 0.685373 0.0463563 -0.986809 -0.155108
-20.7619 95.4718 0.291882 -0.0120534 -0.993236 -0.109535
-19.8345 95.4617 0.000179188 -0.0490172 -0.992004 -0.116287
-18.7314 95.4509 -0.387774 0.0146418 -0.994437 -0.054134
-17.6906 95.3599 -0.871981 -0.0430294 -0.994126 0.0993027
-18.4104 95.4586 -1.42961 -0.155494 -0.986395 -0.0533493
-19.5266 95.5612 -1.27391 -0.0609711 -0.995787 -0.0684956
-20.459 95.5849 -0.788075 -0.0556158 -0.993926 -0.0918684
-21.132 95.5214 -0.278682 0.0236922 -0.994531 -0.101724
-21.5368 95.4807 0.0249951 0.0236922 -0.994531 -0.101724
-21.7865 95.4541 0.226595 0.0350243 -0.99067 -0.128416
