-46.0639 87.1196 19.6611 0.108906 -0.983087 -0.14388
-45.6773 87.2504 18.7889 0.0772548 -0.9958 -0.0491391
-45.5691 87.3263 17.422 0.0724942 -0.996045 -0.0511057
-46.328 87.2273 18.3123 0.0677289 -0.996292 -0.053065
-46.9256 87.0744 19.1169 0.149336 -0.978748 -0.14054
-47.3071 86.8956 19.9443 0.159583 -0.977268 -0.139329
-47.622 86.7361 20.7518 0.212912 -0.95541 -0.187771
-47.7396 86.454 21.6853 0.262115 -0.931506 -0.252175
-46.9344 86.8148 20.921 0.118952 -0.975432 -0.179712
-46.3891 86.9935 20.1804 0.13915 -0.978764 -0.150526
-46.1531 87.0934 19.7489 0.139152 -0.978763 -0.150532
-45.2065 87.1183 20.191 0.0889133 -0.987325 -0.131468
-46.0605 86.8215 21.306 0.135015 -0.967174 -0.213034
-46.8215 86.5058 22.2006 0.144297 -0.954995 -0.25916
-47.5592 86.0829 23.0599 0.26102 -0.897607 -0.355206
-48.3021 85.5449 23.7966 0.291037 -0.880985 -0.373046
-48.6588 85.5951 23.3901 0.301295 -0.879585 -0.368174
-48.764 85.873 22.5118 0.327032 -0.899378 -0.289118
-48.7511 86.2888 21.1055 0.321644 -0.909669 -0.262769
-48.47 86.6615 20.1119 0.291639 -0.923222 -0.248739
-47.8214 86.9627 18.9432 0.154566 -0.97741 -0.144003
-47.3498 87.1058 18.1669 0.158466 -0.984249 -0.078379
-46.7158 87.2465 17.3153 0.0966218 -0.994695 -0.0244864
-46.0449 87.3195 16.566 0.084787 -0.995527 -0.0391884
-45.3046 87.3684 15.6486 0.0667161 -0.997155 0.0350865
-44.6144 87.3812 14.8527 0.0563108 -0.997023 0.0524869
-43.8638 87.4492 15.2784 0.0583137 -0.996703 0.0564108
-44.1131 87.4703 16.2136 0.0703683 -0.996922 0.0345784
-44.2704 87.4562 17.2767 0.0661067 -0.996754 -0.0312359
-44.497 87.3858 18.1947 0.0956302 -0.993842 -0.055964
-44.7918 87.2666 19.3584 0.0768865 -0.989045 -0.125269
-44.9459 87.2038 19.7254 0.0889132 -0.987325 -0.131468
-44.0856 87.1973 20.2918 0.0528586 -0.987482 -0.147665
-43.6711 87.3741 19.0741 0.0645718 -0.992348 -0.10417
-43.4345 87.4715 17.9457 0.0143905 -0.998632 -0.0475204
-43.2382 87.5018 16.7865 0.0383691 -0.99918 -0.0129441
-43.0371 87.5039 15.8437 -0.0179777 -0.999729 0.0147764
-42.8432 87.4501 14.5223 0.0422844 -0.998125 0.0378239
-43.0569 87.4254 13.5771 0.0472282 -0.998765 0.0154044
-44.3076 87.3199 13.2503 0.0689969 -0.996683 0.0395345
-45.4005 87.3152 14.2362 0.0410925 -0.997968 0.0484475
-46.1447 87.3196 15.1331 0.0429781 -0.99907 0.00346568
-46.8679 87.2417 16.0429 0.134279 -0.990778 -0.0119712
-47.6704 87.1352 17.0298 0.127141 -0.991792 -0.00756005
-48.2394 86.9611 17.8505 0.218655 -0.972965 -0.0743623
-49.0249 86.6712 19.098 0.227183 -0.968459 -0.102342
-49.4328 86.3835 19.9611 0.309599 -0.924473 -0.21605
-49.6543 86.0288 20.9122 0.309995 -0.912245 -0.267727
-49.7015 85.7209 21.9259 0.33541 -0.888592 -0.307847
-49.6186 85.3618 23.0036 0.380784 -0.8763 -0.295131
-49.5387 84.8475 24.2957 0.413629 -0.817711 -0.400324
-49.4621 84.4361 25.1785 0.328735 -0.828776 -0.452755
-49.1886 84.0935 25.9907 0.327573 -0.819809 -0.46969
-48.4421 84.7256 25.37 0.31564 -0.835641 -0.449528
-47.8391 85.2393 24.7884 0.271754 -0.869534 -0.412383
-47.2125 85.7429 24.0996 0.20716 -0.884901 -0.417075
-46.5296 86.2426 23.3201 0.183692 -0.929584 -0.311963
-45.7216 86.6276 22.3452 0.13729 -0.955176 -0.262279
-45.0028 86.9322 21.5004 0.0716908 -0.975734 -0.203546
-44.2282 87.1517 20.5181 0.0601688 -0.984276 -0.165963
-43.4098 87.1097 21.0417 0.0581859 -0.985107 -0.161798
-44.0895 86.9124 21.8757 0.0741616 -0.967023 -0.24359
-44.7923 86.6508 22.6945 0.0843884 -0.959168 -0.268723
-45.6088 86.2474 23.7053 0.114401 -0.950023 -0.290464
-46.3998 85.6989 24.5934 0.189357 -0.890773 -0.412929
-46.9928 85.2074 25.3019 0.180844 -0.867124 -0.464102
-47.6109 84.7021 25.9554 0.252613 -0.833624 -0.488513
-48.2023 84.18 26.4823 0.284994 -0.837074 -0.466997
-48.9004 83.4479 27.2677 0.35808 -0.7916 -0.495124
-49.5072 82.677 27.9738 0.374048 -0.745881 -0.551135
-49.9727 82.892 27.3574 0.380251 -0.745853 -0.546911
-50.1406 83.3307 26.5525 0.403009 -0.79135 -0.456227
-50.2652 83.8054 25.5184 0.447884 -0.787332 -0.42359
-50.357 84.2017 24.7017 0.451276 -0.781894 -0.430106
-50.4467 84.8044 23.3825 0.433464 -0.824172 -0.364486
-50.5738 85.3247 22.0119 0.357931 -0.864431 -0.35305
-50.5553 85.7242 20.8413 0.407493 -0.885791 -0.222089
-50.3531 86.1011 19.7201 0.374136 -0.905973 -0.191335
-49.6663 86.5901 18.3247 0.35277 -0.925448 -0.136641
-49.1827 86.7649 17.5822 0.225278 -0.972199 -0.0638693
-48.5275 86.9603 16.6541 0.212029 -0.977257 -0.00336505
-47.9894 87.0805 15.9304 0.204973 -0.978727 -0.00278271
-47.3141 87.1948 15.0436 0.169766 -0.985458 0.00721865
-46.6862 87.2916 14.2833 0.0910351 -0.99287 0.0115946
-46.0106 87.2815 13.4998 -0.0242029 -0.997694 0.0634151
-45.3244 87.2265 12.811 0.0780348 -0.995718 0.0305808
-44.5947 87.2982 12.133 0.0824311 -0.996538 -0.00321727
-43.555 87.3624 12.0426 0.055657 -0.997948 0.0316417
-42.5475 87.4588 12.5981 0.0892262 -0.994376 -0.0538052
-41.8593 87.4708 13.2388 0.0845234 -0.993802 -0.0722022
-41.8414 87.4591 14.2222 0.00207016 -0.999187 0.0389613
-41.9619 87.4788 15.2174 0.0309514 -0.999437 -0.012967
-42.1203 87.493 16.2271 0.000117739 -0.998823 0.0382193
-42.3369 87.5077 17.2761 0.0068589 -0.999693 -0.0237917
-42.5341 87.4506 18.467 0.0256277 -0.998232 -0.0506054
-42.764 87.3794 19.501 0.0727124 -0.988258 -0.134385
-43.0316 87.2423 20.3646 0.0620328 -0.989141 -0.132792
-43.2214 87.1755 20.709 0.0562865 -0.985023 -0.162962
-42.3923 87.1427 21.2037 0.0441402 -0.985349 -0.164307
-43.0067 86.9479 22.0688 0.0513518 -0.980263 -0.190913
-43.6811 86.6907 22.8566 0.086354 -0.964388 -0.249511
-44.2663 86.4391 23.5682 0.0978592 -0.952153 -0.289532
-44.8972 86.123 24.3263 0.138172 -0.900204 -0.410491
-45.5876 85.637 25.0934 0.182637 -0.896534 -0.403572
-46.3412 84.9584 26.021 0.199391 -0.863341 -0.46317
-46.8888 84.4951 26.5998 0.18618 -0.834904 -0.51795
-47.4853 84.0361 27.1343 0.219996 -0.825576 -0.517735
-48.0964 83.3537 27.8534 0.258424 -0.796317 -0.546897
-48.7084 82.5436 28.6627 0.306114 -0.778514 -0.547914
-49.0605 81.9496 29.2498 0.387107 -0.726843 -0.56729
-49.5549 81.209 29.8534 0.404459 -0.705566 -0.581235
-49.8758 80.5662 30.3678 0.38813 -0.677744 -0.624514
-50.3244 80.9598 29.5927 0.42267 -0.687314 -0.59072
-50.5289 81.5138 28.7057 0.477686 -0.717613 -0.506801
-50.7059 82.0361 27.839 0.467616 -0.700821 -0.538688
-50.8924 82.5238 27.106 0.512748 -0.685342 -0.512501
-51.0166 82.9707 26.2197 0.495222 -0.771286 -0.399841
-51.154 83.5499 24.9955 0.477499 -0.766123 -0.430175
-51.2351 83.9817 24.1074 0.492575 -0.778151 -0.38968
-51.3104 84.515 22.883 0.474832 -0.799169 -0.368427
-51.4461 84.9592 21.7194 0.467247 -0.824086 -0.319539
-51.4338 85.3157 20.7363 0.502861 -0.811402 -0.296924
-51.31 85.6472 19.7587 0.43818 -0.8717 -0.219402
-51.0171 86.0003 18.8058 0.370667 -0.921586 -0.114824
-50.5752 86.2758 18.0012 0.361744 -0.92478 -0.117998
-49.914 86.5866 17.0038 0.293217 -0.954945 -0.0458594
-49.2899 86.8009 16.1164 0.220141 -0.975412 -0.0104163
-48.5731 86.9561 15.1248 0.20182 -0.97941 0.00504215
-48.0327 87.0632 14.3952 0.207399 -0.978221 0.0032966
-47.3265 87.1756 13.5533 0.155271 -0.987866 0.00334951
-46.7328 87.2282 12.8453 0.118116 -0.989612 0.0819507
-45.8753 87.2328 12.0012 0.0462416 -0.997969 -0.0438241
-44.9142 87.3095 11.1114 0.0416614 -0.998401 -0.0382134
-44.0947 87.3313 10.6287 -0.017909 -0.99812 0.0586197
-42.9752 87.4132 11.2029 0.178309 -0.983974 -8.2205e-05
-42.0906 87.5321 11.7502 0.0939112 -0.994951 -0.0354028
-41.2537 87.5976 12.2242 0.0568622 -0.985194 -0.138828
-40.7165 87.4304 13.3269 -0.0687944 -0.995626 -0.053963
-40.8966 87.4526 14.4513 -0.0809471 -0.991254 0.104231
-41.0409 87.5035 15.5166 0.0429351 -0.998763 0.00769239
-41.2635 87.5314 16.5934 0.0125281 -0.998803 0.0190883
-41.4614 87.499 17.8098 -7.32248e-05 -0.999385 -0.0343221
-41.6601 87.4571 18.9485 -0.00766804 -0.999345 -0.0353792
-42.0217 87.2914 20.406 0.0329081 -0.985181 -0.168329
-42.0807 87.2588 20.5849 0.0329031 -0.985181 -0.168335
-41.1731 87.213 20.9373 -0.0119775 -0.98133 -0.190518
-41.5564 87.0386 21.7963 0.0125705 -0.98028 -0.197183
-42.3606 86.7697 22.7715 -0.0517955 -0.940757 -0.3337
-43.0789 86.5015 23.6077 0.0232926 -0.946292 -0.322472
-43.9489 86.0595 24.6767 0.0746409 -0.919181 -0.384519
-44.5976 85.6668 25.3814 0.085269 -0.895837 -0.435591
-45.1296 85.2127 26.0503 0.163215 -0.838382 -0.520073
-45.7421 84.6478 26.7565 0.177077 -0.837033 -0.517706
-46.4893 84.0425 27.4977 0.186905 -0.847179 -0.497347
-47.2457 83.2864 28.3534 0.258427 -0.796315 -0.546898
-47.7505 82.6376 29.0156 0.228549 -0.778283 -0.58379
-48.2711 81.8293 29.7905 0.28901 -0.712154 -0.639773
-48.7127 81.069 30.4337 0.292808 -0.713793 -0.63621
-49.1288 80.3888 31.0052 0.294947 -0.714997 -0.633856
-49.4935 79.7113 31.5426 0.365258 -0.68359 -0.631895
-50.015 78.7605 32.3366 0.332324 -0.738984 -0.586057
-50.4701 79.0022 31.7271 0.392646 -0.706934 -0.588176
-50.8764 79.8178 30.5297 0.425514 -0.678571 -0.598538
-51.1369 80.5118 29.4583 0.511341 -0.674837 -0.532087
-51.3543 81.1515 28.4321 0.499387 -0.685859 -0.529153
-51.6231 81.7718 27.3718 0.571193 -0.665742 -0.47793
-51.7753 82.3071 26.3433 0.590163 -0.676832 -0.440007
-51.8888 82.7355 25.4871 0.601228 -0.690912 -0.401427
-51.9938 83.2099 24.5042 0.601138 -0.695469 -0.393599
-52.0647 83.681 23.5455 0.602826 -0.69786 -0.386772
-52.1457 84.1067 22.5711 0.62706 -0.701546 -0.338569
-52.2791 84.5153 21.5499 0.556971 -0.755777 -0.330803
-52.2893 84.8294 20.635 0.496556 -0.806854 -0.320028
-52.1808 85.2725 19.5083 0.445367 -0.871825 -0.203105
-51.8231 85.7154 18.3076 0.483249 -0.859125 -0.163474
-51.283 86.0503 17.3691 0.402321 -0.911951 -0.0805136
-50.8042 86.3253 16.6342 0.401674 -0.912412 -0.0785007
-50.286 86.5788 15.8656 0.226263 -0.973915 0.00480293
-49.7223 86.6978 15.1035 0.232368 -0.972422 0.0200272
-49.0941 86.8364 14.2389 0.237208 -0.971361 0.013655
-48.4703 86.974 13.4565 0.208557 -0.978001 -0.00424797
-47.7287 87.0828 12.5251 0.114788 -0.991046 0.0662796
-46.7978 87.1681 11.5489 0.144209 -0.989471 0.0122596
-45.796 87.2213 10.5724 0.10746 -0.988613 0.105344
-44.8757 87.213 9.67922 0.0888064 -0.98838 0.123365
-43.9441 87.3042 9.41593 0.245455 -0.946742 -0.207323
-43.0545 87.467 10.0253 0.251048 -0.966794 -0.0477898
-42.2843 87.5908 10.5488 0.126504 -0.986898 -0.100148
-41.4276 87.6495 11.0533 0.127041 -0.98849 -0.0794914
-40.2328 87.7334 11.6785 0.0568622 -0.985194 -0.138827
-39.6809 87.6017 12.7819 0.160817 -0.972588 -0.165854
-39.9023 87.3685 14.1183 0.0616978 -0.986691 -0.0851023
-40.125 87.4729 15.4784 -0.115487 -0.990848 0.0698797
-40.3761 87.5048 16.937 -0.0563965 -0.998167 0.0219565
-40.5638 87.481 18.2123 -0.00153535 -0.999143 -0.0413611
-40.7168 87.4445 19.1 -0.00460996 -0.999244 -0.038368
-40.9954 87.311 20.3338 -0.0584651 -0.98901 -0.135607
-41.0474 87.2855 20.533 -0.0478894 -0.984849 -0.164659
-40.0762 87.2184 20.5848 -0.0606266 -0.987945 -0.142442
-39.8266 87.3492 19.4052 -0.0879951 -0.992359 -0.0864907
-39.663 87.4107 18.4422 -0.0878222 -0.994489 -0.0560389
-39.5084 87.4462 17.4342 -0.0979436 -0.993936 -0.049979
-39.3623 87.4275 16.5458 -0.0802466 -0.996684 0.0134737
-39.1484 87.3875 15.3376 -0.0682954 -0.996275 0.0365631
-38.9847 87.385 14.359 0.0268135 -0.964176 -0.263903
-38.7552 87.7117 13.0111 0.171236 -0.965972 -0.187531
-38.6223 87.9802 12.0753 0.191528 -0.944012 -0.268624
-38.8693 88.1718 11.2566 0.251158 -0.910775 -0.327177
-39.7167 88.0937 10.8689 0.209735 -0.935305 -0.284982
-40.9846 87.9253 10.2349 0.262676 -0.937694 -0.227446
-41.8405 87.8245 9.74963 0.240674 -0.943663 -0.227074
-42.6427 87.7248 9.20992 0.273153 -0.94016 -0.203684
-43.5204 87.6299 8.49868 0.266592 -0.939027 -0.21707
-44.6047 87.4624 8.15529 0.127552 -0.960664 -0.246669
-45.5073 87.203 8.87422 0.0686743 -0.975122 -0.210761
-46.501 87.0666 9.87842 0.115439 -0.987587 0.106513
-47.4043 87.0321 10.807 0.155484 -0.985753 0.0641564
-48.0288 86.9612 11.454 0.187371 -0.979079 0.0786655
-48.8234 86.8578 12.3868 0.250241 -0.966086 0.0637017
-49.7117 86.6688 13.5435 0.309535 -0.948835 0.0624521
-50.3474 86.4968 14.4085 0.389129 -0.920355 0.0333325
-50.89 86.3078 15.1559 0.406093 -0.912609 0.0441658
-51.5753 86.029 16.1327 0.410438 -0.909811 -0.0216672
-52.1351 85.7049 16.9909 0.487452 -0.865794 -0.0927134
-52.6932 85.2061 18.1434 0.545355 -0.830139 -0.114634
-52.9968 84.8326 19.1798 0.551098 -0.823172 -0.136674
-53.0809 84.4796 20.0123 0.616093 -0.733901 -0.28604
-53.074 84.1083 21.0072 0.651931 -0.676821 -0.341121
-52.9241 83.5774 22.2263 0.615912 -0.69858 -0.363179
-52.8106 83.0789 23.4693 0.614944 -0.699696 -0.362682
-52.7284 82.5236 24.5536 0.682515 -0.623589 -0.381196
-52.5983 81.927 25.8033 0.647649 -0.654684 -0.385449
-52.4739 81.4604 26.7148 0.587163 -0.680963 -0.437641
-52.297 81.0046 27.6128 0.551346 -0.660229 -0.509839
-52.027 80.2512 28.8988 0.572713 -0.662132 -0.482424
-51.8206 79.6084 29.9355 0.516778 -0.669056 -0.534139
-51.6164 79.0906 30.8265 0.497358 -0.693404 -0.521369
-51.402 78.3556 31.8917 0.403148 -0.704873 -0.583461
-51.129 77.863 32.7284 0.397206 -0.759223 -0.515411
-50.4528 77.5141 33.6249 0.340746 -0.723036 -0.600925
-49.6621 77.7924 33.7066 0.299097 -0.739544 -0.603005
-49.2022 78.5751 32.9912 0.283451 -0.732298 -0.618849
-48.6955 79.4922 32.1908 0.2995 -0.691042 -0.657587
-48.3168 80.1714 31.6301 0.297724 -0.71225 -0.635658
-47.9152 80.9022 30.994 0.297086 -0.716202 -0.631502
-47.5095 81.5533 30.4008 0.220139 -0.686179 -0.693323
-47.0303 82.3379 29.6689 0.19626 -0.791187 -0.579228
-46.5114 83.0482 28.9277 0.221811 -0.760319 -0.610504
-45.8533 83.7197 28.1605 0.0743684 -0.79176 -0.606288
-45.2087 84.2441 27.513 0.162629 -0.820412 -0.548049
-44.5443 84.8592 26.8037 0.168291 -0.828492 -0.533823
-43.9059 85.4246 25.9724 0.0861317 -0.875737 -0.474352
-43.0647 85.949 25.0439 0.0122982 -0.895245 -0.444995
-42.4634 86.2727 24.3234 -0.0217775 -0.947614 -0.315389
-41.5559 86.55 23.2643 -0.0690098 -0.940309 -0.33222
-40.726 86.881 22.3093 -0.0711761 -0.938738 -0.33479
-40.2969 87.0972 21.3807 -0.0681563 -0.971915 -0.220103
-40.1805 87.1631 21.0129 -0.047889 -0.984849 -0.164659
-39.2183 87.0358 21.155 -0.110733 -0.962994 -0.245724
-39.0159 87.1655 20.2052 -0.117476 -0.980424 -0.158012
-38.8485 87.2943 19.2816 -0.0885275 -0.987583 -0.120652
-38.6659 87.3463 18.1904 -0.0654162 -0.997174 -0.0369481
-38.4816 87.3606 17.1259 -0.0941493 -0.993904 -0.0236621
-38.2588 87.307 15.8521 -0.0967495 -0.995154 0.0167631
-38.0785 87.4061 14.681 0.191128 -0.976229 -0.102211
-37.8708 87.775 13.3604 0.148698 -0.955679 -0.254101
-37.6537 88.1397 12.3174 0.232808 -0.919194 -0.317618
-37.5205 88.4707 11.4547 0.25917 -0.903413 -0.339442
-37.8356 88.6712 10.6877 0.272088 -0.898476 -0.343585
-38.8761 88.5305 10.2355 0.284326 -0.905085 -0.316197
-40.033 88.3346 9.71841 0.286682 -0.912385 -0.292177
-41.2168 88.1563 9.04902 0.305026 -0.916144 -0.260077
-41.9743 88.0573 8.57142 0.269378 -0.93511 -0.228768
-42.9016 87.9702 7.83985 0.29232 -0.929045 -0.22677
-43.8258 87.9239 7.03179 0.237697 -0.936912 -0.256314
-44.7807 87.762 6.91187 0.173923 -0.959218 -0.215507
-45.556 87.4648 7.54444 0.212393 -0.96051 -0.179597
-46.4434 87.113 8.45273 0.142436 -0.978486 -0.127558
-47.1249 86.999 9.13821 0.107998 -0.990676 -0.0760589
-47.7827 86.8991 9.82438 0.179923 -0.981394 0.0666554
-48.6131 86.7982 10.7075 0.219256 -0.972763 0.0658807
-49.3931 86.6457 11.6081 0.267373 -0.961426 0.0642873
-50.0909 86.4947 12.5029 0.306889 -0.951367 0.0268251
-50.7106 86.3295 13.3398 0.347414 -0.935766 0.0379839
-51.4733 86.0176 14.4189 0.407319 -0.913082 0.0193045
-52.1849 85.7271 15.4783 0.428364 -0.90315 0.0194383
-52.705 85.4649 16.2357 0.487456 -0.865792 -0.0926993
-53.2253 84.9764 17.2395 0.532518 -0.838037 -0.117763
-53.569 84.6294 18.0474 0.55515 -0.821993 -0.127028
-53.8091 84.0946 19.3489 0.694217 -0.665501 -0.274174
-53.8429 83.6142 20.4449 0.684315 -0.671223 -0.284399
-53.7203 83.1211 21.6984 0.639518 -0.680655 -0.357284
-53.6045 82.767 22.602 0.642609 -0.687278 -0.338679
-53.4927 82.2592 23.6573 0.64924 -0.627136 -0.430335
-53.4058 81.7557 24.5967 0.682521 -0.623539 -0.381267
-53.269 81.1594 25.8733 0.68579 -0.638781 -0.348784
-53.1457 80.6754 26.9097 0.646576 -0.633649 -0.424768
-53.021 80.2314 27.7718 0.647363 -0.637046 -0.418442
-52.8446 79.6865 28.7234 0.569205 -0.681074 -0.460591
-52.646 79.0554 29.8692 0.560998 -0.670424 -0.485605
-52.4127 78.4706 30.8867 0.503964 -0.684982 -0.526138
-52.2943 77.9603 31.6907 0.510485 -0.701154 -0.497784
-52.0927 77.4732 32.5382 0.412351 -0.755383 -0.509238
-51.7356 77.1181 33.3528 0.41415 -0.761347 -0.498581
-51.1614 76.863 34.0927 0.325011 -0.777987 -0.537684
-50.3138 76.678 34.8415 0.28502 -0.771382 -0.568975
-49.3689 76.9579 34.9275 0.274801 -0.775194 -0.568822
-48.8296 77.6618 34.2558 0.223653 -0.765348 -0.603508
-48.2854 78.5504 33.4069 0.260931 -0.733397 -0.627729
-47.8352 79.3733 32.6824 0.235474 -0.706696 -0.664633
-47.3692 80.2093 31.9419 0.206004 -0.671249 -0.71203
-46.9112 81.0282 31.2039 0.148572 -0.720632 -0.677212
-46.5462 81.6366 30.6242 0.185436 -0.718033 -0.668744
-46.0457 82.3772 29.8438 0.0666642 -0.760634 -0.645678
-45.3628 83.128 28.9935 0.0767134 -0.789738 -0.608616
-44.5803 83.8661 28.1054 0.0538775 -0.793258 -0.606498
-43.8269 84.4966 27.3881 -0.00901636 -0.808843 -0.581369
-43.2477 84.9906 26.606 -0.0633131 -0.799936 -0.596736
-42.5357 85.5137 25.7478 -0.104857 -0.806768 -0.58149
-41.7277 85.981 24.8395 -0.132085 -0.872644 -0.470156
-40.839 86.3021 23.8534 -0.0444135 -0.938957 -0.341157
-40.0307 86.5841 22.9938 -0.0711759 -0.938734 -0.334801
-39.4719 86.8426 22.018 -0.100827 -0.954041 -0.280755
-39.3274 86.9409 21.5762 -0.110737 -0.962993 -0.245728
-38.3624 86.7766 21.7057 -0.14251 -0.950385 -0.276512
-38.0702 87.0067 20.4358 -0.144095 -0.976728 -0.158866
-37.9058 87.1479 19.4183 -0.121846 -0.976867 -0.173696
-37.7413 87.2248 18.5091 -0.148578 -0.988498 -0.0282204
-37.5582 87.2354 17.5346 -0.101044 -0.992018 -0.0754337
-37.3932 87.2513 16.6338 -0.0245414 -0.995978 -0.025288
-37.26 87.3379 15.6018 0.0226191 -0.990351 -0.126869
-37.1102 87.6364 14.3917 0.184065 -0.943547 -0.273731
-36.8772 88.0071 13.2202 0.203974 -0.927544 -0.312068
-36.6888 88.3802 12.3017 0.205059 -0.914241 -0.348882
-36.4994 88.8536 11.2495 0.212015 -0.904355 -0.370394
-36.3683 89.2174 10.3664 0.201222 -0.926306 -0.317558
-37.3946 89.1254 9.82683 0.263488 -0.917088 -0.299207
-38.2608 88.9436 9.52262 0.301638 -0.918983 -0.25394
-39.3017 88.7495 9.09532 0.265576 -0.920299 -0.287261
-40.2472 88.6119 8.61304 0.294502 -0.91513 -0.274344
-41.2393 88.453 8.05043 0.320593 -0.904634 -0.280438
-42.0073 88.3527 7.46808 0.297808 -0.907987 -0.294733
-42.9159 88.3154 6.66708 0.286069 -0.910229 -0.299183
-43.9682 88.2728 5.64594 0.289641 -0.92919 -0.229595
-44.7645 88.0054 5.5191 0.309576 -0.931433 -0.186308
-45.5322 87.6993 6.20851 0.228146 -0.966305 -0.119179
-46.4094 87.3604 7.06481 0.240466 -0.958069 -0.155822
-47.2947 87.0532 7.92573 0.142783 -0.985774 -0.0857525
-47.9583 86.9001 8.5799 0.185055 -0.979132 -0.0839928
-48.5777 86.7073 9.23403 0.256951 -0.96476 -0.0124678
-49.5914 86.5155 10.3695 0.25945 -0.963549 0.0647758
-50.3786 86.3131 11.367 0.363011 -0.928158 0.0821371
-51.0161 86.1243 12.2036 0.374261 -0.924271 0.0749245
-51.5581 85.9525 12.9525 0.405012 -0.914238 0.0115377
-52.2287 85.6694 13.8893 0.407314 -0.913084 0.019313
-52.749 85.4352 14.7412 0.460923 -0.887213 0.00204631
-53.4633 84.9596 15.7977 0.601649 -0.7949 -0.0784418
-53.9732 84.4836 16.7911 0.595883 -0.79977 -0.0727493
-54.3381 84.047 17.7534 0.619867 -0.775388 -0.11923
-54.4795 83.5336 19.0134 0.70048 -0.666691 -0.253759
-54.5307 83.0861 20.0007 0.69514 -0.667663 -0.266361
-54.4764 82.7015 20.9816 0.715552 -0.611963 -0.336878
-54.3719 82.2769 22.0691 0.728106 -0.618336 -0.295842
-54.2307 81.7032 23.3316 0.665712 -0.606077 -0.435315
-54.111 81.1161 24.4254 0.673264 -0.637435 -0.374689
-54.029 80.6554 25.3741 0.666008 -0.656202 -0.354723
-53.9169 80.2863 26.2639 0.666568 -0.641489 -0.378773
-53.8269 79.8433 27.1151 0.65359 -0.638385 -0.406333
-53.6695 79.2769 28.2146 0.649348 -0.631543 -0.423676
-53.5032 78.79 29.2041 0.632071 -0.664125 -0.398829
-53.3327 78.3243 30.1175 0.54455 -0.688652 -0.478773
-53.1769 77.7052 31.1512 0.524074 -0.682762 -0.508388
-53.0424 77.1924 32.1301 0.467973 -0.761417 -0.448604
-52.6863 76.6399 33.3077 0.410898 -0.770977 -0.486576
-52.178 76.4227 34.0816 0.38849 -0.79722 -0.461799
-51.4384 76.1921 34.9287 0.310438 -0.812428 -0.493547
-50.6674 76.0498 35.6523 0.267363 -0.829783 -0.489875
-49.8719 75.9741 36.1426 0.218976 -0.81659 -0.533974
-48.771 76.4628 35.8278 0.229239 -0.79208 -0.564164
-48.2566 77.0772 35.1973 0.192256 -0.784895 -0.589048
-47.7752 77.8269 34.413 0.191401 -0.750396 -0.631823
-47.4097 78.4705 33.8047 0.190845 -0.72939 -0.656938
-47.0079 79.1498 33.1354 0.154506 -0.714337 -0.682533
-46.6432 79.7635 32.5756 0.130956 -0.722338 -0.67856
-46.2966 80.4073 31.9853 0.146267 -0.709583 -0.689273
-45.9504 81.0648 31.3757 0.110639 -0.737206 -0.665153
-45.5011 81.7487 30.6365 0.0732411 -0.754954 -0.651672
-45.0002 82.3633 29.9486 0.0267378 -0.765277 -0.643145
-44.2676 83.1141 29.0773 0.02152 -0.770929 -0.636558
-43.7216 83.6299 28.4516 -0.0429753 -0.768013 -0.638887
-43.163 84.0621 27.8929 -0.0641893 -0.75013 -0.658168
-42.6558 84.4664 27.2516 -0.112995 -0.811609 -0.573141
-41.9936 84.9561 26.4236 -0.107255 -0.810904 -0.575212
-41.2334 85.5039 25.5863 -0.10031 -0.837379 -0.531691
-40.4066 85.8817 24.682 -0.110969 -0.873149 -0.474655
-39.7355 86.1362 23.989 -0.122068 -0.896908 -0.425009
-39.0418 86.3735 23.282 -0.122508 -0.919341 -0.368893
-38.5951 86.5998 22.4125 -0.136626 -0.944842 -0.297668
-38.4945 86.6817 22.1002 -0.14251 -0.950385 -0.276512
-37.5572 86.456 22.3822 -0.211353 -0.922117 -0.320572
-37.8738 86.163 23.3201 -0.185283 -0.877839 -0.432679
-38.5294 85.9024 24.0163 -0.184821 -0.85662 -0.481708
-39.2267 85.6659 24.7044 -0.177955 -0.850562 -0.494597
-40.0961 85.2932 25.6084 -0.16511 -0.844194 -0.509977
-40.6932 84.9545 26.2532 -0.0771271 -0.79581 -0.600614
-41.5037 84.3455 27.1964 -0.0862895 -0.809435 -0.580835
-42.0591 83.9369 27.8776 -0.118665 -0.792911 -0.596909
-42.7574 83.4148 28.6263 -0.072261 -0.765649 -0.639186
-43.3061 82.9207 29.2474 -0.0565806 -0.747489 -0.66186
-43.9916 82.2589 30.0564 -0.0409806 -0.745766 -0.664701
-44.4652 81.7149 30.6757 -0.02206 -0.733785 -0.678915
-45.0969 80.7819 31.68 -0.0225182 -0.727971 -0.685233
-45.4867 80.1074 32.4134 0.0440732 -0.714001 -0.695239
-45.8344 79.4763 33.0154 0.107404 -0.730334 -0.674593
-46.2808 78.7413 33.7276 0.139698 -0.737477 -0.659804
-46.7257 77.9958 34.5304 0.15786 -0.745006 -0.647006
-47.4074 76.9578 35.6344 0.203414 -0.765489 -0.610303
-48.1868 76.1186 36.6121 0.223117 -0.823923 -0.520913
-49.2309 75.5644 37.0654 0.218561 -0.832295 -0.509427
-50.1833 75.3779 36.973 0.207611 -0.836927 -0.506411
-50.9772 75.459 36.4823 0.250605 -0.832733 -0.492957
-51.8625 75.5919 35.6548 0.320594 -0.824394 -0.466318
-52.5744 75.778 34.8699 0.33187 -0.804659 -0.492328
-53.4389 76.0383 33.6874 0.402651 -0.797324 -0.449215
-53.7583 76.3488 32.8021 0.481733 -0.758667 -0.438586
-53.8913 76.7382 31.9175 0.488201 -0.773549 -0.404082
-54.0292 77.4285 30.6349 0.516575 -0.707521 -0.48225
-54.1672 78.0236 29.4622 0.623951 -0.681847 -0.381686
-54.3457 78.5258 28.3309 0.63402 -0.653076 -0.414137
-54.481 78.9111 27.5161 0.641684 -0.642309 -0.418907
-54.5701 79.3553 26.6653 0.665996 -0.636001 -0.38981
-54.669 79.8521 25.6512 0.692483 -0.618473 -0.368674
-54.7742 80.1957 24.8205 0.668057 -0.653916 -0.355096
-54.8415 80.714 23.8006 0.703634 -0.622889 -0.336836
-54.9251 81.1444 22.9009 0.73704 -0.576315 -0.353035
-55.0164 81.5535 21.9526 0.738448 -0.604141 -0.299512
-55.0959 81.9288 21.0005 0.73812 -0.604361 -0.299876
-55.2032 82.3127 20.0467 0.739305 -0.586114 -0.331508
-55.2034 82.6943 19.1307 0.729558 -0.654937 -0.196981
-55.1046 83.1468 18.0875 0.734105 -0.64082 -0.224588
-54.9841 83.5412 17.1691 0.730637 -0.66593 -0.150684
-54.5723 84.1114 16.0212 0.589002 -0.80397 -0.081913
-53.9956 84.6396 15.016 0.590679 -0.802367 -0.0854687
-53.4947 85.0371 14.2616 0.594389 -0.803682 0.0282364
-52.9483 85.2815 13.3917 0.455339 -0.886671 0.0804994
-52.3269 85.5845 12.4567 0.494853 -0.866945 0.0561039
-51.8101 85.7615 11.7363 0.430783 -0.895692 0.110276
-51.2585 85.9391 11.0294 0.368182 -0.926647 0.0754602
-50.4149 86.1878 9.93381 0.354134 -0.933225 0.0606621
-49.7867 86.4166 9.14298 0.305103 -0.94866 0.0297329
-49.1074 86.6037 8.40063 0.282813 -0.957248 -0.0607758
-48.1561 86.8923 7.43548 0.294089 -0.955048 0.0280095
-47.3994 87.1471 6.70503 0.323212 -0.943129 -0.0776383
-46.7936 87.3934 6.08569 0.249087 -0.961586 -0.115358
-46.1302 87.6405 5.45335 0.248037 -0.961942 -0.114652
-45.4497 87.9285 4.7848 0.30591 -0.941588 -0.140822
-44.8573 88.2794 4.13369 0.337314 -0.916624 -0.214524
-43.9235 88.6288 4.19329 0.407348 -0.883256 -0.23222
-43.0838 88.658 5.26085 0.319622 -0.913823 -0.250537
-42.1099 88.719 6.23035 0.300191 -0.917174 -0.262063
-41.2665 88.7866 6.93161 0.333421 -0.900593 -0.278859
-40.4112 88.8807 7.54741 0.26713 -0.903375 -0.335494
-39.5726 88.99 7.99198 0.273765 -0.925527 -0.261554
-38.258 89.217 8.59935 0.304763 -0.905188 -0.296232
-37.0051 89.5066 9.00136 0.31661 -0.898017 -0.305036
-35.6603 89.8091 9.19663 0.254533 -0.894444 -0.367671
-35.2747 89.5328 10.1052 0.21102 -0.906534 -0.363319
-35.5883 88.9517 11.5239 0.18164 -0.921751 -0.342559
-35.8202 88.3829 12.8047 0.181338 -0.902178 -0.390619
-36.1025 87.9138 14.0962 0.202287 -0.941824 -0.267071
-36.2759 87.4414 15.4571 0.157996 -0.956511 -0.228251
-36.4174 87.3155 16.6822 0.0852844 -0.994166 -0.0660274
-36.6618 87.1405 17.9076 -0.0607297 -0.995695 -0.0700216
-36.9208 87.0804 19.2479 -0.124088 -0.982752 -0.108367
-37.1169 86.8386 20.6049 -0.121846 -0.976867 -0.173695
-37.3192 86.6431 21.5519 -0.167248 -0.951037 -0.259916
-37.46 86.5346 22.0394 -0.190377 -0.94416 -0.267723
-36.4474 86.2843 22.1062 -0.169157 -0.939325 -0.294488
-36.2578 86.5833 21.1327 -0.124798 -0.941372 -0.313441
-36.0997 86.8056 20.1447 -0.101375 -0.972043 -0.209862
-35.9179 86.9737 19.151 -0.104438 -0.989197 -0.102868
-35.7458 87.0666 18.0833 -0.0512276 -0.989127 -0.125199
-35.4956 87.2948 17.0577 0.101022 -0.975942 -0.193213
-35.3371 87.4996 16.0988 0.128203 -0.977011 -0.166019
-35.2567 87.7655 15.0093 0.138128 -0.943452 -0.300154
-35.1461 88.0347 14.157 0.114264 -0.943235 -0.311853
-34.9195 88.3825 13.1772 0.153579 -0.921516 -0.350042
-34.8075 88.7775 12.3636 0.181331 -0.902179 -0.390617
-34.6058 89.1494 11.5066 0.17908 -0.920355 -0.347674
-34.2949 89.6624 10.4076 0.236306 -0.890235 -0.389407
-33.9738 90.1985 9.40653 0.260012 -0.880051 -0.397372
-33.9478 90.6758 8.35288 0.266426 -0.885136 -0.380354
-35.077 90.3298 8.34567 0.267072 -0.89544 -0.356175
-36.2309 90.0163 8.23245 0.279332 -0.898094 -0.339308
-37.2115 89.7741 8.02493 0.328872 -0.890768 -0.313648
-38.5778 89.4742 7.51617 0.303611 -0.892728 -0.332952
-39.4252 89.3502 7.09264 0.28183 -0.895351 -0.344845
-40.6295 89.1999 6.34142 0.330056 -0.907688 -0.259163
-41.3231 89.1187 5.76097 0.318305 -0.908903 -0.269403
-42.1184 89.0534 5.05025 0.309909 -0.915499 -0.256298
-42.809 89.0583 4.23584 0.318138 -0.905843 -0.279709
-43.6497 89.1271 3.06205 0.370558 -0.866989 -0.333193
-44.0621 89.274 2.22107 0.349489 -0.879925 -0.320656
-44.8541 88.7715 2.58494 0.363574 -0.85028 -0.380577
-45.6668 88.1069 3.58377 0.339628 -0.915047 -0.217581
-46.5433 87.6276 4.54626 0.32061 -0.94358 -0.0828613
-47.3162 87.3007 5.24378 0.325268 -0.941655 -0.0865285
-48.2275 86.9106 6.15279 0.320278 -0.944287 -0.0757968
-48.8715 86.6371 6.83193 0.340057 -0.938057 0.0271658
-49.5603 86.4419 7.51204 0.364158 -0.928595 0.0669967
-50.4627 86.1211 8.52364 0.382387 -0.923215 0.0369447
-51.3068 85.8013 9.57979 0.389526 -0.919317 0.0502627
-51.9453 85.5802 10.4179 0.429306 -0.901902 0.04764
-52.5879 85.3343 11.3048 0.463531 -0.880286 0.0928582
-53.3909 84.9761 12.4815 0.487684 -0.870162 0.0696162
-53.8733 84.7163 13.2186 0.578152 -0.813938 0.0504873
-54.3561 84.391 14.0026 0.594514 -0.803502 0.0305332
-54.9811 83.8497 15.0249 0.702608 -0.710186 -0.033194
-55.3858 83.3654 15.8938 0.706148 -0.704901 -0.0664535
-55.6721 82.8829 16.827 0.713849 -0.68316 -0.153989
-55.8072 82.3012 18.2039 0.729559 -0.644906 -0.22668
-55.8758 81.9222 19.1189 0.749843 -0.629404 -0.203925
-55.8018 81.5101 20.0539 0.767467 -0.558502 -0.314754
-55.7026 81.1842 20.9716 0.764511 -0.581493 -0.278188
-55.6163 80.7521 22.0219 0.762724 -0.558416 -0.326227
-55.5442 80.3254 22.921 0.752975 -0.56343 -0.339526
-55.4776 79.9053 23.8397 0.738859 -0.603722 -0.299276
-55.4093 79.3875 24.9676 0.744954 -0.573077 -0.341506
-55.3388 78.9406 25.939 0.706191 -0.646372 -0.288959
-55.2572 78.5273 26.8769 0.647753 -0.670293 -0.362109
-55.1069 77.9993 28.0291 0.610022 -0.678606 -0.408629
-54.9579 77.5117 29.1049 0.601961 -0.692652 -0.397337
-54.8411 77.1508 29.9588 0.61924 -0.695213 -0.364994
-54.766 76.6729 30.9205 0.526652 -0.732309 -0.428069
-54.7386 76.2816 31.7379 0.517802 -0.764738 -0.383481
-54.658 75.8858 32.6148 0.469372 -0.775996 -0.420401
-54.3871 75.546 33.5928 0.457009 -0.793326 -0.402215
-53.783 75.3347 34.6001 0.41928 -0.788583 -0.449824
-53.0604 75.1755 35.559 0.326157 -0.823525 -0.464136
-52.1675 74.9731 36.5575 0.33292 -0.825675 -0.455439
-51.4078 74.8852 37.203 0.276923 -0.825509 -0.491781
-50.4312 74.8344 37.8379 0.215674 -0.878988 -0.425281
-49.3723 74.9663 38.0438 0.164582 -0.871131 -0.462648
-48.4483 75.2158 37.8224 0.117547 -0.893383 -0.433647
-47.6337 75.6858 37.327 0.0805635 -0.806601 -0.585581
-46.8688 76.3344 36.5466 0.0875017 -0.7972 -0.597294
-46.41 76.9057 35.8614 0.0941688 -0.794773 -0.599557
-46.0123 77.5132 35.1821 0.0227924 -0.791369 -0.610914
-45.6535 78.1057 34.4794 0.0422947 -0.729703 -0.682454
-45.2501 78.7108 33.7839 -0.0167181 -0.762193 -0.647134
-44.8695 79.3353 33.1524 -0.048901 -0.69673 -0.715664
-44.3586 80.2429 32.2074 -0.0487521 -0.717924 -0.694412
-43.9455 80.9251 31.462 -0.0820114 -0.691396 -0.717807
-43.5373 81.5 30.8617 -0.115725 -0.700765 -0.702915
-42.761 82.314 29.886 -0.0571573 -0.748598 -0.660553
-42.0955 82.984 29.0674 -0.0661508 -0.756851 -0.650052
-41.1716 83.6304 28.0989 -0.107704 -0.777764 -0.61926
-40.6236 84.0378 27.4699 -0.116514 -0.785782 -0.60743
-39.8004 84.6171 26.5173 -0.169008 -0.78438 -0.595503
-39.1691 84.9455 25.8839 -0.168101 -0.84435 -0.508728
-38.2538 85.2694 25.0363 -0.177962 -0.850561 -0.494597
-37.6254 85.5073 24.3451 -0.177905 -0.851087 -0.492797
-36.9433 85.8025 23.6531 -0.185281 -0.877839 -0.432683
-36.5029 86.224 22.3545 -0.211363 -0.922114 -0.320576
-35.5184 85.9968 22.3313 -0.219645 -0.908266 -0.356103
-35.8482 85.6512 23.402 -0.22241 -0.863995 -0.442746
-36.3896 85.264 24.2591 -0.23611 -0.820862 -0.520036
-37.1519 84.9881 25.0764 -0.200686 -0.83528 -0.508917
-37.9907 84.6288 25.8621 -0.179971 -0.800217 -0.572069
-38.9756 84.1812 26.7984 -0.186626 -0.763747 -0.617949
-39.8477 83.5971 27.7904 -0.205802 -0.736889 -0.642855
-40.7133 82.9586 28.7052 -0.200937 -0.682897 -0.702287
-41.3086 82.4746 29.3556 -0.214987 -0.68872 -0.69242
-42.0247 81.8049 30.2308 -0.172322 -0.700558 -0.692477
-42.5686 81.274 30.8845 -0.146345 -0.702804 -0.696076
-43.0054 80.7055 31.5661 -0.115727 -0.700765 -0.702915
-43.3552 80.1337 32.2068 -0.0877428 -0.733653 -0.673836
-43.8197 79.3011 33.1155 -0.045475 -0.698323 -0.714337
-44.3443 78.4757 34.035 -0.0334708 -0.764374 -0.643765
-44.8218 77.7994 34.8453 -0.0216684 -0.778954 -0.626081
-45.2123 77.1648 35.6515 0.001123 -0.78742 -0.61638
-45.6413 76.5618 36.4256 0.0811404 -0.789719 -0.60808
-46.3472 75.7824 37.399 0.0694932 -0.825855 -0.559585
-46.9448 75.3456 37.9394 0.10279 -0.901134 -0.421179
-47.8195 74.9399 38.5621 0.11831 -0.893551 -0.433093
-48.6574 74.6376 38.9419 0.151365 -0.889792 -0.430433
-49.7765 74.396 39.0316 0.158385 -0.891464 -0.424507
-50.9929 74.3624 38.5424 0.230149 -0.906097 -0.354993
-51.8636 74.3853 38.0002 0.259247 -0.882159 -0.393095
-52.5563 74.4313 37.4182 0.290984 -0.886967 -0.358632
-53.2533 74.5155 36.6273 0.313328 -0.874417 -0.369811
-53.973 74.7024 35.7524 0.358659 -0.82957 -0.425114
-54.7935 74.8444 34.6273 0.41368 -0.837946 -0.352893
-55.4291 75.1327 33.1706 0.488745 -0.781047 -0.388327
-55.5603 75.6073 32.0097 0.502125 -0.776614 -0.380393
-55.578 76.0776 30.989 0.544779 -0.766304 -0.340579
-55.6045 76.4574 30.1239 0.544029 -0.759476 -0.35669
-55.6842 76.9067 28.9916 0.611255 -0.701562 -0.359955
-55.8307 77.3781 27.9319 0.665158 -0.651133 -0.364971
-55.9406 77.811 26.9154 0.676794 -0.64751 -0.350258
-56.0361 78.3468 25.5921 0.691831 -0.656768 -0.299853
-56.0814 78.8436 24.4774 0.687215 -0.648298 -0.327788
-56.1399 79.3761 23.2835 0.737261 -0.607608 -0.295395
-56.2343 80.0329 21.8374 0.752365 -0.570149 -0.329966
-56.3213 80.4346 20.9434 0.725156 -0.628328 -0.281695
-56.435 80.8155 19.7893 0.737355 -0.597246 -0.31167
-56.5342 81.2165 18.8758 0.746166 -0.631314 -0.211206
-56.4816 81.5676 18.0373 0.742097 -0.63098 -0.22604
-56.4262 82.0891 16.8094 0.762795 -0.611719 -0.206035
-56.1628 82.5553 15.8183 0.732089 -0.671642 -0.113765
-55.7109 83.1329 14.7821 0.707348 -0.704288 -0.0602166
-55.1231 83.7603 13.6942 0.681664 -0.729805 -0.0521485
-54.3886 84.3053 12.4982 0.602324 -0.797834 0.0149371
-53.9261 84.6117 11.7386 0.567345 -0.823366 0.0137508
-53.4291 84.8477 11.007 0.482031 -0.874867 0.0421416
-52.705 85.1824 9.91313 0.440551 -0.896155 0.0530982
-52.0777 85.4312 9.08187 0.430474 -0.900072 0.0675499
-51.1083 85.8244 7.84417 0.438306 -0.897962 0.0394016
-50.4318 86.0661 7.09205 0.371133 -0.928093 0.010108
-49.8273 86.3166 6.41911 0.330265 -0.943332 -0.0324038
-49.0089 86.6574 5.53306 0.355082 -0.932878 -0.0604679
-48.3099 86.9712 4.85395 0.365982 -0.92802 -0.0695362
-47.6437 87.2805 4.23225 0.345624 -0.934838 -0.0780322
-46.8511 87.6103 3.50531 0.320619 -0.944107 -0.0765846
-46.2773 88.069 2.79025 0.40152 -0.886447 -0.21986
-45.5575 88.7964 1.85746 0.375071 -0.844586 -0.381877
-45.004 89.3731 0.882496 0.325198 -0.882013 -0.340959
-44.6105 89.7906 0.148932 0.33404 -0.884427 -0.325892
-43.9363 90.2451 -0.500971 0.264871 -0.91532 -0.30337
-43.7 89.9389 0.629321 0.292905 -0.909347 -0.29391
-43.4214 89.7425 1.53593 0.329289 -0.894166 -0.303375
-42.8474 89.5282 2.77936 0.342992 -0.889927 -0.300169
-42.0174 89.4973 3.85391 0.338785 -0.888706 -0.308598
-41.0169 89.4979 4.90202 0.325932 -0.892975 -0.310427
-40.1091 89.5864 5.67034 0.341208 -0.902767 -0.261894
-39.2685 89.7183 6.22843 0.301868 -0.906998 -0.293649
-38.2833 89.8817 6.70746 0.318518 -0.884556 -0.340744
-37.2351 90.1034 7.12493 0.326326 -0.882678 -0.338218
-35.9997 90.4227 7.3918 0.281737 -0.893014 -0.350875
-34.9171 90.7389 7.43699 0.27157 -0.89528 -0.35312
-34.0519 91.0272 7.40932 0.289729 -0.886033 -0.361941
-33.1859 91.3751 7.28544 0.299191 -0.870149 -0.391548
-32.3691 91.7783 7.00695 0.295668 -0.870553 -0.393341
-31.7333 91.855 7.31966 0.308431 -0.863261 -0.399401
-32.2548 91.3568 7.98186 0.287943 -0.860983 -0.419282
-32.6285 90.8866 8.6908 0.292794 -0.859474 -0.419003
-33.0359 90.3919 9.59199 0.252804 -0.886242 -0.387924
-33.2873 89.9552 10.3775 0.258402 -0.877069 -0.404943
-33.6146 89.3906 11.5067 0.192135 -0.902487 -0.380442
-33.8477 88.891 12.4729 0.148992 -0.89436 -0.421788
-33.9772 88.4559 13.3662 0.150176 -0.898879 -0.41166
-34.1793 88.1078 14.2531 0.078502 -0.938888 -0.332962
-34.3242 87.7505 15.3486 0.064897 -0.955476 -0.287353
-34.4613 87.4638 16.5875 -0.00921327 -0.983542 -0.180446
-34.5964 87.2824 17.4803 0.00773724 -0.969471 -0.239603
-34.8161 87.007 18.4953 0.030099 -0.977817 -0.198605
-35.0263 86.8344 19.6495 -0.0842461 -0.967332 -0.212295
-35.2133 86.5892 20.5712 -0.18218 -0.940395 -0.287173
-35.3623 86.2907 21.4493 -0.197893 -0.915444 -0.349794
-35.4704 86.0775 22.0957 -0.217537 -0.912189 -0.347115
-34.4765 85.9073 21.9324 -0.208586 -0.894703 -0.394362
-34.2925 86.3363 20.7942 -0.208302 -0.903249 -0.375167
-34.0783 86.6171 19.7931 -0.17183 -0.940145 -0.294281
-33.8761 86.9047 18.7404 -0.147043 -0.940859 -0.305225
-33.6792 87.2036 17.6435 -0.0421986 -0.972147 -0.230541
-33.4804 87.4769 16.5063 0.0238946 -0.963862 -0.263941
-33.3188 87.9226 15.0033 0.0649004 -0.955479 -0.287343
-33.0496 88.4988 13.5671 0.100255 -0.910659 -0.399032
-32.8972 88.958 12.6698 0.138107 -0.884119 -0.445531
-32.6604 89.4811 11.6593 0.155242 -0.891668 -0.425239
-32.4128 89.9741 10.8461 0.232354 -0.882262 -0.409421
-32.0382 90.5759 9.80119 0.25042 -0.865843 -0.433135
-31.6482 91.0892 8.95746 0.292207 -0.858143 -0.422144
-31.182 91.6273 8.19068 0.307165 -0.854526 -0.41885
-30.554 92.2213 7.42343 0.303314 -0.860529 -0.409257
-29.8842 92.7207 6.85825 0.297985 -0.885741 -0.355906
-29.1853 93.1951 6.30828 0.323125 -0.871904 -0.367932
-28.4799 93.6483 5.73569 0.250651 -0.916124 -0.312877
-27.7854 94.0435 5.18024 0.289477 -0.915271 -0.277201
-26.9203 94.5556 4.29767 0.224392 -0.932531 -0.28034
-25.9748 95.008 3.31972 0.1695 -0.955056 -0.242442
-25.0508 95.3616 2.50906 0.157472 -0.95149 -0.264221
-24.0013 95.77 1.68241 0.135748 -0.955072 -0.262776
-23.1281 96.0238 1.01732 0.114685 -0.973158 -0.199528
-22.0961 96.1547 0.600924 0.0488244 -0.982497 -0.179743
-20.9224 96.2404 0.310824 0.0272204 -0.988163 -0.150971
-19.7573 96.2643 0.0866146 -0.0781353 -0.996897 -0.00957097
-18.7889 96.2417 -0.0306921 0.0570808 -0.981959 -0.107036
-17.6928 96.4163 -0.192376 0.0427476 -0.990817 0.0400828
-16.6479 96.3282 -0.348512 -0.0693782 -0.994103 0.0833075
-15.6102 96.1094 -0.603907 -0.240607 -0.944919 0.221892
-14.9639 95.8131 -1.13372 -0.244257 -0.929431 0.254718
-15.1995 95.7123 -2.16533 -0.274139 -0.94808 0.160265
-16.3773 95.9306 -2.90785 -0.276861 -0.953269 0.120941
-17.3071 96.1477 -3.21026 -0.24875 -0.961341 0.116717
-18.5973 96.4989 -3.10042 -0.268413 -0.959389 0.0867551
-19.8205 96.5844 -2.49603 -0.0722418 -0.994727 -0.0714917
-20.9719 96.5721 -1.77631 -0.0139698 -0.995978 -0.0885043
-22.2365 96.3739 -0.978366 0.0817113 -0.982524 -0.167241
-23.071 96.2393 -0.384728 0.0793911 -0.989691 -0.119201
-23.9277 96.0517 0.341713 0.137947 -0.973675 -0.181459
-24.7997 95.7928 1.01087 0.177695 -0.964476 -0.195475
-25.6879 95.511 1.5941 0.170463 -0.956898 -0.232039
-26.5002 95.2276 2.12078 0.169731 -0.952874 -0.251442
-27.2773 94.9285 2.62668 0.200298 -0.945732 -0.255875
-28.1674 94.5317 3.26723 0.265721 -0.930567 -0.251806
-28.9562 94.1448 3.905 0.264283 -0.922269 -0.279351
-29.8631 93.6142 4.62181 0.30505 -0.895052 -0.324252
-30.6419 93.1537 5.15329 0.285222 -0.893152 -0.347746
-31.3754 92.7394 5.58537 0.290586 -0.887716 -0.357094
-32.4615 92.1797 6.0418 0.304354 -0.87312 -0.380828
-33.3146 91.7467 6.35268 0.303265 -0.877455 -0.371622
-34.434 91.2761 6.54113 0.308532 -0.875962 -0.370807
-35.7107 90.8528 6.53476 0.27777 -0.890748 -0.359737
-36.7132 90.5674 6.37911 0.312908 -0.888017 -0.336919
-37.6889 90.3431 6.05602 0.321866 -0.888027 -0.328342
-38.6297 90.1688 5.60307 0.326929 -0.887962 -0.323484
-39.7128 90.0159 4.9349 0.327552 -0.886803 -0.326022
-40.422 89.9469 4.3292 0.386195 -0.866439 -0.316445
-41.2059 89.922 3.49783 0.334373 -0.88544 -0.322787
-41.8691 89.9637 2.64393 0.351388 -0.890435 -0.289228
-42.3474 90.0206 1.88851 0.350852 -0.890548 -0.289527
-42.7653 90.2414 0.723127 0.319857 -0.90262 -0.288017
-43.0487 90.5389 -0.567748 0.303291 -0.910297 -0.281634
-43.2242 90.941 -1.98621 0.262339 -0.912511 -0.313616
-43.1934 91.2485 -2.94263 0.212204 -0.936252 -0.280004
-43.0727 91.5419 -3.90268 0.179274 -0.954219 -0.239432
-43.0044 91.8303 -5.04176 0.179423 -0.960158 -0.214252
-42.8352 92.0422 -5.9763 0.111641 -0.975671 -0.188123
-42.688 92.2982 -7.12597 0.0805752 -0.981436 -0.167534
-42.2475 92.4248 -8.26341 0.0278024 -0.99726 -0.0490464
-41.9579 92.4759 -9.19743 -0.032207 -0.996898 -0.0718184
-41.7396 92.5127 -10.2445 0.00534014 -0.996546 0.0221377
-41.5769 92.4717 -11.267 -0.0325137 -0.998257 0.0492467
-41.5068 92.4087 -12.2719 -0.0380282 -0.97871 0.179312
-41.5296 92.1326 -13.2845 -0.0441302 -0.964675 0.259691
-41.4695 91.8496 -14.3063 -0.043807 -0.963357 0.264621
-41.4795 91.6018 -15.1762 -0.0961845 -0.928838 0.357783
-41.6892 91.1734 -16.3561 -0.100238 -0.930416 0.352533
-42.0447 90.8083 -17.1713 -0.0398678 -0.858637 0.511031
-42.7653 90.7525 -17.3053 -0.0662644 -0.840677 0.534874
-42.8283 91.2831 -16.3827 -0.0940608 -0.930106 0.355042
-42.8542 91.6489 -15.3614 -0.0693046 -0.962321 0.262936
-42.9351 91.9877 -14.126 -0.0744018 -0.963663 0.256552
-43.0834 92.2566 -13.0843 -0.0579938 -0.966203 0.250387
-43.2104 92.3712 -11.9865 0.0691358 -0.997434 0.00229295
-43.3186 92.3601 -10.9653 0.0711012 -0.995446 0.0426394
-43.6243 92.4203 -9.6513 0.028861 -0.998749 0.0408333
-43.7291 92.4062 -8.75648 0.0807706 -0.996245 -0.0311437
-43.8019 92.3121 -7.78012 -0.218 -0.76046 -0.445172
-43.7571 92.0597 -6.62786 0.129006 -0.971689 -0.197905
-43.9193 91.8303 -5.70902 0.137487 -0.959806 -0.244684
-43.6957 91.6246 -4.69887 0.179349 -0.957189 -0.22684
-43.952 91.3086 -3.73387 0.209732 -0.94059 -0.267027
-44.3862 90.8786 -2.74269 0.260437 -0.909119 -0.325077
-44.8084 90.3918 -1.7805 0.293506 -0.896911 -0.328696
-45.2941 89.8789 -0.731171 0.312815 -0.900378 -0.302433
-45.7047 89.4145 0.12058 0.325611 -0.879449 -0.347198
-46.149 88.93 0.942527 0.346724 -0.870541 -0.347975
-46.7745 88.2357 1.89813 0.383702 -0.831658 -0.401116
-47.4597 87.5562 2.70916 0.262869 -0.845441 -0.4634
-48.2719 87.1603 3.43356 0.294433 -0.951784 -0.0861243
-49.0338 86.7424 4.17705 0.381782 -0.910429 -0.156524
-49.7679 86.3936 4.90622 0.390669 -0.919809 -0.0364596
-50.3769 86.1215 5.59291 0.373583 -0.927319 -0.022712
-51.0449 85.8363 6.35998 0.422531 -0.904346 -0.0151207
-51.9654 85.3834 7.45161 0.444791 -0.894399 0.0470264
-52.7045 85.0773 8.35188 0.429502 -0.900616 0.0664721
-53.3207 84.8363 9.16864 0.493901 -0.865998 0.0481527
-53.8441 84.5479 9.97632 0.530419 -0.843862 0.0809465
-54.2907 84.3326 10.7369 0.576503 -0.815174 0.0547175
-54.841 83.9657 11.6046 0.579558 -0.814766 0.0164229
-55.5077 83.466 12.7298 0.618092 -0.785729 -0.00292054
-56.0827 82.8878 13.8104 0.651609 -0.756122 -0.0607045
-56.4896 82.4023 14.5677 0.690878 -0.71782 -0.0861525
-56.798 81.9467 15.3245 0.730653 -0.672132 -0.119931
-57.0216 81.5024 16.2017 0.781081 -0.59385 -0.193015
-57.0969 81.1117 17.1203 0.783888 -0.594698 -0.178476
-57.1263 80.5818 18.5024 0.753515 -0.601308 -0.265787
-57.0522 80.0683 19.8544 0.730016 -0.626789 -0.27242
-56.9021 79.5068 21.2946 0.727492 -0.587899 -0.353738
-56.8446 78.9701 22.4384 0.710616 -0.64402 -0.283036
-56.8056 78.5462 23.4717 0.704202 -0.643992 -0.298857
-56.7569 77.9994 24.7303 0.680868 -0.667552 -0.299024
-56.724 77.5318 25.8515 0.657076 -0.68884 -0.306186
-56.6562 77.1851 26.7533 0.63776 -0.697783 -0.32613
-56.533 76.6159 28.1846 0.585732 -0.744399 -0.320599
-56.4683 76.2015 29.2368 0.567943 -0.753741 -0.3305
-56.3935 75.7669 30.3907 0.555768 -0.758595 -0.33944
-56.373 75.2581 31.5589 0.546017 -0.765199 -0.341081
-56.3663 74.8966 32.4362 0.547979 -0.773801 -0.317728
-56.2318 74.534 33.4364 0.442794 -0.839821 -0.31406
-55.753 74.3165 34.6801 0.436882 -0.841448 -0.31796
-55.0374 74.2464 35.7162 0.353134 -0.870979 -0.341602
-54.4373 74.139 36.5489 0.311972 -0.868418 -0.385258
-53.856 74.0254 37.2961 0.324047 -0.878262 -0.351639
-53.2054 73.9614 38.058 0.266412 -0.896564 -0.353341
-52.5117 73.9251 38.6354 0.248441 -0.901209 -0.355105
-51.7452 73.9307 39.1566 0.230144 -0.906098 -0.354994
-50.6802 73.8875 39.7564 0.160455 -0.890757 -0.425214
-49.7479 73.9446 40.038 0.146085 -0.916938 -0.370273
-48.7931 74.113 39.976 0.14122 -0.907499 -0.395604
-47.5191 74.5488 39.4589 0.10617 -0.892284 -0.438531
-46.6064 74.9292 38.8675 0.0522576 -0.888641 -0.455587
-45.9494 75.2476 38.3318 0.0572413 -0.886132 -0.459879
-45.3351 75.7181 37.6363 0.0885628 -0.831936 -0.547758
-44.8122 76.2499 36.8477 -0.018934 -0.787785 -0.615659
-44.4319 76.7683 36.1692 0.00139408 -0.794538 -0.607183
-44.0944 77.2704 35.4974 -0.058929 -0.785376 -0.616173
-43.517 78.1187 34.3822 -0.132195 -0.739002 -0.660606
-43.0768 78.7424 33.5948 -0.137079 -0.738188 -0.660518
-42.6063 79.4713 32.6987 -0.156175 -0.704941 -0.691516
-42.2539 80.1003 31.9779 -0.198843 -0.697125 -0.688824
-41.8891 80.6354 31.352 -0.194413 -0.680656 -0.706337
-41.3882 81.1919 30.7031 -0.170852 -0.679213 -0.712974
-40.8305 81.716 30.0111 -0.194327 -0.725537 -0.660177
-40.3298 82.1789 29.3655 -0.1775 -0.692413 -0.699313
-39.5885 82.7729 28.5834 -0.19722 -0.701418 -0.684504
-38.846 83.2688 27.8146 -0.215705 -0.713729 -0.66638
-38.1211 83.7428 27.0371 -0.216937 -0.724863 -0.653627
-37.3756 84.0849 26.3768 -0.228148 -0.775599 -0.588554
-36.6595 84.3449 25.7423 -0.264658 -0.777223 -0.570859
-35.961 84.6401 25.0196 -0.263621 -0.782709 -0.563726
-35.279 85.0425 24.0955 -0.243709 -0.817562 -0.521726
-34.8226 85.4175 23.2545 -0.275947 -0.824819 -0.493484
-34.5821 85.6866 22.4572 -0.237339 -0.888615 -0.390634
-33.6237 85.4263 22.5326 -0.209164 -0.885407 -0.415096
-33.4825 85.7981 21.6401 -0.208302 -0.90325 -0.375165
-33.3394 86.1125 20.8061 -0.211105 -0.912207 -0.350059
-33.1434 86.387 19.896 -0.171477 -0.920542 -0.347514
-32.9302 86.7558 18.8196 -0.114349 -0.94086 -0.318481
-32.7527 87.054 17.8545 -0.0985561 -0.942637 -0.318815
-32.5255 87.5193 16.45 -0.0338316 -0.955395 -0.282685
-32.3669 87.924 15.132 0.0336519 -0.954676 -0.29574
-32.2185 88.315 14.2261 0.0405434 -0.910741 -0.410982
-32.0648 88.6948 13.3812 0.108738 -0.886255 -0.449695
-31.7986 89.3501 12.2136 0.152525 -0.850937 -0.499062
-31.54 89.909 11.3497 0.207776 -0.854907 -0.475356
-31.3043 90.4012 10.5794 0.24238 -0.854608 -0.457968
-30.8671 91.0334 9.58952 0.270479 -0.860177 -0.432269
-30.3085 91.6912 8.64264 0.28203 -0.850406 -0.44415
-29.8118 92.1789 8.05361 0.298425 -0.853936 -0.426305
-29.1395 92.7082 7.46395 0.320059 -0.846445 -0.424932
-28.4703 93.1743 6.95145 0.311346 -0.878692 -0.36168
-27.4345 93.8208 6.16857 0.305404 -0.899946 -0.311169
-26.6071 94.3298 5.4099 0.251014 -0.936208 -0.244876
-26.004 94.6455 4.7535 0.211437 -0.956675 -0.20017
-25.2809 94.9733 3.95039 0.21483 -0.956033 -0.19959
-24.4417 95.31 3.24154 0.206848 -0.955625 -0.20975
-23.6853 95.5392 2.65277 0.155683 -0.961701 -0.217935
-22.9685 95.7805 2.14272 0.114004 -0.960719 -0.253027
-22.0621 95.973 1.61292 0.0509434 -0.985315 -0.162969
-20.855 96.1022 1.20965 0.0483234 -0.985045 -0.165347
-19.3933 96.2273 0.972476 -0.00866463 -0.992407 -0.0760743
-18.2231 96.3451 0.830203 0.13665 -0.989524 0.0465799
-17.1473 96.4464 0.645774 -0.0693831 -0.994103 0.0833052
-15.7259 96.3594 0.404037 0.00675937 -0.97616 0.216675
-14.5024 96.1243 -0.0618747 -0.146311 -0.935635 0.314347
-13.9132 95.6911 -0.75433 -0.292031 -0.895834 0.334961
-13.9432 95.2945 -2.04394 -0.361476 -0.911956 0.193702
-14.5004 95.3471 -2.78263 -0.351967 -0.908904 0.222404
-15.3481 95.496 -3.47128 -0.348362 -0.906808 0.237368
-16.1564 95.7397 -3.8323 -0.403138 -0.906909 0.117992
-17.4082 96.1077 -4.2052 -0.260654 -0.965286 0.0167698
-18.5919 96.4471 -4.09594 -0.274884 -0.961394 0.0126838
-19.6883 96.653 -3.64437 -0.0883651 -0.991 -0.100549
-20.5399 96.6841 -3.15643 -0.0722418 -0.994727 -0.0714918
-21.3752 96.6522 -2.66564 0.00189053 -0.997043 -0.0768262
-22.2502 96.5705 -2.17833 0.0888753 -0.983322 -0.158678
-23.0091 96.4242 -1.66981 0.0693312 -0.985369 -0.155698
-23.8199 96.2719 -1.03551 0.065472 -0.986931 -0.147244
-24.7454 96.0488 -0.288722 0.14341 -0.970398 -0.193521
-25.6695 95.7679 0.392713 0.160374 -0.965429 -0.205313
-26.7858 95.4219 1.19173 0.160819 -0.95974 -0.228915
-27.8593 95.0126 1.8301 0.22144 -0.947284 -0.231462
-28.673 94.6175 2.45891 0.237463 -0.930889 -0.277314
-29.3285 94.299 2.98995 0.227293 -0.93205 -0.282173
-30.0979 93.8905 3.58721 0.287547 -0.907213 -0.307053
-30.9965 93.3886 4.21126 0.29324 -0.903702 -0.311981
-31.8761 92.9155 4.71323 0.313022 -0.892511 -0.324716
-32.9511 92.3773 5.178 0.308389 -0.883641 -0.351096
-33.7912 91.9519 5.4838 0.294773 -0.879089 -0.374583
-34.9607 91.4635 5.67539 0.311879 -0.868401 -0.385501
-36.1942 91.0471 5.59602 0.319178 -0.871166 -0.37309
-37.1931 90.7902 5.33664 0.323613 -0.882917 -0.339982
-38.0712 90.617 4.95944 0.329259 -0.877039 -0.3498
-39.1343 90.455 4.3169 0.338323 -0.883677 -0.323232
-39.967 90.3938 3.61022 0.357879 -0.883834 -0.301265
-40.7025 90.3685 2.81089 0.371741 -0.876122 -0.306494
-41.3732 90.3915 1.92966 0.351752 -0.890332 -0.2891
-41.8533 90.5351 0.904855 0.347925 -0.896521 -0.273678
-42.1632 90.865 -0.665535 0.324339 -0.911827 -0.250609
-42.2452 91.1754 -1.85041 0.255416 -0.930637 -0.262063
-42.238 91.4284 -2.73709 0.239654 -0.938622 -0.2469
-42.1349 91.7604 -4.00158 0.223861 -0.946998 -0.230393
-42.0138 91.9897 -5.15074 0.132384 -0.97813 -0.158392
-41.8065 92.2411 -6.36709 0.080574 -0.981434 -0.167546
-41.5994 92.3741 -7.28174 0.0527569 -0.992236 -0.11033
-41.229 92.4258 -8.35638 8.46053e-05 -0.999949 -0.0100821
-40.8745 92.4606 -9.74859 -0.0272201 -0.998679 -0.0435702
-40.6468 92.4582 -10.9782 -0.0253795 -0.998093 0.0562694
-40.516 92.3842 -11.9536 -0.0534039 -0.994541 0.0896465
-40.4931 92.1951 -12.948 -0.0274755 -0.961168 0.274594
-40.4824 91.8543 -14.1627 -0.0281965 -0.963405 0.266563
-40.5119 91.5248 -15.2533 0.00909208 -0.92898 0.370018
-40.6706 91.1366 -16.2184 -0.000490226 -0.923148 0.384441
-40.998 90.7415 -17.2018 -0.0753283 -0.88783 0.447083
-41.6599 90.1104 -18.2792 -0.0501743 -0.846793 0.52955
-42.9395 89.9952 -18.4643 -0.0382432 -0.803722 0.593774
-43.6256 90.3712 -18.0264 -0.0933175 -0.802375 0.588727
-43.8232 91.1084 -16.9888 -0.101627 -0.82098 0.561778
-43.7773 91.6059 -15.7135 -0.0520013 -0.941998 0.331567
-43.8018 91.864 -14.824 -0.0694576 -0.962328 0.262869
-43.9461 92.2109 -13.5805 -0.109611 -0.962313 0.248876
-44.1161 92.3348 -12.6988 0.0266048 -0.998217 -0.0534275
-44.2237 92.2822 -11.7701 0.0568665 -0.997207 -0.0275087
-44.4349 92.3188 -10.73 0.0550949 -0.994695 0.0868662
-44.7116 92.3376 -9.06531 0.0721643 -0.996832 -0.0334533
-44.7653 92.302 -8.11039 0.0807703 -0.996245 -0.0311437
-44.7915 92.0641 -7.1294 0.0797369 -0.967717 -0.239092
-44.8104 91.8097 -6.14192 0.138531 -0.962536 -0.233094
-44.8985 91.4549 -4.89078 0.174682 -0.947741 -0.26697
-45.0154 91.1739 -4.01039 0.193569 -0.933634 -0.300022
-45.3743 90.6915 -2.96856 0.201634 -0.902949 -0.379508
-45.7352 90.2159 -2.05941 0.268618 -0.892092 -0.363341
-46.1562 89.7497 -1.15186 0.266204 -0.90863 -0.321756
-46.6977 89.1475 -0.0914118 0.304102 -0.88247 -0.358843
-47.1958 88.5169 0.840774 0.376187 -0.856473 -0.353465
-47.733 87.9844 1.58544 0.410351 -0.876536 -0.251588
-48.594 87.3011 2.46638 0.465859 -0.85696 -0.220442
-49.3351 86.7892 3.10792 0.408901 -0.89938 -0.154649
-50.1369 86.3205 3.8786 0.384091 -0.913643 -0.133157
-51.0118 85.8493 4.88804 0.483055 -0.875518 0.0112227
-51.8026 85.4215 5.8823 0.486582 -0.87361 0.00665376
-52.5474 85.0427 6.76486 0.473078 -0.876384 0.0902628
-53.179 84.7635 7.51669 0.53471 -0.840739 0.0836207
-53.7452 84.4877 8.23138 0.545068 -0.833817 0.0855034
-54.3616 84.1539 9.15616 0.551573 -0.83199 0.057761
-54.8725 83.8801 10.1244 0.576507 -0.815171 0.0547121
-55.4937 83.4734 11.0656 0.636992 -0.769666 0.0373662
-56.0705 83.0011 12.1493 0.646886 -0.762166 -0.0153539
-56.4948 82.5987 12.9522 0.669122 -0.742489 -0.0264162
-57.0242 81.9472 13.876 0.730781 -0.677806 -0.0800451
-57.4959 81.2439 15.0859 0.736825 -0.659247 -0.146016
-57.7177 80.5731 16.4294 0.728153 -0.644183 -0.234139
-57.7649 80.1649 17.4101 0.735175 -0.636749 -0.221168
-57.7585 79.7826 18.5183 0.759028 -0.588132 -0.278585
-57.6513 79.3105 19.8164 0.759423 -0.598466 -0.255176
-57.5518 78.8829 20.9591 0.752657 -0.576276 -0.318455
-57.5206 78.4191 21.9543 0.687834 -0.670033 -0.275938
-57.5091 78.0575 22.8916 0.658701 -0.698738 -0.279061
-57.5145 77.6744 23.8019 0.656741 -0.695015 -0.292652
-57.495 77.3075 24.7056 0.656366 -0.688989 -0.307373
-57.4526 76.9454 25.6076 0.630949 -0.715937 -0.296386
-57.4062 76.6142 26.5239 0.6092 -0.734986 -0.297776
-57.3448 76.2493 27.5346 0.608333 -0.733111 -0.304104
-57.2966 75.795 28.7169 0.569144 -0.761841 -0.309311
-57.2423 75.3813 29.8113 0.558469 -0.768096 -0.312965
-57.1812 75.0747 30.6941 0.537764 -0.768385 -0.346978
-57.1696 74.6559 31.694 0.481007 -0.826458 -0.292574
-57.1819 74.3301 32.5761 0.464959 -0.831687 -0.303497
-57.0825 73.9983 33.7106 0.462143 -0.842244 -0.277577
-56.7666 73.8513 34.5724 0.411199 -0.85562 -0.314373
-56.223 73.7655 35.537 0.425146 -0.848505 -0.314976
-55.5664 73.7373 36.4674 0.387208 -0.859221 -0.332299
-54.86 73.6319 37.4365 0.283711 -0.913135 -0.291996
-54.1756 73.5529 38.3095 0.295782 -0.896126 -0.329932
-53.2013 73.497 39.2394 0.26641 -0.896564 -0.353341
-51.9629 73.5464 40.0203 0.210761 -0.918294 -0.333403
-51.087 73.5103 40.538 0.167482 -0.920568 -0.352851
-49.6231 73.55 41.0126 0.114695 -0.928857 -0.352234
-48.5132 73.7443 40.9218 0.11404 -0.904608 -0.409558
-47.5744 74.0049 40.5595 0.089331 -0.900837 -0.424859
-46.2794 74.4799 39.7894 0.0527032 -0.893299 -0.446361
-45.4657 74.8481 39.1628 -0.00151295 -0.875122 -0.479542
-44.6264 75.3237 38.2522 -0.0376063 -0.853432 -0.519535
-43.9735 75.9346 37.2452 -0.0390853 -0.845007 -0.533305
-43.5963 76.4443 36.5194 -0.057032 -0.794501 -0.604578
-43.0846 77.1941 35.4295 -0.119666 -0.800466 -0.587312
-42.4562 78.0401 34.2534 -0.137578 -0.739475 -0.658975
-41.9979 78.7012 33.4182 -0.14187 -0.737575 -0.66017
-41.6788 79.2497 32.7317 -0.147694 -0.740275 -0.655873
-41.1797 79.9748 31.7948 -0.173526 -0.719712 -0.671148
-40.7133 80.6 31.0649 -0.186734 -0.667338 -0.720701
-40.0501 81.2321 30.2772 -0.24207 -0.663465 -0.707966
-39.5525 81.6939 29.6448 -0.177691 -0.689311 -0.702336
-38.779 82.3141 28.8046 -0.227041 -0.701367 -0.67557
-38.1726 82.7257 28.1708 -0.234998 -0.69502 -0.679498
-37.2728 83.2895 27.2817 -0.214282 -0.733619 -0.644646
-36.4226 83.6266 26.57 -0.242007 -0.719138 -0.651125
-35.6598 83.9267 25.8622 -0.246205 -0.792637 -0.557772
-34.8106 84.3665 24.8864 -0.166642 -0.822026 -0.544521
-34.1829 84.8121 23.9811 -0.210933 -0.842101 -0.495181
-33.7473 85.2275 23.0189 -0.208525 -0.871474 -0.442818
-32.8779 84.8193 23.3787 -0.207872 -0.857543 -0.470542
-32.6525 85.2359 22.4311 -0.236991 -0.88592 -0.398724
-32.494 85.6501 21.4055 -0.238566 -0.888556 -0.39186
-32.2186 86.1403 20.1882 -0.178257 -0.8992 -0.395144
-31.9618 86.5991 18.8883 -0.143754 -0.936231 -0.320201
-31.7973 86.9111 17.8747 -0.160167 -0.926307 -0.339902
-31.6309 87.4083 16.5558 -0.119246 -0.913286 -0.38664
-31.4148 87.7703 15.4861 -0.0980753 -0.939934 -0.326964
-31.2908 88.1663 14.6468 0.0402319 -0.910756 -0.410981
-31.1173 88.5682 13.8223 0.102165 -0.869763 -0.482779
-30.9478 89.0282 13.0227 0.152522 -0.850939 -0.49906
-30.6783 89.7842 11.9507 0.201042 -0.839434 -0.503823
-30.4598 90.2698 11.1954 0.207261 -0.848868 -0.486278
-30.0984 90.9783 10.1623 0.252854 -0.841603 -0.475464
-29.7089 91.4592 9.46036 0.278547 -0.845776 -0.454495
-29.0278 92.1625 8.63261 0.315166 -0.827086 -0.464701
-28.4222 92.6714 8.11536 0.3417 -0.838955 -0.423551
-27.4979 93.3343 7.41373 0.303725 -0.885629 -0.3513
-26.7942 93.7796 6.87812 0.304473 -0.896722 -0.321111
-26.0487 94.2726 6.22565 0.278939 -0.919256 -0.27032
-25.2575 94.6694 5.39333 0.224851 -0.948089 -0.224788
-24.5064 95.0001 4.67132 0.214054 -0.957169 -0.194863
-23.8616 95.2555 4.09668 0.201553 -0.960389 -0.19224
-23.1859 95.4693 3.53976 0.152194 -0.974832 -0.162813
-22.2423 95.7305 2.83076 0.1407 -0.977543 -0.156885
-21.3505 95.8843 2.35345 0.0369903 -0.992165 -0.079133
-20.3529 95.9794 2.06696 0.0528878 -0.983836 -0.170898
-18.9527 96.2336 1.87238 0.22007 -0.973302 -0.0652111
-17.9531 96.376 1.74708 0.116662 -0.99258 -0.0291329
-16.9056 96.4916 1.56857 0.0815816 -0.995965 -0.0281657
-15.9379 96.553 1.39274 0.0747809 -0.997023 -0.0112404
-14.7019 96.5247 1.05982 -0.0372219 -0.957827 0.273615
-13.8637 96.2436 0.639756 -0.180098 -0.931541 0.315906
-13.2116 95.8294 0.115176 -0.246815 -0.855309 0.455553
-12.7766 95.2445 -0.865006 -0.423603 -0.827241 0.352214
-12.9099 94.9095 -1.86166 -0.441506 -0.85062 0.260614
-13.435 94.8246 -2.88565 -0.510288 -0.80011 0.315277
-14.205 94.9737 -3.73313 -0.42977 -0.851884 0.28226
-15.06 95.1479 -4.37819 -0.35498 -0.904503 0.23625
-15.93 95.5158 -4.77918 -0.403144 -0.906905 0.117998
-17.1169 95.9521 -5.13004 -0.434343 -0.89326 0.0910174
-18.1472 96.3354 -5.21583 -0.280526 -0.959012 -0.0400066
-19.0013 96.6012 -4.98935 -0.253435 -0.958423 -0.13113
-19.8757 96.7673 -4.59508 -0.108151 -0.987743 -0.1017
-20.7616 96.7789 -4.11229 -0.0634414 -0.994428 -0.0841876
-21.6702 96.7346 -3.62724 0.00965359 -0.99256 -0.12137
-22.6074 96.6619 -3.11553 0.0597414 -0.992266 -0.108808
-23.5659 96.521 -2.50932 0.0610758 -0.985103 -0.160751
-24.6041 96.3134 -1.68029 0.070915 -0.98348 -0.16655
-25.5301 96.0788 -0.965932 0.15328 -0.966703 -0.204917
-26.4397 95.7727 -0.241243 0.162736 -0.965401 -0.203631
-27.2823 95.5049 0.327369 0.218264 -0.952987 -0.210184
-28.1167 95.1946 0.83927 0.221435 -0.947288 -0.231452
-29.3048 94.6724 1.75897 0.230752 -0.93445 -0.271212
-30.4639 94.0655 2.69038 0.285057 -0.912225 -0.294259
-31.2109 93.6654 3.19625 0.303218 -0.905392 -0.297168
-32.1011 93.1834 3.7423 0.302882 -0.902923 -0.304902
-33.0105 92.7192 4.18628 0.30021 -0.895987 -0.327232
-33.8925 92.3049 4.51325 0.298 -0.896999 -0.326479
-34.8519 91.8885 4.7816 0.271861 -0.897145 -0.346603
-35.7959 91.5469 4.77762 0.325609 -0.867208 -0.376735
-36.9525 91.2194 4.52059 0.34015 -0.867868 -0.362082
-37.8549 91.0213 4.14786 0.332111 -0.873162 -0.356606
-38.6571 90.892 3.64892 0.350414 -0.878585 -0.324497
-39.4507 90.8333 2.93941 0.374297 -0.873402 -0.311129
-40.1214 90.8188 2.19979 0.359638 -0.880491 -0.308862
-40.7072 90.8517 1.37671 0.372031 -0.879638 -0.29636
-41.0969 90.9512 0.336919 0.355389 -0.909223 -0.206978
-41.2361 91.1384 -0.544573 0.302986 -0.923312 -0.235862
-41.3172 91.4274 -1.82407 0.286398 -0.93218 -0.220578
-41.2795 91.6462 -2.698 0.237459 -0.944046 -0.228891
-41.1872 91.8986 -3.75651 0.158366 -0.975602 -0.151705
-41.0535 92.1166 -4.99317 0.150836 -0.977171 -0.149464
-40.8368 92.2972 -6.20901 0.110604 -0.987626 -0.111112
-40.6127 92.435 -7.18152 0.0823406 -0.992917 -0.0591089
-40.2516 92.4588 -8.24666 0.0507789 -0.998664 -0.00733259
-40.0153 92.4818 -9.21526 0.048947 -0.998747 -0.00255758
-39.7768 92.4735 -10.5315 0.0207057 -0.996553 0.0681946
-39.6176 92.3559 -11.6314 -0.0196212 -0.99428 0.0924698
-39.5451 92.1826 -12.7094 -0.0711007 -0.97076 0.219249
-39.5063 91.7875 -14.3375 0.0369102 -0.962281 0.269542
-39.5261 91.5503 -15.2135 -0.00572463 -0.947235 0.314825
-39.7107 91.1125 -16.2751 -0.000498569 -0.923146 0.384446
-40.0774 90.6449 -17.3867 -0.00310137 -0.921121 0.389264
-40.4129 90.1327 -18.2503 0.0683851 -0.851652 0.519627
-40.9284 89.6465 -18.9224 0.0270741 -0.77932 0.626038
-42.0581 89.3315 -19.3107 -0.0332221 -0.804425 0.593124
-43.2895 89.4008 -19.2707 -0.0193925 -0.728021 0.685281
-44.4886 90.0202 -18.6066 -0.0927367 -0.784803 0.612767
-44.7841 90.6352 -17.8357 -0.0462098 -0.841856 0.53429
-44.7859 91.1661 -16.9256 0.0093983 -0.89805 0.432536
-44.7018 91.6865 -15.5864 -0.087149 -0.905565 0.399108
-44.7709 92.0598 -14.4269 -0.0993628 -0.956724 0.273508
-44.904 92.3521 -13.4529 -0.088621 -0.960823 0.262112
-45.0967 92.293 -12.4008 -0.00429624 -0.996659 -0.081563
-45.2667 92.2643 -11.477 -0.0204018 -0.997467 0.068147
-45.5892 92.3049 -10.1908 0.0765144 -0.996774 -0.024234
-45.7397 92.2585 -8.92828 0.078315 -0.996076 -0.0401939
-45.7746 92.0505 -7.41979 0.0557344 -0.972395 -0.224164
-45.7919 91.84 -6.49167 0.0388488 -0.971589 -0.233414
-45.869 91.4876 -5.41475 0.060067 -0.929029 -0.365098
-46.0969 91.0049 -4.19191 0.0886831 -0.936308 -0.339798
-46.3804 90.5706 -3.24621 0.198411 -0.880618 -0.427566
-46.6731 90.118 -2.41 0.232518 -0.879865 -0.414454
-47.0377 89.632 -1.5653 0.244102 -0.894633 -0.374227
-47.5697 88.9406 -0.511234 0.417399 -0.834429 -0.35987
-47.9278 88.4607 0.183119 0.429323 -0.828136 -0.35988
-48.5251 87.7625 1.06668 0.413328 -0.852729 -0.312597
-49.2949 87.0907 1.80293 0.471576 -0.844171 -0.25252
-50.1928 86.4914 2.58132 0.440237 -0.880847 -0.173996
-50.9419 86.0169 3.28488 0.468335 -0.875451 -0.112932
-51.6937 85.4927 4.27631 0.465971 -0.884199 -0.0326095
-52.6404 84.9524 5.47344 0.483275 -0.875467 0.00188948
-53.2891 84.5961 6.30794 0.485088 -0.874449 0.00427517
-53.8249 84.3097 6.97913 0.535086 -0.84207 0.0678329
-54.3867 84.0071 7.65246 0.553188 -0.829993 0.0713052
-54.9573 83.6996 8.47471 0.550589 -0.83175 0.0710139
-55.5565 83.3409 9.61677 0.613295 -0.789208 0.025362
-56.1846 82.8778 10.5752 0.63699 -0.769668 0.037364
-56.7287 82.418 11.7305 0.67844 -0.73444 -0.00608881
-57.296 81.7792 12.7534 0.725517 -0.683755 -0.078133
-57.7953 81.1472 13.6767 0.691904 -0.715376 -0.0975032
-58.1685 80.5732 14.7776 0.726235 -0.667071 -0.163011
-58.3173 80.1585 15.6437 0.724472 -0.660624 -0.196667
-58.4156 79.7676 16.5714 0.727917 -0.65595 -0.199667
-58.445 79.3965 17.5021 0.724694 -0.634395 -0.269002
-58.4164 78.9917 18.5446 0.719189 -0.639373 -0.271796
-58.3388 78.6858 19.4266 0.710052 -0.638006 -0.29795
-58.2344 78.4305 20.3101 0.648216 -0.711036 -0.271084
-58.2361 77.8584 21.6729 0.655591 -0.699606 -0.284097
-58.2455 77.448 22.6751 0.659575 -0.697542 -0.279992
-58.251 77.0521 23.6235 0.657844 -0.694469 -0.291468
-58.2328 76.6834 24.6342 0.601527 -0.744382 -0.289865
-58.2081 76.3741 25.4918 0.605503 -0.739516 -0.293936
-58.1617 75.9763 26.553 0.607338 -0.735564 -0.300127
-58.1161 75.6524 27.4849 0.569135 -0.776843 -0.269445
-58.1101 75.3423 28.3596 0.560706 -0.766154 -0.314034
-58.0844 74.9305 29.4638 0.536808 -0.788563 -0.299854
-58.0085 74.5661 30.5235 0.519813 -0.804793 -0.284635
-58.0395 74.242 31.433 0.481058 -0.826467 -0.292466
-58.0757 73.86 32.4523 0.480955 -0.826449 -0.292685
-58.0538 73.5961 33.3273 0.471933 -0.84217 -0.260823
-57.8483 73.4146 34.2408 0.443578 -0.866542 -0.228788
-57.4675 73.3432 35.157 0.412025 -0.87019 -0.270195
-56.718 73.2797 36.3336 0.361753 -0.891103 -0.273973
-56.1851 73.2631 37.0838 0.362546 -0.892914 -0.266809
-55.6046 73.2478 37.9142 0.283712 -0.913134 -0.291997
-54.853 73.1684 38.8727 0.264247 -0.923478 -0.278142
-54.2034 73.1412 39.5915 0.247501 -0.929369 -0.273055
-53.4811 73.135 40.1583 0.196158 -0.933387 -0.300516
-52.4812 73.1686 40.7332 0.210773 -0.918291 -0.333404
-51.6816 73.1386 41.2546 0.155551 -0.937312 -0.311004
-50.7475 73.1338 41.6699 0.149545 -0.930295 -0.333526
-49.3427 73.216 41.9676 0.105945 -0.924589 -0.365939
-48.2548 73.3941 41.8146 0.0807872 -0.929351 -0.36025
-47.2247 73.6471 41.393 0.0838294 -0.915535 -0.391878
-46.2839 73.9466 40.8755 0.0395292 -0.902889 -0.428053
-45.3304 74.2885 40.2122 -0.0708796 -0.892199 -0.446045
-44.6371 74.5384 39.6109 -0.0268438 -0.91515 -0.401405
-44.0125 74.869 38.9831 -0.0212303 -0.871619 -0.489724
-43.5244 75.2669 38.2701 -0.0390758 -0.84501 -0.533301
-43.0613 75.7442 37.4734 -0.0307564 -0.848624 -0.527927
-42.6888 76.2036 36.7226 -0.101292 -0.814678 -0.570664
-42.2726 76.8139 35.7822 -0.119131 -0.804286 -0.582143
-41.8932 77.3235 34.9877 -0.137712 -0.804486 -0.577787
-41.3365 78.0147 33.9925 -0.219006 -0.738478 -0.63772
-41.0162 78.5097 33.3093 -0.229314 -0.720069 -0.654365
-40.5551 79.324 32.364 -0.206038 -0.67249 -0.710849
-40.066 79.9481 31.5776 -0.191715 -0.723931 -0.66104
-39.6281 80.4043 30.9077 -0.243136 -0.662738 -0.708282
-38.8292 81.1616 29.9227 -0.245447 -0.662444 -0.707759
-38.0983 81.7646 29.1095 -0.242563 -0.660083 -0.710952
-37.4764 82.1818 28.4875 -0.23304 -0.694632 -0.680572
-36.8523 82.5833 27.8664 -0.236859 -0.693311 -0.680579
-35.9951 82.9438 27.1653 -0.242007 -0.719135 -0.651128
-35.0029 83.3775 26.3527 -0.236438 -0.754709 -0.608599
-34.0212 83.9513 25.2485 -0.26605 -0.757481 -0.595703
-33.5237 84.2808 24.5509 -0.283166 -0.774686 -0.565401
-32.8971 84.7951 23.4314 -0.207873 -0.85754 -0.470547
-32.0569 84.3672 23.6772 -0.289668 -0.800888 -0.522277
-31.7541 84.8512 22.649 -0.29741 -0.831251 -0.469648
-31.5249 85.4215 21.3526 -0.226696 -0.887217 -0.401814
-31.2472 85.9243 20.1117 -0.225663 -0.878423 -0.421234
-31.0674 86.3291 19.1768 -0.207506 -0.901735 -0.375131
-30.8655 86.7141 17.9694 -0.162354 -0.924166 -0.344072
-30.7355 87.1045 17.0642 -0.0773517 -0.909959 -0.407421
-30.5325 87.4813 16.0359 -0.0407532 -0.927829 -0.363984
-30.2978 88.1398 14.8027 0.0335535 -0.891727 -0.449251
-30.1439 88.6985 13.8212 0.136495 -0.859093 -0.493284
-29.9352 89.2808 12.9584 0.17032 -0.828949 -0.532761
-29.6283 90.0447 11.8601 0.154457 -0.836316 -0.52604
-29.3224 90.8031 10.8423 0.308383 -0.826192 -0.471494
-29.0136 91.3215 10.1358 0.331907 -0.815861 -0.472808
-28.3922 91.9972 9.39596 0.339405 -0.820332 -0.460282
-27.7588 92.5686 8.81136 0.362724 -0.823134 -0.435391
-27.1147 93.1467 8.31551 0.364416 -0.849485 -0.374011
-26.1394 93.7676 7.57836 0.322922 -0.891412 -0.317972
-25.5251 94.1671 7.02539 0.235412 -0.926779 -0.292681
-24.8335 94.5494 6.32349 0.22485 -0.948089 -0.224788
-23.8453 94.9882 5.41213 0.200098 -0.954649 -0.220058
-22.9232 95.3272 4.67647 0.173558 -0.968641 -0.17564
-22.1642 95.5644 4.07312 0.209278 -0.966936 -0.145732
-21.0927 95.871 3.32516 0.181451 -0.974552 -0.131546
-20.0671 96.0128 2.985 0.183313 -0.972648 0.142663
-19.0616 96.2094 2.83136 0.218221 -0.969376 0.112647
-17.5066 96.4091 2.64614 0.0922084 -0.982807 0.159965
-16.4168 96.5079 2.40583 0.0815866 -0.995965 -0.0281594
-15.432 96.5928 2.1989 0.0891351 -0.995997 -0.00671141
-14.4244 96.6022 1.97417 -0.0913428 -0.99476 0.0459263
-13.536 96.4306 1.56986 -0.274882 -0.932197 0.228876
-12.7937 96.0705 1.15175 -0.326684 -0.920815 0.213019
-12.2984 95.5496 0.573705 -0.45569 -0.824678 0.334183
-11.9343 95.0029 -0.128354 -0.516366 -0.784096 0.344325
-11.7691 94.4945 -1.05034 -0.522698 -0.786239 0.32956
-12.0357 94.3147 -1.90729 -0.524103 -0.788323 0.322277
-12.526 94.1871 -3.0224 -0.513856 -0.799479 0.311103
-13.3339 94.368 -4.01184 -0.514225 -0.834784 0.196746
-14.0879 94.5999 -4.77673 -0.403532 -0.884067 0.23152
-14.8149 94.8367 -5.28047 -0.448315 -0.875211 0.178857
-15.7342 95.29 -5.71475 -0.452086 -0.880773 0.129318
-16.7502 95.6829 -6.02103 -0.434343 -0.89326 0.0910174
-17.5375 96.1203 -6.17215 -0.495136 -0.867527 0.0451786
-18.3684 96.5098 -6.20037 -0.368603 -0.919344 -0.137615
-19.6705 96.8287 -5.74414 -0.150906 -0.985341 -0.0795631
-20.8266 96.9002 -5.15526 -0.066566 -0.989986 -0.12448
-21.9332 96.8902 -4.59982 -0.0367962 -0.986634 -0.157077
-22.996 96.8033 -3.98713 -0.0118146 -0.983148 -0.182431
-23.9601 96.6597 -3.4159 0.0791639 -0.982508 -0.168556
-24.8589 96.4741 -2.75968 0.0806973 -0.9829 -0.165483
-25.7875 96.2589 -2.05874 0.151703 -0.969858 -0.190685
-26.5244 96.0291 -1.4774 0.157504 -0.96594 -0.20512
-27.4479 95.7128 -0.739502 0.185244 -0.956867 -0.222052
-28.4417 95.3487 -0.126097 0.209991 -0.952614 -0.220065
-29.4636 94.9326 0.693517 0.209902 -0.950847 -0.227545
-30.1871 94.5679 1.3103 0.270126 -0.92544 -0.265692
-31.1291 94.0786 2.00539 0.293214 -0.909633 -0.294143
-32.1502 93.5521 2.58283 0.303219 -0.905392 -0.297168
-33.0283 93.1259 3.12405 0.235591 -0.924558 -0.299481
-33.9749 92.6463 3.52529 0.270836 -0.886448 -0.374091
-35.0548 92.2181 3.83915 0.245726 -0.897292 -0.366723
-35.9499 91.8947 3.85716 0.327048 -0.864042 -0.382715
-36.8009 91.647 3.69736 0.332924 -0.858773 -0.389283
-38.1133 91.3603 3.04926 0.389348 -0.85229 -0.349299
-39.0918 91.2841 2.13886 0.388949 -0.866313 -0.3134
-39.8122 91.2953 1.12638 0.376508 -0.887576 -0.265119
-40.2548 91.4011 -0.0194814 0.407268 -0.897273 -0.170395
-40.3732 91.505 -0.96816 0.305376 -0.931524 -0.19322
-40.3759 91.7433 -2.05448 0.267907 -0.943832 -0.193409
-40.2966 91.9675 -3.00361 0.208535 -0.960516 -0.171977
-40.2174 92.0893 -3.91405 0.173651 -0.975869 -0.131252
-40.089 92.2464 -4.84306 0.150411 -0.979534 -0.133751
-39.9143 92.3858 -5.97255 0.174726 -0.982281 -0.067789
-39.6815 92.4858 -6.88766 0.0404943 -0.999051 0.00168204
-39.3414 92.4868 -8.01437 0.030739 -0.999396 -0.00685935
-39.0231 92.525 -9.35462 0.0360614 -0.998814 0.0108749
-38.8017 92.4839 -10.6751 0.020715 -0.996553 0.0681892
-38.6434 92.3046 -12.0081 -0.0230506 -0.989711 0.14121
-38.5572 92.0855 -13.1589 0.000417918 -0.979798 0.19999
-38.5547 91.9014 -14.0609 0.0186699 -0.971041 0.23476
-38.562 91.587 -15.119 0.0123877 -0.957596 0.287849
-38.7945 90.9354 -16.6229 -0.0144336 -0.900268 0.435096
-39.1028 90.5856 -17.4672 -0.0425432 -0.91682 0.397019
-39.3922 90.0828 -18.3516 0.0178512 -0.818123 0.574766
-39.9389 89.3968 -19.274 0.0253769 -0.779897 0.625393
-40.722 88.9814 -19.7584 0.0453821 -0.760291 0.647194
-41.8266 88.6704 -20.0111 0.0483662 -0.744009 0.666416
-42.7898 88.6466 -20.0442 -0.0323926 -0.720415 0.692787
-43.8508 88.798 -19.927 -0.0325911 -0.728757 0.683867
-44.804 89.2634 -19.4934 -0.0442276 -0.731465 0.680435
-45.3756 89.7607 -18.9918 -0.0473473 -0.750909 0.658145
-45.6932 90.3397 -18.3303 -0.0647972 -0.762573 0.643649
-45.7605 90.8817 -17.5275 -0.186861 -0.831477 0.523192
-45.7117 91.4817 -16.4396 -0.184793 -0.878544 0.440467
-45.6108 91.88 -15.4309 -0.117107 -0.962614 0.244256
-45.7613 92.2231 -14.2155 -0.0886238 -0.960822 0.262116
-45.9167 92.3625 -13.3316 -0.0594333 -0.977685 -0.156663
-46.1353 92.2316 -12.018 0.0477414 -0.994685 -0.0912251
-46.4849 92.3714 -10.7211 -0.0410839 -0.987579 0.151655
-46.7291 92.3681 -9.72293 -0.130627 -0.989013 -0.0692144
-46.7985 92.2978 -8.41727 -0.123781 -0.991135 -0.048267
-46.8086 92.036 -7.47685 -0.00884897 -0.966906 -0.249653
-46.8226 91.7227 -6.14386 0.0186125 -0.917376 -0.367793
-46.9303 91.1541 -5.05174 0.162115 -0.924379 -0.333722
-47.1674 90.8829 -4.16221 0.168978 -0.951677 -0.255364
-47.3994 90.3754 -3.30742 0.23706 -0.852813 -0.46531
-47.6906 89.8697 -2.50599 0.244259 -0.865722 -0.43636
-48.0451 89.2959 -1.65245 0.417747 -0.78167 -0.463119
-48.3899 88.7366 -0.989556 0.433874 -0.823279 -0.365428
-48.9471 87.9718 0.0491923 0.475043 -0.808022 -0.346399
-49.4095 87.4079 0.655023 0.50774 -0.788696 -0.34664
-50.2298 86.7586 1.27306 0.442208 -0.861027 -0.251167
-51.0086 86.1998 1.94168 0.476745 -0.864354 -0.160018
-51.6946 85.6937 2.65288 0.472192 -0.868378 -0.151409
-52.4407 85.1246 3.71776 0.458686 -0.878224 -0.135387
-53.0883 84.7181 4.58812 0.4857 -0.872781 -0.0484601
-53.7553 84.3222 5.44529 0.520232 -0.853973 -0.0094572
-54.4958 83.8897 6.41103 0.517721 -0.854838 0.0325477
-55.2286 83.4626 7.30081 0.531451 -0.846663 0.0268532
-55.9684 82.9687 8.56754 0.598674 -0.800338 0.0223155
-56.5878 82.5271 9.6595 0.619635 -0.784855 0.00751206
-57.0224 82.154 10.5331 0.644109 -0.76398 -0.0381813
-57.4357 81.7669 11.4823 0.678435 -0.734445 -0.0060885
-57.9629 81.1663 12.3047 0.684703 -0.723481 -0.0880765
-58.3955 80.6456 13.0954 0.685998 -0.721079 -0.0968463
-58.7505 80.0703 14.1447 0.716636 -0.683445 -0.139052
-58.9781 79.5186 15.3352 0.728974 -0.65538 -0.197671
-59.0704 79.1363 16.2587 0.734687 -0.642697 -0.216068
-59.1038 78.5955 17.6163 0.733077 -0.631918 -0.250735
-59.0896 78.2174 18.6696 0.635645 -0.733555 -0.240524
-59.0171 77.9621 19.5955 0.636274 -0.727209 -0.257532
-58.9442 77.6 20.7535 0.625271 -0.72616 -0.284488
-58.9814 77.2008 21.7658 0.6039 -0.741358 -0.291948
-59.019 76.7664 22.7597 0.575291 -0.760637 -0.300786
-59.0583 76.2983 23.9344 0.596045 -0.752278 -0.280299
-59.0018 75.9983 24.8091 0.574934 -0.766452 -0.284558
-58.9781 75.6809 25.735 0.547249 -0.782896 -0.29596
-58.9178 75.3225 26.8238 0.539739 -0.793442 -0.281304
-58.9028 74.9365 27.9244 0.528451 -0.801791 -0.278646
-58.9178 74.5721 28.8969 0.509168 -0.805028 -0.30443
-58.8869 74.2554 29.798 0.51981 -0.804796 -0.284631
-58.8566 73.9566 30.8005 0.505978 -0.822306 -0.260383
-58.9238 73.5982 31.7582 0.498458 -0.820975 -0.278459
-58.9635 73.2672 32.7945 0.442083 -0.858105 -0.261188
-58.8409 72.9692 34.0316 0.428032 -0.873445 -0.232114
-58.4466 72.8656 35.1602 0.436308 -0.870019 -0.229426
-57.9718 72.8248 36.09 0.40174 -0.881203 -0.24917
-57.4058 72.8262 36.8906 0.368445 -0.888194 -0.274516
-56.5945 72.8353 38.0175 0.358381 -0.901907 -0.241094
-55.7991 72.8069 39.1001 0.291729 -0.910825 -0.292048
-55.1795 72.7702 39.8607 0.282567 -0.916969 -0.281528
-54.1665 72.7793 40.8076 0.275162 -0.917823 -0.28616
-53.0292 72.807 41.4681 0.189185 -0.932596 -0.307366
-51.9017 72.7664 42.2423 0.17812 -0.933245 -0.311972
-51.0615 72.7811 42.6062 0.124807 -0.938717 -0.320998
-50.0694 72.8269 42.8142 0.0931394 -0.938108 -0.333585
-49.1506 72.8945 42.8808 0.097962 -0.935637 -0.339011
-48.087 73.0496 42.7241 0.0686657 -0.927694 -0.366972
-47.0495 73.2767 42.3535 0.0675746 -0.925429 -0.372847
-45.9859 73.5665 41.7537 0.0307554 -0.936941 -0.348133
-44.8829 73.9019 41.0374 -0.00187322 -0.912224 -0.409688
-44.0979 74.1674 40.4019 -0.0515118 -0.917218 -0.395042
-43.2827 74.5341 39.5475 -0.00217212 -0.87032 -0.492106
-42.7407 75.007 38.7348 0.00623872 -0.878556 -0.477067
-42.1589 75.5417 37.7713 -0.0497228 -0.861179 -0.504402
-41.7439 76.001 36.8767 -0.0826819 -0.846035 -0.524586
-41.2561 76.7422 35.6664 -0.121521 -0.830736 -0.543241
-40.5242 77.5449 34.3146 -0.155446 -0.818632 -0.552882
-40.1335 78.1186 33.4907 -0.162926 -0.745527 -0.645436
-39.855 78.6955 32.7996 -0.149173 -0.69668 -0.701701
-39.1791 79.5325 31.7141 -0.244117 -0.725337 -0.643632
-38.7237 80.0153 31.004 -0.223595 -0.717468 -0.659268
-38.0775 80.6433 30.1617 -0.208383 -0.693061 -0.690103
-37.4621 81.1969 29.4384 -0.206738 -0.669936 -0.713053
-36.8001 81.6619 28.7794 -0.236804 -0.688279 -0.685708
-36.1365 82.0291 28.1783 -0.241822 -0.693989 -0.67816
-35.256 82.4201 27.5118 -0.17897 -0.698818 -0.692549
-34.3771 82.8105 26.7773 -0.249475 -0.740313 -0.624258
-33.6503 83.1937 26.0325 -0.248484 -0.746464 -0.617219
-32.9826 83.6249 25.168 -0.28461 -0.762339 -0.581236
-32.3805 84.061 24.2735 -0.29376 -0.77617 -0.557911
-32.1258 84.2847 23.8283 -0.293763 -0.776171 -0.557909
-31.3013 83.8382 24.0708 -0.240911 -0.808318 -0.537198
-30.9096 84.3657 23.0315 -0.254454 -0.838383 -0.482006
-30.7085 84.8223 22.1233 -0.251959 -0.844469 -0.472592
-30.5159 85.2614 21.1091 -0.242435 -0.881277 -0.405679
-30.355 85.6728 20.2429 -0.168983 -0.885802 -0.431024
-30.1067 86.0989 19.2029 -0.155356 -0.900485 -0.406191
-29.8281 86.4602 18.2375 -0.116636 -0.911168 -0.393351
-29.7874 87.0751 16.9484 -0.0792748 -0.877685 -0.471002
-29.3503 87.5713 15.8997 0.0310765 -0.898148 -0.435324
-29.3299 88.1374 14.9765 0.122426 -0.824785 -0.552033
-29.2139 88.6502 14.174 0.145271 -0.859326 -0.490362
-28.9955 89.3376 13.1522 0.154115 -0.829482 -0.53685
-28.6481 90.2776 12.0108 0.210384 -0.76992 -0.602463
-28.3538 91.0418 11.1057 0.355423 -0.805529 -0.474128
-27.8542 91.7281 10.2811 0.342044 -0.821531 -0.456172
-27.3242 92.3575 9.65963 0.437102 -0.795718 -0.418115
-26.7241 92.903 9.18299 0.395583 -0.824891 -0.402522
-25.6052 93.6801 8.37167 0.32514 -0.891566 -0.315267
-24.9767 94.1054 7.80888 0.311157 -0.907239 -0.280257
-24.0039 94.6253 6.79347 0.210389 -0.953403 -0.216237
-23.2376 94.9163 6.2765 0.200088 -0.95465 -0.220062
-22.3208 95.3308 5.44711 0.247078 -0.954237 -0.157907
-21.3774 95.6168 4.85555 0.201104 -0.968797 -0.144629
-20.5455 95.9705 4.21185 0.274949 -0.95801 -0.0408284
-19.5308 96.1962 3.87581 0.201646 -0.978811 -0.030009
-18.4006 96.429 3.71221 0.183634 -0.978588 0.0929696
-16.9136 96.5964 3.45482 0.0466315 -0.988997 0.128979
-15.9509 96.574 3.21763 0.0476244 -0.994867 0.071362
-14.7682 96.6833 2.99292 -0.01888 -0.988766 0.0528223
-13.8877 96.5363 2.83335 -0.124597 -0.991979 -0.0212913
-12.557 96.1862 2.27292 -0.34571 -0.930576 0.120473
-11.8359 95.7423 1.68222 -0.501203 -0.788603 0.356084
-11.3531 95.1048 0.942834 -0.508588 -0.784629 0.354536
-10.993 94.3764 -0.112754 -0.54259 -0.764499 0.348048
-10.8705 93.8656 -1.07725 -0.544104 -0.776664 0.3174
-11.1689 93.6509 -2.10225 -0.567892 -0.752586 0.333336
-11.6415 93.5 -3.29953 -0.557438 -0.783435 0.274758
-12.4499 93.702 -4.32585 -0.545637 -0.807325 0.224737
-13.1047 93.9642 -4.96395 -0.547406 -0.811038 0.205219
-13.8146 94.2708 -5.7254 -0.483781 -0.851776 0.185986
-14.702 94.6196 -6.27002 -0.492851 -0.863974 0.103185
-15.4592 95.0073 -6.64723 -0.493247 -0.86368 0.103748
-16.29 95.3969 -6.84297 -0.423892 -0.903305 0.0659954
-17.537 96.0804 -7.2686 -0.5149 -0.856601 0.0253291
-18.3153 96.5714 -7.23253 -0.566312 -0.816142 -0.0645112
-19.2363 96.8437 -7.00023 -0.19423 -0.979719 -0.0492445
-20.0689 96.9511 -6.58305 -0.149377 -0.986223 -0.0710746
-20.9444 97.0262 -6.12579 -0.0668553 -0.991318 -0.113217
-21.7841 97.0399 -5.73804 -0.056788 -0.988213 -0.137929
-22.8136 97.0062 -5.2404 -0.0268212 -0.992665 -0.117888
-23.8014 96.9423 -4.80778 0.0454526 -0.981253 -0.183144
-24.7899 96.6823 -3.96633 0.0895191 -0.984532 -0.142606
-25.7077 96.5125 -3.34061 0.0655979 -0.980721 -0.184072
-26.7263 96.2567 -2.75688 0.149893 -0.969152 -0.19556
-27.7475 95.8992 -1.80478 0.157505 -0.965939 -0.205124
-28.5572 95.5776 -1.21518 0.200292 -0.953066 -0.225711
-29.7004 95.1344 -0.299385 0.181696 -0.952275 -0.245272
-30.3758 94.7919 0.284699 0.277718 -0.929393 -0.243109
-31.1381 94.407 0.862739 0.280181 -0.926799 -0.250085
-32.3498 93.8126 1.61829 0.288948 -0.904711 -0.313061
-33.0746 93.4678 2.05835 0.23225 -0.918317 -0.320532
-34.0649 93.0603 2.50965 0.240497 -0.904165 -0.351205
-35.0471 92.6354 2.86341 0.252726 -0.884859 -0.391349
-35.9349 92.3222 2.91787 0.322764 -0.860453 -0.394264
-37.1366 91.9486 2.7421 0.365849 -0.846882 -0.383788
-37.9227 91.7964 2.24128 0.415615 -0.84649 -0.328041
-38.5413 91.7093 1.56231 0.377122 -0.88265 -0.280548
-39.1725 91.7315 0.608251 0.388327 -0.882922 -0.263915
-39.3489 91.8136 -0.60173 0.345831 -0.927419 -0.137783
-39.4828 91.9497 -2.01658 0.241278 -0.95847 -0.139374
-39.3638 92.1473 -3.04625 0.183771 -0.97639 -0.113535
-39.2502 92.2783 -4.1343 0.152565 -0.98137 -0.115233
-39.0315 92.4673 -5.27259 0.122289 -0.98459 -0.121125
-38.8397 92.5323 -6.17291 0.0752744 -0.996744 -0.0288968
-38.5986 92.5553 -7.04118 0.0771841 -0.996374 0.0357905
-38.3462 92.5261 -8.21716 0.0528526 -0.99791 0.0113854
-38.1078 92.5528 -9.16019 0.0179234 -0.999502 -0.000193138
-37.8812 92.5098 -10.4729 0.0188167 -0.998848 0.0441457
-37.6676 92.2882 -12.0081 -0.0128815 -0.989612 0.143183
-37.6052 92.0458 -13.2327 -0.0338955 -0.978224 0.204766
-37.5905 91.8669 -14.2075 -0.00887038 -0.985516 0.169353
-37.6227 91.4409 -15.5902 0.00988882 -0.924856 0.374143
-37.7719 90.9606 -16.577 0.0295791 -0.900235 0.434398
-38.0576 90.5253 -17.5018 0.00106733 -0.916159 0.400813
-38.285 90.1397 -18.305 0.0349787 -0.827811 0.559358
-38.9577 89.2548 -19.5286 0.0456586 -0.797822 0.601041
-40.1096 88.4659 -20.3841 0.0579791 -0.73929 0.670885
-41.164 88.1116 -20.6759 0.0560489 -0.728429 0.682715
-42.3422 87.9443 -20.7708 0.0522664 -0.736353 0.674575
-43.4069 87.983 -20.7433 -0.0339205 -0.705583 0.707815
-44.2862 88.1807 -20.5699 -0.0155294 -0.698241 0.715688
-45.1591 88.596 -20.1876 -0.0395792 -0.698989 0.713672
-46.0573 89.2629 -19.5972 -0.0614135 -0.725088 0.68558
-46.603 89.9099 -18.9507 -0.0740916 -0.7212 0.688753
-46.7588 90.7286 -17.9453 -0.0572979 -0.813943 0.577745
-46.6797 91.2726 -17.1129 -0.0211812 -0.869276 0.49343
-46.5689 91.9047 -15.8303 -0.105401 -0.899256 0.424535
-46.5824 92.1493 -14.9277 -0.159105 -0.958416 0.236905
-46.7498 92.4031 -14.0074 -0.14434 -0.956825 0.251393
-46.9296 92.4577 -12.9835 -0.166598 -0.960684 -0.222108
-47.0486 92.2122 -12.0395 -0.0406543 -0.965732 -0.0734889
-47.4728 92.434 -10.878 -0.1285 -0.982284 0.136403
-47.9132 92.4927 -9.41799 -0.108877 -0.992243 -0.06
-47.8772 92.3847 -8.4653 -0.0853447 -0.95243 -0.291121
-47.8062 92.0765 -7.41781 -0.0602513 -0.95871 -0.277928
-47.885 91.7359 -6.23072 0.0186204 -0.917377 -0.367792
-47.9245 90.9617 -5.01307 0.143012 -0.888443 -0.403959
-48.26 90.4926 -4.02019 0.269007 -0.867214 -0.419018
-48.4937 90.0074 -3.18087 0.236027 -0.859411 -0.453546
-48.8231 89.2568 -2.1725 0.342013 -0.790945 -0.50719
-49.2799 88.5435 -1.32552 0.334785 -0.810104 -0.481301
-49.6067 87.8628 -0.647417 0.497868 -0.750289 -0.427571
-50.1363 87.2221 0.0288832 0.498797 -0.789243 -0.358185
-50.8019 86.6319 0.433626 0.514285 -0.8362 -0.190475
-51.4234 86.1626 0.875122 0.477183 -0.865604 -0.15174
-52.2574 85.535 1.79723 0.498158 -0.8561 -0.137595
-52.924 85.0099 2.69368 0.492099 -0.861554 -0.124293
-53.3659 84.6483 3.50732 0.488871 -0.865645 -0.107544
-54.2848 84.0269 4.62226 0.510398 -0.857906 -0.0529005
-54.8491 83.6683 5.43715 0.504053 -0.863312 -0.0215454
-55.588 83.2033 6.34559 0.555193 -0.831683 -0.00643938
-56.2377 82.7689 7.35647 0.565412 -0.824673 -0.000194015
-56.6974 82.4406 8.28173 0.577545 -0.816349 -0.0039735
-57.3224 81.951 9.31688 0.598451 -0.799923 -0.0444999
-57.7714 81.5376 10.2047 0.646227 -0.762201 -0.0379522
-58.1184 81.1718 10.9849 0.689142 -0.719559 -0.0855508
-58.721 80.4947 11.9602 0.68092 -0.726922 -0.088506
-59.1123 79.9872 12.7466 0.713298 -0.684881 -0.148806
-59.39 79.5036 13.6887 0.663422 -0.728463 -0.170365
-59.5804 79.1259 14.4898 0.661709 -0.724407 -0.193143
-59.6907 78.7655 15.4311 0.658161 -0.725646 -0.200655
-59.7985 78.3921 16.2963 0.667037 -0.705272 -0.239419
-59.8366 78.048 17.1543 0.631528 -0.748953 -0.200605
-59.869 77.6557 18.3721 0.617291 -0.744944 -0.253002
-59.7659 77.4286 19.2961 0.614084 -0.747423 -0.253496
-59.7045 77.0666 20.5508 0.60215 -0.755339 -0.257958
-59.7746 76.5712 21.8022 0.581614 -0.764035 -0.278403
-59.847 76.1135 22.8245 0.574587 -0.762446 -0.2975
-59.8382 75.5787 24.33 0.55895 -0.784459 -0.268532
-59.8987 75.2388 25.1816 0.551809 -0.784459 -0.282943
-59.7093 75.0031 26.2368 0.526935 -0.803644 -0.276206
-59.7253 74.5597 27.4786 0.516692 -0.811446 -0.27309
-59.8258 74.195 28.3754 0.513893 -0.807885 -0.287984
-59.7068 73.7923 29.7877 0.472794 -0.842445 -0.258364
-59.7355 73.4688 30.7292 0.462895 -0.841224 -0.279409
-59.8422 73.1025 31.7761 0.437934 -0.864482 -0.246749
-59.8819 72.8108 32.7277 0.435512 -0.8663 -0.244622
-59.8268 72.5884 33.6502 0.431073 -0.871537 -0.233665
-59.4099 72.3998 35.1487 0.424871 -0.877102 -0.223999
-58.9965 72.3385 36.1333 0.409844 -0.877541 -0.248896
-58.3052 72.3757 37.1405 0.405793 -0.879372 -0.249033
-57.6186 72.388 38.1498 0.366631 -0.89931 -0.238378
-57.0072 72.4236 38.9395 0.360337 -0.901014 -0.241519
-56.0961 72.3966 40.1292 0.293384 -0.913861 -0.280686
-55.488 72.3986 40.821 0.270137 -0.930187 -0.247665
-54.747 72.4196 41.4775 0.246259 -0.929785 -0.272774
-53.9503 72.4486 42.0041 0.179466 -0.93753 -0.298042
-53.0039 72.4453 42.5911 0.174162 -0.942081 -0.286574
-51.9688 72.432 43.2532 0.169806 -0.943561 -0.284357
-51.1001 72.4569 43.5257 0.112621 -0.940603 -0.320285
-49.7567 72.5186 43.7845 0.0969884 -0.940283 -0.326276
-48.7882 72.5943 43.833 0.0578283 -0.943723 -0.325641
-47.8933 72.7214 43.6054 0.0602007 -0.936719 -0.34431
-46.6798 72.9672 43.1757 0.0588848 -0.927932 -0.367796
-45.5839 73.2505 42.5811 0.00464095 -0.930932 -0.365049
-44.4646 73.5245 41.9194 0.00858741 -0.924831 -0.380179
-43.6696 73.7793 41.3247 -0.00523857 -0.92758 -0.373472
-42.5638 74.2337 40.131 0.0100527 -0.903376 -0.423144
-41.8507 74.8023 39.0451 -0.0787849 -0.880007 -0.467885
-41.2869 75.3134 38.0392 -0.0777852 -0.871864 -0.483532
-40.6636 76.019 36.7002 -0.0589292 -0.858664 -0.508928
-40.2964 76.5692 35.7576 -0.10943 -0.859677 -0.496042
-39.8235 77.031 34.8845 -0.147736 -0.821394 -0.550895
-39.4393 77.4668 34.1317 -0.12067 -0.805756 -0.57833
-38.9449 78.3144 33.0253 -0.141806 -0.73554 -0.662474
-38.4213 78.9915 32.0847 -0.164946 -0.767642 -0.619289
-37.9001 79.5953 31.2428 -0.11994 -0.755766 -0.643764
-37.1956 80.2121 30.392 -0.0964093 -0.714833 -0.689807
-36.7613 80.698 29.8096 -0.192552 -0.728747 -0.656102
-36.2111 81.1237 29.1345 -0.226218 -0.718749 -0.657257
-35.2459 81.5375 28.4108 -0.158042 -0.710182 -0.68604
-34.4721 81.9222 27.831 -0.157789 -0.712778 -0.68341
-33.7669 82.2604 27.2621 -0.196134 -0.750896 -0.628989
-33.024 82.6415 26.5191 -0.194164 -0.780316 -0.594481
-32.4776 82.9731 25.8509 -0.234492 -0.797894 -0.555318
-31.7656 83.4328 24.8908 -0.237753 -0.802975 -0.546409
-31.3822 83.7404 24.2545 -0.242415 -0.808165 -0.536753
-20.7952 96.3826 -0.600499 0.0363875 -0.987023 -0.156404
-20.0077 96.505 -1.2821 -0.02624 -0.992058 -0.109743
-18.9383 96.4792 -1.97251 -0.0836035 -0.994788 -0.058367
-17.5147 96.2942 -2.25962 -0.212438 -0.977169 -0.00334703
-16.6138 96.1474 -1.84837 -0.164246 -0.971066 0.14584
-16.5199 96.2138 -1.3006 -0.164247 -0.971067 0.14583
-17.6875 96.3278 -1.09457 -0.1428 -0.982835 0.0644973
-18.6098 96.418 -1.09712 -0.0429283 -0.998472 -0.0348003
-19.8111 96.4454 -0.908242 0.00081429 -0.987425 -0.158085
-20.3001 96.4191 -0.746657 0.000811303 -0.987426 -0.15808
-20.4388 96.4149 -0.721464 0.0185979 -0.987225 -0.157239
