-46.6423 87.7088 20.868 0.144751 -0.976538 -0.156192
-45.8734 87.9607 19.7768 0.102885 -0.986675 -0.121827
-45.4462 88.1235 18.452 0.0785829 -0.994194 -0.0683202
-45.0117 88.2062 17.2342 0.0698373 -0.996666 -0.042142
-46.0179 88.1042 17.9624 0.073282 -0.996429 -0.0418861
-46.7372 87.9839 18.7456 0.0793827 -0.991394 -0.104096
-47.236 87.8171 19.6139 0.136802 -0.979189 -0.149912
-47.5147 87.6075 20.7099 0.137645 -0.975784 -0.169245
-46.9734 87.5748 21.2862 0.165319 -0.969721 -0.179751
-46.4118 87.5306 21.9429 0.12979 -0.955512 -0.264862
-45.7716 87.7735 21.2039 0.0962134 -0.984838 -0.141342
-45.2448 87.9213 20.4716 0.0659793 -0.986588 -0.14928
-44.8265 88.0628 19.6175 0.0551217 -0.990443 -0.126426
-44.4525 88.1843 18.6144 0.0622267 -0.997187 -0.0413166
-44.211 88.2421 17.49 0.0563403 -0.997643 -0.0391704
-44.0078 88.2467 16.0563 0.0425378 -0.999078 0.00479263
-44.078 88.2069 14.8867 0.0493917 -0.998216 0.0335349
-44.9647 88.1886 15.4009 0.0386357 -0.998464 0.0397201
-45.9794 88.1471 16.4739 0.0692774 -0.997563 -0.00833452
-46.6658 88.0847 17.2812 0.0809942 -0.995893 -0.0398918
-47.3477 87.9844 18.1195 0.144891 -0.985511 -0.0839524
-48.0247 87.7571 19.2138 0.165465 -0.980031 -0.109542
-48.4029 87.56 20.1412 0.182553 -0.972957 -0.141522
-48.4813 87.2244 21.5598 0.330349 -0.906657 -0.262377
-48.4133 86.8782 22.75 0.331484 -0.888763 -0.316407
-47.897 86.8075 23.4613 0.253269 -0.909406 -0.321444
-47.2941 87.1324 22.8577 0.182043 -0.930127 -0.318943
-46.6262 87.4434 22.1524 0.129788 -0.955511 -0.264866
-46.0018 87.3391 22.8478 0.141382 -0.954962 -0.260882
-46.9048 86.8708 23.7746 0.144711 -0.91165 -0.384646
-47.5806 86.4363 24.4695 0.205469 -0.868353 -0.451382
-48.14 85.9773 25.0387 0.286333 -0.853288 -0.435733
-48.9996 85.195 25.964 0.322112 -0.832879 -0.450063
-49.0924 85.6878 24.9855 0.303312 -0.844886 -0.439966
-49.2259 86.1182 23.9443 0.335626 -0.872935 -0.354034
-49.3252 86.5492 22.6967 0.34507 -0.885693 -0.310604
-49.3636 86.8367 21.7886 0.334818 -0.9064 -0.257474
-49.3933 87.1747 20.5365 0.33259 -0.915379 -0.22487
-49.2026 87.4438 19.5896 0.31048 -0.927521 -0.207264
-48.7814 87.6786 18.6187 0.211093 -0.973686 -0.0858839
-48.1929 87.876 17.7152 0.207794 -0.977762 -0.0254997
-47.636 88.0001 17.0165 0.159982 -0.986299 0.0103555
-46.7501 88.0772 15.9477 0.0879652 -0.996098 0.00687024
-45.9389 88.1098 15.0381 0.0809246 -0.99561 0.0470279
-45.0976 88.1049 14.1885 0.0391279 -0.992598 0.114974
-44.286 88.0681 13.5943 0.0476934 -0.991802 0.118194
-43.0316 88.235 14.3364 0.0678319 -0.993814 0.0850255
-42.9434 88.23 15.3282 -0.0277103 -0.999573 -0.00931233
-43.1225 88.2379 16.5424 -0.036417 -0.999025 0.0249427
-43.3036 88.2815 17.5388 0.0141945 -0.998196 0.00592097
-43.4913 88.2132 18.6836 0.0168652 -0.995849 -0.084748
-43.7914 88.0956 19.7013 0.00906118 -0.993648 -0.112169
-44.3891 87.9084 20.9246 0.0637112 -0.986855 -0.148518
-45.2043 87.6482 22.0181 0.0748391 -0.967694 -0.240764
-45.6376 87.4952 22.474 0.141389 -0.954961 -0.260879
-44.8189 87.4461 23.0047 0.0963175 -0.962171 -0.253714
-45.5065 87.1548 23.6949 0.135029 -0.94284 -0.304664
-46.2561 86.7252 24.4436 0.229908 -0.901003 -0.367881
-47.0296 86.1601 25.2783 0.21785 -0.880509 -0.421006
-47.7022 85.5778 26.0824 0.256178 -0.857728 -0.44573
-48.1843 85.0872 26.713 0.28678 -0.835794 -0.467074
-48.8756 84.2956 27.5716 0.320855 -0.795889 -0.513433
-49.551 83.8281 27.8401 0.344515 -0.787257 -0.511405
-49.7216 84.308 26.9655 0.359254 -0.791448 -0.494516
-49.8924 84.835 25.9393 0.425741 -0.800072 -0.422486
-49.9637 85.2794 25.002 0.420667 -0.806938 -0.414597
-50.049 85.6594 24.1859 0.39989 -0.835579 -0.376691
-50.162 86.0239 23.2573 0.408333 -0.835075 -0.368476
-50.2489 86.3952 22.0915 0.353234 -0.884093 -0.305949
-50.3425 86.7769 20.7217 0.328823 -0.910254 -0.251617
-50.2417 87.0538 19.8484 0.312179 -0.920387 -0.234012
-49.8779 87.3756 18.6998 0.303089 -0.944167 -0.129171
-49.2008 87.6586 17.5131 0.217168 -0.975568 -0.0332316
-48.4436 87.842 16.5394 0.195148 -0.980759 -0.00532906
-47.7611 87.9507 15.7332 0.123955 -0.99189 -0.00197306
-47.1566 88.0476 15.0096 0.0808104 -0.995546 -0.0076175
-46.4944 88.0713 14.2932 0.0270817 -0.998747 -0.0420915
-45.7239 88.0358 13.4497 -0.0179788 -0.997284 0.0670582
-45.0389 87.9943 12.7636 0.0162701 -0.998467 0.0487075
-43.9838 88.0119 12.4435 0.0505049 -0.997776 0.0355002
-43.009 88.1054 12.9346 0.0818677 -0.994026 0.0668385
-42.1179 88.2283 13.6905 0.0470197 -0.995929 0.0769115
-41.9141 88.2336 14.6796 -2.4603e-05 -0.999344 -0.0362043
-41.997 88.2096 15.587 0.015338 -0.998966 0.0128523
-42.1795 88.2476 16.7855 0.0300131 -0.997986 0.0517573
-42.3592 88.2754 17.9383 0.0156078 -0.99852 -0.0520973
-42.6645 88.1931 19.3114 0.0652242 -0.994653 -0.0785269
-43.0199 88.0748 20.3719 0.0797937 -0.993263 -0.084033
-43.5089 87.9096 21.3025 0.0649747 -0.986966 -0.147229
-44.0823 87.7178 22.1536 0.0618666 -0.979267 -0.192897
-44.6569 87.5058 22.8278 0.103805 -0.967295 -0.231442
-43.9715 87.3776 23.4487 0.034227 -0.949959 -0.310494
-43.3793 87.6174 22.7714 0.0211309 -0.961531 -0.270936
-42.6868 87.8663 21.7766 0.00421714 -0.972962 -0.230668
-42.2284 88.015 20.9633 -0.0215328 -0.984334 -0.174993
-41.859 88.1695 19.9281 -0.0237743 -0.993119 -0.114669
-41.6326 88.2655 18.9893 0.00362676 -0.999167 -0.0284399
-41.3914 88.2925 17.837 -0.0243329 -0.999262 -0.029688
-41.2386 88.2979 16.9305 0.0472403 -0.998099 0.0395851
-41.0905 88.2673 15.9705 0.0502896 -0.998117 0.0348169
-40.9805 88.2532 15.0242 0.0421585 -0.99872 -0.027952
-40.9257 88.2785 13.7182 0.0194145 -0.999426 -0.0227015
-41.713 88.2352 12.6073 0.129702 -0.99155 0.00233932
-42.941 88.1206 11.9081 0.117408 -0.991675 0.0135168
-43.7854 87.9784 11.4521 0.036037 -0.993511 0.0430309
-44.7876 88.0365 11.3201 -0.0211991 -0.998226 -0.0128638
-45.8535 87.9571 12.1882 0.0708583 -0.997162 -0.00256618
-46.5028 88.0222 12.8722 -0.000255749 -0.992873 0.119178
-47.3122 88.042 13.7925 0.179307 -0.983793 0.000867577
-47.9228 87.9247 14.4805 0.186419 -0.982311 0.0177153
-48.7316 87.7893 15.443 0.184977 -0.982577 0.0180371
-49.674 87.5751 16.5812 0.225196 -0.974222 -0.0133406
-50.4158 87.2988 17.6968 0.329431 -0.940764 -0.0802414
-50.8085 87.0708 18.5524 0.332477 -0.937488 -0.102839
-51.1415 86.7723 19.4879 0.432652 -0.877094 -0.208199
-51.2693 86.4184 20.6446 0.42862 -0.876183 -0.220426
-51.1731 86.0861 21.9169 0.45337 -0.835727 -0.305806
-51.0181 85.6591 23.11 0.417622 -0.836882 -0.353864
-50.9236 85.2856 24.0867 0.408333 -0.835071 -0.368485
-50.7641 84.6224 25.4312 0.4874 -0.757093 -0.435025
-50.6385 84.1559 26.389 0.489969 -0.755535 -0.434842
-50.5049 83.6183 27.4178 0.469381 -0.746366 -0.471826
-50.321 83.0515 28.3665 0.42132 -0.710807 -0.563243
-50.1517 82.4102 29.3039 0.421479 -0.711917 -0.56172
-49.984 81.92 30.0105 0.396846 -0.696447 -0.596745
-49.3629 82.2695 29.9722 0.368051 -0.71869 -0.589935
-48.9102 83.162 29.1383 0.286794 -0.765481 -0.576001
-48.4797 83.7514 28.5652 0.281528 -0.771496 -0.570505
-47.8335 84.5466 27.7728 0.275798 -0.787318 -0.551422
-47.0584 85.338 26.8068 0.186616 -0.829803 -0.525928
-46.5094 85.8673 26.1428 0.1841 -0.862954 -0.467916
-45.8775 86.345 25.4507 0.202572 -0.881221 -0.427093
-45.1882 86.8449 24.6854 0.0942193 -0.906645 -0.410726
-44.2075 87.2894 23.6927 0.0342274 -0.949959 -0.310493
-43.4963 87.1229 24.2806 0.0392933 -0.936342 -0.346696
-42.8709 87.3568 23.6142 0.00574443 -0.946451 -0.322796
-42.3161 87.5895 22.928 -0.0334811 -0.957721 -0.283902
-41.5858 87.8482 21.8223 -0.0140138 -0.978929 -0.201742
-41.1877 88.0025 20.9593 -0.0300119 -0.981423 -0.188187
-40.8364 88.1612 19.7299 -0.0365009 -0.993319 -0.109474
-40.6074 88.247 18.7263 -0.0243329 -0.999262 -0.0296879
-40.3974 88.2794 17.5099 -0.0225995 -0.999496 -0.019059
-40.2059 88.2794 16.3747 -0.0309398 -0.999517 -0.00284818
-40.0574 88.2785 15.2896 -0.0641106 -0.996952 0.0190808
-39.9548 88.2846 14.3772 -0.107505 -0.993265 -0.0432179
-39.8999 88.307 13.4389 0.114172 -0.979825 -0.109817
-40.2479 88.4324 12.3683 0.211089 -0.96054 -0.181123
-41.0781 88.3446 11.8889 0.189206 -0.963032 -0.180997
-42.0979 88.2763 11.3264 0.143262 -0.979632 -0.140701
-43.2253 88.1394 10.7129 0.192236 -0.966534 -0.169876
-44.2487 88.0578 10.0957 0.00507323 -0.99687 -0.00725949
-45.1023 88.0032 10.105 0.0878875 -0.995023 0.0469478
-45.8795 87.973 10.8517 0.0826522 -0.99514 0.0535344
-46.7086 87.9097 11.6671 0.0491198 -0.99874 0.0102448
-47.4125 87.9368 12.474 0.137595 -0.985085 0.103317
-48.0203 87.9124 13.2044 0.186947 -0.982328 -0.00281358
-48.6973 87.7693 13.9784 0.217153 -0.976007 -0.00981282
-49.3986 87.6285 14.788 0.225082 -0.973364 0.0435925
-50.2703 87.4276 15.8271 0.256062 -0.966449 0.0201914
-50.9344 87.1921 16.7654 0.338289 -0.938016 -0.0754063
-51.5411 86.8405 17.8833 0.399771 -0.913608 -0.0741912
-51.9964 86.4556 19.0026 0.436448 -0.878175 -0.195757
-52.1543 86.1036 20.1759 0.439465 -0.872095 -0.214826
-52.1232 85.8845 21.0591 0.453376 -0.835723 -0.305807
-51.9854 85.5733 21.994 0.482402 -0.813209 -0.325165
-51.8687 85.2849 22.9362 0.543324 -0.762918 -0.340111
-51.6839 84.7736 24.1851 0.472161 -0.770162 -0.428318
-51.5699 84.2726 25.1582 0.496787 -0.741527 -0.449353
-51.4428 83.6245 26.3957 0.532629 -0.732525 -0.423926
-51.3488 83.1948 27.2483 0.480387 -0.749977 -0.454223
-51.2064 82.7232 28.0174 0.52135 -0.675318 -0.52167
-51.0268 82.0789 29.0284 0.490764 -0.672924 -0.551928
-50.9018 81.5346 29.7567 0.459149 -0.669854 -0.583505
-50.7604 80.9747 30.5096 0.460026 -0.681557 -0.568609
-50.6619 80.4006 31.2566 0.427055 -0.682828 -0.592751
-50.4203 79.8935 31.9776 0.402463 -0.671833 -0.621823
-49.7965 80.1426 32.1123 0.378577 -0.690728 -0.615308
-49.3344 80.8695 31.5341 0.351085 -0.685052 -0.637197
-48.9089 81.7096 30.8844 0.31359 -0.70113 -0.64031
-48.5249 82.3911 30.3146 0.277585 -0.726888 -0.626704
-48.0922 83.0678 29.6484 0.241404 -0.758373 -0.605471
-47.5341 83.8485 28.8813 0.251046 -0.772683 -0.583041
-47.0354 84.4301 28.2744 0.183778 -0.831383 -0.524305
-46.5159 84.9277 27.6533 0.185187 -0.837895 -0.513453
-45.8357 85.6174 26.7764 0.171219 -0.837865 -0.518224
-45.1237 86.2064 26.0263 0.116999 -0.866639 -0.48239
-44.5653 86.6005 25.3538 0.0951829 -0.893742 -0.438075
-43.9727 86.913 24.7312 0.0443599 -0.922725 -0.382897
-43.9002 86.9454 24.6615 0.0443598 -0.922725 -0.382898
-43.1466 86.7342 25.1854 0.0201994 -0.914817 -0.403362
-43.9961 86.2631 26.1091 0.0475107 -0.892946 -0.44765
-44.5651 85.8279 26.8081 0.142988 -0.829956 -0.538459
-45.1419 85.3134 27.4265 0.105184 -0.838745 -0.534268
-45.6881 84.8063 28.115 0.0919763 -0.811202 -0.575223
-46.2027 84.2966 28.7097 0.0680758 -0.788089 -0.611785
-46.8936 83.4868 29.5967 0.121157 -0.756259 -0.642957
-47.3506 82.8421 30.2268 0.240938 -0.752632 -0.612706
-47.9006 81.9184 31.1033 0.217659 -0.708269 -0.670741
-48.4107 81.0088 31.8712 0.280374 -0.712824 -0.64217
-48.8441 80.2362 32.4937 0.30256 -0.697852 -0.649199
-49.2628 79.4937 33.0707 0.342535 -0.661233 -0.667413
-49.7621 78.8288 33.5794 0.316853 -0.721569 -0.61549
-50.4494 78.6277 33.4142 0.374988 -0.715672 -0.589078
-51.0436 78.9861 32.6175 0.376875 -0.705113 -0.600651
-51.3685 79.5176 31.7447 0.450082 -0.677942 -0.580705
-51.5187 80.0886 30.9988 0.427064 -0.682829 -0.592743
-51.6604 80.759 30.0401 0.460022 -0.681559 -0.56861
-51.7917 81.3166 29.2265 0.537974 -0.658187 -0.526581
-51.9628 81.8991 28.3284 0.521474 -0.674101 -0.523115
-52.1062 82.5636 27.2062 0.598521 -0.671244 -0.437269
-52.2164 83.0977 26.2401 0.59863 -0.669806 -0.43932
-52.2884 83.5456 25.4496 0.615959 -0.664314 -0.422241
-52.4254 84.0901 24.3366 0.598817 -0.687872 -0.410183
-52.5287 84.4498 23.481 0.609226 -0.708467 -0.356163
-52.6496 84.7782 22.6455 0.575559 -0.720231 -0.387298
-52.865 85.203 21.4706 0.590849 -0.724621 -0.354714
-52.9595 85.4934 20.5924 0.562882 -0.777586 -0.280222
-53.0011 85.8182 19.5367 0.450207 -0.869707 -0.202156
-52.6741 86.2235 18.2268 0.508062 -0.851713 -0.128289
-52.355 86.4955 17.4277 0.499523 -0.861915 -0.0870595
-51.8852 86.8026 16.5495 0.420021 -0.905383 -0.0303034
-51.3063 87.0525 15.6829 0.406239 -0.912808 0.0418564
-50.6915 87.2901 14.8776 0.35166 -0.933152 0.045793
-50.0745 87.4412 14.1701 0.301272 -0.95258 0.0392284
-49.2608 87.6513 13.2483 0.217158 -0.976006 -0.0098041
-48.5649 87.7615 12.3778 0.213698 -0.975445 0.0532875
-47.6116 87.7748 11.2564 0.157767 -0.982079 0.0996615
-46.7575 87.8584 10.3566 0.180716 -0.980937 0.0714494
-46.1174 87.8947 9.70664 0.0718585 -0.996375 0.00460725
-45.3836 87.9646 8.9463 0.115524 -0.984227 -0.101009
-44.1375 88.2512 8.91101 0.242084 -0.959689 -0.1428
-43.2784 88.3173 9.59829 0.268856 -0.943001 -0.196125
-42.5152 88.4085 10.0986 0.228516 -0.948372 -0.219933
-41.7205 88.5058 10.5161 0.236308 -0.946542 -0.219584
-40.6289 88.6593 11.0821 0.260639 -0.938682 -0.225706
-39.7345 88.7502 11.4946 0.204164 -0.94454 -0.257182
-38.8582 88.7329 12.3143 0.205648 -0.954913 -0.214125
-38.9104 88.5033 13.3554 0.161333 -0.960454 -0.224263
-38.994 88.174 14.5276 0.0223526 -0.97378 -0.150206
-39.1095 88.1933 15.4654 -0.105144 -0.993743 0.0364428
-39.269 88.2425 16.4433 -0.0815859 -0.995883 0.0104805
-39.4164 88.2348 17.3711 -0.0630444 -0.997008 -0.0447206
-39.5784 88.2039 18.289 -0.0655679 -0.996916 -0.0430222
-39.8458 88.1019 19.6475 -0.0851005 -0.99004 -0.112159
-40.1404 87.9547 20.8434 -0.0720366 -0.979787 -0.186625
-40.4932 87.7915 21.8367 -0.0615017 -0.979606 -0.190944
-41.1341 87.5633 22.8589 -0.038453 -0.96692 -0.252153
-41.7722 87.3002 23.7466 -0.0307137 -0.948634 -0.31488
-42.3723 87.0727 24.4558 0.0128392 -0.930651 -0.363047
-43.0689 86.7658 25.1176 0.0199344 -0.914851 -0.403299
-42.2445 86.5361 25.5825 -0.0921823 -0.860735 -0.500637
-41.4539 86.8772 24.7717 -0.091033 -0.908662 -0.407488
-40.6906 87.1889 23.8133 -0.098247 -0.934832 -0.340944
-39.9447 87.4497 22.7826 -0.109353 -0.945485 -0.306471
-39.2616 87.781 21.2812 -0.10363 -0.973203 -0.205263
-38.9734 88.0036 20.057 -0.0730455 -0.984235 -0.151538
-38.7657 88.0962 19.0736 -0.0843879 -0.994372 -0.0640541
-38.5194 88.1512 17.8091 -0.108033 -0.992934 -0.03343
-38.3061 88.1292 16.548 -0.142239 -0.989767 0.0114042
-38.1352 88.0807 15.4144 0.013731 -0.977931 -0.0998791
-38.0326 88.3076 14.5308 0.132727 -0.960073 -0.245672
-37.9703 88.5672 13.6075 0.125813 -0.956985 -0.261439
-37.8441 88.8875 12.4813 0.126939 -0.958255 -0.25619
-37.9444 89.2175 11.2905 0.279825 -0.902781 -0.326625
-39.1376 89.0854 10.7535 0.204923 -0.95448 -0.210999
-40.3289 88.9397 10.2217 0.220149 -0.954605 -0.197092
-41.1922 88.8057 9.78142 0.233048 -0.94805 -0.216539
-42.5001 88.6297 9.07037 0.24876 -0.947824 -0.199368
-43.3127 88.5444 8.42888 0.260942 -0.948584 -0.179156
-44.0759 88.4595 7.76208 0.259286 -0.947731 -0.185808
-45.0224 88.3077 7.37116 0.214216 -0.954761 -0.20626
-46.0709 87.9601 8.23935 0.174843 -0.970496 -0.166025
-47.1545 87.7606 9.39313 0.170165 -0.985374 -0.009017
-47.966 87.6286 10.2587 0.171643 -0.983815 0.036875
-48.5868 87.5994 10.9286 0.164889 -0.977531 0.127827
-49.1801 87.556 11.6587 0.310203 -0.944625 0.0990055
-49.9539 87.4401 12.6443 0.266692 -0.962448 0.0437246
-50.9304 87.1464 13.8067 0.378271 -0.924586 0.0320461
-51.5272 86.9052 14.5199 0.402368 -0.914935 0.0315275
-52.2513 86.6095 15.5005 0.408841 -0.91249 0.0145214
-52.9246 86.289 16.5378 0.460976 -0.883105 -0.0662077
-53.3876 85.8936 17.5943 0.510646 -0.848411 -0.130039
-53.6406 85.5951 18.4198 0.54461 -0.828457 -0.130608
-53.7594 85.1657 19.6418 0.614266 -0.720108 -0.322678
-53.6602 84.722 21.0481 0.642235 -0.696073 -0.319424
-53.5154 84.4266 21.8999 0.633919 -0.684142 -0.360283
-53.3215 83.9824 23.0078 0.62726 -0.67381 -0.390545
-53.2062 83.5106 24.1505 0.653096 -0.659991 -0.36872
-53.0478 83.1085 24.9876 0.633105 -0.640755 -0.434294
-52.9858 82.5512 26.0175 0.615864 -0.669586 -0.414293
-52.8733 82.0158 26.9801 0.603801 -0.662946 -0.442635
-52.7699 81.5294 27.8644 0.611523 -0.662001 -0.433352
-52.6501 81.0134 28.7322 0.576177 -0.644247 -0.50031
-52.4332 80.2152 29.9833 0.53264 -0.67107 -0.515712
-52.2963 79.4243 31.1284 0.510837 -0.687098 -0.516664
-52.081 78.6728 32.2116 0.439965 -0.70663 -0.553779
-51.6615 78.2086 33.1813 0.384665 -0.746009 -0.540911
-50.7748 77.767 34.2817 0.357114 -0.734371 -0.576931
-49.9916 77.6858 34.8258 0.305077 -0.781041 -0.544889
-49.2462 78.2165 34.5411 0.310403 -0.718333 -0.6226
-48.7071 79.0132 33.8976 0.252592 -0.718685 -0.644638
-48.1153 79.9301 33.1206 0.201646 -0.690632 -0.694526
-47.6167 80.7698 32.406 0.147969 -0.71066 -0.687665
-47.1093 81.6728 31.6075 0.13138 -0.706444 -0.695157
-46.494 82.6242 30.7051 0.15781 -0.737107 -0.657091
-46.0198 83.3016 29.9802 0.0827784 -0.771666 -0.628946
-45.3491 84.0939 29.0657 0.0684589 -0.783347 -0.617756
-44.8638 84.5938 28.4906 0.07876 -0.78366 -0.616177
-44.3627 85.0901 27.9229 0.0118528 -0.78954 -0.61099
-43.7884 85.546 27.2647 -0.035808 -0.807041 -0.589408
-43.24 85.9683 26.5997 -0.0651875 -0.821582 -0.566351
-42.6145 86.3878 25.9056 -0.0899847 -0.831761 -0.545203
-41.9574 85.883 26.4949 -0.0877962 -0.802787 -0.589766
-42.529 85.5145 27.1123 -0.112695 -0.811749 -0.57303
-43.1629 85.0983 27.8324 -0.0723224 -0.808352 -0.582697
-43.7903 84.5633 28.5847 -0.0378146 -0.800254 -0.598447
-44.4369 83.9212 29.3603 0.064037 -0.760723 -0.64591
-45.0753 83.1776 30.1902 0.0394627 -0.773223 -0.632861
-45.525 82.5518 30.9393 -0.00208566 -0.743905 -0.665181
-45.9137 81.9669 31.5222 0.123339 -0.690451 -0.712786
-46.3208 81.3158 32.1004 0.111302 -0.711715 -0.693595
-46.6773 80.6792 32.6987 0.122346 -0.718546 -0.684633
-47.1767 79.8947 33.4283 0.173066 -0.70539 -0.686568
-47.5919 79.2522 33.9707 0.205542 -0.709064 -0.674522
-48.0732 78.5421 34.5912 0.205458 -0.736192 -0.64417
-48.5046 77.965 35.1351 0.210711 -0.761641 -0.612544
-49.2783 77.1714 35.8621 0.222433 -0.763171 -0.606707
-50.676 76.9689 35.4758 0.299148 -0.783976 -0.54396
-51.3366 77.1683 34.81 0.331594 -0.790879 -0.51435
-51.9936 77.3969 34.0348 0.336895 -0.76732 -0.544282
-52.5143 77.6588 33.2741 0.427149 -0.748246 -0.507614
-52.9152 78.1556 32.2425 0.479859 -0.706015 -0.517074
-53.0952 78.7971 31.1331 0.543176 -0.676036 -0.497394
-53.1705 79.555 30.0734 0.582929 -0.673285 -0.449387
-53.3199 80.2264 28.9154 0.61915 -0.634622 -0.46247
-53.487 80.9415 27.6944 0.669252 -0.603433 -0.433551
-53.6731 81.6679 26.3357 0.652669 -0.631108 -0.419196
-53.7309 82.2339 25.2384 0.717165 -0.584364 -0.379727
-53.8301 82.8473 24.1495 0.685229 -0.610436 -0.396523
-53.9806 83.3287 23.0769 0.632016 -0.682367 -0.366405
-54.169 83.6838 22.1219 0.638652 -0.673255 -0.372627
-54.3443 84.0049 21.1856 0.737192 -0.604123 -0.300045
-54.483 84.4326 19.8382 0.727802 -0.631597 -0.26704
-54.5119 84.7378 18.9351 0.716273 -0.655857 -0.238337
-54.3187 85.2503 17.7209 0.634564 -0.750855 -0.142915
-54.0537 85.5573 16.9099 0.591027 -0.800682 -0.0979583
-53.7156 85.8858 16.1317 0.530046 -0.844732 -0.0215323
-53.0801 86.226 15.1511 0.46341 -0.88604 -0.00452595
-52.2174 86.5822 13.9689 0.426131 -0.904152 0.0225195
-51.4386 86.9115 13.0275 0.378271 -0.924587 0.0320343
-50.5887 87.1492 12.0043 0.360463 -0.928232 0.0919294
-50.0694 87.2274 11.2453 0.3214 -0.945047 0.0599047
-49.3886 87.3502 10.295 0.196779 -0.975339 0.0816717
-48.7596 87.464 9.6216 0.207784 -0.977988 0.0191007
-48.0548 87.6003 8.93455 0.207545 -0.97793 0.0236278
-47.1399 87.8111 7.95805 0.150622 -0.986898 -0.0578372
-46.5527 87.9976 7.29643 0.208145 -0.967095 -0.143285
-45.9115 88.2612 6.57401 0.257038 -0.96031 -0.105282
-44.9544 88.5976 5.86226 0.273739 -0.939086 -0.193051
-44.1566 88.7529 6.41476 0.321642 -0.91666 -0.236629
-43.4632 88.7946 7.07452 0.296432 -0.915567 -0.27178
-42.6664 88.8448 7.77559 0.259981 -0.948836 -0.17922
-41.7847 88.9412 8.48232 0.243964 -0.948779 -0.200684
-40.6601 89.1051 9.04312 0.236099 -0.948895 -0.209269
-39.5796 89.2462 9.57429 0.257005 -0.927886 -0.270142
-38.7389 89.3962 9.94077 0.289937 -0.92059 -0.261582
-37.8994 89.5739 10.238 0.289722 -0.919611 -0.265286
-36.986 89.7536 10.5826 0.202346 -0.944662 -0.253128
-36.7528 89.327 11.7888 0.214248 -0.913756 -0.343639
-36.9504 88.8893 12.9442 0.189921 -0.924864 -0.327996
-37.0336 88.6295 13.8677 0.15796 -0.955833 -0.247856
-37.1168 88.3678 14.9705 0.191068 -0.957907 -0.214257
-37.2466 88.163 15.8476 0.196671 -0.968049 -0.150961
-37.4056 88.0042 16.9314 0.0219661 -0.982725 -0.0521363
-37.6252 88.0184 18.1123 -0.140672 -0.989882 -0.0185764
-37.8149 87.9962 19.0666 -0.147469 -0.984089 -0.090682
-38.0187 87.8782 20.1368 -0.14115 -0.972682 -0.184298
-38.2548 87.6993 21.1705 -0.107346 -0.971676 -0.210399
-38.4756 87.5219 22.0875 -0.113062 -0.97008 -0.214851
-39.0147 87.2529 23.1511 -0.0568254 -0.95351 -0.295955
-39.6076 87.0188 23.8758 -0.148555 -0.919753 -0.363298
-40.1778 86.7838 24.6328 -0.134038 -0.888014 -0.439846
-40.7593 86.4906 25.3372 -0.125885 -0.864224 -0.487103
-41.7266 86.017 26.2781 -0.0877961 -0.802785 -0.589769
-41.0917 85.5592 26.817 -0.0776074 -0.805632 -0.58731
-41.7231 85.1611 27.4491 -0.101956 -0.807483 -0.580483
-42.2772 84.7965 28.0813 -0.126407 -0.80739 -0.576318
-42.9713 84.2348 28.8781 -0.0995733 -0.736982 -0.668485
-43.7615 83.4149 29.8853 -0.0954851 -0.726386 -0.680622
-44.2225 82.863 30.5554 -0.0534229 -0.727682 -0.682603
-44.8497 81.91 31.5477 -0.0405646 -0.708939 -0.7041
-45.3132 81.2916 32.1995 -0.040242 -0.717497 -0.695371
-45.7472 80.6063 32.9413 0.0392516 -0.719841 -0.688035
-46.2635 79.7627 33.7147 0.11044 -0.704873 -0.700683
-46.676 79.1275 34.2874 0.132531 -0.729449 -0.671074
-47.1513 78.4763 34.9309 0.101341 -0.762791 -0.638655
-47.6628 77.7936 35.6378 0.210701 -0.761644 -0.612544
-48.163 77.1676 36.2652 0.152962 -0.755479 -0.637003
-48.9093 76.6416 36.7796 0.213505 -0.821837 -0.528158
-49.9801 76.2557 36.9594 0.226207 -0.821758 -0.522734
-50.9707 76.3544 36.3434 0.258496 -0.826958 -0.498454
-51.8694 76.5725 35.401 0.335907 -0.817725 -0.467173
-52.678 76.8232 34.4428 0.352069 -0.778467 -0.51965
-53.2832 77.0796 33.5743 0.382875 -0.77964 -0.495545
-53.7251 77.5097 32.3459 0.498834 -0.772965 -0.392033
-53.8696 78.0276 31.3795 0.527306 -0.70865 -0.468218
-53.9163 78.6561 30.4281 0.543168 -0.676042 -0.497396
-53.9291 79.2546 29.405 0.623638 -0.655581 -0.423044
-54.0404 79.7688 28.4972 0.65241 -0.628553 -0.423416
-54.1576 80.2646 27.6002 0.674108 -0.600755 -0.429699
-54.3323 80.8276 26.5354 0.695402 -0.600379 -0.393043
-54.3798 81.2151 25.7041 0.703199 -0.635977 -0.317874
-54.4316 81.7689 24.6733 0.702841 -0.582116 -0.408846
-54.5518 82.387 23.5627 0.719607 -0.583691 -0.374874
-54.7231 82.8278 22.4316 0.738095 -0.597876 -0.312666
-54.8923 83.133 21.4671 0.750562 -0.576366 -0.323195
-55.0813 83.5481 20.2947 0.737189 -0.604124 -0.30005
-55.1552 83.8386 19.3879 0.731147 -0.631196 -0.258874
-55.1223 84.3767 17.9519 0.681422 -0.700757 -0.211198
-54.8419 84.9413 16.7336 0.678327 -0.723947 -0.12559
-54.409 85.3964 15.6619 0.658944 -0.75109 0.0407001
-53.8356 85.8103 14.7156 0.50838 -0.859561 0.0324309
-53.1663 86.1298 13.7593 0.426128 -0.904154 0.0225247
-52.5732 86.4099 12.9587 0.416867 -0.908797 0.00841214
-51.9685 86.6524 12.2743 0.371372 -0.925584 0.0633337
-51.0711 86.8806 11.1698 0.347433 -0.932307 0.0995093
-50.329 87.0473 10.0188 0.333448 -0.939403 0.0795949
-49.5488 87.2844 8.97324 0.277087 -0.956862 0.0357764
-48.7281 87.437 8.22098 0.207307 -0.977871 0.028159
-48.0458 87.6577 7.51371 0.291515 -0.955654 -0.00893438
-47.3215 87.8889 6.68448 0.268982 -0.962809 -0.0254459
-46.692 88.1313 5.97299 0.276912 -0.955969 -0.0862101
-45.9798 88.3971 5.28286 0.287313 -0.945171 -0.150693
-45.1913 88.8323 4.54456 0.336155 -0.915397 -0.221468
-44.4024 89.0484 4.85247 0.337818 -0.914988 -0.220625
-43.7898 89.1136 5.51604 0.321643 -0.91666 -0.236627
-42.8998 89.164 6.44484 0.301582 -0.917771 -0.257916
-42.1137 89.1911 7.10147 0.237272 -0.939127 -0.248481
-41.3454 89.2544 7.6931 0.28555 -0.914089 -0.283534
-40.4919 89.3746 8.12656 0.268601 -0.935642 -0.228971
-39.5571 89.5185 8.60193 0.258961 -0.93672 -0.235576
-38.4206 89.7254 9.11265 0.288148 -0.92428 -0.250356
-37.1601 89.9802 9.47176 0.235447 -0.934855 -0.265727
-36.0382 90.1687 9.70167 0.192594 -0.932847 -0.301129
-35.559 90.0625 10.3373 0.192594 -0.93285 -0.301118
-35.6668 89.7469 11.2279 0.179528 -0.930584 -0.319035
-35.7877 89.3934 12.1409 0.175512 -0.917851 -0.356013
-35.9649 89.0457 13.0599 0.185641 -0.944305 -0.271708
-36.0661 88.7526 14.0092 0.1718 -0.950069 -0.259781
-36.1957 88.4399 15.2518 0.06762 -0.967089 -0.243814
-36.3814 88.115 16.6149 0.0473579 -0.973835 -0.222268
-36.6662 87.9429 18.0954 -0.0533245 -0.998391 -0.0193064
-36.8619 87.9003 19.1005 0.0239921 -0.987371 -0.156599
-37.0641 87.7337 20.1199 -0.0756492 -0.982359 -0.137592
-37.2637 87.5464 21.1796 -0.15867 -0.964017 -0.213293
-37.6422 87.2198 22.5887 -0.224864 -0.921736 -0.315256
-38.1692 86.9632 23.5776 -0.223531 -0.873844 -0.431776
-38.7511 86.7171 24.2893 -0.111646 -0.911922 -0.392025
-39.5627 86.3444 25.2562 -0.144847 -0.858999 -0.49106
-40.0945 86.064 25.9379 -0.1397 -0.866222 -0.479319
-40.7287 85.758 26.4969 -0.0755735 -0.805197 -0.588171
-40.8466 85.7024 26.5882 -0.0765927 -0.805415 -0.587741
-40.0745 85.3108 26.9787 -0.123725 -0.749758 -0.650042
-40.7615 84.8916 27.6518 -0.180334 -0.765978 -0.617056
-41.3633 84.5051 28.3075 -0.128918 -0.786777 -0.600851
-42.065 83.942 29.0612 -0.130931 -0.697358 -0.704662
-42.6706 83.3212 29.8304 -0.139136 -0.747522 -0.649502
-43.203 82.6433 30.6728 -0.0842661 -0.744884 -0.661852
-43.66 82.0051 31.404 -0.0345331 -0.691306 -0.721162
-44.1534 81.3029 32.1023 -0.0910499 -0.713621 -0.69459
-44.7617 80.4828 32.9981 -0.0517797 -0.708528 -0.70378
-45.2675 79.7018 33.7946 -0.0244516 -0.701905 -0.7116
-45.8951 78.7846 34.76 -0.0278882 -0.723006 -0.690279
-46.5336 77.9317 35.7001 0.117788 -0.778328 -0.616711
-46.9809 77.3217 36.3662 0.152965 -0.755482 -0.636999
-47.6886 76.6425 37.0688 0.089361 -0.812442 -0.576153
-48.3634 76.2027 37.5856 0.0908996 -0.812737 -0.575497
-49.1585 75.8256 37.9471 0.177458 -0.846238 -0.49983
-50.2623 75.6784 37.8316 0.207572 -0.865056 -0.455602
-51.383 75.7799 37.1224 0.213958 -0.84604 -0.488302
-52.2385 75.9442 36.2238 0.322106 -0.825069 -0.464229
-52.8908 76.1297 35.4281 0.353067 -0.816798 -0.456158
-53.4459 76.2632 34.7239 0.396088 -0.795973 -0.454921
-54.029 76.4785 33.92 0.401992 -0.768718 -0.497469
-54.4205 76.7302 32.9895 0.503431 -0.769197 -0.393566
-54.6278 77.1524 31.8765 0.545417 -0.727771 -0.410845
-54.6934 77.7971 30.8006 0.527311 -0.708648 -0.468215
-54.6659 78.3512 29.837 0.608057 -0.702764 -0.36931
-54.7161 79.007 28.5977 0.631718 -0.658183 -0.408013
-54.8342 79.4724 27.724 0.650065 -0.635099 -0.417211
-54.9565 80.0224 26.6351 0.726467 -0.593267 -0.346632
-55.03 80.4416 25.7941 0.733586 -0.584961 -0.34567
-55.109 81.0516 24.5879 0.74387 -0.574241 -0.341906
-55.1534 81.4808 23.7734 0.742343 -0.572225 -0.348498
-55.2657 81.86 22.9269 0.740102 -0.572543 -0.352747
-55.428 82.2626 21.841 0.744801 -0.594176 -0.303688
-55.594 82.6324 20.7536 0.744019 -0.582282 -0.32769
-55.7614 82.9679 19.7807 0.739033 -0.605065 -0.293142
-55.8308 83.3954 18.3979 0.760639 -0.614752 -0.208585
-55.7606 83.8535 17.3766 0.769657 -0.602853 -0.209631
-55.5265 84.3192 16.3993 0.704003 -0.705264 -0.0835567
-55.2348 84.6631 15.5968 0.663711 -0.746932 0.0397521
-54.8224 84.9871 14.7999 0.661329 -0.749009 0.0402275
-54.3144 85.4616 13.9884 0.607295 -0.789384 0.0176615
-53.6352 85.8197 12.9542 0.539981 -0.838589 0.0720383
-52.8909 86.1802 11.9907 0.513914 -0.854441 0.0763044
-52.0878 86.4678 10.9297 0.35085 -0.929632 0.112646
-51.4909 86.6069 10.0994 0.384008 -0.919738 0.0813592
-50.975 86.7629 9.36957 0.380316 -0.923486 0.0501221
-50.095 87.0637 8.28459 0.325832 -0.944012 0.0441904
-49.2865 87.2604 7.42638 0.341027 -0.937142 0.0619247
-48.6216 87.4554 6.72179 0.31753 -0.947374 0.00137979
-47.8652 87.7601 5.80918 0.30603 -0.950833 -0.027273
-47.1851 88.0387 5.1098 0.314334 -0.944854 -0.0918934
-46.4262 88.4123 4.37096 0.352239 -0.918084 -0.17836
-45.7139 88.8536 3.5981 0.338859 -0.918466 -0.203949
-44.9746 89.3295 2.88556 0.368 -0.866988 -0.335704
-44.252 89.4424 3.42421 0.363651 -0.890264 -0.266511
-43.6077 89.4589 4.38553 0.304112 -0.923211 -0.231603
-42.9173 89.448 5.19689 0.2705 -0.935283 -0.227861
-42.133 89.4859 5.94779 0.244851 -0.942283 -0.228368
-41.1757 89.5739 6.69393 0.31163 -0.919126 -0.241026
-39.9739 89.7479 7.40836 0.259467 -0.909054 -0.326034
-39.1003 89.8846 7.84696 0.313714 -0.910565 -0.269176
-38.1789 90.0502 8.24301 0.264163 -0.919785 -0.290197
-37.2212 90.2357 8.51863 0.254435 -0.922992 -0.287043
-36.1565 90.4826 8.73329 0.273431 -0.91113 -0.308346
-35.1739 90.725 8.80132 0.278764 -0.886833 -0.368534
-34.2997 90.9762 8.85809 0.27794 -0.888287 -0.365627
-34.3556 90.566 9.76055 0.24321 -0.88981 -0.386095
-34.5545 90.1413 10.7306 0.190715 -0.918809 -0.34557
-34.7052 89.7635 11.7205 0.17752 -0.924219 -0.337521
-34.9108 89.2823 12.8032 0.1309 -0.928197 -0.344132
-35.1308 88.8058 14.2273 0.113788 -0.958341 -0.258043
-35.2228 88.5204 15.2551 0.0495359 -0.95752 -0.284081
-35.3299 88.2729 16.1331 0.0564632 -0.968248 -0.24353
-35.5116 88.0126 17.2304 0.0462012 -0.979566 -0.195745
-35.7834 87.8816 18.4733 -0.0631155 -0.997819 -0.0193255
-35.9681 87.7908 19.38 -0.105618 -0.97099 -0.214532
-36.2041 87.4594 20.7229 -0.130957 -0.949538 -0.285003
-36.4509 87.2059 21.8749 -0.209609 -0.922131 -0.325145
-36.7368 86.9401 22.8049 -0.205474 -0.922476 -0.326831
-37.212 86.6264 23.7768 -0.215168 -0.879339 -0.424812
-38.1203 86.254 24.9188 -0.209396 -0.842756 -0.495799
-38.8925 85.9146 25.7978 -0.205477 -0.809349 -0.547426
-39.6521 85.5356 26.6143 -0.150599 -0.800654 -0.578125
-40.0164 85.3475 26.9253 -0.123726 -0.749759 -0.650042
-39.4145 84.7726 27.424 -0.212357 -0.718566 -0.662244
-38.6702 85.1571 26.7287 -0.248137 -0.742724 -0.621924
-38.0291 85.4855 26.0565 -0.20899 -0.777825 -0.592716
-37.28 85.8453 25.2519 -0.247664 -0.828943 -0.500203
-36.6636 86.0909 24.5249 -0.267285 -0.814118 -0.515387
-36.1224 86.3927 23.6943 -0.262822 -0.849974 -0.456583
-35.6268 86.8429 22.3417 -0.257351 -0.907721 -0.331381
-35.4092 87.1523 21.3251 -0.218664 -0.907817 -0.354966
-35.1908 87.4264 20.338 -0.180317 -0.94013 -0.289208
-34.9544 87.7141 19.0136 -0.100257 -0.985611 -0.136085
-34.725 87.8746 17.9883 -0.0291915 -0.975166 -0.218197
-34.5128 88.0568 17.0946 0.0267916 -0.965041 -0.260727
-34.2918 88.4627 15.6148 0.0171949 -0.965648 -0.259102
-34.203 88.7244 14.7516 0.0538897 -0.956833 -0.285598
-34.1155 89.0464 13.8259 0.0693997 -0.938952 -0.336975
-33.8805 89.5898 12.4817 0.149241 -0.908378 -0.390609
-33.7315 90.0193 11.559 0.181505 -0.903604 -0.380344
-33.5159 90.4816 10.4897 0.242383 -0.891676 -0.382315
-33.2923 90.9539 9.52852 0.230634 -0.896347 -0.378642
-32.9851 91.4135 8.63899 0.256287 -0.877132 -0.404791
-32.922 91.8339 7.81705 0.282255 -0.86272 -0.419578
-33.3528 91.7759 7.64658 0.284383 -0.868727 -0.405207
-34.214 91.4212 7.8386 0.280406 -0.888115 -0.364175
-35.3399 91.0329 7.92426 0.277098 -0.88975 -0.362714
-36.2975 90.7729 7.84065 0.270499 -0.891207 -0.364117
-37.6292 90.4762 7.48827 0.299661 -0.897199 -0.324047
-38.7656 90.2421 7.06009 0.298802 -0.911871 -0.280303
-39.6198 90.1087 6.64345 0.281642 -0.921804 -0.266258
-40.8903 89.9099 5.83814 0.322063 -0.910259 -0.260199
-41.7774 89.822 5.11128 0.304157 -0.911994 -0.275236
-42.5135 89.8077 4.3668 0.322227 -0.902701 -0.285132
-43.3233 89.8464 3.31729 0.317448 -0.905911 -0.280189
-43.9042 89.9497 2.34858 0.310871 -0.905222 -0.289643
-44.2904 90.1239 1.4159 0.308446 -0.903594 -0.297286
-44.8846 90.0536 1.02166 0.31487 -0.892444 -0.322733
-45.3658 89.6093 1.71341 0.329377 -0.881393 -0.33861
-46.2627 88.8883 2.77351 0.403188 -0.886608 -0.226637
-47.0593 88.3332 3.65459 0.39843 -0.901615 -0.149396
-47.6689 87.9618 4.24526 0.332221 -0.935211 -0.117971
-48.3116 87.656 4.91892 0.347023 -0.934681 -0.0771153
-48.9384 87.3729 5.61855 0.343897 -0.938615 -0.027161
-49.7123 87.0721 6.47028 0.358696 -0.933 0.0287959
-50.4073 86.8471 7.18057 0.345137 -0.933596 0.0938426
-51.0617 86.6524 8.00363 0.383401 -0.920946 0.0697245
-51.818 86.396 8.95495 0.428434 -0.899241 0.0655771
-52.6229 86.0823 10.1415 0.467642 -0.875435 0.120448
-53.1377 85.9208 10.8835 0.49514 -0.860767 0.112474
-54.0795 85.4689 12.1415 0.530445 -0.844119 0.0773795
-54.6101 85.1694 12.9204 0.631444 -0.773874 0.0489677
-55.0997 84.7855 13.6784 0.652832 -0.7575 0.00195681
-55.5344 84.4015 14.3685 0.642299 -0.766086 -0.0215305
-55.9626 83.9787 15.3786 0.735592 -0.672289 -0.0662259
-56.3349 83.3596 16.6087 0.767576 -0.622025 -0.142632
-56.4783 82.7986 17.8263 0.745176 -0.635948 -0.200317
-56.4505 82.4275 19.0313 0.74707 -0.630245 -0.211371
-56.2906 82.0934 20.0638 0.775496 -0.542135 -0.323567
-56.048 81.6257 21.4853 0.773155 -0.55818 -0.30111
-55.8698 81.1375 22.7917 0.772788 -0.547731 -0.320607
-55.7385 80.5278 24.1022 0.743009 -0.574201 -0.343847
-55.6602 79.816 25.4977 0.716787 -0.606842 -0.343453
-55.5958 79.3931 26.4007 0.68753 -0.646065 -0.330791
-55.5017 78.7897 27.6885 0.672256 -0.659452 -0.335608
-55.4429 78.3839 28.5308 0.644316 -0.664359 -0.378793
-55.3915 77.8283 29.6133 0.631409 -0.680166 -0.37242
-55.472 77.2423 30.5909 0.619362 -0.700444 -0.35464
-55.4811 76.6056 31.8136 0.533 -0.761277 -0.368969
-55.3058 76.2913 32.7148 0.511939 -0.769455 -0.381632
-55.0466 75.9923 33.6577 0.421391 -0.825306 -0.375899
-54.5657 75.8152 34.5587 0.390902 -0.822875 -0.412397
-53.852 75.6476 35.5232 0.360988 -0.819776 -0.444313
-53.2382 75.5041 36.3116 0.341231 -0.826201 -0.447572
-52.5665 75.3569 37.0989 0.301819 -0.869318 -0.39032
-51.9136 75.2338 37.8062 0.282239 -0.873278 -0.39689
-51.0935 75.1616 38.4138 0.22898 -0.871428 -0.433749
-50.0645 75.1497 38.8975 0.184934 -0.88308 -0.431241
-48.962 75.3669 38.8613 0.134937 -0.882496 -0.449858
-47.9301 75.7168 38.4327 0.0854134 -0.89803 -0.431563
-47.2305 76.1176 37.8831 0.0905277 -0.814053 -0.57369
-46.5456 76.6417 37.2524 0.0875507 -0.784299 -0.612599
-46.0434 77.1797 36.6823 0.0594248 -0.781134 -0.620255
-45.6241 77.6756 36.0395 0.0405594 -0.803773 -0.593552
-45.1344 78.3335 35.2743 0.013763 -0.757478 -0.652716
-44.6814 79.013 34.4849 -0.00606128 -0.737548 -0.674332
-44.2317 79.7047 33.7592 -0.0399933 -0.725011 -0.687575
-43.7941 80.3391 33.0789 -0.066303 -0.722116 -0.687984
-43.3591 80.8669 32.446 -0.0892332 -0.72411 -0.683718
-42.6817 81.7755 31.4296 -0.201696 -0.681012 -0.703947
-42.1284 82.5834 30.4917 -0.192581 -0.687027 -0.700591
-41.466 83.3417 29.5487 -0.167515 -0.719962 -0.671956
-40.7342 83.9367 28.7132 -0.22475 -0.691792 -0.686229
-40.0865 84.3542 28.0789 -0.229252 -0.690032 -0.686496
-39.7635 84.5532 27.774 -0.21434 -0.700505 -0.680219
-39.0962 83.9718 28.1355 -0.216317 -0.682449 -0.698191
-39.7454 83.581 28.7362 -0.232884 -0.684874 -0.690443
-40.3945 83.1107 29.4209 -0.231571 -0.684625 -0.691133
-40.9298 82.5983 30.1192 -0.235415 -0.691151 -0.683294
-41.4037 81.9825 30.8771 -0.195434 -0.676416 -0.710063
-41.7797 81.4325 31.501 -0.199987 -0.668037 -0.716734
-42.3308 80.6938 32.3548 -0.220309 -0.666846 -0.711885
-42.9636 79.9336 33.2946 -0.234253 -0.677344 -0.697374
-43.5088 79.1851 34.1861 -0.16885 -0.681018 -0.712533
-43.9428 78.5539 34.9577 -0.132285 -0.723226 -0.677824
-44.3121 77.9867 35.6349 -0.123323 -0.769434 -0.622482
-44.7141 77.4657 36.3654 -0.0409292 -0.787722 -0.614669
-45.1856 76.9313 37.0774 0.0594202 -0.78113 -0.62026
-45.8856 76.2126 37.964 0.0943994 -0.81221 -0.575661
-46.5975 75.7687 38.6021 0.101085 -0.889728 -0.445159
-47.3951 75.395 39.2509 0.12047 -0.901373 -0.415949
-48.3715 75.0489 39.6958 0.132649 -0.896293 -0.423158
-49.615 74.7405 39.8971 0.169917 -0.880385 -0.442775
-50.8042 74.6643 39.6108 0.13431 -0.898587 -0.417735
-51.8352 74.6779 39.0459 0.239616 -0.89372 -0.379274
-52.6277 74.7623 38.3578 0.283861 -0.878741 -0.383715
-53.3432 74.8892 37.521 0.317454 -0.873302 -0.369498
-54.0179 75.0097 36.654 0.319051 -0.864133 -0.3882
-54.692 75.1687 35.8072 0.355094 -0.851008 -0.384031
-55.3357 75.2788 34.8974 0.406553 -0.823634 -0.39472
-55.8563 75.437 33.9692 0.421448 -0.825024 -0.376454
-56.0909 75.663 32.9951 0.534082 -0.795834 -0.285315
-56.2607 75.9216 32.0904 0.529374 -0.78189 -0.329123
-56.3234 76.3106 31.1602 0.549893 -0.751552 -0.364399
-56.2309 76.8766 30.108 0.544212 -0.762229 -0.350485
-56.0976 77.3436 29.2996 0.632025 -0.685034 -0.362285
-56.1523 77.7801 28.3832 0.639855 -0.673043 -0.370728
-56.1888 78.317 27.2597 0.664351 -0.675463 -0.319981
-56.2875 78.7607 26.1737 0.69491 -0.648681 -0.310342
-56.33 79.2963 25.0181 0.723999 -0.608062 -0.325111
-56.3584 79.804 23.9419 0.740761 -0.587536 -0.324348
-56.4336 80.3373 22.8404 0.75878 -0.570083 -0.315054
-56.6358 80.89 21.3921 0.753271 -0.579674 -0.309886
-56.7862 81.1964 20.4003 0.733914 -0.593661 -0.328396
-57.0742 81.6937 19.0148 0.749089 -0.592278 -0.284972
-57.1503 81.9475 17.9887 0.747157 -0.630189 -0.211232
-57.0829 82.3686 16.9106 0.742611 -0.642075 -0.190438
-56.8745 82.8517 15.9479 0.731685 -0.672267 -0.112667
-56.5783 83.3439 14.9833 0.735594 -0.672287 -0.066225
-56.2266 83.7783 14.0693 0.70046 -0.708943 -0.0821915
-55.8655 84.127 13.3242 0.635518 -0.772083 0.00205173
-55.2112 84.6423 12.3414 0.624448 -0.780236 0.022614
-54.5672 85.0875 11.3994 0.553681 -0.827933 0.0836398
-54.0324 85.3469 10.6715 0.527787 -0.844939 0.0867107
-53.2903 85.6705 9.58286 0.449385 -0.888071 0.096872
-52.6005 85.936 8.54623 0.467527 -0.882476 0.0515217
-51.9775 86.2015 7.69335 0.466958 -0.880707 0.0793698
-51.3391 86.4544 6.91419 0.37426 -0.923832 0.0792577
-50.6742 86.6871 6.1345 0.390893 -0.91786 0.0589391
-49.8156 87.0481 5.2008 0.388397 -0.920614 -0.0333914
-48.9782 87.4502 4.20872 0.370288 -0.927433 -0.052482
-48.2709 87.7833 3.53336 0.294565 -0.951421 -0.0896051
-47.4895 88.2618 2.75262 0.485065 -0.836766 -0.254035
-46.8956 88.8449 2.03414 0.383021 -0.843889 -0.375693
-46.3167 89.3871 1.32502 0.364308 -0.867152 -0.339599
-45.6982 89.9593 0.46316 0.327925 -0.885887 -0.32813
-45.2216 90.4567 -0.462048 0.288065 -0.905866 -0.310174
-44.851 90.8722 -1.28812 0.275427 -0.903725 -0.327636
-44.5976 91.2332 -2.08737 0.267674 -0.904281 -0.332503
-44.3825 91.6206 -2.94485 0.228366 -0.92327 -0.303424
-44.1323 91.9679 -3.9135 0.168704 -0.948827 -0.263948
-44.0392 92.2462 -4.99087 0.148019 -0.959808 -0.238451
-44.0923 92.5247 -6.10879 0.102272 -0.963586 -0.24682
-44.0787 92.751 -7.07045 0.0825925 -0.971167 -0.223635
-44.1525 92.9801 -8.06395 0.0875062 -0.969767 -0.227734
-44.1122 93.0385 -9.11009 0.042968 -0.997711 -0.0464139
-44.1185 93.103 -10.0612 0.0665159 -0.996028 -0.0565986
-43.9258 93.1728 -11.2277 0.0555638 -0.99748 -0.0162308
-43.4968 93.1656 -12.6916 0.0218904 -0.999588 0.017176
-43.1537 93.0705 -13.594 0.0217642 -0.991227 0.130367
-42.7841 92.7798 -14.8672 -0.104596 -0.96136 0.254621
-42.5893 92.3768 -16.1431 -0.130579 -0.936248 0.326173
-42.6571 92.0261 -17.1809 -0.0781261 -0.91902 0.384118
-42.7315 91.5994 -18.1212 -0.0772285 -0.876968 0.469677
-42.0469 91.1586 -18.7022 -0.0835138 -0.849865 0.520033
-41.6899 91.6838 -17.7892 -0.0721821 -0.857986 0.508451
-41.4274 92.2434 -16.2652 0.00250264 -0.941428 0.337206
-41.3601 92.5251 -15.3431 -0.0835363 -0.950421 0.299536
-41.2885 92.8885 -13.9688 -0.0537156 -0.963777 0.261245
-41.3627 93.0905 -12.8337 -0.102705 -0.991719 0.0771074
-41.4759 93.1732 -11.9206 -0.0652228 -0.995611 0.0460408
-41.6684 93.2096 -10.7544 -0.0101898 -0.999664 0.0133771
-41.9567 93.1844 -9.59822 -0.000672714 -0.996615 -0.0743957
-42.2468 93.0941 -8.74203 0.0270241 -0.995041 -0.0957247
-42.6527 92.9264 -7.30736 0.101096 -0.985747 -0.134468
-42.9771 92.6823 -6.28678 0.104088 -0.971647 -0.212294
-43.0632 92.4853 -5.40712 0.102956 -0.973373 -0.204803
-43.4021 92.1791 -4.31327 0.152127 -0.961279 -0.229782
-43.515 91.8934 -3.29574 0.187302 -0.940703 -0.282355
-43.706 91.5635 -2.26187 0.228358 -0.923271 -0.30343
-43.6571 91.2653 -1.3517 0.30943 -0.906205 -0.288176
-43.6343 90.8874 -0.166273 0.30884 -0.901834 -0.302179
-43.4657 90.6182 0.798059 0.312084 -0.896471 -0.314552
-43.1876 90.3768 1.79478 0.310039 -0.903572 -0.295693
-42.5269 90.2321 2.98628 0.323191 -0.904954 -0.276778
-41.5416 90.2109 4.16032 0.339261 -0.884579 -0.320034
-40.7763 90.255 4.85236 0.344678 -0.885281 -0.312112
-39.834 90.3903 5.51311 0.325781 -0.888866 -0.322022
-39.0233 90.5181 5.96009 0.323235 -0.886937 -0.329938
-38.1598 90.6887 6.36505 0.328718 -0.887692 -0.32241
-37.0358 90.9401 6.78581 0.314161 -0.891706 -0.325827
-35.6584 91.2941 7.04837 0.27479 -0.888977 -0.366347
-34.6166 91.6411 7.00994 0.299659 -0.884458 -0.357685
-33.5048 92.1015 6.80303 0.301563 -0.881115 -0.364196
-32.7004 92.4687 6.59925 0.307096 -0.876981 -0.369589
-31.8996 92.8884 6.25446 0.300354 -0.892477 -0.336559
-31.1056 93.3576 5.71902 0.300782 -0.893038 -0.334678
-30.4473 93.8179 5.1088 0.329052 -0.875781 -0.352988
-29.6319 94.2778 4.67095 0.302339 -0.904612 -0.300413
-28.9242 94.6672 4.1735 0.285455 -0.910324 -0.299708
-28.0157 95.1903 3.33323 0.260433 -0.929903 -0.25972
-26.9135 95.7048 2.48237 0.219579 -0.945001 -0.241492
-26.1155 95.9957 2.00043 0.184909 -0.956162 -0.225856
-25.3499 96.2396 1.51587 0.201975 -0.959036 -0.198637
-24.448 96.5435 0.78232 0.1551 -0.975716 -0.154671
-23.3612 96.8408 -0.0429941 0.119393 -0.979737 -0.157315
-22.6386 97.0368 -0.607899 0.154999 -0.976411 -0.150213
-21.4697 97.3907 -1.64004 0.102888 -0.978007 -0.171563
-20.5413 97.4502 -2.16637 -0.0176951 -0.996065 -0.0813159
-19.6455 97.45 -2.77769 -0.0450035 -0.997159 -0.0603999
-18.7263 97.4328 -3.30235 -0.0545962 -0.997182 -0.0514614
-17.6167 97.2914 -3.75864 -0.203687 -0.978654 0.0273524
-16.4325 96.9919 -3.86836 -0.291916 -0.955036 0.0484529
-14.9981 96.5453 -3.617 -0.310313 -0.948714 0.0603969
-14.0724 96.3387 -2.97872 -0.327268 -0.927029 0.183064
-13.5118 96.3286 -2.20768 -0.272402 -0.931175 0.242301
-14.3361 96.718 -1.63356 -0.191696 -0.939957 0.282372
-15.2606 96.9972 -1.55941 -0.208425 -0.964238 0.163719
-16.3905 97.2017 -1.54447 -0.0882124 -0.995293 0.0173837
-17.6355 97.2707 -1.41108 -0.0493362 -0.998055 0.0360243
-18.7019 97.2884 -1.22688 -0.0143066 -0.99671 -0.0797814
-19.8082 97.2622 -0.771064 -0.00075607 -0.987438 -0.157225
-21.1855 97.1552 -0.345478 0.0501442 -0.981633 -0.18407
-22.1688 97.0333 -0.100147 0.155006 -0.976411 -0.150206
-22.5774 96.8571 0.603349 0.143615 -0.975134 -0.168786
-23.4617 96.6175 1.25622 0.134991 -0.977402 -0.162673
-24.2259 96.4176 1.79931 0.178533 -0.967377 -0.176653
-24.9136 96.1015 2.56196 0.192897 -0.954126 -0.228984
-26.1324 95.6588 3.38175 0.21585 -0.951846 -0.217712
-27.1079 95.2265 4.10387 0.255293 -0.934049 -0.249755
-27.9243 94.7757 4.7854 0.27853 -0.915605 -0.289981
-28.6907 94.3943 5.19162 0.278253 -0.906074 -0.318755
-29.6032 93.8973 5.68796 0.324798 -0.880812 -0.344495
-30.2716 93.4309 6.27382 0.303097 -0.892439 -0.334192
-31.0235 92.7761 7.20665 0.310802 -0.862035 -0.400314
-31.5296 92.2568 7.93134 0.303828 -0.854724 -0.420874
-32.0213 91.634 8.85027 0.291292 -0.860914 -0.417102
-32.2898 91.1737 9.61119 0.258602 -0.878744 -0.398996
-32.59 90.646 10.6621 0.22683 -0.891989 -0.391029
-32.783 90.1921 11.531 0.201665 -0.879663 -0.430724
-32.9741 89.6131 12.671 0.0828442 -0.908228 -0.410194
-33.1696 89.0366 14.0551 0.0832523 -0.935622 -0.343047
-33.2797 88.6942 15.0271 0.0480993 -0.954121 -0.295304
-33.4069 88.3199 16.1771 0.0249507 -0.958831 -0.281244
-33.5572 88.0724 17.1014 -0.0321625 -0.956484 -0.285709
-33.8181 87.7707 18.2561 -0.0828897 -0.969123 -0.232228
-34.1176 87.481 19.5315 -0.17063 -0.937989 -0.301764
-34.3503 87.1463 20.7245 -0.190441 -0.929796 -0.313694
-34.5167 86.8588 21.6048 -0.190271 -0.913685 -0.358371
-34.7041 86.5294 22.4838 -0.218659 -0.907818 -0.354969
-34.9819 86.2405 23.3595 -0.24146 -0.848605 -0.470709
-35.4137 85.8827 24.2357 -0.259439 -0.832481 -0.48821
-36.365 85.435 25.4061 -0.267281 -0.814123 -0.515381
-37.0603 85.109 26.134 -0.256698 -0.750674 -0.608727
-37.7787 84.7204 26.8927 -0.25096 -0.742371 -0.621212
-38.7656 84.1715 27.8379 -0.216319 -0.682449 -0.69819
-38.0921 83.6004 28.1959 -0.208202 -0.687473 -0.695724
-38.833 83.1651 28.8622 -0.202075 -0.704892 -0.679913
-39.6088 82.6488 29.6225 -0.205875 -0.689101 -0.69449
-40.0805 82.1545 30.2678 -0.242546 -0.68281 -0.68916
-40.6532 81.4086 31.1944 -0.233672 -0.673237 -0.701534
-41.1024 80.7665 31.9293 -0.209335 -0.654636 -0.726201
-41.5239 80.2299 32.5675 -0.189395 -0.71005 -0.677696
-42.0655 79.5858 33.3592 -0.160618 -0.726464 -0.667532
-42.4815 79.0668 34.0438 -0.138605 -0.742484 -0.655367
-42.9099 78.4264 34.8578 -0.138167 -0.741352 -0.65674
-43.2576 77.9129 35.5216 -0.163072 -0.80009 -0.576879
-43.7479 77.2709 36.5507 -0.0776371 -0.801681 -0.590909
-44.3703 76.5386 37.5088 -0.0436255 -0.775327 -0.630051
-45.0659 75.8925 38.4475 -0.0714885 -0.850233 -0.519774
-45.8601 75.5332 39.2403 0.0027876 -0.87846 -0.466945
-46.6006 75.1954 39.835 0.0555538 -0.896986 -0.438554
-47.5446 74.8195 40.4408 0.126706 -0.897817 -0.4217
-48.4722 74.5729 40.7216 0.115083 -0.914609 -0.387616
-49.3967 74.3978 40.8324 0.13063 -0.911895 -0.389081
-50.755 74.2708 40.6013 0.152034 -0.927132 -0.342509
-51.9263 74.248 40.0477 0.210192 -0.917162 -0.338311
-52.8205 74.2698 39.4563 0.20979 -0.912607 -0.350907
-53.6076 74.3902 38.584 0.283356 -0.894071 -0.343905
-54.3276 74.4721 37.6791 0.315669 -0.875624 -0.365532
-55.1982 74.6394 36.5082 0.319049 -0.864136 -0.388195
-55.812 74.7142 35.6503 0.399694 -0.844782 -0.355793
-56.3898 74.8049 34.7645 0.41707 -0.82724 -0.376466
-56.7976 74.9602 33.762 0.498081 -0.811958 -0.304367
-56.9563 75.1853 32.7264 0.521983 -0.805366 -0.277308
-57.0875 75.4626 31.8246 0.530946 -0.784053 -0.321395
-57.1379 75.8014 30.9871 0.570598 -0.748481 -0.335941
-56.9981 76.4107 29.7823 0.594711 -0.74208 -0.309234
-56.8666 76.9858 28.6443 0.613804 -0.714544 -0.333068
-56.9094 77.4653 27.5331 0.652968 -0.700171 -0.283743
-56.9784 78.0426 26.0952 0.699126 -0.652088 -0.292566
-57.0001 78.6796 24.713 0.707584 -0.635353 -0.30924
-57.0261 79.1436 23.716 0.724857 -0.628315 -0.280069
-57.0405 79.6444 22.6417 0.754372 -0.574856 -0.31696
-57.175 80.0825 21.5555 0.74344 -0.585909 -0.322501
-57.3445 80.3927 20.6012 0.758882 -0.578048 -0.298465
-57.4974 80.6559 19.6612 0.813742 -0.503853 -0.28975
-57.6448 80.9142 18.7925 0.817663 -0.510952 -0.265247
-57.7827 81.2415 17.5702 0.794706 -0.570689 -0.206776
-57.6754 81.8097 16.331 0.787702 -0.588536 -0.182074
-57.428 82.3252 15.3312 0.744673 -0.662042 -0.0835494
-57.0711 82.8779 14.2161 0.753657 -0.652133 -0.0820008
-56.6698 83.4338 13.17 0.741689 -0.6673 -0.0678564
-56.2544 83.7867 12.4225 0.651373 -0.758394 0.00886899
-55.5663 84.3683 11.3475 0.59851 -0.798766 0.0384104
-54.8468 84.7982 10.3695 0.567772 -0.82051 0.0648224
-54.1114 85.1864 9.31642 0.547759 -0.828029 0.118529
-53.4055 85.4693 8.20764 0.527544 -0.843194 0.0983858
-52.886 85.6952 7.44097 0.493982 -0.864003 0.0973705
-52.1172 86.0255 6.48539 0.467438 -0.881596 0.0655021
-51.2625 86.426 5.41563 0.419092 -0.907621 -0.0242008
-50.583 86.7448 4.6355 0.388394 -0.920615 -0.0333867
-49.7619 87.1949 3.58767 0.392972 -0.911039 -0.123917
-49.1065 87.583 2.91388 0.341812 -0.931183 -0.113378
-48.3197 88.0679 2.20914 0.41577 -0.81779 -0.397939
-47.7361 88.6737 1.57406 0.411271 -0.819053 -0.399979
-47.2483 89.1766 0.937041 0.359503 -0.856311 -0.370103
-46.6848 89.7386 0.170117 0.342357 -0.854924 -0.38974
-46.1277 90.2907 -0.790381 0.288442 -0.899057 -0.32939
-45.8023 90.6869 -1.5977 0.282914 -0.900392 -0.330535
-45.4951 91.1197 -2.46304 0.244452 -0.902846 -0.353713
-45.2895 91.5675 -3.39838 0.207883 -0.911808 -0.349269
-45.1035 91.9688 -4.50424 0.162591 -0.944936 -0.279828
-45.034 92.2908 -5.63451 0.136527 -0.948838 -0.284721
-45.0505 92.5692 -6.70289 0.0981821 -0.96618 -0.238411
-45.0976 92.8032 -7.68815 0.0915788 -0.97025 -0.224113
-45.1282 92.952 -8.78968 0.0869369 -0.994364 -0.0602482
-45.1093 93.0215 -10.0112 0.0788447 -0.995881 -0.0447586
-44.9568 93.0815 -11.0525 0.0814451 -0.995839 -0.0404409
-44.7589 93.1332 -12.0665 0.0581471 -0.99765 -0.0101176
-44.3606 93.1459 -13.2738 0.0264331 -0.999587 -0.0112998
-43.9497 92.9951 -14.3666 -0.0422883 -0.979964 0.194634
-43.6204 92.7156 -15.4336 -0.0986601 -0.961345 0.257066
-43.4874 92.4104 -16.3299 -0.0617026 -0.932958 0.354657
-43.5355 92.0333 -17.3107 -0.0560412 -0.928861 0.366166
-43.6259 91.3973 -18.5172 -0.00442364 -0.855291 0.518129
-43.5875 90.8282 -19.3851 -0.0458881 -0.821528 0.568318
-42.5879 90.357 -19.8942 -0.0850825 -0.765739 0.637499
-41.4899 90.6345 -19.5586 0.0220621 -0.794072 0.607423
-40.9758 90.9974 -18.8897 -0.0136022 -0.893493 0.448871
-40.7182 91.563 -17.8457 -0.0781111 -0.862475 0.500035
-40.5839 92.0298 -16.8678 0.00251413 -0.941428 0.337206
-40.4406 92.3359 -16.0154 0.014285 -0.956263 0.287173
-40.3482 92.5619 -15.0172 -0.0289644 -0.969673 0.241647
-40.349 92.9241 -13.7028 -0.029642 -0.963365 0.26655
-40.4594 93.0351 -12.6489 -0.0719034 -0.993841 0.0843191
-40.6186 93.1456 -11.5304 -0.069272 -0.993437 0.0910195
-40.8559 93.1952 -10.2406 -0.0273186 -0.998603 -0.0158058
-41.2115 93.1353 -9.07431 -0.0186242 -0.998345 -0.0535167
-41.4957 93.0573 -7.92466 0.0269132 -0.997537 -0.0647696
-41.8711 92.8505 -6.5125 0.125783 -0.97249 -0.196067
-42.1424 92.6135 -5.42653 0.141593 -0.975716 -0.165993
-42.3192 92.4158 -4.52792 0.173604 -0.95799 -0.228289
-42.5289 92.1673 -3.64476 0.186401 -0.959337 -0.210849
-42.6858 91.8476 -2.47057 0.220989 -0.941739 -0.253557
-42.7488 91.5002 -1.21022 0.240088 -0.934671 -0.262199
-42.6698 91.2625 -0.289901 0.304289 -0.906797 -0.291546
-42.5199 90.9431 0.845001 0.343337 -0.896195 -0.28099
-42.217 90.7152 1.88629 0.343285 -0.886644 -0.309866
-41.5376 90.6538 2.91295 0.350901 -0.886546 -0.301301
-40.834 90.6558 3.68075 0.340551 -0.884222 -0.319646
-39.7855 90.7456 4.55479 0.344678 -0.885281 -0.312111
-38.7982 90.9149 5.11328 0.342806 -0.880632 -0.326964
-37.8004 91.1119 5.56629 0.326571 -0.887185 -0.32594
-36.8055 91.3411 5.91032 0.315241 -0.891742 -0.32468
-35.9155 91.5777 6.1378 0.322166 -0.88859 -0.326521
-34.8926 91.8937 6.16156 0.279199 -0.891503 -0.35675
-33.9701 92.2754 5.99917 0.313394 -0.885264 -0.343646
-32.6793 92.917 5.47775 0.301214 -0.893598 -0.332795
-31.9255 93.3318 5.04611 0.298457 -0.898132 -0.322728
-31.2505 93.7299 4.55523 0.33956 -0.871385 -0.3541
-30.5851 94.1634 4.05114 0.305382 -0.902705 -0.303095
-29.7917 94.5759 3.60253 0.2993 -0.906517 -0.297735
-28.8388 95.1088 2.79856 0.261017 -0.930078 -0.258507
-28.1047 95.4804 2.19666 0.242711 -0.936392 -0.252985
-26.9238 95.9882 1.36322 0.222392 -0.947118 -0.230249
-26.0988 96.2532 0.817523 0.173001 -0.963768 -0.203033
-25.2317 96.5614 0.113686 0.17956 -0.961277 -0.209055
-24.5281 96.8022 -0.427578 0.117001 -0.972787 -0.195746
-23.7735 96.9697 -1.01174 0.0882384 -0.981956 -0.167262
-22.8731 97.2076 -1.73359 0.13365 -0.970252 -0.201863
-22.1015 97.4404 -2.33299 0.0854067 -0.982461 -0.147343
-21.2905 97.5245 -2.87078 -0.00129101 -0.992953 -0.114116
-20.3998 97.5323 -3.44617 -0.0612776 -0.993159 -0.0994004
-19.2271 97.5054 -4.08152 -0.116199 -0.9864 -0.116243
-18.3404 97.4328 -4.49286 -0.210723 -0.977096 -0.010958
-17.1851 97.1959 -4.77454 -0.257978 -0.964474 -0.021664
-16.1504 96.8712 -4.80452 -0.297695 -0.95466 -0.00168756
-15.1548 96.4981 -4.63246 -0.347887 -0.931677 0.10465
-14.3327 96.2278 -4.31958 -0.338685 -0.933494 0.117559
-13.5656 96.026 -3.7671 -0.331374 -0.936077 0.118115
-12.8536 95.9163 -3.05213 -0.3423 -0.909097 0.225185
-12.3925 95.9225 -2.11237 -0.400383 -0.876231 0.262165
-12.7341 96.434 -1.07852 -0.373324 -0.878818 0.297168
-13.8956 96.88 -0.687896 -0.179122 -0.973258 0.143819
-15.1647 97.1098 -0.682101 -0.12289 -0.980299 0.146526
-16.4665 97.2212 -0.607832 -0.0993882 -0.988371 0.0846603
-17.8569 97.2844 -0.386652 -0.0386817 -0.999252 -0.000182201
-19.482 97.1273 0.066404 0.0770254 -0.985511 -0.137126
-20.6672 97.0202 0.538891 0.0454104 -0.983591 -0.17454
-21.6675 96.8892 1.00391 0.083092 -0.97896 -0.182836
-22.798 96.5682 1.93155 0.117105 -0.973899 -0.19444
-23.7022 96.2738 2.74586 0.132361 -0.962891 -0.235206
-24.62 95.9494 3.51045 0.193489 -0.962351 -0.1909
-25.5827 95.5887 4.21471 0.240039 -0.947338 -0.211972
-26.5527 95.1278 4.9613 0.271065 -0.922108 -0.276116
-27.2056 94.7586 5.49424 0.295164 -0.902347 -0.31403
-28.425 94.1026 6.25927 0.29258 -0.896724 -0.331507
-29.5655 93.3827 7.04277 0.313837 -0.886843 -0.338889
-30.1738 92.866 7.68364 0.314678 -0.858561 -0.404785
-30.657 92.337 8.37416 0.312654 -0.842627 -0.437664
-31.035 91.8688 9.04577 0.286904 -0.861999 -0.417905
-31.3662 91.3408 9.90677 0.287767 -0.861515 -0.418308
-31.6382 90.78 10.8518 0.211541 -0.880468 -0.424105
-31.8223 90.3613 11.6351 0.187015 -0.868545 -0.457804
-31.9933 89.8691 12.4448 0.161342 -0.873906 -0.457277
-32.1301 89.4103 13.3098 0.10516 -0.894922 -0.431586
-32.2597 88.9643 14.4397 0.0626596 -0.935092 -0.348823
-32.4012 88.414 15.919 -0.0104271 -0.95125 -0.308243
-32.5404 88.1247 16.7636 -0.0189 -0.940222 -0.340038
-32.715 87.8089 17.703 -0.0774038 -0.95792 -0.273082
-33.0482 87.4458 19.0369 -0.165803 -0.931727 -0.3231
-33.2729 87.201 19.9173 -0.174225 -0.937245 -0.302022
-33.4109 86.8738 20.8573 -0.221738 -0.909825 -0.350318
-33.6143 86.464 22.0264 -0.267607 -0.878136 -0.396564
-33.845 86.1242 22.9368 -0.271089 -0.87216 -0.407031
-34.1946 85.7525 23.8112 -0.255449 -0.839961 -0.47876
-34.7569 85.3237 24.8025 -0.232696 -0.817225 -0.527254
-35.4932 84.9935 25.623 -0.265852 -0.785384 -0.559012
-36.2221 84.6643 26.3874 -0.211729 -0.759667 -0.613907
-37.2043 84.1225 27.3839 -0.245925 -0.74648 -0.618295
-37.7654 83.7975 27.9034 -0.219829 -0.689432 -0.690064
-37.17 83.1765 28.3265 -0.233899 -0.687039 -0.687944
-38.0035 82.6951 29.0833 -0.227414 -0.686943 -0.690211
-38.609 82.2932 29.661 -0.212477 -0.674037 -0.707479
-39.1248 81.8228 30.2756 -0.225664 -0.684737 -0.692972
-39.606 81.2735 30.9751 -0.234282 -0.675106 -0.699382
-40.2734 80.3834 32.017 -0.233633 -0.648555 -0.724246
-40.6411 79.8629 32.6738 -0.233175 -0.699538 -0.675482
-41.3275 79.0929 33.739 -0.241621 -0.7153 -0.655717
-41.8931 78.2787 34.8107 -0.138151 -0.74135 -0.656746
-42.4015 77.5884 35.7505 -0.144632 -0.79605 -0.587696
-42.786 77.0452 36.603 -0.183525 -0.800312 -0.57077
-43.3265 76.4085 37.5614 -0.120994 -0.761728 -0.6365
-43.8521 75.89 38.3467 -0.02368 -0.838099 -0.544426
-44.3346 75.4926 39.0143 -0.0906522 -0.882641 -0.460046
-44.9389 75.2365 39.6675 -0.0857828 -0.898088 -0.431368
-45.666 74.9845 40.2522 -0.0424384 -0.88189 -0.469541
-46.8213 74.5764 41.0477 0.0392043 -0.88536 -0.463249
-47.6783 74.3134 41.4704 0.0400578 -0.89239 -0.449484
-48.5729 74.1387 41.7161 0.122858 -0.913249 -0.388355
-49.5114 74.0085 41.7516 0.111029 -0.92619 -0.360339
-50.6758 73.9184 41.57 0.146362 -0.923026 -0.35581
-51.67 73.8937 41.2161 0.181311 -0.924423 -0.334115
-52.7387 73.8666 40.6662 0.136134 -0.955999 -0.259871
-53.5928 73.8915 40.0186 0.189025 -0.937398 -0.292498
-54.286 73.9861 39.1548 0.258131 -0.926201 -0.274761
-55.2779 74.077 37.9557 0.250409 -0.916833 -0.309626
-56.0371 74.2081 36.8505 0.352394 -0.896183 -0.269582
-56.6376 74.2263 35.9264 0.371047 -0.894608 -0.248741
-57.1774 74.2736 35.0388 0.439647 -0.860003 -0.257727
-57.6188 74.4598 33.7895 0.449632 -0.848675 -0.278325
-57.8182 74.7136 32.4738 0.521984 -0.805363 -0.277312
-57.9208 75.0512 31.4521 0.53587 -0.784946 -0.310971
-57.9046 75.4616 30.3653 0.559944 -0.772318 -0.297959
-57.73 76.0871 29.1562 0.589138 -0.750001 -0.30069
-57.6348 76.5764 28.1371 0.594224 -0.747409 -0.297116
-57.6847 76.9391 27.1363 0.616169 -0.73957 -0.269973
-57.6867 77.2895 26.254 0.613141 -0.729612 -0.302861
-57.7134 77.632 25.3637 0.621407 -0.723497 -0.300223
-57.7024 78.1625 24.1782 0.635168 -0.715528 -0.289545
-57.66 78.748 22.8901 0.660214 -0.691669 -0.292763
-57.6961 79.1449 22.0416 0.681016 -0.645917 -0.344976
-57.82 79.462 21.2035 0.708647 -0.639306 -0.292479
-58.0209 79.7819 19.9617 0.773621 -0.574445 -0.267311
-58.2079 80.1317 18.678 0.735735 -0.616404 -0.280187
-58.3808 80.3797 17.7289 0.763665 -0.572097 -0.299199
-58.4066 80.6666 16.873 0.759171 -0.615622 -0.211349
-58.1922 81.3283 15.5579 0.748087 -0.6395 -0.177215
-57.8236 82.0326 14.2214 0.735219 -0.672392 -0.0856805
-57.5245 82.4634 13.4098 0.734237 -0.673773 -0.0831565
-57.0447 83.1096 12.2309 0.694179 -0.714788 -0.0181884
-56.5877 83.5076 11.4442 0.669653 -0.742526 0.014835
-56.1172 83.8976 10.733 0.637691 -0.765513 0.0823806
-55.3793 84.3704 9.76356 0.624817 -0.777326 0.0690368
-54.65 84.7386 8.68097 0.551332 -0.829962 0.0832584
-54.2103 84.9545 7.91311 0.538694 -0.838959 0.0771814
-53.6984 85.1931 7.10775 0.492896 -0.865909 0.0841121
-53.1082 85.4652 6.34298 0.491803 -0.867819 0.0708492
-52.4663 85.777 5.52346 0.497067 -0.867596 -0.014238
-51.8719 86.11 4.72158 0.464039 -0.885681 -0.00737805
-51.1065 86.5752 3.77943 0.481798 -0.870645 -0.0956749
-50.3012 87.074 2.76658 0.392962 -0.911043 -0.12392
-49.6598 87.5242 2.1424 0.408405 -0.876511 -0.254821
-48.8034 88.2104 1.32465 0.438867 -0.845389 -0.304488
-48.2715 88.7402 0.673248 0.466373 -0.817788 -0.337223
-47.7486 89.3516 -0.0160971 0.412495 -0.839209 -0.354368
-47.2923 89.8711 -0.670823 0.351612 -0.855364 -0.370627
-46.7775 90.4533 -1.73454 0.302912 -0.873648 -0.380766
-46.5067 90.8591 -2.49694 0.232222 -0.895931 -0.377639
-46.2061 91.4581 -3.6583 0.207889 -0.911809 -0.349264
-46.0982 91.8555 -4.76699 0.179762 -0.929989 -0.320462
-46.0327 92.1992 -5.69069 0.0440896 -0.941812 -0.333237
-46.0381 92.4676 -6.58118 0.0385793 -0.977213 -0.208724
-46.0709 92.6814 -7.55505 0.0928191 -0.968215 -0.232083
-46.0726 92.9299 -8.43954 -0.0821267 -0.996168 -0.0300827
-46.0998 92.9966 -9.65305 -0.167826 -0.982024 -0.0851025
-46.0114 93.0552 -10.6789 -0.130101 -0.988282 -0.00358387
-45.7386 93.171 -12.2169 -0.120834 -0.986358 -0.111791
-45.469 93.1828 -13.1422 -0.0992371 -0.994197 -0.0415233
-45.0316 93.0965 -14.2944 -0.130842 -0.97798 0.160477
-44.6044 92.8395 -15.3648 -0.142011 -0.965066 0.215448
-44.3713 92.4301 -16.4454 -0.145369 -0.917337 0.367275
-44.4709 92.0441 -17.4769 -0.0732899 -0.900071 0.422194
-44.5994 91.3979 -18.6018 -0.0465592 -0.846347 0.529913
-44.5945 90.6516 -19.7368 -0.0444783 -0.827994 0.558685
-44.1691 89.9888 -20.4278 0.0189024 -0.721948 0.691689
-43.255 89.72 -20.6884 -0.0264089 -0.719937 0.693537
-41.771 89.7567 -20.6429 0.0207775 -0.748529 0.662776
-40.7132 90.2351 -20.1142 0.0362044 -0.798006 0.601561
-40.1735 90.7184 -19.5052 0.0556547 -0.844315 0.52505
-39.7915 91.3157 -18.2909 0.0278145 -0.912973 0.40707
-39.6989 91.7926 -17.3913 -0.0240614 -0.896162 0.439766
-39.5171 92.2328 -16.2747 -0.0290617 -0.956111 0.286493
-39.3882 92.4869 -15.2098 -0.0391263 -0.972657 0.228643
-39.3888 92.8759 -13.7845 -0.0212787 -0.97498 0.210669
-39.5293 92.9891 -12.5425 -0.0110551 -0.995853 0.0900045
-39.7409 93.1203 -11.2767 -0.0117758 -0.994873 0.100427
-39.9204 93.1543 -10.1526 -0.0114082 -0.999133 0.020431
-40.2199 93.1408 -9.06372 0.0228435 -0.999559 -0.0189902
-40.5821 93.0898 -7.75138 0.034319 -0.998264 -0.0478694
-40.8379 92.9672 -6.62823 0.054759 -0.987059 -0.150716
-41.2151 92.6908 -5.16787 0.125289 -0.979727 -0.156325
-41.558 92.377 -3.69217 0.191042 -0.961811 -0.196018
-41.7119 92.1512 -2.72291 0.214765 -0.953206 -0.210344
-41.8179 91.8807 -1.73478 0.234524 -0.943781 -0.23297
-41.8106 91.6479 -0.744056 0.278831 -0.935024 -0.21905
-41.6795 91.3749 0.417282 0.313227 -0.913106 -0.261012
-41.4935 91.1595 1.41033 0.3728 -0.892212 -0.254895
-40.9814 91.0969 2.26554 0.369262 -0.883435 -0.288424
-40.2872 91.0909 3.08061 0.343028 -0.879822 -0.329007
-39.3583 91.172 3.83706 0.339324 -0.883493 -0.322922
-38.4757 91.3265 4.35788 0.350037 -0.877244 -0.328508
-37.2556 91.5952 4.86993 0.320215 -0.876488 -0.359487
-36.0111 91.9052 5.20972 0.317452 -0.871144 -0.374413
-34.9214 92.2415 5.2692 0.267136 -0.888109 -0.373448
-33.668 92.804 4.88336 0.302482 -0.893337 -0.332346
-32.5365 93.4144 4.2296 0.300036 -0.902643 -0.308567
-31.5794 93.9395 3.66305 0.320085 -0.895973 -0.307823
-30.8462 94.3589 3.19668 0.306555 -0.905425 -0.293528
-30.1528 94.7479 2.69665 0.301441 -0.908412 -0.289691
-29.4494 95.1383 2.08632 0.254915 -0.931206 -0.260526
-28.7059 95.5139 1.46599 0.257568 -0.931922 -0.255303
-27.6922 95.9505 0.737181 0.217384 -0.953342 -0.209485
-26.7938 96.2781 0.107134 0.173063 -0.96372 -0.203207
-25.6131 96.6978 -0.828802 0.178196 -0.960134 -0.215381
-24.7997 96.963 -1.48415 0.0785182 -0.982016 -0.171695
-24.0287 97.1265 -2.0666 0.0833846 -0.981986 -0.169476
-22.9091 97.4317 -2.91998 0.140322 -0.975473 -0.169594
-21.8975 97.6168 -3.66703 -0.00129101 -0.992953 -0.114116
-21.0062 97.6543 -4.27135 -0.0434246 -0.989716 -0.135709
-19.8536 97.6672 -4.82778 -0.0821323 -0.988774 -0.119999
-18.5886 97.5543 -5.43358 -0.139917 -0.987144 -0.0772647
-17.6419 97.3308 -5.71067 -0.229328 -0.971563 -0.0533004
-16.7029 97.0506 -5.75706 -0.347757 -0.932744 -0.0508061
-15.8322 96.6722 -5.71953 -0.395798 -0.915514 0.0719545
-14.577 96.1454 -5.42646 -0.407226 -0.903896 0.130918
-13.6862 95.8276 -4.95442 -0.403683 -0.899727 0.165924
-12.9344 95.62 -4.37 -0.436501 -0.867462 0.23265
-12.2444 95.4244 -3.65252 -0.483805 -0.842882 0.23555
-11.6797 95.3739 -2.84276 -0.476326 -0.828016 0.29581
-11.3709 95.5607 -1.82609 -0.422653 -0.855051 0.30042
-11.6291 96.0285 -0.882645 -0.395067 -0.859046 0.325478
-12.5869 96.7545 0.108766 -0.278796 -0.927727 0.212379
-13.7604 97.0151 0.276725 -0.166819 -0.9557 0.239467
-14.8176 97.1965 0.229746 -0.183563 -0.965549 0.184444
-15.7386 97.2539 0.258451 -0.0227737 -0.991901 0.114905
-16.7536 97.2909 0.37486 0.00725907 -0.998138 0.0605658
-17.8598 97.2962 0.566249 0.0430041 -0.996404 0.03273
-18.775 97.1466 0.806758 0.165713 -0.985943 -0.0213651
-19.7902 96.949 1.18034 0.143925 -0.978587 -0.112969
-20.6994 96.8419 1.58293 0.0542801 -0.988597 -0.14046
-21.547 96.7101 2.10868 0.117427 -0.9808 -0.149873
-22.3812 96.4654 2.84592 0.172357 -0.970843 -0.1647
-23.2832 96.1488 3.64199 0.149346 -0.969243 -0.19561
-24.2717 95.8304 4.46336 0.171473 -0.965767 -0.193363
-25.0842 95.5222 5.07672 0.22417 -0.951505 -0.210033
-26.0348 95.0166 5.84091 0.275237 -0.920715 -0.276602
-26.9974 94.4396 6.60661 0.295158 -0.902349 -0.31403
-27.9212 93.93 7.12418 0.295387 -0.889181 -0.349434
-28.6214 93.5104 7.57247 0.325297 -0.866132 -0.378187
-29.3878 92.8496 8.3295 0.324912 -0.854914 -0.404272
-29.8477 92.3571 8.95038 0.335685 -0.831548 -0.442543
-30.2975 91.7178 9.80482 0.228535 -0.85964 -0.456936
-30.5283 91.2393 10.5797 0.232153 -0.85235 -0.46862
-30.8035 90.6237 11.5561 0.188184 -0.846164 -0.498591
-31.018 90.0598 12.4575 0.174791 -0.857276 -0.48428
-31.1629 89.4993 13.361 0.105152 -0.894924 -0.431584
-31.2484 89.0793 14.3129 0.0837465 -0.924208 -0.371167
-31.385 88.5282 15.4861 -0.0493016 -0.910427 -0.409678
-31.5358 88.1817 16.4842 -0.110154 -0.929349 -0.351501
-31.6975 87.8187 17.4268 -0.110634 -0.921079 -0.373327
-32.0193 87.3573 18.7601 -0.16843 -0.931168 -0.323353
-32.2826 87.0555 19.7114 -0.185844 -0.918972 -0.347782
-32.4492 86.7353 20.6442 -0.24403 -0.889532 -0.383996
-32.5683 86.3117 21.6516 -0.280161 -0.875071 -0.394666
-32.7372 85.9662 22.5369 -0.267606 -0.878137 -0.396563
-33.218 85.4738 23.7779 -0.273655 -0.828171 -0.488566
-33.5465 85.1129 24.5609 -0.287568 -0.801408 -0.523624
-34.3277 84.6955 25.4842 -0.253259 -0.777736 -0.575306
-34.916 84.4337 26.1167 -0.313915 -0.734227 -0.60197
-35.7455 84.0133 26.9624 -0.27389 -0.686999 -0.673065
-36.6556 83.4656 27.8612 -0.234587 -0.687887 -0.686862
-36.8785 83.3405 28.0626 -0.234589 -0.687885 -0.686864
-36.1684 82.7888 28.3727 -0.252719 -0.685755 -0.68229
-35.3341 83.2552 27.5688 -0.272374 -0.68531 -0.675391
-34.6239 83.668 26.8983 -0.275245 -0.71023 -0.644903
-33.9822 83.9943 26.219 -0.254193 -0.750352 -0.610211
-33.0715 84.3655 25.3838 -0.25228 -0.764673 -0.592537
-32.5198 84.7766 24.5117 -0.287569 -0.801408 -0.523624
-32.1706 85.2316 23.5803 -0.272758 -0.81552 -0.510421
-31.8016 85.5924 22.7802 -0.260008 -0.849279 -0.456605
-31.6113 86.059 21.5454 -0.238088 -0.886433 -0.395878
-31.5315 86.5189 20.5451 -0.226296 -0.877952 -0.421889
-31.2852 86.912 19.5577 -0.185257 -0.91829 -0.349884
-31.0324 87.1925 18.6937 -0.181469 -0.918132 -0.352267
-30.7737 87.6677 17.5151 -0.142492 -0.901471 -0.407818
-30.5721 88.0667 16.4863 -0.110153 -0.929351 -0.351495
-30.4381 88.4391 15.5701 -0.0492942 -0.910429 -0.409675
-30.3247 88.9975 14.5153 0.0189802 -0.874016 -0.485527
-30.2191 89.5923 13.4406 0.142026 -0.832868 -0.534739
-30.0876 90.1144 12.6875 0.156973 -0.829245 -0.536063
-29.8833 90.6999 11.8102 0.221638 -0.832834 -0.507212
-29.566 91.3786 10.8029 0.223892 -0.84686 -0.4821
-29.3215 92.0269 10.0034 0.424214 -0.727406 -0.539373
-28.7309 92.7637 9.10905 0.368194 -0.837376 -0.404023
-28.1185 93.3231 8.44209 0.364381 -0.854798 -0.369523
-27.4635 93.7842 7.99606 0.351777 -0.860488 -0.36853
-26.6299 94.2547 7.54751 0.325045 -0.89593 -0.302744
-25.7996 94.7422 6.97302 0.315502 -0.904741 -0.286183
-24.9317 95.2568 6.22957 0.25641 -0.931147 -0.255823
-24.1764 95.5852 5.61725 0.194863 -0.955269 -0.222461
-23.3149 95.9039 5.00224 0.182744 -0.963388 -0.193509
-22.5757 96.1509 4.35729 0.187146 -0.968348 -0.165162
-21.7273 96.4548 3.57943 0.203583 -0.96456 -0.167393
-20.9863 96.6231 2.93297 0.0758229 -0.984918 -0.155525
-20.1407 96.7575 2.39298 0.143927 -0.978585 -0.112975
-19.1277 97.0512 1.92524 0.206947 -0.975409 -0.059885
-18.2748 97.2054 1.65769 0.16215 -0.986028 -0.0371335
-17.0728 97.3444 1.40323 0.0819166 -0.996446 -0.0196394
-16.1832 97.3589 1.21947 0.024785 -0.995676 0.0870726
-14.956 97.3943 1.1278 -0.0844992 -0.977315 0.16555
-13.8252 97.2445 1.20088 -0.130705 -0.964322 0.230215
-12.9033 97.0698 1.18436 -0.228333 -0.946045 0.227528
-11.8535 96.733 0.904019 -0.291723 -0.915163 0.263649
-11.0495 96.1721 0.212369 -0.371192 -0.875399 0.308275
-10.5766 95.5661 -0.817688 -0.502093 -0.779819 0.349801
-10.4698 95.0243 -1.75967 -0.573511 -0.765304 0.292226
-10.6833 94.8084 -2.67851 -0.529877 -0.804253 0.269087
-11.0719 94.7824 -3.50943 -0.558731 -0.774685 0.294939
-11.65 94.8831 -4.25923 -0.503783 -0.816178 0.282941
-12.3186 95.0791 -4.88461 -0.513088 -0.817894 0.259099
-13.0271 95.3431 -5.53768 -0.484098 -0.840719 0.238575
-14.0334 95.7584 -6.18807 -0.507093 -0.844806 0.170764
-14.9986 96.2017 -6.51132 -0.450813 -0.887383 0.0965329
-16.2286 96.8052 -6.69588 -0.455605 -0.890168 0.00494759
-17.2213 97.2814 -6.73857 -0.406945 -0.913452 0.000145708
-18.1675 97.553 -6.62387 -0.228903 -0.966836 -0.113275
-19.388 97.7286 -6.13442 -0.152337 -0.983945 -0.092979
-20.5599 97.7945 -5.52433 -0.0545243 -0.98963 -0.132888
-21.4566 97.7859 -5.0871 -0.0434194 -0.989718 -0.135698
-22.2312 97.7316 -4.59487 -0.00228565 -0.991786 -0.12789
-23.0059 97.5987 -4.04033 0.0722671 -0.975525 -0.207673
-23.926 97.3767 -3.36582 0.10683 -0.977359 -0.182637
-24.9073 97.1563 -2.65547 0.0923194 -0.981977 -0.164406
-25.854 96.8951 -1.9044 0.167846 -0.968509 -0.183899
-26.5533 96.6337 -1.30078 0.167177 -0.961958 -0.216078
-27.327 96.3693 -0.725033 0.195578 -0.954434 -0.223518
-28.4809 95.9087 0.110867 0.228667 -0.950241 -0.211204
-29.3982 95.5155 0.763837 0.260831 -0.930565 -0.256902
-30.0788 95.1488 1.38613 0.261806 -0.932077 -0.250222
-30.788 94.761 1.99659 0.301479 -0.914939 -0.268323
-31.5639 94.324 2.54321 0.313738 -0.902076 -0.296357
-32.3686 93.8759 3.04012 0.309326 -0.898988 -0.309888
-33.1431 93.4701 3.47603 0.300045 -0.903008 -0.30749
-34.1383 92.9376 4.05046 0.263003 -0.905383 -0.329982
-35.0898 92.5865 4.37748 0.23701 -0.898824 -0.367242
-36.0059 92.2953 4.32942 0.329627 -0.865797 -0.376486
-37.2313 91.9762 4.00275 0.330628 -0.869385 -0.367031
-38.3959 91.7235 3.47501 0.36734 -0.857903 -0.359253
-39.7444 91.5464 2.51746 0.377046 -0.868815 -0.317958
-40.4219 91.5557 1.58089 0.370543 -0.8876 -0.273087
-40.74 91.7017 0.614307 0.372797 -0.892215 -0.254886
-40.8973 91.9147 -0.543414 0.353735 -0.917282 -0.182935
-40.9033 92.115 -1.571 0.286791 -0.948375 -0.135407
-40.7612 92.3355 -2.68472 0.194188 -0.962841 -0.187694
-40.5896 92.5663 -3.67705 0.166857 -0.971373 -0.16398
-40.3901 92.7117 -4.54255 0.142661 -0.980938 -0.131944
-40.1437 92.89 -5.55371 0.115509 -0.985551 -0.123883
-39.9181 93.0278 -6.44081 0.085876 -0.991471 -0.0880268
-39.5851 93.1352 -7.94286 0.046039 -0.997884 -0.0407315
-39.256 93.1695 -8.9947 0.0370993 -0.9991 -0.0205538
-38.978 93.176 -10.0007 0.0178057 -0.999797 0.00944729
-38.844 93.1317 -11.0498 -0.0124547 -0.995012 0.0989737
-38.6892 93.0303 -12.0413 -0.0100495 -0.994992 0.0994167
-38.4952 92.9255 -13.1424 -0.0343868 -0.991515 0.118309
-38.4382 92.7376 -14.3288 -0.0212669 -0.97498 0.210669
-38.4313 92.4673 -15.2568 0.00190489 -0.958452 0.285248
-38.5866 92.1091 -16.5579 -0.0328746 -0.93583 0.344855
-38.7886 91.5407 -17.8547 -0.00659309 -0.917942 0.396546
-38.8942 91.1406 -18.8332 0.13727 -0.921876 0.362356
-39.1672 90.6474 -19.6735 0.0316445 -0.814928 0.577686
-39.9003 89.91 -20.5943 0.0463329 -0.799501 0.598777
-40.6026 89.4149 -21.0838 0.0767141 -0.736964 0.671357
-41.4752 89.1285 -21.3516 0.0123392 -0.732404 0.680759
-42.4995 88.9756 -21.472 0.056282 -0.733152 0.677732
-43.3944 89.0048 -21.4241 -0.0171157 -0.709626 0.704275
-44.2742 89.214 -21.2248 0.00381022 -0.709565 0.704519
-45.2656 89.7359 -20.7119 -0.0563114 -0.692774 0.718953
-45.5773 90.6957 -19.7343 -0.00255767 -0.733303 0.679897
-45.5691 91.3211 -18.8469 -0.0990801 -0.838902 0.535188
-45.4652 91.9699 -17.7034 -0.126607 -0.8829 0.452171
-45.3106 92.38 -16.843 -0.114533 -0.916103 0.382855
-45.4204 92.807 -15.8963 -0.147768 -0.944341 0.291294
-45.7584 93.069 -15.0966 -0.146878 -0.967666 0.193384
-46.129 93.2583 -14.1263 -0.154059 -0.980551 0.120936
-46.5791 93.3225 -12.8286 -0.201701 -0.977296 -0.0648793
-46.898 93.1988 -11.5419 0.0174716 -0.998634 -0.0492414
-47.0375 93.1523 -10.5779 -0.0878043 -0.994094 0.0637724
-47.089 93.1266 -9.3383 -0.147942 -0.983497 -0.104146
-47.0321 92.9372 -8.33887 -0.0600841 -0.954665 -0.291087
-47.0565 92.5641 -7.03415 -0.0521643 -0.96047 -0.273452
-46.9977 92.3097 -6.13077 0.0907328 -0.920629 -0.374058
-47.0547 91.8701 -5.19648 0.137368 -0.899446 -0.414882
-47.1091 91.5122 -4.311 0.197064 -0.913742 -0.352689
-47.2072 91.14 -3.49351 0.22423 -0.896794 -0.381419
-47.6329 90.378 -2.19413 0.254729 -0.851605 -0.458128
-47.9584 89.9423 -1.46688 0.351609 -0.855367 -0.370622
-48.4653 89.2631 -0.640796 0.411311 -0.825496 -0.385034
-49.1117 88.4753 0.17962 0.471865 -0.790276 -0.390896
-49.7236 87.8113 0.929439 0.505961 -0.816858 -0.277032
-50.3553 87.308 1.48755 0.459685 -0.859374 -0.223979
-51.1574 86.7191 2.30836 0.452982 -0.875557 -0.167953
-51.7548 86.2773 3.09191 0.503554 -0.857783 -0.103158
-52.2959 85.912 3.76188 0.482924 -0.875042 -0.0206562
-52.8543 85.5648 4.5835 0.503368 -0.863915 -0.0151958
-53.5681 85.1468 5.55239 0.494769 -0.868994 -0.00735504
-54.1831 84.8507 6.32066 0.537822 -0.841435 0.0523053
-54.7666 84.5341 7.22599 0.538252 -0.840201 0.0647409
-55.3338 84.2489 8.24003 0.551965 -0.831168 0.0670361
-55.9161 83.9013 9.16424 0.628507 -0.776514 0.0447771
-56.4351 83.5358 9.83267 0.637695 -0.76551 0.0823778
-56.9793 83.1381 10.6243 0.661954 -0.747708 0.0431469
-57.6123 82.5296 11.7716 0.721592 -0.692318 -0.000848385
-57.9553 82.0952 12.564 0.733726 -0.674715 -0.0800323
-58.3248 81.5838 13.4535 0.729575 -0.678547 -0.0850458
-58.6247 81.1658 14.2741 0.738145 -0.661209 -0.124709
-58.8323 80.7137 15.0741 0.749997 -0.638817 -0.171403
-59.0245 80.2538 15.8606 0.731113 -0.653865 -0.194768
-59.0912 79.8517 16.8472 0.736033 -0.631965 -0.242644
-58.9863 79.5718 17.8337 0.736122 -0.622377 -0.266028
-58.836 79.2796 18.876 0.726414 -0.624845 -0.285529
-58.5766 78.9946 20.1898 0.7164 -0.63667 -0.285347
-58.436 78.7972 21.066 0.736272 -0.632705 -0.239976
-58.3517 78.4165 22.1113 0.670736 -0.668808 -0.31856
-58.4188 77.9208 23.1332 0.660214 -0.691669 -0.292763
-58.4603 77.4358 24.2921 0.646416 -0.715599 -0.264698
-58.488 77.0478 25.1817 0.618907 -0.731523 -0.286057
-58.4619 76.7328 26.0506 0.59355 -0.745867 -0.301953
-58.4352 76.3573 27.0642 0.603891 -0.743245 -0.287928
-58.3672 76.0324 28.0506 0.555714 -0.769128 -0.315634
-58.5646 75.4787 29.1397 0.523392 -0.79906 -0.295914
-58.7253 74.9614 30.2542 0.523064 -0.799604 -0.29502
-58.744 74.539 31.4363 0.518709 -0.810267 -0.272779
-58.6682 74.2002 32.673 0.461551 -0.863364 -0.203897
-58.5188 73.9842 33.7412 0.46365 -0.846258 -0.262442
-58.267 73.8334 34.6361 0.441924 -0.861406 -0.247888
-57.8516 73.7963 35.5487 0.418941 -0.877997 -0.231539
-57.2397 73.8056 36.5156 0.381499 -0.890982 -0.246189
-56.6084 73.7583 37.5978 0.353502 -0.895451 -0.270561
-55.9735 73.6682 38.6023 0.331347 -0.889276 -0.315273
-55.2791 73.6502 39.3555 0.25429 -0.925481 -0.280741
-54.7839 73.5689 40.1237 0.24139 -0.937777 -0.249611
-54.0916 73.5378 40.8397 0.219041 -0.931234 -0.291104
-53.2452 73.5388 41.4524 0.205913 -0.932128 -0.297728
-52.1829 73.5581 41.9981 0.141487 -0.944832 -0.295423
-51.1513 73.5707 42.3998 0.131788 -0.943078 -0.305328
-50.059 73.6253 42.6366 0.106862 -0.937385 -0.331497
-48.6029 73.7599 42.6902 0.0729686 -0.930805 -0.356058
-47.3524 73.9568 42.3363 0.059864 -0.92454 -0.376307
-46.2268 74.2553 41.7368 0.0422417 -0.942013 -0.332908
-45.1772 74.6014 41.0295 -0.050603 -0.903785 -0.424606
-44.1651 74.9015 40.2508 -0.061511 -0.900248 -0.43101
-43.5624 75.1747 39.6043 0.00397364 -0.893176 -0.44969
-42.8408 75.7629 38.546 -0.0284418 -0.859515 -0.508384
-42.4053 76.1441 37.7966 -0.0697451 -0.875732 -0.477562
-41.8518 76.8126 36.6672 -0.147022 -0.800394 -0.581167
-41.2903 77.5334 35.5393 -0.157078 -0.798688 -0.58077
-40.8603 78.2365 34.531 -0.225478 -0.729534 -0.645317
-40.3281 78.8384 33.6485 -0.237074 -0.712975 -0.659863
-39.8359 79.3951 32.8803 -0.232853 -0.705092 -0.669747
-39.479 79.9692 32.1662 -0.229179 -0.69873 -0.677682
-38.9043 80.68 31.2942 -0.245022 -0.667971 -0.702694
-38.448 81.1728 30.6715 -0.255273 -0.664209 -0.702493
-37.9583 81.6913 30.0157 -0.247192 -0.635472 -0.731486
-37.3639 82.0975 29.4631 -0.244349 -0.649858 -0.719385
-36.3162 82.7062 28.5059 -0.233892 -0.68704 -0.687945
-35.729 82.1019 28.8874 -0.218491 -0.663251 -0.715794
-36.345 81.5807 29.5839 -0.244354 -0.649855 -0.719386
-37.2208 81.0659 30.3117 -0.206277 -0.69029 -0.689339
-37.783 80.5151 31.1041 -0.176129 -0.721694 -0.66814
-38.4691 79.9083 31.9059 -0.205151 -0.696543 -0.687561
-38.8561 79.241 32.7881 -0.16026 -0.738202 -0.655267
-39.2377 78.7089 33.4774 -0.158873 -0.73633 -0.657706
-39.7575 78.1789 34.2105 -0.201997 -0.75558 -0.623134
-40.0983 77.5406 35.1552 -0.209536 -0.788825 -0.577797
-40.5593 77.053 36.0212 -0.120617 -0.810966 -0.572526
-40.9415 76.6242 36.7402 -0.0706435 -0.8697 -0.488349
-41.2023 76.1745 37.5564 -0.0716748 -0.864129 -0.49814
-41.6995 75.7167 38.4598 -0.0824957 -0.875365 -0.476372
-42.2862 75.2567 39.413 -0.0665973 -0.878103 -0.472822
-42.8251 74.8638 40.1804 -0.0360692 -0.879053 -0.475357
-43.466 74.5996 40.8675 -0.0331735 -0.924342 -0.378661
-44.2561 74.3397 41.507 -0.00660854 -0.930287 -0.366559
-45.3081 74.0789 42.2448 -0.0156677 -0.926141 -0.376851
-46.1734 73.8677 42.7609 0.0655681 -0.924079 -0.376536
-47.3892 73.5618 43.3343 0.0487671 -0.93711 -0.345459
-48.3055 73.4339 43.5782 0.0393308 -0.936845 -0.347525
-49.4335 73.3337 43.6429 0.0827429 -0.942057 -0.325088
-50.7655 73.2432 43.4749 0.110045 -0.93482 -0.337641
-52.1287 73.2223 43.0397 0.129864 -0.938211 -0.320773
-53.056 73.1979 42.596 0.20992 -0.927512 -0.309135
-53.9863 73.1739 42.0553 0.202704 -0.925091 -0.321048
-55.0061 73.1819 41.2894 0.203836 -0.947603 -0.245966
-55.8493 73.2232 40.3226 0.283173 -0.928455 -0.240382
-56.3646 73.2431 39.582 0.302834 -0.931897 -0.199651
-56.9696 73.1942 38.8923 0.31709 -0.910586 -0.257461
-57.382 73.3095 38.0723 0.365531 -0.893079 -0.261861
-57.9029 73.3762 37.0476 0.380525 -0.891715 -0.24504
-58.3877 73.3537 36.2428 0.423496 -0.876763 -0.227678
-58.8914 73.326 35.4457 0.429326 -0.874021 -0.227446
-59.1783 73.4185 34.5255 0.428035 -0.875955 -0.222459
-59.4363 73.6 33.4137 0.434999 -0.861492 -0.261931
-59.555 73.8307 32.225 0.463734 -0.862209 -0.203828
-59.5759 74.2137 30.9069 0.460246 -0.843739 -0.276185
-59.507 74.5657 29.9637 0.50011 -0.81157 -0.302067
-59.4127 74.9618 29.0042 0.524019 -0.805833 -0.275201
-59.2791 75.3532 28.147 0.537324 -0.795759 -0.279375
-59.2283 75.8271 26.9574 0.557481 -0.782779 -0.276531
-59.2064 76.2542 25.8098 0.571085 -0.764597 -0.297944
-59.2464 76.5533 24.9342 0.574605 -0.778302 -0.253131
-59.2095 77.1137 23.4896 0.589121 -0.753523 -0.291785
-59.136 77.5013 22.6506 0.601049 -0.735971 -0.311587
-59.0677 77.9894 21.5613 0.625356 -0.733019 -0.267215
-59.1919 78.3311 20.3835 0.629679 -0.730231 -0.264868
-59.4636 78.5207 19.1375 0.648947 -0.712274 -0.265258
-59.6384 78.8097 17.9315 0.692021 -0.67497 -0.25082
-59.7755 79.0026 17.0913 0.722032 -0.654269 -0.224947
-59.7834 79.2915 16.2254 0.704311 -0.667591 -0.239902
-59.6912 79.6491 15.3921 0.73015 -0.654516 -0.196187
-59.3631 80.3244 14.2746 0.722327 -0.669125 -0.174686
-59.1659 80.7288 13.4054 0.712653 -0.690417 -0.122834
-58.8371 81.1784 12.6826 0.698593 -0.706135 -0.115398
-58.4712 81.6604 11.8951 0.697844 -0.710459 -0.0882435
-58.1056 82.0838 11.1267 0.660374 -0.748942 -0.0546988
-57.4014 82.7618 9.85743 0.6319 -0.77424 -0.0080559
-56.6584 83.3261 8.76759 0.599929 -0.80004 0.0045505
-56.1651 83.6678 8.03431 0.558337 -0.826109 0.0761847
-55.4278 84.0884 6.72268 0.544636 -0.837657 0.0353677
-54.9041 84.3701 5.88444 0.528807 -0.847521 0.0455215
-54.2061 84.8159 4.94062 0.497756 -0.864462 -0.0514908
-53.6363 85.1538 4.1618 0.459966 -0.885869 -0.0598279
-53.0157 85.5576 3.18285 0.466532 -0.881795 -0.0691746
-52.183 86.1995 2.10941 0.469677 -0.870778 -0.145427
-51.3579 86.8663 1.09322 0.47248 -0.856114 -0.209357
-50.645 87.4007 0.511573 0.472695 -0.836897 -0.268741
-50.0555 88.0546 -0.122318 0.541002 -0.768968 -0.340596
-49.5337 88.7669 -0.874466 0.459512 -0.768657 -0.444988
-49.0497 89.3749 -1.49902 0.439391 -0.804135 -0.400378
-48.6386 90.0783 -2.21 0.324179 -0.798765 -0.499025
-48.3292 90.6629 -3.12005 0.232897 -0.824137 -0.511512
-48.1352 91.1232 -3.89806 0.11336 -0.902872 -0.414694
-48.0462 91.8371 -5.18444 0.00949552 -0.862486 -0.499801
-47.9726 92.2857 -6.06912 -0.0298909 -0.914534 -0.398065
-48.0494 92.6419 -7.19414 -0.0179646 -0.95893 -0.283073
-47.9815 92.9867 -8.27403 -0.0735255 -0.950156 -0.30298
-48.1045 93.243 -9.19932 -0.0549419 -0.994999 -0.0740784
-48.086 93.2588 -10.3473 -0.0868116 -0.994199 0.0635044
-47.8895 93.2281 -11.3105 -0.124148 -0.992225 -0.00878475
-47.7638 93.2471 -12.2365 -0.350336 -0.874703 -0.334881
-47.3832 93.5252 -13.3722 -0.225313 -0.931056 -0.105195
-47.0354 93.361 -14.3512 -0.114406 -0.985343 0.126532
-46.719 93.1786 -15.1748 -0.101868 -0.961444 0.25366
-46.4057 92.9156 -15.9946 -0.13151 -0.957459 0.256862
-46.2649 92.4671 -16.9795 -0.148376 -0.881437 0.448073
-46.4678 92.0023 -17.9207 -0.136028 -0.878602 0.457622
-46.4943 91.516 -18.7207 -0.130389 -0.842775 0.522234
-46.5295 90.9481 -19.5143 -0.0608161 -0.747521 0.661061
-46.5738 90.2814 -20.2417 -0.0697014 -0.733314 0.676308
-45.9609 89.2675 -21.2092 -0.0537971 -0.686377 0.72525
-45.1721 88.7327 -21.7024 0.00850452 -0.716481 0.697555
-44.1754 88.4153 -21.9846 0.00045509 -0.669592 0.742729
-42.7079 88.2321 -22.1906 0.0365872 -0.688418 0.724388
-41.2542 88.4134 -22.0839 0.0214594 -0.694696 0.718983
-40.1523 88.8207 -21.7714 0.0831641 -0.725034 0.68367
-39.2341 89.3175 -21.3393 0.0488662 -0.758494 0.649315
-38.7412 89.9112 -20.645 0.071194 -0.769331 0.633359
-38.296 90.4683 -20.0473 0.133899 -0.795051 0.58926
-37.8782 91.2579 -18.5941 -0.0154269 -0.934676 0.354999
-37.668 91.7094 -17.4556 -0.000306438 -0.920789 0.390061
-37.5306 92.0916 -16.455 -0.00373617 -0.952385 0.304876
-37.4909 92.4589 -15.2991 -0.000286792 -0.955818 0.293777
-37.5426 92.7385 -14.002 -0.0440341 -0.989107 0.139292
-37.6511 93.0089 -12.3906 -0.0107646 -0.989173 0.137533
-37.8439 93.0906 -11.4193 0.00127752 -0.994909 0.100771
-37.9957 93.1829 -10.2093 -0.00697457 -0.999463 0.0251012
-38.1722 93.1896 -9.31629 0.00280554 -0.999969 0.00731092
-38.4867 93.1837 -8.33628 0.040406 -0.998925 -0.0227358
-38.7239 93.1533 -7.41328 0.0460249 -0.997885 -0.0407323
-38.9485 93.0741 -6.1848 0.0615532 -0.996708 -0.0527708
-39.2424 92.9664 -5.3459 0.110184 -0.986234 -0.123292
-39.4581 92.8329 -4.44273 0.140863 -0.981113 -0.132572
-39.8139 92.6036 -2.89868 0.196277 -0.970282 -0.128692
-39.9391 92.3921 -1.75288 0.247075 -0.961521 -0.120131
-40.0204 92.2469 -0.776796 0.26278 -0.948301 -0.177968
-39.8892 92.119 0.433336 0.366798 -0.90872 -0.174852
-39.5932 91.9839 1.32463 0.389644 -0.882253 -0.264209
-38.9719 92.0065 2.12975 0.381961 -0.88148 -0.277643
-37.8337 92.2232 2.87522 0.373512 -0.851814 -0.367291
-36.4434 92.5663 3.33217 0.329739 -0.861929 -0.385155
-35.5138 92.8466 3.50501 0.310504 -0.869107 -0.384401
-34.626 93.1523 3.26332 0.190793 -0.901322 -0.388748
-33.3876 93.7782 2.53644 0.248715 -0.887462 -0.388011
-32.5842 94.13 2.10371 0.265804 -0.91102 -0.313279
-31.5261 94.7106 1.38266 0.283245 -0.916333 -0.283029
-30.8689 95.0703 0.843438 0.264911 -0.932803 -0.244217
-29.6505 95.7001 -0.192756 0.242666 -0.938959 -0.242008
-28.6509 96.111 -0.954488 0.21747 -0.949959 -0.224078
-27.572 96.5594 -1.75749 0.196641 -0.954639 -0.221436
-26.7847 96.8295 -2.3848 0.156729 -0.96928 -0.189527
-26.0957 97.0619 -2.98623 0.159675 -0.969502 -0.185845
-25.1798 97.2996 -3.64944 0.0939822 -0.978662 -0.182722
-24.4611 97.5107 -4.33046 0.105369 -0.974498 -0.198105
-23.5329 97.7213 -4.86278 0.10644 -0.974017 -0.199903
-22.5051 97.865 -5.53542 -0.00883697 -0.988265 -0.152494
-21.6543 97.9316 -6.07684 -0.0577882 -0.989026 -0.135972
-20.5784 97.9354 -6.56166 -0.0578029 -0.988696 -0.138322
-19.7486 97.9269 -7.03042 -0.138106 -0.970967 -0.195322
-18.5341 97.7821 -7.52392 -0.253764 -0.95637 -0.14478
-17.6728 97.5687 -7.72265 -0.348669 -0.924403 -0.126604
-16.8271 97.1376 -7.68552 -0.574206 -0.811441 -0.0593749
-16.0295 96.6393 -7.62951 -0.487088 -0.870045 0.0759436
-15.0853 96.1666 -7.46118 -0.451924 -0.88951 0.0673505
-13.9382 95.5619 -7.10004 -0.499298 -0.861227 0.0939818
-13.1373 95.1531 -6.69997 -0.511163 -0.85252 0.107096
-12.0271 94.6752 -5.73087 -0.501502 -0.838209 0.214248
-11.2679 94.3483 -5.07869 -0.52893 -0.818781 0.223227
-10.4802 94.1248 -4.06783 -0.580032 -0.763343 0.284377
-9.98045 94.1401 -3.05651 -0.573285 -0.7586 0.309628
-9.65831 94.3593 -1.98099 -0.549797 -0.77203 0.316812
-9.60982 94.6918 -0.970822 -0.492228 -0.791645 0.352261
-9.91709 95.4838 0.0208014 -0.564159 -0.710435 0.420722
-10.2133 96.0299 0.840808 -0.388776 -0.862048 0.325157
-10.8558 96.5267 1.44784 -0.380208 -0.875907 0.296757
-11.8841 96.9678 1.96677 -0.187692 -0.948059 0.256724
-12.8398 97.2576 2.13718 -0.252708 -0.947038 0.198137
-13.7585 97.407 2.13593 -0.121459 -0.984087 0.129083
-14.6619 97.5026 2.0808 -0.112567 -0.984023 0.137938
-15.7542 97.4456 2.13531 0.036754 -0.997502 0.060331
-16.9701 97.3627 2.32904 0.08111 -0.996269 0.0294968
-17.9227 97.2591 2.43777 0.152853 -0.987148 -0.00245943
-19.0982 97.0279 2.91483 0.247207 -0.966122 0.0393492
-20.0518 96.7577 3.39806 0.333761 -0.940937 0.0285166
-20.8644 96.4923 4.08011 0.0828652 -0.99037 -0.110908
-21.5393 96.3012 4.71898 0.215764 -0.962359 -0.165262
-22.2161 96.0444 5.40696 0.18889 -0.969112 -0.158563
-23.088 95.7047 6.02438 0.236302 -0.944687 -0.222029
-23.8223 95.3999 6.64315 0.216169 -0.942871 -0.253507
-24.569 95.0816 7.2578 0.266383 -0.930015 -0.243885
-25.4893 94.5215 7.95957 0.320598 -0.89403 -0.312922
-26.7267 93.7844 8.74653 0.351448 -0.870823 -0.342591
-27.5516 93.2116 9.277 0.382693 -0.851054 -0.358967
-28.2819 92.4252 10.1803 0.334483 -0.836592 -0.43386
-28.635 91.6348 11.0068 0.387331 -0.722421 -0.572784
-28.8889 91.088 11.7116 0.287719 -0.780313 -0.548016
-29.0318 90.4648 12.463 0.15662 -0.819686 -0.550986
-29.1931 89.8743 13.2945 0.159198 -0.8204 -0.549168
-29.3664 89.3263 14.0998 0.141815 -0.840833 -0.522388
-29.4113 88.8394 14.9015 0.0875122 -0.87521 -0.475762
-29.5693 88.1218 16.1235 -0.00994087 -0.879788 -0.46295
-29.7712 87.7171 17.1148 -0.118904 -0.902265 -0.4122
-29.9425 87.3162 17.9522 -0.129917 -0.883692 -0.449677
-30.1916 86.8908 19.0549 -0.178281 -0.91866 -0.352533
-30.4674 86.5613 19.9219 -0.206124 -0.88319 -0.420992
-30.6039 86.1038 20.9126 -0.224819 -0.878929 -0.420642
-30.6169 85.6184 21.9341 -0.238085 -0.886437 -0.39587
-30.9314 85.1862 22.9547 -0.286931 -0.821525 -0.492715
-31.3662 84.6792 24.0283 -0.279564 -0.810617 -0.514533
-31.8476 84.1504 25.0716 -0.277452 -0.791175 -0.545032
-32.5731 83.6785 26.0709 -0.251064 -0.769493 -0.587238
-33.3112 83.3929 26.7019 -0.22919 -0.768358 -0.597399
-33.9845 83.0924 27.3117 -0.201125 -0.7152 -0.669356
-34.8801 82.571 28.116 -0.219248 -0.710099 -0.668541
-35.4294 82.295 28.617 -0.231814 -0.686698 -0.687898
-18.7005 97.3746 -2.23708 -0.0496504 -0.995424 -0.0792743
-17.6747 97.2804 -2.71536 -0.138332 -0.987655 -0.0734935
-16.5489 97.0608 -2.89833 -0.251926 -0.960754 0.0949308
-17.6237 97.2585 -2.34484 -0.120009 -0.992763 -0.00432346
-18.5288 97.3675 -2.24678 -0.0671496 -0.994738 -0.0420424
-18.5641 97.3676 -2.24182 -0.0342992 -0.9952 -0.0889589
-16.3086 97.0842 -2.40804 -0.223376 -0.962267 0.155389
-15.403 96.8583 -2.56574 -0.248928 -0.950293 0.181139
-15.977 96.9545 -2.73432 -0.216286 -0.963362 0.158411
-16.2245 97.0007 -2.80437 -0.223379 -0.962267 0.155383
-42.6351 93.2105 -10.4573 -0.00837997 -0.999965 7.18127e-05
-42.9197 93.1517 -9.58919 0.0379324 -0.995405 -0.0879208
-43.147 93.1934 -10.2584 0.0811315 -0.994417 -0.0647621
-42.6805 93.2047 -11.3977 0.0274365 -0.999536 0.0132425
-42.3072 93.1807 -12.8978 0.0190701 -0.995431 0.0759133
-42.3669 93.1942 -12.1672 -0.0277476 -0.999503 0.0149718
-42.461 93.209 -11.206 -0.00317455 -0.99998 -0.00102597
-42.5495 93.2097 -10.762 -0.008377 -0.999965 6.61644e-05
