-47.5257 88.3483 21.4421 0.154015 -0.978146 -0.139679
-46.5343 88.5726 20.871 0.12388 -0.982228 -0.140924
-46.1029 88.7649 19.9379 0.112263 -0.984131 -0.136695
-45.6327 88.9014 18.9065 0.10076 -0.993414 -0.0545561
-46.1659 88.8607 18.7972 0.0815088 -0.993957 -0.0735176
-46.8831 88.7271 19.5218 0.127877 -0.982606 -0.1343
-47.2947 88.5373 20.4521 0.140705 -0.978061 -0.152741
-47.5189 88.3563 21.3933 0.154015 -0.978147 -0.139673
-48.3802 88.2383 21.27 0.216764 -0.957995 -0.172699
-48.3001 88.0011 22.2598 0.26137 -0.907281 -0.328363
-47.9975 87.7564 23.1134 0.241401 -0.914222 -0.324716
-47.4092 87.8297 23.3382 0.194821 -0.927151 -0.319492
-46.835 88.1355 22.6969 0.181206 -0.944146 -0.275231
-46.253 88.4433 22.0243 0.120566 -0.956188 -0.259003
-45.404 88.7175 20.7867 0.057165 -0.98326 -0.172985
-44.908 88.9095 19.687 0.041362 -0.992763 -0.104793
-44.6675 88.972 18.7729 0.0410737 -0.998028 -0.0474676
-44.503 89.0052 17.6647 0.0349935 -0.999289 -0.0140077
-44.3915 89.018 16.4455 0.0117825 -0.999802 0.0160368
-45.1274 88.995 16.1017 0.0456876 -0.997738 0.0493116
-45.9775 88.9611 17.1074 0.103824 -0.994584 -0.00477227
-46.5898 88.8965 17.819 0.0773132 -0.996495 -0.0139948
-47.2736 88.7903 18.6196 0.10044 -0.989262 -0.0989808
-48.0095 88.5662 19.5681 0.183755 -0.974665 -0.126138
-48.3543 88.2941 20.9082 0.154124 -0.976451 -0.15056
-49.2897 88.0759 20.7099 0.29377 -0.936889 -0.189574
-49.2171 87.814 21.8894 0.352398 -0.892146 -0.282186
-49.0876 87.5036 22.968 0.346387 -0.891145 -0.292985
-48.9611 87.1802 23.9913 0.306799 -0.893644 -0.327527
-48.7313 86.6033 25.3664 0.315926 -0.843185 -0.434985
-47.6318 87.1488 24.931 0.197141 -0.888698 -0.413945
-47.0257 87.5831 24.2873 0.20461 -0.905149 -0.369513
-45.9644 88.1863 23.0959 0.179374 -0.938426 -0.29457
-45.3038 88.4321 22.3032 0.0599273 -0.968233 -0.242763
-44.5463 88.6914 21.2102 0.054718 -0.983697 -0.171308
-44.0965 88.8794 20.2746 0.0594573 -0.985935 -0.155285
-43.7717 88.9908 19.0128 0.0569946 -0.995769 -0.0720773
-43.597 89.0351 18.0714 0.030778 -0.999144 -0.027649
-43.4615 89.037 17.1747 -0.0158164 -0.996813 0.078192
-43.3367 88.9795 16.1304 -0.02664 -0.999372 0.0112438
-43.3609 88.9871 15.2286 -0.018226 -0.999795 -0.00873555
-44.149 88.9768 14.3442 0.0211353 -0.995146 0.0740356
-45.0214 88.9362 14.4966 0.0632656 -0.994075 0.0883913
-45.736 88.9343 15.3322 0.0439761 -0.998183 0.0411962
-46.4084 88.9226 16.1087 0.097358 -0.995231 -0.000292677
-47.0646 88.8541 16.9383 0.0811693 -0.996537 0.00313018
-47.7332 88.8006 17.6747 0.129607 -0.989166 -0.0534642
-48.6538 88.5223 18.894 0.175692 -0.977287 -0.118501
-49.0994 88.3398 19.7004 0.239035 -0.954523 -0.167143
-49.239 88.1974 20.1878 0.293769 -0.936888 -0.18958
-50.1775 87.9103 20.1071 0.329836 -0.924117 -0.192913
-50.1741 87.5754 21.4146 0.353545 -0.896179 -0.268085
-50.0365 87.3457 22.3261 0.346394 -0.891143 -0.292986
-49.9053 86.9816 23.6113 0.355797 -0.887801 -0.29159
-49.7484 86.4967 24.7853 0.350296 -0.836973 -0.420438
-49.542 86.0069 25.9018 0.373769 -0.825346 -0.423204
-49.3027 85.3025 27.2969 0.319487 -0.802332 -0.504139
-48.7356 85.6137 27.1534 0.31483 -0.805418 -0.502179
-48.0449 86.1663 26.651 0.255517 -0.835096 -0.486416
-47.1769 86.8195 25.8233 0.191008 -0.874359 -0.446108
-46.4155 87.3709 25.0084 0.1803 -0.891754 -0.41505
-45.8656 87.7645 24.4016 0.178519 -0.912187 -0.364833
-45.1638 88.1132 23.5729 0.0830561 -0.951909 -0.294909
-44.5481 88.3468 22.8542 0.0770329 -0.968729 -0.235578
-43.9926 88.5769 22.0811 0.0670851 -0.981507 -0.179285
-43.4988 88.7634 21.2446 0.0727489 -0.982374 -0.171935
-43.0929 88.9188 20.1942 0.0313895 -0.994942 -0.0953835
-42.8634 89.0167 19.2548 0.0216229 -0.996764 -0.0730479
-42.5964 89.0684 17.8978 0.0269448 -0.999263 -0.027354
-42.4406 88.9882 16.7737 0.00744421 -0.99746 0.0645905
-42.3301 88.964 15.8118 -0.016981 -0.99981 -0.00952484
-42.324 88.9651 14.7286 -0.0183288 -0.999783 0.00992311
-42.8795 88.9667 13.8626 -0.00988566 -0.999816 0.0135934
-43.8167 88.8619 13.3634 0.0436943 -0.990443 0.130818
-44.9284 88.801 13.1752 0.0151661 -0.994101 0.103256
-45.7483 88.8509 13.8016 -0.0175196 -0.997962 0.0613659
-46.5796 88.8618 14.8228 0.0594619 -0.997668 0.0267403
-47.2112 88.8403 15.5854 0.0984718 -0.995124 0.00556382
-47.8146 88.7646 16.3522 0.153577 -0.987299 0.0136077
-48.5005 88.6783 17.1216 0.201613 -0.97904 -0.0288611
-49.2516 88.486 18.1101 0.236164 -0.968606 -0.0685298
-49.8776 88.2074 19.057 0.280012 -0.951912 -0.124327
-50.1615 87.9521 19.9344 0.329837 -0.924116 -0.192917
-51.0789 87.6649 19.7041 0.349354 -0.920078 -0.177225
-50.7542 87.9687 18.664 0.342356 -0.931203 -0.124004
-50.2383 88.2427 17.9032 0.333408 -0.937803 -0.0953259
-49.6788 88.4174 17.1549 0.242807 -0.969794 -0.0233354
-48.8207 88.6195 16.0771 0.149216 -0.988502 -0.0244647
-48.1647 88.7218 15.2665 0.12887 -0.991645 0.00569756
-47.2494 88.8143 14.1084 0.119046 -0.992529 0.0267308
-46.5375 88.8305 13.2455 -0.0188808 -0.997279 0.0706391
-45.9452 88.7628 12.5506 -0.0145218 -0.995949 0.0881694
-44.8977 88.7483 11.7727 0.0342766 -0.999372 -0.00895937
-43.9737 88.7556 12.2106 0.0765519 -0.99393 -0.0500693
-42.9784 88.8587 12.7507 0.10178 -0.990928 0.0877619
-42.1107 88.9535 13.1962 0.0438846 -0.996461 0.0716938
-41.3777 89.0322 13.8884 0.0250755 -0.99944 -0.021965
-41.3237 88.9936 14.7878 0.0416188 -0.997781 -0.0519697
-41.3804 88.9831 15.7636 0.0454739 -0.998545 0.0289682
-41.5103 89.0311 16.9847 0.0102602 -0.998567 0.0463929
-41.6817 89.0778 18.0948 -0.0275645 -0.998898 0.00500962
-41.8504 89.0395 18.9835 -0.0208259 -0.998436 -0.0518865
-42.0465 88.979 19.9396 0.0190255 -0.993412 -0.110911
-42.3287 88.8551 20.9029 0.00396447 -0.991968 -0.126424
-42.7893 88.6824 21.8966 0.027937 -0.975505 -0.214899
-43.3947 88.4067 22.8873 0.0260216 -0.956896 -0.289261
-43.9934 88.1574 23.6555 0.0307194 -0.952651 -0.302189
-44.7337 87.8352 24.4998 0.052443 -0.944432 -0.324496
-45.2949 87.5125 25.1676 0.11991 -0.902255 -0.410992
-45.8696 87.1018 25.8029 0.17147 -0.880852 -0.440789
-46.8026 86.4097 26.7604 0.178613 -0.859295 -0.478711
-47.5077 85.8219 27.4716 0.256652 -0.818259 -0.514311
-48.3631 84.9211 28.4359 0.265105 -0.78871 -0.554042
-48.765 84.3524 29.0105 0.280779 -0.772503 -0.56956
-49.2411 83.7333 29.5831 0.287528 -0.753719 -0.590962
-49.8238 83.4959 29.5765 0.429986 -0.702473 -0.567137
-49.975 84.2781 28.4558 0.442421 -0.719961 -0.534715
-50.1899 84.9088 27.2945 0.420091 -0.780609 -0.462787
-50.3095 85.3689 26.4064 0.420947 -0.783812 -0.456555
-50.502 85.8541 25.3692 0.386886 -0.811267 -0.437468
-50.7477 86.4473 23.935 0.410978 -0.828679 -0.379984
-50.8739 86.8569 22.7753 0.375307 -0.880327 -0.289978
-51.0117 87.1348 21.7339 0.380877 -0.880947 -0.28078
-51.1134 87.4998 20.4284 0.366297 -0.88965 -0.272264
-51.1118 87.5508 20.2318 0.339599 -0.922096 -0.185071
-52.0245 87.1295 20.1922 0.42418 -0.877717 -0.222898
-51.9622 86.8909 21.2098 0.380876 -0.880949 -0.280776
-51.7751 86.5198 22.4635 0.463054 -0.826272 -0.320712
-51.6315 86.1327 23.5943 0.469838 -0.81164 -0.347122
-51.4338 85.5989 24.9003 0.458331 -0.762037 -0.457419
-51.234 85.1376 25.8817 0.464362 -0.760512 -0.453705
-51.1065 84.7332 26.6954 0.471429 -0.769016 -0.431705
-50.9466 84.1637 27.7725 0.46056 -0.7241 -0.513384
-50.8012 83.5964 28.6901 0.441629 -0.713886 -0.543341
-50.676 82.9562 29.5988 0.425007 -0.714621 -0.555315
-50.5604 82.1921 30.635 0.421878 -0.660849 -0.619329
-50.4182 81.5963 31.3331 0.454551 -0.641438 -0.61778
-50.1048 80.9518 32.2652 0.391408 -0.665021 -0.631635
-49.5332 81.7789 31.6929 0.318242 -0.68553 -0.654744
-49.074 82.6198 31.0065 0.317094 -0.702083 -0.637598
-48.5622 83.4575 30.2708 0.28921 -0.747458 -0.598051
-48.0064 84.2015 29.5769 0.275246 -0.767974 -0.578321
-47.566 84.7935 28.9991 0.265096 -0.788711 -0.554044
-47.0123 85.3998 28.3342 0.223994 -0.807187 -0.546146
-46.405 85.9585 27.6846 0.190187 -0.850444 -0.490483
-45.634 86.547 26.8901 0.132904 -0.866993 -0.47943
-44.9058 87.1023 26.1432 0.0911506 -0.868516 -0.484739
-44.3401 87.4473 25.4839 0.0457033 -0.904848 -0.423275
-43.7869 87.7946 24.7708 0.0434877 -0.946465 -0.319696
-43.0006 88.0945 23.9495 0.0202052 -0.950547 -0.309686
-42.2686 88.4294 22.91 0.015681 -0.963215 -0.26714
-41.8064 88.6283 22.0803 -0.0274243 -0.970262 -0.240501
-41.4239 88.7801 21.2546 -0.0547118 -0.981586 -0.183017
-41.1312 88.9098 20.2425 -0.0442523 -0.991755 -0.120262
-40.8934 89.0166 19.0385 -0.0312174 -0.998561 -0.0409086
-40.6586 89.0475 17.6831 -0.0275627 -0.998898 0.00501423
-40.5129 89.0386 16.5743 0.0430026 -0.999034 0.00908902
-40.4169 89.028 15.6088 0.054875 -0.99841 0.0128679
-40.2977 89.0469 14.3732 0.0248184 -0.999381 -0.0249175
-40.3825 89.1255 13.1385 0.124929 -0.981427 -0.145578
-41.2564 89.0859 12.583 0.158494 -0.98068 -0.114123
-42.102 88.9897 12.1566 0.171505 -0.978743 -0.112416
-43.0887 88.9206 11.5911 0.11408 -0.989208 -0.0887495
-44.0444 88.8211 10.9892 0.143291 -0.989494 -0.0192375
-45.2747 88.7682 10.5207 0.0679152 -0.994951 -0.0738888
-46.0479 88.7098 11.1691 0.0507012 -0.998615 -0.014085
-46.8631 88.7256 12.0827 0.0409823 -0.993173 0.0971719
-47.4138 88.7467 12.8067 0.109091 -0.990874 0.0728365
-48.1405 88.6966 13.7054 0.123225 -0.991614 0.0372517
-48.7062 88.6397 14.4207 0.172316 -0.98386 0.0219781
-49.3245 88.5254 15.2069 0.223036 -0.974556 0.0222511
-49.9464 88.376 16.0254 0.242759 -0.96988 -0.0200216
-50.6433 88.1819 16.907 0.288669 -0.954441 -0.0510405
-51.4013 87.8244 17.9502 0.333408 -0.937803 -0.0953259
-51.8964 87.5121 18.8244 0.401613 -0.898298 -0.164389
-52.0298 87.171 20.0143 0.423514 -0.880084 -0.21468
-52.029 87.144 20.1265 0.423847 -0.878901 -0.218789
-52.9372 86.6913 20.0451 0.517667 -0.804248 -0.29173
-52.8903 86.9708 18.9031 0.457089 -0.870843 -0.180537
-52.51 87.392 17.7894 0.476903 -0.873332 -0.0787767
-51.9537 87.6494 17.0682 0.366767 -0.929089 -0.0412023
-51.237 87.9767 16.1647 0.386578 -0.922023 0.0195081
-50.498 88.2054 15.1868 0.28166 -0.959251 0.0209716
-49.8647 88.381 14.2976 0.25394 -0.966517 0.0179097
-49.0974 88.5414 13.3662 0.208691 -0.97798 -0.00181806
-48.2218 88.6167 12.2697 0.133714 -0.986377 0.0873196
-47.6057 88.6086 11.4835 0.110919 -0.98797 0.0991651
-46.7826 88.6294 10.5218 0.118952 -0.991881 0.04497
-45.9718 88.7196 9.65931 0.154316 -0.987997 0.00700551
-45.1579 88.825 9.19798 0.163681 -0.978529 -0.114643
-44.3644 88.9169 9.61332 0.115766 -0.989212 -0.0818773
-43.3605 89.0119 10.3616 0.214338 -0.958871 -0.184051
-42.4637 89.0819 10.9301 0.229339 -0.948329 -0.218538
-41.3589 89.1924 11.5263 0.233936 -0.944291 -0.231098
-40.2392 89.358 11.9945 0.216046 -0.942243 -0.254484
-39.3829 89.4385 12.4672 0.218964 -0.955203 -0.199104
-39.2591 89.2844 13.4326 0.164462 -0.96429 -0.2076
-39.3657 89.091 14.5986 0.0447027 -0.996178 -0.0629746
-39.4914 89.0201 15.954 -0.0522321 -0.99858 0.0104895
-39.5718 89.0216 16.932 -0.0448072 -0.998874 -0.0109001
-39.7405 89.0033 18.0163 -0.0390994 -0.998935 -0.0245162
-39.9101 88.9822 18.9492 -0.0588093 -0.994838 -0.0690521
-40.1777 88.8335 20.3893 -0.0722032 -0.989596 -0.124442
-40.4443 88.6877 21.4177 -0.0779834 -0.980465 -0.180574
-40.8898 88.5273 22.3832 -0.0390226 -0.963952 -0.261989
-41.4508 88.2698 23.3353 -0.0463456 -0.95171 -0.303479
-41.9796 88.0426 24.1286 -0.0693054 -0.940424 -0.330758
-42.8629 87.6588 25.1284 -0.000893247 -0.925827 -0.377946
-43.6304 87.1902 26.1102 0.0473173 -0.894347 -0.444244
-44.3932 86.7093 26.9436 0.0911549 -0.868522 -0.484728
-45.0834 86.227 27.6704 0.0773586 -0.859952 -0.499056
-45.7847 85.6505 28.3887 0.0709854 -0.783492 -0.617334
-46.5923 84.8592 29.2791 0.0856313 -0.772978 -0.628627
-47.1159 84.2207 29.9392 0.2238 -0.751214 -0.620191
-47.8789 83.1888 30.9058 0.195378 -0.723946 -0.660871
-48.2237 82.5565 31.4648 0.185213 -0.716454 -0.672457
-48.5738 81.9188 31.9961 0.281379 -0.68826 -0.668673
-49.0203 81.1293 32.6247 0.331114 -0.685586 -0.648333
-49.5159 80.2911 33.2793 0.322701 -0.70484 -0.631716
-50.216 79.7423 33.482 0.361702 -0.678956 -0.638898
-50.9767 80.2575 32.416 0.427398 -0.69213 -0.581624
-51.2568 81.0196 31.3221 0.440399 -0.684861 -0.580313
-51.4603 81.982 30.1478 0.501979 -0.621594 -0.601364
-51.5639 82.7398 29.1008 0.504925 -0.674094 -0.539107
-51.6753 83.3235 28.1652 0.547644 -0.689145 -0.473336
-51.8183 83.8098 27.3483 0.564242 -0.669568 -0.482845
-52.0097 84.3872 26.3253 0.521734 -0.714265 -0.459683
-52.1742 84.8969 25.1937 0.580904 -0.70435 -0.407581
-52.3618 85.3935 24.1001 0.542468 -0.747689 -0.381866
-52.4871 85.7831 23.0541 0.559814 -0.753914 -0.343834
-52.6431 86.0633 22.21 0.555463 -0.75091 -0.357206
-52.8333 86.3749 21.1042 0.526227 -0.789255 -0.316484
-52.8952 86.5984 20.387 0.521916 -0.804785 -0.28271
-53.719 86.0678 20.3768 0.517664 -0.804253 -0.29172
-53.8092 86.4131 19.1332 0.496236 -0.851954 -0.165825
-53.5231 86.7906 17.8406 0.496594 -0.85805 -0.130937
-52.8685 87.2434 16.7483 0.452641 -0.891329 -0.0254802
-52.335 87.5171 15.9764 0.403944 -0.914203 0.0223265
-51.7126 87.7601 15.2054 0.390803 -0.920368 0.0140049
-50.849 88.0659 14.0969 0.362799 -0.930211 0.0555384
-50.0721 88.2857 13.0946 0.311959 -0.949802 0.0236138
-49.5028 88.4493 12.3749 0.244252 -0.956165 0.13039
-48.7201 88.4246 11.3689 0.159516 -0.978371 0.130993
-47.9856 88.4302 10.464 0.159812 -0.982773 0.0856776
-47.1251 88.5335 9.4539 0.181062 -0.983019 0.00863611
-46.4629 88.6453 8.7212 0.147249 -0.989065 -0.00830839
-45.4349 88.9495 7.84927 0.235838 -0.966528 -0.101014
-44.2301 89.122 8.51476 0.209747 -0.962699 -0.170928
-43.4674 89.1798 9.16677 0.226933 -0.962685 -0.147442
-42.5658 89.2931 9.81482 0.237213 -0.959067 -0.154131
-41.5108 89.4215 10.4568 0.229339 -0.948329 -0.218538
-40.5592 89.5507 10.9119 0.24688 -0.941842 -0.228
-39.6907 89.6813 11.2362 0.157679 -0.961411 -0.217246
-38.5235 89.7798 11.6704 0.176143 -0.96625 -0.184723
-38.2111 89.6163 12.6865 0.156792 -0.967908 -0.196391
-38.3629 89.264 14.0855 0.112548 -0.970605 -0.212741
-38.4562 89.0881 15.0239 0.0659382 -0.991888 -0.108674
-38.516 88.9626 16.0376 -0.0345048 -0.988048 -0.113004
-38.6497 88.9418 17.3915 -0.0860084 -0.996235 -0.0109139
-38.8155 88.943 18.2779 -0.0910434 -0.995476 -0.0244414
-39.0301 88.867 19.4134 -0.0547864 -0.993142 -0.103284
-39.2602 88.6971 20.7304 -0.0831036 -0.984133 -0.156768
-39.4871 88.557 21.714 -0.0988009 -0.968138 -0.22456
-39.8904 88.3495 22.6319 -0.119604 -0.955809 -0.268561
-40.4626 88.1448 23.4824 -0.0958854 -0.934446 -0.342219
-41.1545 87.813 24.5117 -0.0896032 -0.925759 -0.367205
-41.98 87.4739 25.4896 -0.131597 -0.870416 -0.473781
-42.6032 87.0582 26.3071 -0.067786 -0.861552 -0.503123
-43.4428 86.513 27.2281 -0.021687 -0.845478 -0.533543
-44.2517 85.9866 28.0758 0.0281132 -0.816254 -0.57563
-44.9532 85.4009 28.8011 0.0524663 -0.788441 -0.61255
-45.5376 84.8533 29.4218 0.0723345 -0.778626 -0.623305
-46.1386 84.2232 30.1264 0.0853041 -0.776319 -0.624541
-46.7485 83.4503 30.9535 0.19538 -0.723945 -0.660871
-47.2043 82.6823 31.6155 0.189823 -0.705188 -0.683132
-47.5903 82.0325 32.213 0.182424 -0.726082 -0.662968
-48.1635 81.0785 33.0295 0.209371 -0.671891 -0.71044
-48.6772 80.2257 33.7264 0.233738 -0.69701 -0.676767
-49.1847 79.4711 34.3313 0.222916 -0.733137 -0.642509
-49.813 78.7985 34.7778 0.3398 -0.722833 -0.601705
-50.7338 78.9118 34.1252 0.353114 -0.711253 -0.607665
-51.3671 79.2411 33.3378 0.434538 -0.710607 -0.552346
-51.8219 79.6771 32.4833 0.430598 -0.690038 -0.581749
-52.0455 80.3589 31.4854 0.475752 -0.663577 -0.576579
-52.2238 81.161 30.4135 0.458824 -0.660989 -0.593779
-52.3195 81.847 29.463 0.579897 -0.620085 -0.528408
-52.402 82.4021 28.721 0.599733 -0.620249 -0.504632
-52.5671 83.1065 27.4478 0.609578 -0.653995 -0.447841
-52.6841 83.6208 26.5657 0.611562 -0.660283 -0.435047
-52.8336 84.0662 25.6675 0.615881 -0.660091 -0.430082
-53.0059 84.5446 24.6343 0.601794 -0.69111 -0.398869
-53.1946 85.0713 23.3791 0.622636 -0.678681 -0.389508
-53.388 85.4176 22.3781 0.616901 -0.714245 -0.330588
-53.6118 85.8151 21.1696 0.598396 -0.717372 -0.356791
-53.7032 86.0175 20.5493 0.524073 -0.797021 -0.299592
-54.4579 85.4337 20.3703 0.662379 -0.691223 -0.288902
-54.5977 85.8209 19.0782 0.695819 -0.69257 -0.184155
-54.5336 86.0676 18.1552 0.679569 -0.716314 -0.157635
-54.3045 86.4126 17.3465 0.497312 -0.857865 -0.129416
-53.818 86.7677 16.5473 0.451636 -0.891845 -0.0252567
-53.2091 87.1001 15.7081 0.439088 -0.898029 -0.00291694
-52.584 87.3752 14.8848 0.41941 -0.90724 0.0299825
-51.8194 87.6761 13.9078 0.377537 -0.924792 0.0425329
-50.9521 87.9449 12.7808 0.363784 -0.92961 0.0590524
-50.2781 88.1065 11.8715 0.346051 -0.932336 0.103315
-49.6337 88.2248 10.9742 0.244251 -0.956163 0.1304
-48.9358 88.2568 10.1181 0.147537 -0.986823 0.0664338
-48.2861 88.3329 9.3158 0.170818 -0.984737 0.0330823
-47.6984 88.4323 8.62658 0.19579 -0.98052 -0.0156963
-46.7603 88.6727 7.59597 0.236683 -0.970227 -0.0513887
-45.7703 88.9917 6.73903 0.214242 -0.966716 -0.13986
-44.7115 89.2472 6.6549 0.253392 -0.953398 -0.163476
-43.6315 89.3478 7.82044 0.225212 -0.962459 -0.147272
-42.4056 89.4976 8.84651 0.247849 -0.954686 -0.164712
-41.2871 89.6519 9.56599 0.193064 -0.964914 -0.173164
-40.4356 89.7166 9.97674 0.16462 -0.975891 -0.140746
-39.4756 89.83 10.3268 0.136856 -0.983679 -0.116815
-38.4787 89.9805 10.6493 0.250981 -0.937902 -0.2392
-37.1729 90.1472 11.2457 0.197615 -0.939614 -0.277276
-37.1264 89.8823 12.2503 0.137284 -0.967574 -0.212022
-37.2834 89.6207 13.2437 0.183922 -0.950745 -0.249512
-37.4936 89.2514 14.7069 0.0763464 -0.97976 -0.185044
-37.5901 88.9902 16.0264 0.0429264 -0.980888 -0.189781
-37.6232 88.8575 17.0794 -0.0824458 -0.996542 -0.0103491
-37.8988 88.8445 18.4956 -0.144515 -0.989023 -0.0308136
-38.151 88.7418 19.8847 -0.0806964 -0.983543 -0.161649
-38.3222 88.5894 20.9094 -0.103129 -0.976865 -0.184112
-38.5472 88.3771 22.0138 -0.123164 -0.969596 -0.211457
-38.9189 88.1598 22.9213 -0.0921465 -0.950066 -0.296782
-39.3806 87.9403 23.7044 -0.110664 -0.938894 -0.325931
-39.9207 87.7286 24.4396 -0.0940711 -0.893121 -0.431931
-40.5296 87.4076 25.1729 -0.138762 -0.880544 -0.453198
-41.3053 86.9911 26.1606 -0.126231 -0.857705 -0.498377
-41.968 86.587 26.9171 -0.107649 -0.798623 -0.591538
-42.7618 86.0994 27.7555 -0.117467 -0.793638 -0.5968
-43.5743 85.5752 28.5838 -0.0619746 -0.778303 -0.623142
-44.5197 84.7727 29.6031 0.0109449 -0.774869 -0.631044
-45.2463 84.0443 30.4267 0.0420164 -0.768006 -0.639063
-45.9678 83.1512 31.405 0.0501625 -0.74404 -0.666249
-46.5932 82.0658 32.3867 0.129846 -0.709737 -0.692396
-47.0262 81.3391 33.0346 0.13695 -0.69236 -0.708437
-47.493 80.592 33.6795 0.158123 -0.71444 -0.681541
-47.9583 79.8411 34.3343 0.193764 -0.707071 -0.680078
-48.4785 79.1245 34.9551 0.202427 -0.724679 -0.658559
-49.1359 78.3396 35.5585 0.257884 -0.745511 -0.609547
-50.0692 77.869 35.7888 0.258873 -0.795851 -0.547325
-51.084 78.1321 34.9191 0.298179 -0.742887 -0.599339
-51.8258 78.4335 34.0757 0.390795 -0.723652 -0.565297
-52.316 78.7722 33.1944 0.43454 -0.710606 -0.552346
-52.7507 79.2095 32.3507 0.469766 -0.674803 -0.567351
-52.8533 79.8803 31.3191 0.534909 -0.679768 -0.501725
-52.9779 80.3934 30.575 0.573482 -0.618892 -0.536742
-53.0792 81.1502 29.4596 0.573792 -0.657376 -0.488481
-53.1595 81.8306 28.4823 0.619566 -0.620414 -0.480858
-53.2804 82.3731 27.5544 0.603148 -0.653073 -0.45794
-53.3967 82.8154 26.7703 0.603518 -0.652096 -0.45884
-53.5057 83.2679 25.9017 0.619227 -0.669453 -0.410356
-53.6495 83.7009 25.0161 0.654754 -0.646695 -0.391258
-53.781 84.1653 24.0069 0.648948 -0.660385 -0.377834
-53.9219 84.5297 23.1602 0.649008 -0.647228 -0.397653
-54.1082 84.8324 22.2985 0.607482 -0.714634 -0.346307
-54.2528 85.1345 21.463 0.598226 -0.7162 -0.359408
-54.3762 85.3061 20.8629 0.662379 -0.691225 -0.288898
-55.0174 84.6181 20.8386 0.742318 -0.591976 -0.313893
-55.212 84.8936 19.8624 0.772642 -0.585109 -0.244829
-55.2969 85.1642 18.8382 0.738059 -0.634894 -0.223472
-55.2902 85.403 17.9622 0.674481 -0.718013 -0.171849
-55.0076 85.8896 16.8784 0.641346 -0.750889 -0.157609
-54.595 86.3215 16.0977 0.595312 -0.803472 0.00609471
-54.0549 86.6205 15.3755 0.502286 -0.863934 0.0364264
-53.3731 86.9877 14.4656 0.446628 -0.894304 0.0272724
-52.7894 87.2372 13.6796 0.408946 -0.912185 0.0260862
-52.0033 87.519 12.657 0.374224 -0.925114 0.0641954
-51.3593 87.6993 11.8274 0.348376 -0.931309 0.106286
-50.7384 87.833 10.98 0.339417 -0.93412 0.110203
-50.2069 87.9377 10.2304 0.346493 -0.934139 0.0855973
-49.5103 88.11 9.28993 0.336166 -0.939236 0.0655259
-48.9335 88.1614 8.58026 0.203411 -0.97392 0.100517
-48.3622 88.2689 7.88526 0.248192 -0.968333 0.0270553
-47.7553 88.4133 7.22071 0.292454 -0.955024 -0.0489921
-46.9641 88.6843 6.43845 0.262667 -0.961065 -0.0770769
-45.8532 89.1379 5.5179 0.323892 -0.927445 -0.176713
-45.1673 89.4716 4.95829 0.231058 -0.947631 -0.220473
-44.3826 89.5335 5.6316 0.324843 -0.921421 -0.212413
-43.7863 89.5893 6.37204 0.328287 -0.924357 -0.194399
-42.9141 89.6535 7.27641 0.297778 -0.915935 -0.269055
-42.1162 89.7282 7.96768 0.227922 -0.960971 -0.154702
-41.2892 89.8259 8.51543 0.219527 -0.965847 -0.137067
-40.084 89.9558 9.13048 0.187008 -0.954172 -0.233632
-39.1309 90.0974 9.48256 0.236562 -0.94464 -0.227333
-38.2284 90.2651 9.7711 0.258375 -0.938162 -0.230422
-36.9942 90.4831 10.1341 0.220356 -0.940668 -0.258044
-36.0155 90.5923 10.5474 0.182343 -0.942806 -0.277967
-36.0717 90.2516 11.5671 0.173454 -0.935781 -0.306966
-36.2215 89.9461 12.6289 0.125491 -0.975694 -0.177166
-36.4054 89.6097 13.8347 0.151205 -0.938017 -0.311867
-36.5879 89.2387 15.1475 0.0700128 -0.97652 -0.202829
-36.6028 89.0035 16.1811 0.0533135 -0.977084 -0.205195
-36.6491 88.808 17.2845 0.0321058 -0.984338 -0.172739
-36.9039 88.7018 18.4114 -0.123467 -0.989558 -0.0634367
-37.1888 88.6085 19.8718 -0.194996 -0.973439 -0.119974
-37.4121 88.3722 21.2719 -0.159762 -0.964573 -0.209939
-37.6949 88.1676 22.4311 -0.181032 -0.942702 -0.271597
-38.0878 87.9132 23.3778 -0.153082 -0.931298 -0.32647
-38.627 87.6018 24.2304 -0.200514 -0.871558 -0.447415
-39.352 87.2034 25.209 -0.122906 -0.868391 -0.479282
-40.1818 86.8002 26.1779 -0.146575 -0.850446 -0.505229
-40.7471 86.501 26.8439 -0.140308 -0.81484 -0.558795
-41.6068 85.9205 27.7445 -0.123803 -0.792697 -0.596216
-42.2721 85.5267 28.4292 -0.104134 -0.80029 -0.590273
-43.0028 85.0475 29.153 -0.117693 -0.73234 -0.670688
-43.5978 84.5133 29.8428 -0.117296 -0.733417 -0.669582
-44.2376 83.9248 30.5662 -0.0877038 -0.711347 -0.697347
-44.7207 83.4106 31.1503 -0.0782445 -0.703878 -0.705899
-45.2082 82.747 31.8495 -0.0688737 -0.696758 -0.713985
-45.6459 81.944 32.6004 -0.0211868 -0.666629 -0.745088
-46.1753 81.1321 33.4042 -0.0170627 -0.718291 -0.695533
-46.7638 80.2255 34.2393 0.156522 -0.720482 -0.675578
-47.126 79.6129 34.8088 0.175145 -0.713775 -0.677829
-47.6542 78.8819 35.4387 0.154991 -0.70587 -0.691177
-48.4393 78.0132 36.2591 0.173704 -0.76482 -0.619609
-49.096 77.4797 36.7002 0.190867 -0.789006 -0.582167
-50.1461 77.2111 36.7189 0.255285 -0.802434 -0.539378
-51.2428 77.3527 35.9229 0.309645 -0.801484 -0.511608
-52.188 77.6895 34.806 0.389357 -0.739225 -0.549497
-52.9143 78.0335 33.7806 0.413164 -0.756827 -0.506284
-53.3021 78.3158 33.017 0.432502 -0.761809 -0.482275
-53.6132 78.852 31.9269 0.530406 -0.695364 -0.48491
-53.7023 79.5087 30.923 0.533187 -0.676223 -0.508365
-53.7931 80.0058 30.1359 0.633598 -0.645892 -0.425871
-53.8189 80.4909 29.3625 0.641366 -0.639357 -0.424114
-53.8753 81.038 28.5524 0.634966 -0.605496 -0.479784
-54.0113 81.7784 27.3128 0.684007 -0.596266 -0.420185
-54.1308 82.22 26.4902 0.708875 -0.607815 -0.357852
-54.2391 82.7623 25.4329 0.722548 -0.571884 -0.388423
-54.3641 83.192 24.5428 0.744668 -0.540442 -0.391652
-54.5372 83.6869 23.5101 0.706138 -0.606025 -0.358143
-54.7017 84.0823 22.4916 0.72517 -0.605494 -0.327882
-54.8869 84.4439 21.4633 0.732022 -0.582042 -0.354076
-54.9981 84.595 20.9278 0.742318 -0.591977 -0.313891
-55.6245 83.884 20.7596 0.76533 -0.568157 -0.302436
-55.3887 83.5086 21.9647 0.761312 -0.551129 -0.341557
-55.1499 83.0281 23.2264 0.760254 -0.539341 -0.362111
-54.9549 82.4019 24.5794 0.731804 -0.572979 -0.368996
-54.8467 81.896 25.5971 0.728608 -0.586885 -0.353124
-54.7535 81.2289 26.877 0.728017 -0.580693 -0.364399
-54.6207 80.5276 28.0929 0.670937 -0.603115 -0.431172
-54.5708 79.8132 29.2653 0.648692 -0.645612 -0.402153
-54.5221 79.2019 30.2667 0.633374 -0.644165 -0.428821
-54.4614 78.7594 31.0946 0.571313 -0.68938 -0.442472
-54.4229 78.2163 31.8778 0.563097 -0.665231 -0.490296
-54.2998 77.8965 32.7266 0.482566 -0.74985 -0.452609
-53.7828 77.5022 33.8617 0.404874 -0.77623 -0.483264
-53.1155 77.2028 34.8878 0.40002 -0.772796 -0.492718
-52.529 76.9936 35.6407 0.361849 -0.798462 -0.481168
-51.797 76.7625 36.5387 0.306968 -0.830033 -0.465635
-50.8015 76.5947 37.3347 0.249354 -0.80677 -0.535672
-49.852 76.5995 37.7891 0.187023 -0.852872 -0.48537
-48.67 76.9987 37.5592 0.180057 -0.818881 -0.544989
-47.8433 77.5523 36.9762 0.156251 -0.786701 -0.597233
-47.1019 78.296 36.2292 0.153154 -0.761239 -0.630127
-46.6321 78.8784 35.6715 0.114211 -0.721833 -0.681098
-46.1835 79.4998 35.0374 0.0794928 -0.716147 -0.692704
-45.7087 80.2337 34.3071 -0.0234237 -0.709404 -0.704412
-45.2858 80.846 33.6727 -0.0243594 -0.712212 -0.701542
-44.7869 81.5854 32.9208 -0.0438717 -0.68514 -0.727089
-44.427 82.2361 32.2701 -0.0651112 -0.69751 -0.713591
-44.0836 82.8299 31.6587 -0.0782431 -0.703878 -0.7059
-43.5357 83.4049 31.0083 -0.087502 -0.710035 -0.698706
-42.9609 83.9342 30.3546 -0.141917 -0.712295 -0.686849
-42.3598 84.4537 29.6902 -0.118553 -0.733652 -0.669104
-41.7449 84.9585 29.0313 -0.116835 -0.731023 -0.672276
-41.028 85.4091 28.3401 -0.186775 -0.752456 -0.623954
-40.4492 85.7581 27.7201 -0.123804 -0.792693 -0.59622
-39.6674 86.319 26.8383 -0.140309 -0.814839 -0.558795
-39.0664 86.6067 26.1724 -0.219419 -0.823434 -0.52327
-38.4398 86.8921 25.4662 -0.214163 -0.833592 -0.508503
-37.9014 87.1629 24.7528 -0.207215 -0.85545 -0.474255
-37.4073 87.427 24.0479 -0.178656 -0.87252 -0.454742
-36.9696 87.7258 23.2119 -0.202513 -0.921073 -0.332581
-36.6207 88.007 22.2132 -0.213662 -0.915401 -0.340872
-36.4268 88.2202 21.2081 -0.169787 -0.962475 -0.211692
-36.3053 88.4218 20.2703 -0.0904306 -0.969125 -0.206819
-36.0524 88.5756 19.0744 -0.0274787 -0.990705 -0.133223
-35.828 88.716 18.1046 -0.0188254 -0.988233 -0.15179
-35.6474 88.8749 17.0312 0.0218385 -0.983015 -0.182207
-35.64 89.1634 15.6867 0.0215755 -0.973518 -0.227591
-35.5788 89.4159 14.6948 0.0440957 -0.958444 -0.280207
-35.3968 89.7414 13.6875 0.0251578 -0.952571 -0.303275
-35.2791 90.0232 12.7222 0.0537806 -0.970692 -0.223583
-35.0777 90.4885 11.3994 0.158641 -0.935795 -0.314373
-34.9187 90.8903 10.2156 0.183284 -0.93257 -0.309629
-35.6841 90.9798 9.38484 0.234849 -0.92149 -0.302946
-36.7652 90.7846 9.23031 0.219758 -0.940617 -0.258737
-38.0058 90.5776 8.93302 0.250823 -0.930134 -0.266051
-39.0299 90.3602 8.58449 0.288486 -0.91942 -0.267288
-40.3797 90.1172 7.98831 0.231428 -0.963675 -0.133308
-41.4427 89.9976 7.32564 0.197188 -0.952717 -0.231188
-42.2341 89.9878 6.70906 0.190218 -0.953004 -0.2358
-42.9666 89.956 5.97641 0.300422 -0.938579 -0.169753
-43.8646 89.9121 4.84517 0.320808 -0.918816 -0.229911
-44.5081 89.9245 3.92201 0.295276 -0.927492 -0.227199
-45.3788 89.7018 3.77159 0.275752 -0.938854 -0.20619
-46.0871 89.3153 4.32951 0.366129 -0.902508 -0.226778
-46.7184 88.9754 4.93267 0.304668 -0.942413 -0.134456
-47.4295 88.639 5.56415 0.332634 -0.934929 -0.123543
-48.1879 88.3335 6.27291 0.288855 -0.955764 -0.055478
-48.9288 88.0859 7.0641 0.278624 -0.957409 0.0757439
-49.6066 87.9503 7.89641 0.22581 -0.971125 0.0637854
-50.2335 87.8203 8.72685 0.315756 -0.945275 0.0821738
-50.7934 87.6766 9.48385 0.325831 -0.944334 0.0454604
-51.5186 87.4872 10.5127 0.348531 -0.930639 0.111523
-52.0521 87.3759 11.2652 0.362427 -0.926919 0.0955871
-52.8354 87.1462 12.2421 0.423016 -0.897575 0.109619
-53.4686 86.8785 13.1313 0.523645 -0.84738 0.0879943
-54.0035 86.6232 13.8974 0.539166 -0.839891 0.0598363
-54.7795 86.173 14.8839 0.60408 -0.792344 0.0114763
-55.297 85.7176 15.6755 0.691042 -0.721944 0.00166626
-55.6713 85.3177 16.3952 0.706657 -0.703238 -0.0646064
-55.9313 84.9365 17.2018 0.73064 -0.674497 -0.0964472
-55.9869 84.526 18.3033 0.748349 -0.604707 -0.272587
-55.8779 84.2298 19.3475 0.772645 -0.585106 -0.244827
-55.6969 83.9657 20.423 0.76533 -0.568156 -0.302436
-56.2823 83.2411 20.2806 0.765858 -0.558007 -0.319242
-56.0433 82.9145 21.4301 0.77255 -0.544118 -0.327265
-55.9026 82.5766 22.3237 0.760009 -0.553039 -0.340752
-55.7176 82.2093 23.3011 0.747076 -0.563239 -0.353043
-55.6097 81.8384 24.1292 0.747212 -0.565249 -0.349525
-55.4926 81.2415 25.3511 0.728866 -0.586852 -0.352646
-55.421 80.7874 26.2469 0.721025 -0.590269 -0.362715
-55.3575 80.2602 27.2485 0.713781 -0.598052 -0.364466
-55.3019 79.5431 28.449 0.663136 -0.628684 -0.405236
-55.3223 78.8681 29.6071 0.619698 -0.693433 -0.367538
-55.2672 78.2127 30.906 0.571309 -0.689383 -0.442474
-55.2402 77.6618 31.7017 0.529649 -0.736956 -0.412324
-55.1716 77.4051 32.5927 0.548068 -0.711699 -0.434181
-54.7515 77.0341 33.6617 0.497039 -0.749171 -0.437831
-54.3471 76.8424 34.4487 0.450959 -0.762699 -0.460547
-53.6715 76.59 35.4717 0.354803 -0.837541 -0.4155
-53.1021 76.4043 36.2442 0.340807 -0.821761 -0.456682
-52.4857 76.2142 37.0316 0.330196 -0.819791 -0.467882
-51.8261 76.1288 37.6487 0.226776 -0.857413 -0.461969
-50.5843 76.0043 38.4801 0.231456 -0.844793 -0.482445
-49.462 76.136 38.7202 0.149314 -0.864741 -0.479362
-48.3952 76.4503 38.4505 0.108753 -0.853683 -0.507288
-47.3925 77.0259 37.8074 0.125669 -0.826448 -0.548692
-46.8065 77.5054 37.2647 0.0942237 -0.794247 -0.600245
-46.0883 78.2621 36.4439 0.0836811 -0.754111 -0.650966
-45.6515 78.7933 35.8565 0.0633948 -0.763228 -0.643012
-45.2525 79.3637 35.2445 0.0268066 -0.758467 -0.65116
-44.7232 80.0982 34.4108 0.00169163 -0.733936 -0.677786
-44.2172 80.8219 33.6515 -0.0343799 -0.715162 -0.698112
-43.8262 81.431 33.0083 -0.0391283 -0.700152 -0.7126
-43.422 82.116 32.2391 -0.180542 -0.694725 -0.696248
-42.8366 82.8393 31.4055 -0.165603 -0.678595 -0.715599
-42.3663 83.3288 30.8138 -0.175765 -0.687819 -0.704281
-41.6453 83.9531 30.0071 -0.230928 -0.66399 -0.711189
-40.8523 84.5229 29.1869 -0.249502 -0.684216 -0.68514
-40.0623 85.0024 28.4044 -0.240825 -0.695582 -0.676843
-39.244 85.54 27.559 -0.22113 -0.707705 -0.670653
-38.6687 85.9464 26.9366 -0.240911 -0.733372 -0.63571
-37.9747 86.2808 26.2276 -0.214656 -0.822205 -0.527127
-37.3646 86.5936 25.5027 -0.214163 -0.833592 -0.508504
-36.7715 86.8839 24.7099 -0.231111 -0.848596 -0.47589
-36.3137 87.1826 23.9951 -0.239386 -0.833144 -0.498436
-35.9626 87.4978 23.2007 -0.243782 -0.896939 -0.365465
-35.6533 87.7602 22.2785 -0.208807 -0.911846 -0.353465
-35.4525 88.0128 21.3526 -0.199801 -0.953525 -0.223592
-35.3042 88.2732 20.225 -0.153392 -0.947547 -0.280404
-35.1094 88.5207 19.2819 -0.157464 -0.946938 -0.280173
-34.8082 88.6635 17.9869 -0.157264 -0.977041 -0.143733
-34.6902 88.8502 17.0766 -0.0949575 -0.969605 -0.225499
-34.6609 89.077 16.2007 0.0241526 -0.961075 -0.27197
-34.6261 89.3533 15.1631 0.0628003 -0.964636 -0.255994
-34.4512 89.6622 14.0381 0.0594419 -0.94507 -0.314692
-34.3134 90.0735 12.9213 0.144789 -0.939205 -0.311337
-34.1514 90.5301 11.7206 0.134791 -0.933439 -0.332044
-34.0135 90.8918 10.7998 0.208706 -0.923811 -0.32096
-33.7167 91.3629 9.73256 0.216386 -0.896633 -0.386298
-33.2415 91.9814 8.63269 0.25193 -0.8826 -0.396923
-34.182 91.7817 8.45445 0.248046 -0.892857 -0.375872
-35.5131 91.3807 8.48957 0.267997 -0.893854 -0.359447
-36.7143 91.0712 8.31861 0.298973 -0.887203 -0.351407
-37.7228 90.8807 8.08796 0.273698 -0.935368 -0.224002
-38.9113 90.622 7.69089 0.266833 -0.930796 -0.248339
-39.8054 90.494 7.30317 0.27036 -0.923669 -0.270742
-40.812 90.3464 6.69847 0.297861 -0.917978 -0.261907
-41.8411 90.2562 5.85579 0.243727 -0.939069 -0.234437
-42.5137 90.2484 5.16084 0.28455 -0.934535 -0.209373
-43.1919 90.2893 4.2763 0.294727 -0.92466 -0.239448
-43.8014 90.3575 3.22289 0.312284 -0.912483 -0.263579
-44.3136 90.4642 2.29824 0.313841 -0.904525 -0.288467
-44.9611 90.4612 1.63765 0.308669 -0.903229 -0.298162
-45.6805 89.904 2.58049 0.34493 -0.88564 -0.308141
-46.2681 89.5111 3.16722 0.350539 -0.915411 -0.197853
-46.9772 89.0754 3.86266 0.35132 -0.90963 -0.221692
-47.9546 88.553 4.76225 0.341141 -0.934538 -0.101295
-48.7785 88.1776 5.51232 0.381398 -0.922765 -0.047835
-49.4687 87.8553 6.25691 0.354649 -0.93347 0.0208191
-50.3808 87.6115 7.41783 0.353536 -0.929062 0.107579
-51.0427 87.476 8.29339 0.358258 -0.925172 0.125328
-51.6045 87.3212 9.06913 0.395694 -0.915242 0.0758802
-52.3034 87.1025 10.0697 0.463817 -0.876168 0.131166
-52.9736 86.8737 10.9457 0.469202 -0.874269 0.124513
-53.5123 86.6915 11.6545 0.496846 -0.85956 0.113866
-54.2901 86.3408 12.8409 0.523889 -0.846941 0.0906861
-54.9615 85.9993 13.7711 0.539172 -0.839886 0.0598381
-55.5177 85.5264 14.5357 0.653697 -0.756289 -0.0265901
-55.978 85.0917 15.2321 0.665977 -0.744633 -0.0446734
-56.3675 84.6046 16.0951 0.745434 -0.657357 -0.110497
-56.6165 84.153 17.1017 0.768154 -0.629138 -0.113168
-56.6236 83.7969 18.0746 0.766956 -0.589429 -0.253679
-56.4925 83.4771 19.2287 0.761833 -0.595873 -0.253875
-56.3689 83.3197 19.9433 0.757719 -0.581306 -0.294422
-57.0208 82.6158 19.6497 0.767447 -0.548011 -0.332067
-56.7759 82.4008 20.5505 0.777413 -0.530508 -0.337922
-56.6002 82.133 21.4094 0.783183 -0.535999 -0.315165
-56.4092 81.7151 22.5553 0.772939 -0.542842 -0.328461
-56.2677 81.325 23.5376 0.763581 -0.549909 -0.338039
-56.1808 80.9201 24.3814 0.750041 -0.576099 -0.324882
-56.1305 80.4341 25.3273 0.738966 -0.581784 -0.33962
-56.0485 79.8741 26.4923 0.734757 -0.588252 -0.337773
-56.0222 79.321 27.5636 0.647032 -0.667907 -0.367765
-56.0583 78.6463 28.7861 0.647323 -0.682044 -0.340278
-56.069 78.0509 29.8999 0.61782 -0.698701 -0.360698
-56.0844 77.5046 30.9857 0.575315 -0.708221 -0.39903
-56.0819 77.009 31.8998 0.560666 -0.788805 -0.137769
-55.8871 76.7062 32.9174 0.479729 -0.812226 -0.331886
-55.4383 76.4381 34.1047 0.463838 -0.802835 -0.374579
-54.7123 76.1806 35.3744 0.379853 -0.826119 -0.416219
-54.1513 76.0171 36.2302 0.32583 -0.854944 -0.398664
-53.4473 75.7691 37.1776 0.288259 -0.872035 -0.393665
-52.6276 75.651 38.1421 0.284308 -0.857704 -0.422682
-51.6915 75.5825 38.8388 0.247292 -0.883043 -0.39885
-50.7243 75.5062 39.4106 0.193816 -0.880666 -0.432055
-49.7919 75.5767 39.6442 0.174217 -0.865825 -0.469037
-48.7267 75.8101 39.5659 0.152972 -0.871432 -0.466014
-47.4157 76.2586 38.9832 0.108757 -0.85368 -0.507291
-46.5931 76.7424 38.34 0.0497814 -0.835595 -0.547085
-45.9392 77.2865 37.6829 0.090088 -0.791376 -0.604656
-45.1898 77.9971 36.746 -0.0562312 -0.753787 -0.65237
-44.7469 78.5628 36.1121 -0.0723554 -0.718499 -0.691754
-44.2714 79.2033 35.2983 -0.172564 -0.710608 -0.682098
-43.7669 79.8289 34.5223 -0.1652 -0.707563 -0.687069
-43.3362 80.4759 33.7901 -0.157648 -0.683805 -0.712431
-42.7869 81.3599 32.8116 -0.194431 -0.675284 -0.711469
-42.3966 81.948 32.1458 -0.185702 -0.67824 -0.710702
-41.8746 82.5695 31.395 -0.204995 -0.679141 -0.704801
-41.3079 83.1065 30.7114 -0.230427 -0.680179 -0.695888
-40.7308 83.5568 30.0801 -0.230678 -0.672083 -0.70354
-40.0976 83.9743 29.4553 -0.22519 -0.688944 -0.688946
-39.473 84.3492 28.8688 -0.236493 -0.693026 -0.681016
-38.8456 84.7627 28.2344 -0.206144 -0.690776 -0.693061
-38.2831 85.1982 27.633 -0.203085 -0.699775 -0.684772
-37.4777 85.6701 26.8081 -0.234798 -0.735247 -0.635832
-36.5927 86.1254 25.855 -0.255732 -0.783484 -0.566352
-35.8518 86.4707 24.9354 -0.276447 -0.821444 -0.498805
-35.3869 86.782 24.195 -0.260958 -0.819279 -0.510571
-34.9646 87.2049 23.1703 -0.269056 -0.87492 -0.402645
-34.6737 87.5764 22.1029 -0.25756 -0.901286 -0.347326
-34.509 87.8381 21.1619 -0.202762 -0.939831 -0.272169
-34.3411 88.1062 20.24 -0.171855 -0.940544 -0.292481
-34.0794 88.3396 19.07 -0.207166 -0.96097 -0.183355
-33.8426 88.5247 18.0989 -0.109509 -0.971333 -0.210996
-33.6944 88.768 17.1223 -0.0538398 -0.930513 -0.36228
-33.6266 89.1135 16.0288 -0.0142599 -0.957192 -0.289102
-33.5396 89.5165 14.7793 0.0246139 -0.956213 -0.288129
-33.4163 89.838 13.7916 0.0674291 -0.924109 -0.376132
-33.2856 90.3773 12.4765 0.0915973 -0.932388 -0.347844
-33.0939 90.8997 11.1492 0.126722 -0.915174 -0.382621
-32.8236 91.4879 9.9882 0.241096 -0.882352 -0.404098
-32.3743 92.0916 8.92799 0.244227 -0.883559 -0.399597
-32.0441 92.5496 8.20885 0.293025 -0.866968 -0.403116
-31.4867 93.1642 7.30654 0.302902 -0.861946 -0.40657
-30.8853 93.6207 6.78189 0.312874 -0.885264 -0.344044
-30.304 93.9969 6.33428 0.314385 -0.887316 -0.337391
-30.0911 94.4542 5.31954 0.310907 -0.889778 -0.334114
-30.9542 93.9332 5.89574 0.315381 -0.887113 -0.336992
-31.5837 93.4855 6.48389 0.317709 -0.885901 -0.337988
-32.3633 93.0297 6.94412 0.301563 -0.876379 -0.374217
-33.2802 92.5586 7.29 0.276036 -0.875818 -0.395358
-34.2469 92.1402 7.56009 0.26297 -0.887114 -0.378959
-35.3187 91.7952 7.61136 0.273845 -0.889708 -0.365278
-36.447 91.499 7.4658 0.306113 -0.88952 -0.338875
-37.3401 91.2541 7.2779 0.31324 -0.891845 -0.326332
-38.6281 90.9616 6.8665 0.288179 -0.903591 -0.316227
-39.6128 90.8223 6.42875 0.291993 -0.910193 -0.292018
-40.3929 90.7006 5.93295 0.297851 -0.918044 -0.261688
-41.353 90.6195 5.13502 0.293321 -0.917574 -0.268334
-41.972 90.6174 4.47602 0.293515 -0.916422 -0.272067
-42.6808 90.669 3.49313 0.297265 -0.920287 -0.254374
-43.1826 90.7679 2.56728 0.311696 -0.904427 -0.291023
-43.6501 91.0336 1.30427 0.311116 -0.897608 -0.312261
-43.8521 91.2668 0.427856 0.311994 -0.893847 -0.321675
-43.9523 91.5133 -0.411149 0.272702 -0.917613 -0.28917
-44.0117 91.8374 -1.50114 0.272847 -0.918864 -0.285034
-44.019 92.1249 -2.36097 0.192123 -0.946801 -0.258179
-44.4331 91.7662 -1.6206 0.233837 -0.907456 -0.349062
-44.6795 91.4673 -0.95095 0.286014 -0.910334 -0.29861
-45.1328 90.9916 0.00310894 0.300845 -0.898095 -0.320524
-45.6348 90.4838 0.905423 0.303785 -0.892329 -0.333862
-46.3023 89.9056 1.83165 0.381036 -0.868073 -0.318214
-46.9405 89.4159 2.50597 0.37058 -0.903142 -0.214753
-47.5504 89.0067 3.08602 0.398188 -0.892689 -0.211075
-48.4989 88.4007 3.99552 0.425774 -0.895262 -0.12313
-49.3567 87.9504 4.72672 0.409123 -0.911165 -0.0458192
-49.9754 87.6808 5.36682 0.366998 -0.929838 -0.026706
-50.8472 87.3609 6.48094 0.357461 -0.931404 0.0686141
-51.374 87.2217 7.22132 0.345495 -0.933535 0.0956333
-51.95 87.071 8.0121 0.481672 -0.870696 0.0983442
-52.5106 86.8402 8.88181 0.473232 -0.876039 0.091334
-53.1624 86.5961 9.72476 0.463091 -0.878454 0.11685
-53.7805 86.3719 10.5124 0.498202 -0.857136 0.130812
-54.3318 86.1447 11.3602 0.531756 -0.841711 0.0935104
-54.8264 85.9222 12.1457 0.550734 -0.830355 0.080526
-55.5202 85.5409 13.1627 0.611758 -0.785102 0.0594597
-56.0662 85.0572 13.8866 0.6846 -0.72883 -0.000246627
-56.5918 84.55 14.6722 0.728765 -0.679927 -0.0398684
-56.9366 84.0231 15.5237 0.772146 -0.629625 -0.0858072
-57.167 83.5471 16.5081 0.768153 -0.621066 -0.155622
-57.2519 83.1751 17.4849 0.796222 -0.570225 -0.202172
-57.211 82.9151 18.3473 0.766339 -0.592029 -0.2494
-57.0363 82.6277 19.5902 0.761834 -0.595869 -0.253881
-57.0337 82.6254 19.6031 0.757715 -0.581311 -0.294425
-57.5621 81.8342 19.4899 0.818815 -0.505853 -0.269772
-57.8019 82.1364 18.1259 0.807034 -0.528564 -0.263279
-57.8554 82.626 16.6616 0.792937 -0.577694 -0.189894
-57.7088 83.0396 15.7837 0.769669 -0.625044 -0.124465
-57.4849 83.4341 14.9606 0.747586 -0.658827 -0.0776471
-57.197 83.8579 14.2213 0.774548 -0.62912 -0.0654431
-56.5308 84.6104 13.1977 0.684915 -0.728503 0.013268
-55.9092 85.171 12.3263 0.634529 -0.768324 0.0533334
-55.4144 85.4523 11.51 0.585811 -0.806044 0.0841723
-54.8856 85.7151 10.6057 0.55257 -0.82747 0.0960884
-54.2364 85.9848 9.65762 0.494961 -0.862111 0.10853
-53.6136 86.2428 8.90575 0.48078 -0.868891 0.11781
-53.0139 86.4839 8.09395 0.485882 -0.869879 0.0850273
-52.483 86.6846 7.27297 0.479993 -0.869063 0.119424
-51.7757 86.9427 6.21829 0.500706 -0.860414 0.0947717
-51.1654 87.1597 5.34976 0.422403 -0.906037 -0.025918
-50.4927 87.4771 4.52154 0.38793 -0.919712 -0.0482083
-49.4767 87.9943 3.60279 0.40049 -0.912441 -0.0832971
-48.74 88.4128 2.91199 0.507612 -0.860891 0.0346066
-48.1116 88.8763 2.31602 0.499126 -0.831893 -0.214858
-47.5429 89.4174 1.72753 0.384478 -0.851215 -0.357224
-46.9461 89.9195 1.09693 0.352916 -0.871608 -0.340219
-46.4793 90.4056 0.389662 0.283182 -0.894577 -0.345745
-45.9701 90.9215 -0.536268 0.277405 -0.900547 -0.334582
-45.618 91.3818 -1.49277 0.268319 -0.897262 -0.350607
-45.3681 91.7756 -2.32682 0.261455 -0.902091 -0.343327
-45.2966 92.2025 -3.52534 0.176593 -0.935752 -0.303237
-45.2114 92.6096 -4.60616 0.133417 -0.942864 -0.300929
-45.1182 92.9661 -5.86991 0.102879 -0.959728 -0.261414
-45.1549 93.265 -6.97731 0.0808218 -0.95215 -0.292265
-45.2649 93.5728 -8.34738 0.0457898 -0.976514 -0.210439
-45.2925 93.6843 -9.92438 -0.0759963 -0.993402 -0.0826972
-45.3221 93.8524 -11.0461 -0.0617132 -0.990141 -0.122866
-45.329 93.9518 -12.1431 -0.0624023 -0.9943 -0.0864451
-45.046 94.011 -13.1779 -0.0503195 -0.996653 -0.064429
-44.587 93.9358 -14.2082 -0.106574 -0.987215 0.118526
-44.2089 93.7495 -15.1212 -0.163531 -0.977401 0.133957
-43.8042 93.5307 -16.1758 -0.134736 -0.960644 0.233772
-43.4001 93.1096 -17.4046 -0.0750965 -0.935855 0.340752
-43.3405 92.6402 -18.45 -0.0715871 -0.907475 0.413961
-43.3655 92.1762 -19.3374 -0.0904694 -0.84317 0.528001
-43.4109 91.4348 -20.4099 -0.0415704 -0.786411 0.616296
-42.9143 90.7687 -21.2207 -0.0298241 -0.755234 0.653045
-42.0542 90.8095 -21.1839 0.0284837 -0.788862 0.61391
-41.4014 91.2127 -20.6969 0.0271064 -0.798907 0.600537
-40.9565 91.75 -19.8597 0.100251 -0.867425 0.487363
-40.6399 92.1556 -19.1201 0.0717395 -0.896805 0.436572
-40.4146 92.6199 -18.1176 -0.024368 -0.928 0.371633
-40.3489 92.9879 -17.1965 -0.0417686 -0.947586 0.308492
-40.3628 93.2575 -16.0363 -0.0365992 -0.974144 0.222945
-40.4116 93.4809 -15.1079 -0.0356283 -0.97025 0.23947
-40.4013 93.6766 -13.9562 -0.0876003 -0.993734 0.0681272
-40.6277 93.7901 -12.427 -0.0629457 -0.996514 0.0502018
-40.8453 93.8323 -11.4483 -0.0434507 -0.997997 0.0435942
-41.1159 93.8313 -10.2452 -0.0107068 -0.998462 -0.0508643
-41.5797 93.7401 -8.98367 0.0353421 -0.997159 -0.0665222
-41.8801 93.6599 -8.1307 0.0416832 -0.995628 -0.0835894
-42.1167 93.5472 -7.22351 0.0909664 -0.977159 -0.192057
-42.4084 93.3473 -6.34485 0.0965214 -0.977903 -0.185234
-42.7593 93.0661 -5.19485 0.152289 -0.969244 -0.193323
-42.9164 92.8727 -4.33002 0.172898 -0.963496 -0.202784
-43.0345 92.6102 -3.39844 0.183718 -0.946926 -0.263777
-43.076 92.331 -2.37074 0.237629 -0.9425 -0.235004
-43.0868 92.0788 -1.44064 0.241449 -0.929062 -0.280262
-43.0821 91.7911 -0.438822 0.291979 -0.913515 -0.283264
-42.865 91.4729 0.802614 0.291235 -0.912521 -0.287208
-42.5628 91.2642 1.73885 0.336403 -0.894002 -0.295316
-42.147 91.1124 2.71235 0.351952 -0.887532 -0.297247
-41.6027 91.0339 3.56537 0.342801 -0.887909 -0.306681
-40.7538 91.0206 4.53266 0.336713 -0.890235 -0.306766
-39.9434 91.0834 5.19773 0.322525 -0.894151 -0.3106
-39.0581 91.2106 5.77323 0.291998 -0.91019 -0.292023
-38.2159 91.3728 6.1145 0.316159 -0.889178 -0.330765
-37.0271 91.6674 6.4557 0.314323 -0.889824 -0.330779
-36.1732 91.9105 6.61257 0.30242 -0.894458 -0.329374
-34.9361 92.2638 6.71939 0.276504 -0.897556 -0.343423
-33.8841 92.6826 6.4919 0.289775 -0.893804 -0.342264
-32.8964 93.1854 6.0669 0.30554 -0.886375 -0.347795
-32.0979 93.6563 5.54312 0.312138 -0.890009 -0.332266
-31.3864 94.0945 5.05558 0.3153 -0.891348 -0.325596
-30.5242 94.6441 4.35995 0.315262 -0.895374 -0.314477
-29.7251 95.1734 3.63834 0.294041 -0.90482 -0.307225
-28.9187 95.6015 2.99016 0.26576 -0.926147 -0.267627
-28.2318 95.9434 2.48898 0.260628 -0.925197 -0.275666
-27.3861 96.3692 1.792 0.257052 -0.932891 -0.252267
-26.6576 96.7231 1.07152 0.229195 -0.951595 -0.204785
-25.4531 97.147 0.259019 0.183329 -0.961468 -0.204862
-24.5767 97.4416 -0.346656 0.172197 -0.964494 -0.200143
-23.841 97.6887 -0.925795 0.165817 -0.965395 -0.201287
-22.7325 98.0263 -1.84977 0.147642 -0.974571 -0.168508
-21.7768 98.2672 -2.48771 0.132148 -0.97951 -0.151976
-20.7551 98.3992 -3.15137 -0.0152102 -0.995663 -0.0917813
-19.8786 98.4381 -3.78767 -0.0358651 -0.995827 -0.0835839
-18.8209 98.4476 -4.43883 -0.0595236 -0.994907 -0.0784452
-17.7533 98.3206 -4.93658 -0.150133 -0.988506 0.0177704
-16.8522 98.1554 -5.20991 -0.179725 -0.983469 0.0220782
-15.8529 97.9297 -5.37661 -0.349912 -0.936424 0.0253968
-14.9927 97.603 -5.4022 -0.354337 -0.934826 0.0233622
-13.7569 97.157 -5.12016 -0.313283 -0.943441 0.108469
-12.9287 96.924 -4.66986 -0.359125 -0.926351 0.113594
-12.1263 96.7035 -3.99049 -0.349724 -0.928715 0.123213
-11.2824 96.5329 -3.04774 -0.380282 -0.896408 0.227681
-11.4057 96.8232 -2.10286 -0.404789 -0.888378 0.215823
-12.2594 97.2253 -1.96982 -0.356487 -0.913909 0.188292
-13.5813 97.5816 -1.95576 -0.223872 -0.951108 0.212777
-14.7954 97.8324 -1.84137 -0.144242 -0.96977 0.196826
-15.7899 98.0719 -1.67722 -0.16328 -0.981148 0.0377916
-16.7258 98.1253 -1.43376 -0.0498936 -0.998592 -0.0179933
-17.8512 98.1762 -1.1351 -0.0635995 -0.99763 -0.0219961
-19.1267 98.1042 -0.751374 0.011867 -0.990099 -0.139192
-19.9853 98.0267 -0.375769 0.0221966 -0.98673 -0.160844
-20.8859 97.9182 0.134465 0.0726849 -0.983467 -0.159967
-21.9581 97.6826 0.800434 0.127464 -0.978872 -0.159886
-22.8557 97.3604 1.56206 0.224828 -0.96425 -0.140265
-23.6939 97.0643 2.38626 0.177344 -0.969307 -0.170276
-24.5613 96.7066 3.33067 0.222677 -0.954829 -0.196767
-25.4243 96.2818 4.18892 0.26458 -0.932496 -0.245864
-26.1177 95.9392 4.71882 0.275909 -0.928745 -0.247605
-26.9954 95.5365 5.23703 0.283919 -0.913091 -0.291967
-27.8686 95.0333 5.8819 0.296157 -0.90516 -0.304922
-28.9166 94.4545 6.45933 0.326733 -0.88048 -0.343513
-29.722 93.9317 7.03141 0.319482 -0.881489 -0.347606
-30.3624 93.495 7.5626 0.329562 -0.867063 -0.372203
-31.1183 92.6862 8.59927 0.319383 -0.848617 -0.421266
-31.5214 92.1692 9.38182 0.301929 -0.853971 -0.423384
-31.8243 91.6711 10.1751 0.265021 -0.870427 -0.413818
-32.1263 91.0644 11.3001 0.239899 -0.878579 -0.412974
-32.3368 90.4314 12.5077 0.17923 -0.897199 -0.403621
-32.4545 89.9327 13.7271 0.064979 -0.924796 -0.374874
-32.5358 89.5289 14.7657 0.0668919 -0.938696 -0.338193
-32.6392 89.1635 15.8425 -0.0196729 -0.953227 -0.301265
-32.6933 88.798 16.9203 -0.0364731 -0.935469 -0.351511
-32.801 88.496 17.795 -0.076549 -0.970223 -0.229799
-32.953 88.2735 18.6894 -0.195979 -0.933863 -0.297379
-33.2214 88.082 19.5401 -0.223921 -0.933305 -0.280716
-33.4388 87.836 20.4245 -0.244524 -0.918637 -0.310345
-33.6588 87.4622 21.6191 -0.263452 -0.890735 -0.370384
-33.9197 87.0535 22.7695 -0.288366 -0.867694 -0.404707
-34.1553 86.7099 23.6586 -0.28889 -0.839352 -0.457567
-34.7269 86.1833 24.8144 -0.26309 -0.816097 -0.514557
-35.4809 85.8041 25.7672 -0.268347 -0.794138 -0.545285
-36.1879 85.4607 26.5414 -0.236497 -0.752329 -0.614872
-36.8569 85.0918 27.2518 -0.216531 -0.727228 -0.649585
-37.6071 84.5792 28.0319 -0.251487 -0.691638 -0.677046
-38.2957 84.0807 28.7423 -0.221635 -0.679582 -0.699288
-38.8836 83.6881 29.3352 -0.236276 -0.691948 -0.682188
-39.4902 83.3211 29.9099 -0.224087 -0.670758 -0.70656
-40.1232 82.8695 30.5118 -0.222988 -0.652573 -0.724172
-40.7842 82.3969 31.2066 -0.268935 -0.659207 -0.702196
-41.3782 81.7374 32.0109 -0.235849 -0.650995 -0.721513
-41.9587 80.8264 33.0486 -0.22151 -0.67067 -0.707777
-42.4416 80.0695 33.9354 -0.218815 -0.678809 -0.700956
-42.8912 79.42 34.7347 -0.159413 -0.709398 -0.686543
-43.5914 78.5885 35.8305 -0.180783 -0.746713 -0.640107
-43.9696 78.063 36.5737 -0.131905 -0.791132 -0.594475
-44.6494 77.3139 37.5902 -0.0379537 -0.787546 -0.615077
-45.4626 76.6474 38.496 -0.0554584 -0.834985 -0.54167
-46.3097 76.1831 39.3447 0.0895106 -0.88669 -0.452387
-47.072 75.8646 39.8775 0.095172 -0.899248 -0.426688
-47.9055 75.5887 40.2536 0.107311 -0.901559 -0.419136
-49.0566 75.2892 40.5728 0.136271 -0.920372 -0.366532
-50.09 75.1318 40.5774 0.146819 -0.918566 -0.366927
-51.0202 75.0916 40.2686 0.187389 -0.913077 -0.362181
-52.0114 75.1183 39.6987 0.198405 -0.920886 -0.333338
-53.0679 75.1793 38.9015 0.234761 -0.889332 -0.392397
-53.7525 75.2238 38.2493 0.297036 -0.881959 -0.365788
-54.5366 75.426 37.183 0.325826 -0.854942 -0.398672
-55.2948 75.5982 36.0092 0.379428 -0.837642 -0.392235
-55.9898 75.8358 34.7885 0.430633 -0.809097 -0.399897
-56.4203 75.9672 33.9416 0.555752 -0.788947 -0.262112
-56.7142 76.0859 32.9672 0.533008 -0.793531 -0.292082
-56.8509 76.4264 31.9698 0.54572 -0.76107 -0.350561
-56.8813 76.8384 30.9783 0.594901 -0.743549 -0.304917
-56.834 77.4098 29.8074 0.644278 -0.686707 -0.336659
-56.775 77.9328 28.7461 0.674158 -0.674041 -0.297973
-56.7331 78.3917 27.9304 0.698293 -0.642756 -0.314896
-56.6905 79.0625 26.6243 0.707271 -0.63656 -0.307505
-56.7444 79.5636 25.5241 0.72353 -0.599151 -0.342814
-56.7759 80.0334 24.522 0.763844 -0.574576 -0.291858
-56.8477 80.5362 23.4797 0.773472 -0.543855 -0.32552
-56.9486 80.9165 22.6041 0.773067 -0.54356 -0.326965
-57.1168 81.3012 21.5406 0.783121 -0.536152 -0.315059
-57.2912 81.5896 20.6386 0.795649 -0.514611 -0.31802
-57.4587 81.7538 19.9068 0.813891 -0.498705 -0.298118
-57.9632 80.9443 20.0287 0.815636 -0.522064 -0.249372
-57.6649 80.5907 21.3929 0.772438 -0.543259 -0.328953
-57.4986 80.1466 22.5537 0.783883 -0.535395 -0.314452
-57.3945 79.6808 23.6063 0.762387 -0.563328 -0.316513
-57.3912 79.2859 24.4787 0.698877 -0.651815 -0.294461
-57.3937 78.9044 25.3154 0.701783 -0.645328 -0.301748
-57.3823 78.4568 26.3008 0.70214 -0.644723 -0.302209
-57.4052 77.8253 27.5895 0.700798 -0.645089 -0.30453
-57.5086 77.3781 28.4348 0.651151 -0.708525 -0.272018
-57.6042 76.7668 29.7464 0.601994 -0.739314 -0.301692
-57.6566 76.2741 30.8611 0.591363 -0.751776 -0.291756
-57.6386 75.95 31.7019 0.584288 -0.74817 -0.314403
-57.5747 75.624 32.6989 0.548742 -0.778893 -0.303656
-57.3041 75.3966 33.8204 0.517122 -0.821049 -0.237044
-56.8998 75.3603 34.8146 0.449673 -0.830723 -0.322283
-56.1674 75.1514 36.104 0.40028 -0.840367 -0.365373
-55.6449 75.0267 37.022 0.265218 -0.930271 -0.253488
-54.9607 74.8985 38.1224 0.264338 -0.915768 -0.302478
-54.2285 74.8165 39.0775 0.230098 -0.92552 -0.294625
-53.5172 74.7524 39.7004 0.19305 -0.944821 -0.264066
-52.5129 74.7302 40.4384 0.205494 -0.932215 -0.29482
-51.6826 74.7148 40.9525 0.155379 -0.938825 -0.307351
-50.836 74.7108 41.3622 0.128794 -0.936233 -0.326926
-49.1404 74.879 41.5659 0.127794 -0.924129 -0.360077
-47.7857 75.153 41.221 0.0524093 -0.928213 -0.36834
-46.8313 75.4413 40.7789 0.0692827 -0.89415 -0.442375
-45.7387 75.8056 40.1 -0.0818015 -0.879587 -0.468652
-44.8945 76.18 39.257 -0.0792662 -0.877913 -0.472214
-44.0618 76.7365 38.2854 -0.0820881 -0.793977 -0.60238
-43.4416 77.314 37.4533 -0.13191 -0.791131 -0.594476
-42.8627 77.9783 36.3365 -0.182233 -0.77341 -0.605574
-42.446 78.5416 35.5858 -0.153461 -0.741504 -0.653163
-41.9925 79.0034 34.932 -0.212049 -0.734263 -0.64481
-41.5388 79.6509 34.0909 -0.202493 -0.707094 -0.677506
-41.1656 80.2732 33.328 -0.243281 -0.672184 -0.699273
-40.7438 80.9936 32.4759 -0.290425 -0.635752 -0.715173
-40.2101 81.6951 31.6401 -0.277482 -0.643778 -0.712939
-39.5449 82.222 30.9173 -0.244125 -0.643225 -0.725347
-38.8285 82.713 30.2273 -0.265263 -0.633877 -0.726522
-38.1946 83.139 29.6274 -0.259783 -0.658285 -0.705676
-37.6193 83.538 29.0494 -0.222014 -0.674888 -0.70373
-36.7017 84.1918 28.115 -0.252816 -0.664942 -0.702806
-36.0044 84.6629 27.412 -0.278087 -0.680931 -0.67686
-35.0328 85.1828 26.4318 -0.309199 -0.695381 -0.648311
-34.428 85.456 25.762 -0.297987 -0.764518 -0.569309
-33.9012 85.7481 25.0825 -0.263525 -0.805469 -0.530478
-33.4753 86.0671 24.328 -0.278925 -0.819903 -0.49996
-33.0731 86.5873 23.1362 -0.293551 -0.862098 -0.413056
-32.82 86.9921 22.0823 -0.303965 -0.868554 -0.391405
-32.6105 87.395 21.0134 -0.290255 -0.870127 -0.397946
-32.3767 87.7486 19.9747 -0.21843 -0.924413 -0.311003
-32.0479 88.0677 18.8373 -0.167134 -0.929867 -0.327562
-31.8596 88.3541 17.9202 -0.152137 -0.90937 -0.381849
-31.6857 88.9112 16.5229 -0.0336662 -0.943232 -0.329495
-31.6591 89.2348 15.6084 0.012119 -0.93021 -0.366138
-31.5015 89.6731 14.5701 0.0413706 -0.930369 -0.362481
-31.4707 90.0341 13.6812 0.0988326 -0.915681 -0.389564
-31.3786 90.5679 12.6225 0.128991 -0.854561 -0.500243
-31.2276 91.079 11.7108 0.217222 -0.867696 -0.447123
-30.9652 91.7493 10.58 0.227122 -0.85518 -0.465922
-30.6099 92.3355 9.67156 0.331243 -0.840029 -0.427865
-30.0748 93.0282 8.7637 0.375092 -0.832243 -0.408262
-29.5343 93.5841 8.10588 0.341668 -0.864457 -0.366685
-28.676 94.1488 7.47162 0.327162 -0.880124 -0.344015
-27.9193 94.5816 7.06767 0.316842 -0.883512 -0.344987
-26.8943 95.1477 6.48648 0.289542 -0.899689 -0.326687
-25.9406 95.6795 5.78454 0.284647 -0.918946 -0.272476
-25.2268 96.0485 5.31459 0.285219 -0.925319 -0.24878
-24.3006 96.5186 4.50587 0.263616 -0.935507 -0.235089
-23.6329 96.8012 3.84753 0.19948 -0.959516 -0.198837
-22.9546 97.0905 3.08293 0.171711 -0.972518 -0.156586
-22.3235 97.2978 2.44951 0.185164 -0.960607 -0.207241
-21.5326 97.5679 1.75902 0.116544 -0.975465 -0.1867
-20.5859 97.7798 1.08636 0.0554595 -0.98832 -0.139058
-19.7139 97.8789 0.575682 0.0819315 -0.988938 -0.118428
-18.6378 98.0637 0.0769924 0.116311 -0.986628 -0.11418
-17.4772 98.1346 -0.222298 0.0254229 -0.997673 -0.0632577
-16.3612 98.1078 -0.542607 -0.0433025 -0.999025 0.00863022
-15.2276 98.0448 -0.85312 -0.0654101 -0.997827 0.00792203
-14.304 97.9244 -1.02797 -0.173468 -0.964901 0.194918
-13.3996 97.7301 -1.04464 -0.210726 -0.962139 0.171295
-12.3333 97.4207 -1.00634 -0.3254 -0.923457 0.203329
-11.4357 97.1043 -1.01914 -0.287074 -0.928977 0.233624
-10.227 96.5494 -1.36237 -0.31109 -0.883513 0.350183
-9.82427 96.1009 -2.0487 -0.383036 -0.891877 0.234275
-10.2684 96.0585 -3.2078 -0.40273 -0.897242 0.180231
-10.8032 96.0878 -3.94729 -0.379742 -0.892006 0.245196
-11.448 96.2405 -4.61857 -0.435654 -0.859068 0.268717
-12.1392 96.4077 -5.21042 -0.452819 -0.852805 0.260151
-13.1255 96.7913 -5.85156 -0.469685 -0.862956 0.183933
-14.0931 97.1394 -6.27313 -0.363814 -0.925043 0.0947261
-15.2738 97.6671 -6.39501 -0.416032 -0.906388 0.0724516
-16.5952 98.1775 -6.25215 -0.242309 -0.963198 -0.0169656
-17.6959 98.3374 -5.98791 -0.193624 -0.972513 -0.128976
-18.7032 98.5221 -5.55049 -0.227054 -0.970021 -0.0866323
-19.5514 98.5506 -5.09802 -0.0564395 -0.991427 -0.117465
-20.9304 98.5137 -4.19204 -0.0313799 -0.993803 -0.106634
-21.9636 98.4027 -3.56205 0.130447 -0.980984 -0.143715
-22.7685 98.2195 -3.04272 0.131296 -0.980247 -0.147846
-23.5671 98.003 -2.43475 0.141242 -0.975526 -0.16849
-24.3819 97.7611 -1.73844 0.146505 -0.974503 -0.169921
-25.1373 97.5043 -1.1534 0.176055 -0.963242 -0.20285
-26.2886 97.1053 -0.31971 0.197534 -0.959828 -0.199274
-27.2595 96.7449 0.375873 0.219509 -0.947308 -0.233287
-27.9407 96.4269 1.00842 0.257029 -0.936873 -0.23637
-28.616 96.0857 1.55743 0.266986 -0.930729 -0.249923
-29.3825 95.703 2.17204 0.265321 -0.931834 -0.247569
-30.1964 95.2654 2.82927 0.308849 -0.908329 -0.281898
-30.9552 94.8003 3.44986 0.318371 -0.898352 -0.302662
-31.7906 94.2861 4.10224 0.317091 -0.89928 -0.301244
-32.5006 93.8727 4.59176 0.311232 -0.897473 -0.311762
-33.4058 93.3254 5.23028 0.304021 -0.89319 -0.331331
-34.15 92.9472 5.57138 0.301737 -0.894079 -0.331023
-35.3772 92.469 5.82202 0.254369 -0.90994 -0.326431
-36.2541 92.2351 5.70625 0.309349 -0.875897 -0.36971
-37.3844 91.9091 5.46679 0.321306 -0.880827 -0.347151
-38.5336 91.6701 5.05125 0.309884 -0.882755 -0.35315
-39.4294 91.5085 4.50774 0.340692 -0.885055 -0.316478
-40.2008 91.4602 3.86735 0.332362 -0.879795 -0.339847
-40.95 91.4633 3.05589 0.362014 -0.876189 -0.31818
-41.6484 91.6167 1.76865 0.350353 -0.891938 -0.28583
-42.0158 91.8336 0.627461 0.347896 -0.897762 -0.269917
-42.1577 92.0198 -0.298478 0.345269 -0.914629 -0.210338
-42.1634 92.3173 -1.46026 0.233776 -0.9351 -0.26634
-42.1116 92.6092 -2.58543 0.212991 -0.955643 -0.203423
-42.0149 92.8898 -3.6935 0.167278 -0.958578 -0.226633
-41.8771 93.095 -4.63523 0.137661 -0.972657 -0.186505
-41.6216 93.2851 -5.54128 0.101073 -0.979446 -0.174556
-41.2948 93.4959 -6.52286 0.10206 -0.978651 -0.178398
-40.9631 93.667 -7.7563 0.0293869 -0.995967 -0.0847692
-40.5788 93.7477 -8.94731 0.00155474 -0.998901 -0.0335826
-40.1906 93.8036 -10.0692 -0.0167727 -0.997465 -0.0691502
-39.9153 93.8051 -11.3473 -0.035217 -0.99783 0.0556392
-39.6139 93.7139 -12.6139 -0.029608 -0.996644 0.0763176
-39.4342 93.6347 -13.6102 -0.0195598 -0.996302 0.0822969
-39.4461 93.5187 -14.8072 -0.0320563 -0.990765 0.126959
-39.4032 93.2462 -15.9455 -0.0381198 -0.965845 0.254966
-39.3729 93.0116 -16.8371 -0.0587896 -0.967614 0.245491
-39.4314 92.6176 -17.9874 -0.076362 -0.908109 0.411693
-39.6878 92.0315 -19.3189 -0.0787453 -0.904565 0.419
-40.1581 91.4108 -20.4658 0.0591519 -0.805702 0.588042
-40.6215 90.8354 -21.224 0.0294949 -0.774995 0.630918
-41.4003 90.3332 -21.7816 0.0309656 -0.759452 0.649826
-42.2382 90.0558 -22.0658 0.0308087 -0.759357 0.649944
-43.1978 89.9784 -22.0627 0.0263682 -0.738316 0.672359
-44.0192 90.2574 -21.7862 -0.014983 -0.70382 0.709591
-44.3708 91.0696 -20.9381 -0.0151957 -0.725357 0.688204
-44.3088 91.7882 -20.015 -0.0449885 -0.811553 0.581097
-44.2657 92.4978 -18.8691 -0.0102699 -0.852748 0.522222
-44.2872 93.0797 -17.6899 -0.100198 -0.899472 0.420611
-44.5669 93.4571 -16.7984 -0.118011 -0.935141 0.330544
-44.8778 93.705 -15.9294 -0.124497 -0.977102 0.172466
-45.2177 93.8953 -15.1104 -0.117974 -0.981772 0.145967
-45.7002 94.0761 -14.0406 -0.106387 -0.987211 0.11873
-46.1125 94.0812 -13.1905 -0.174704 -0.980109 -0.0941512
-46.3365 94.0348 -12.2922 -0.0988812 -0.981599 -0.13791
-46.2888 93.9172 -11.1912 -0.0518275 -0.99381 -0.0982634
-46.2711 93.7778 -9.95941 -0.091102 -0.990795 -0.10013
-46.2685 93.6641 -8.7059 -0.030188 -0.981308 -0.160764
-46.2056 93.3895 -7.66972 0.0201198 -0.971842 -0.232707
-46.1005 93.0287 -6.45563 0.0176144 -0.951926 -0.302373
-46.1457 92.7793 -5.4687 0.0195955 -0.971043 -0.2381
-46.2399 92.2313 -4.08059 0.171611 -0.926157 -0.335832
-46.2837 91.8628 -3.13956 0.172031 -0.906936 -0.384541
-46.5321 91.2853 -1.94167 0.261955 -0.898077 -0.353322
-47.0075 90.6538 -0.710183 0.300017 -0.893273 -0.334743
-47.4246 90.1769 0.0548752 0.428998 -0.813643 -0.388538
-47.8895 89.691 0.68245 0.442133 -0.821804 -0.357605
-48.4086 89.1445 1.26141 0.464091 -0.81621 -0.344124
-49.2346 88.3897 2.10579 0.369002 -0.864334 -0.341707
-50.2178 87.7644 2.96945 0.383219 -0.915593 -0.121791
-50.9628 87.3691 3.6342 0.431208 -0.895549 -0.0962605
-51.8141 86.8572 4.6515 0.45529 -0.890138 -0.0110794
-52.4159 86.5474 5.57448 0.449746 -0.893023 0.0154463
-53.0711 86.2743 6.60738 0.457201 -0.881546 0.117659
-53.8188 86.0015 7.74301 0.484407 -0.870928 0.0826691
-54.5566 85.6405 8.70386 0.547167 -0.828822 0.113523
-55.2345 85.3214 9.52503 0.564782 -0.815227 0.127087
-55.8894 85.0254 10.7623 0.579012 -0.809611 0.09594
-56.4621 84.6345 11.7667 0.681403 -0.731374 0.0279607
-57.0567 84.1045 12.5659 0.728262 -0.682231 -1.02733e-05
-57.7194 83.2786 13.6059 0.773072 -0.632547 -0.0393726
-58.1338 82.7241 14.6835 0.764978 -0.640507 -0.060351
-58.3053 82.3192 15.4917 0.783357 -0.604154 -0.146117
-58.4514 81.876 16.4117 0.79026 -0.570015 -0.224513
-58.4178 81.4074 17.7328 0.78424 -0.566511 -0.251367
-58.2391 81.217 18.6118 0.812661 -0.518645 -0.265688
-58.0592 81.0277 19.54 0.815637 -0.522064 -0.24937
-58.6292 80.2821 19.3826 0.770677 -0.579658 -0.264675
-58.4533 80.1153 20.2786 0.775671 -0.576651 -0.256533
-58.2206 79.8162 21.4239 0.749869 -0.573805 -0.329309
-58.105 79.5116 22.2664 0.745714 -0.589238 -0.310981
-58.0416 79.0746 23.3064 0.716948 -0.646116 -0.261763
-58.055 78.6775 24.2497 0.707919 -0.648959 -0.278112
-58.0604 78.281 25.0995 0.701431 -0.645462 -0.302281
-58.0842 77.8449 25.9873 0.607163 -0.736739 -0.297145
-58.1857 77.2865 27.2443 0.604471 -0.745007 -0.282099
-58.3161 76.8147 28.2338 0.587686 -0.761724 -0.271964
-58.3629 76.3712 29.2199 0.596214 -0.742215 -0.30601
-58.4087 75.8969 30.3239 0.586318 -0.754779 -0.294176
-58.4288 75.5392 31.2955 0.540973 -0.809581 -0.227873
-58.4091 75.1844 32.4351 0.499338 -0.823561 -0.268181
-58.2202 74.8954 33.7315 0.476857 -0.851088 -0.219674
-57.8215 74.8176 34.7925 0.49232 -0.824878 -0.277845
-57.3498 74.7436 35.722 0.380705 -0.872554 -0.294002
-56.8785 74.6997 36.6569 0.354378 -0.908543 -0.22128
-56.4128 74.6504 37.4887 0.33289 -0.909908 -0.247475
-55.8376 74.5297 38.4749 0.258632 -0.918359 -0.299542
-55.0769 74.4506 39.4562 0.281163 -0.923146 -0.262202
-54.2212 74.4358 40.278 0.210176 -0.94238 -0.260282
-53.4026 74.4172 40.9609 0.17736 -0.948285 -0.2632
-52.5359 74.418 41.5169 0.106217 -0.950006 -0.293609
-51.7213 74.353 42.0382 0.142086 -0.937529 -0.317138
-50.8071 74.3639 42.381 0.131718 -0.938112 -0.320308
-49.9024 74.4382 42.4663 0.115741 -0.935445 -0.333762
-48.6847 74.5723 42.4967 0.100639 -0.916412 -0.387376
-47.7086 74.7302 42.2435 0.0328671 -0.916728 -0.398158
-46.5086 75.0445 41.5911 0.0190211 -0.912435 -0.408518
-45.5751 75.3019 41.0925 0.0182519 -0.889276 -0.455272
-44.5549 75.629 40.2247 -0.0784025 -0.894277 -0.439359
-43.7085 76.0016 39.2725 -0.157095 -0.866369 -0.474053
-43.1299 76.4319 38.5656 -0.106335 -0.795592 -0.595774
-42.5209 76.9519 37.6406 -0.197415 -0.82194 -0.534267
-42.1005 77.4723 36.779 -0.1674 -0.784416 -0.597218
-41.7377 77.9655 36.0295 -0.178511 -0.758306 -0.625692
-41.2326 78.5106 35.2559 -0.209133 -0.741503 -0.637524
-40.705 79.2174 34.2767 -0.218725 -0.714174 -0.664854
-40.3452 79.8056 33.5157 -0.235267 -0.721858 -0.650823
-40.0285 80.3348 32.8402 -0.269957 -0.699996 -0.661157
-39.6778 80.8814 32.1428 -0.289111 -0.634137 -0.717131
-38.9781 81.538 31.3237 -0.247905 -0.634789 -0.731838
-38.4065 81.943 30.7572 -0.253968 -0.652225 -0.714215
-37.7728 82.4151 30.116 -0.234442 -0.642696 -0.729362
-36.9407 82.9768 29.3407 -0.247573 -0.661141 -0.70823
-36.1983 83.5049 28.5839 -0.251768 -0.662992 -0.705014
-35.4942 83.9785 27.8657 -0.268763 -0.663336 -0.698392
-34.8869 84.3429 27.263 -0.309202 -0.695376 -0.648315
-34.2798 84.6361 26.6332 -0.331006 -0.69222 -0.641301
-33.6645 84.9219 25.9959 -0.299651 -0.741006 -0.599971
-32.9977 85.3083 25.2272 -0.291822 -0.77211 -0.561575
-32.5563 85.7045 24.3442 -0.313522 -0.800517 -0.510715
-32.2803 86.0771 23.5511 -0.327894 -0.811335 -0.483964
-32.0239 86.4529 22.6501 -0.286236 -0.872071 -0.396456
-31.7911 86.8504 21.6163 -0.272453 -0.87361 -0.40312
-31.615 87.2801 20.5409 -0.262407 -0.879243 -0.396409
-31.2754 87.6331 19.5401 -0.214695 -0.913782 -0.34394
-31.0124 87.9553 18.5931 -0.190989 -0.918216 -0.346031
-30.7705 88.4266 17.4575 -0.1197 -0.902457 -0.412859
-30.7157 88.8542 16.4551 -0.101896 -0.911897 -0.39757
-30.6337 89.3444 15.382 -0.0347152 -0.880295 -0.473155
-30.5369 89.7799 14.4472 0.0661424 -0.904475 -0.421368
-30.5048 90.2619 13.3907 0.0992231 -0.897969 -0.426745
-30.4159 90.773 12.5899 0.158372 -0.828862 -0.536569
-30.2283 91.4315 11.5322 0.228219 -0.858434 -0.459356
-29.9627 92.0195 10.5728 0.293868 -0.7988 -0.515259
-29.6918 92.6238 9.90751 0.371733 -0.827796 -0.42016
-29.2622 93.1328 9.29706 0.375206 -0.8284 -0.415815
-28.5769 93.7715 8.55609 0.341675 -0.864456 -0.366682
-27.819 94.2432 8.0971 0.348948 -0.876958 -0.330423
-26.8606 94.7404 7.6424 0.331389 -0.898089 -0.289132
-26.1443 95.1512 7.22403 0.340365 -0.892331 -0.296474
-25.158 95.7476 6.44554 0.301576 -0.917682 -0.258674
-24.0582 96.2732 5.73334 0.256132 -0.937112 -0.2371
-23.3611 96.6072 5.045 0.19726 -0.959895 -0.199225
-22.7126 96.8711 4.4188 0.203278 -0.956404 -0.20955
-22.1208 97.1365 3.71463 0.163971 -0.976741 -0.138168
-21.42 97.3437 3.04263 0.14493 -0.979052 -0.14288
-20.6156 97.5724 2.33593 0.169471 -0.972808 -0.156117
-19.5358 97.7905 1.54214 0.198082 -0.978527 -0.0422874
-18.7025 97.9513 1.11477 0.188176 -0.982021 0.0149641
-17.6622 98.0909 0.785155 0.0622492 -0.99799 0.00532115
-16.7606 98.127 0.571647 -0.036453 -0.999321 -0.00539926
-15.7684 98.0892 0.271737 -0.0543515 -0.998426 0.00827211
-14.8736 98.07 0.0436467 0.0476808 -0.98875 0.141774
-13.8807 97.9824 -0.0737907 -0.175856 -0.978192 0.110526
-12.9604 97.7789 -0.0535788 -0.232458 -0.961696 0.14527
-11.6073 97.4203 0.0170488 -0.289928 -0.927785 0.234856
-10.5342 97.0711 -0.0494955 -0.284232 -0.930165 0.23239
-9.67615 96.7383 -0.27957 -0.350555 -0.894014 0.269158
-9.0384 96.2578 -0.777458 -0.540702 -0.61576 0.477571
-8.92519 95.7182 -2.01689 -0.544589 -0.776001 0.311298
-9.27435 95.4664 -3.07519 -0.522279 -0.774032 0.35791
-9.7011 95.4028 -3.92839 -0.532904 -0.787113 0.31059
-10.3536 95.5905 -4.69242 -0.583029 -0.777717 0.23502
-11.3 95.8577 -5.66703 -0.382596 -0.896964 0.221533
-12.3816 96.2344 -6.46193 -0.473831 -0.870463 0.133338
-13.4094 96.7096 -7.04986 -0.46429 -0.881425 0.0867429
-14.3042 97.1534 -7.31309 -0.462172 -0.882421 0.087918
-15.1898 97.5646 -7.34228 -0.419472 -0.905748 0.0605238
-16.0122 97.9461 -7.33203 -0.382301 -0.922108 0.0366923
-17.1751 98.3641 -7.13728 -0.33105 -0.943453 0.0173799
-18.1228 98.544 -6.87521 -0.203107 -0.970722 -0.12824
-18.9799 98.6672 -6.45057 -0.215085 -0.970371 -0.107435
-20.0908 98.683 -5.87052 -0.0641288 -0.988828 -0.134563
-20.8614 98.6571 -5.35765 -0.0555601 -0.988752 -0.138854
-21.6717 98.6263 -4.81865 -0.0554355 -0.988608 -0.139932
-22.9698 98.3866 -4.06194 0.118382 -0.97485 -0.187035
-23.8779 98.1169 -3.35923 0.141291 -0.973991 -0.176818
-24.597 97.902 -2.73644 0.149016 -0.974176 -0.169634
-25.6814 97.5764 -1.94602 0.172764 -0.963033 -0.206686
-26.5249 97.28 -1.26684 0.177884 -0.959324 -0.21877
-27.2942 97.0107 -0.778474 0.219783 -0.950694 -0.218805
-28.287 96.578 -0.0180917 0.246068 -0.941923 -0.228452
-29.1391 96.1553 0.740847 0.266823 -0.930629 -0.250469
-29.9009 95.7568 1.38651 0.275891 -0.92405 -0.264607
-30.8645 95.2358 2.21776 0.296871 -0.917047 -0.264634
-31.5176 94.8443 2.71777 0.319713 -0.901035 -0.293121
-32.4759 94.2808 3.38314 0.326651 -0.896535 -0.299206
-33.2111 93.8542 3.87547 0.303659 -0.904309 -0.2996
-33.925 93.454 4.38022 0.295962 -0.903483 -0.309968
-34.7486 93.043 4.77038 0.301248 -0.897539 -0.321816
-35.6182 92.7395 4.91764 0.228549 -0.914298 -0.334402
-36.6216 92.4958 4.76768 0.321397 -0.86752 -0.379621
-37.4923 92.261 4.54877 0.340644 -0.864233 -0.370221
-38.6731 92.0189 4.0122 0.350383 -0.861937 -0.366465
-39.5978 91.9184 3.31117 0.376837 -0.857831 -0.349457
-40.4604 91.9241 2.3096 0.359505 -0.885519 -0.294299
-41.0283 92.0867 1.10937 0.364027 -0.893138 -0.262781
-41.2203 92.2632 0.181756 0.342866 -0.908749 -0.236426
-41.2721 92.4763 -1.06964 0.299344 -0.941565 -0.154428
-41.1897 92.7761 -2.36218 0.232717 -0.954357 -0.187206
-40.9843 93.0788 -3.94648 0.169427 -0.978497 -0.117631
-40.6995 93.3142 -5.07224 0.119326 -0.979199 -0.164009
-40.36 93.4912 -6.15014 0.100873 -0.994621 -0.0235303
-40.1051 93.6166 -7.03532 0.0204308 -0.993795 -0.109334
-39.8689 93.7253 -8.06159 0.0250555 -0.996842 -0.0745289
-39.4981 93.781 -9.09555 0.0264752 -0.999563 -0.0126195
-39.2299 93.7968 -10.0442 0.0108419 -0.998771 -0.0373727
-38.963 93.7965 -11.3225 -0.0193035 -0.997501 0.0659876
-38.6511 93.6958 -12.4758 -0.0291073 -0.996543 0.0777916
-38.4644 93.6194 -13.4892 -0.0242742 -0.997389 0.0680115
-38.4514 93.5137 -14.5272 -0.0492738 -0.986316 0.15733
-38.4876 93.3355 -15.4701 -0.0381262 -0.965841 0.254978
-38.3772 93.0691 -16.3722 -0.0545485 -0.963552 0.261354
-38.446 92.7601 -17.5011 -0.0760366 -0.933449 0.3424
-38.5373 92.2996 -18.6573 0.0268505 -0.938276 0.344844
-38.7365 91.9752 -19.5819 0.023739 -0.923322 0.379104
-39.0254 91.5555 -20.4579 0.0536419 -0.852278 0.509692
-39.6282 90.7191 -21.4599 0.0809267 -0.782982 0.616758
-40.6005 89.9315 -22.2891 0.0592197 -0.767949 0.636725
-41.4915 89.5131 -22.6499 0.0380762 -0.696745 0.716307
-42.5304 89.2716 -22.8223 0.0516305 -0.683568 0.728058
-43.4879 89.2688 -22.767 0.0219334 -0.689048 0.724383
-44.585 89.55 -22.4722 -0.0076962 -0.693518 0.720399
-45.1786 90.0729 -21.984 -0.01601 -0.682603 0.730614
-45.305 90.7241 -21.3209 -0.0140499 -0.724972 0.688635
-45.2882 91.5218 -20.4198 -0.0375713 -0.790076 0.611844
-45.2229 92.143 -19.5678 -0.0979492 -0.861351 0.498478
-45.1807 92.7305 -18.6055 -0.197705 -0.833866 0.511834
-45.2629 93.2286 -17.6051 -0.180364 -0.921601 0.34253
-45.5496 93.6217 -16.7378 -0.130168 -0.944858 0.288192
-45.9186 93.8691 -15.7839 -0.114485 -0.974099 0.193322
-46.3452 94.0423 -14.8646 -0.0936211 -0.98885 0.115808
-46.7866 94.1887 -14.0158 -0.0999891 -0.985784 0.135028
-47.2222 94.1944 -13.0435 -0.0230556 -0.98309 -0.181664
-47.2959 94.0463 -11.9809 -0.094296 -0.991267 -0.0786409
-47.3136 93.9876 -10.9607 -0.138257 -0.988617 -0.0593497
-47.2494 93.909 -9.91994 -0.103298 -0.994009 -0.0357283
-47.2438 93.7788 -8.93472 -0.0764042 -0.960557 -0.267382
-47.187 93.3934 -7.53753 -0.055013 -0.957424 -0.281989
-47.0686 93.0258 -6.36655 -0.0230052 -0.957127 -0.288681
-47.1637 92.7429 -5.40411 0.0611779 -0.908107 -0.381314
-47.2411 92.2382 -4.55593 0.0988811 -0.892231 -0.43339
-47.2427 91.8348 -3.50257 0.172185 -0.916406 -0.360388
-47.4295 91.2305 -2.46774 0.25887 -0.870723 -0.412935
-47.7253 90.7478 -1.5414 0.291164 -0.878378 -0.379046
-48.1202 90.1965 -0.689704 0.441834 -0.785406 -0.433499
-48.642 89.5545 0.0291496 0.468104 -0.801726 -0.371637
-49.3163 88.7852 0.856072 0.494021 -0.797106 -0.347224
-50.0337 88.1311 1.552 0.439 -0.868289 -0.230643
-50.7025 87.6534 2.12603 0.412151 -0.893243 -0.16667
-51.616 87.0796 2.95121 0.496227 -0.860676 -0.113999
-52.2997 86.6179 3.72959 0.475444 -0.877726 -0.0499424
-52.8437 86.307 4.55432 0.49394 -0.869101 -0.0172703
-53.3112 86.0465 5.33359 0.492234 -0.870427 0.00543296
-53.7872 85.8445 6.11032 0.454596 -0.884914 0.101338
-54.4731 85.5423 7.17796 0.544326 -0.835011 0.0804111
-55.3492 85.0852 8.28229 0.549767 -0.830357 0.090072
-56.132 84.6388 9.39547 0.594143 -0.797663 0.0931332
-56.5675 84.4474 10.389 0.645583 -0.759672 0.0767517
-57.0958 84.0346 11.3439 0.677564 -0.735122 0.0224048
-57.6183 83.5132 11.9812 0.730955 -0.681722 -0.0309783
-58.1093 82.9225 12.7169 0.741458 -0.667112 -0.0702828
-58.4545 82.4456 13.4193 0.750265 -0.658205 -0.0601362
-58.7409 82 14.3546 0.780796 -0.620121 -0.0762034
-58.9415 81.5423 15.2838 0.787735 -0.59758 -0.149571
-59.0706 81.1179 16.1883 0.787522 -0.576676 -0.21738
-59.0828 80.7809 17.0381 0.785017 -0.578468 -0.221575
-58.9119 80.5354 18.071 0.785969 -0.552761 -0.276961
-58.7097 80.3671 18.9618 0.77465 -0.568344 -0.276789
-58.6804 80.3337 19.1202 0.770676 -0.57966 -0.264676
-59.3069 79.6427 18.9493 0.726159 -0.625331 -0.285751
-59.6295 79.8813 17.6048 0.724556 -0.628325 -0.283244
-59.7228 80.1537 16.6612 0.734854 -0.635336 -0.236378
-59.6762 80.6271 15.3745 0.730338 -0.654184 -0.196452
-59.4842 81.0941 14.4996 0.727627 -0.65994 -0.187101
-59.3064 81.4631 13.6901 0.7182 -0.682172 -0.13722
-58.8598 82.1372 12.5058 0.711888 -0.693883 -0.108364
-58.3705 82.7354 11.709 0.709336 -0.702797 -0.0540268
-57.8396 83.3182 10.9622 0.717029 -0.696996 -0.00788675
-57.3735 83.7498 10.2367 0.660355 -0.749178 0.0325245
-56.9587 84.0367 9.2799 0.612423 -0.788111 0.0412226
-56.4689 84.3347 8.35551 0.568228 -0.820581 0.0584685
-55.6388 84.7945 7.31426 0.548699 -0.83286 0.0726185
-55.0527 85.1108 6.49747 0.538624 -0.839634 0.0699942
-54.6019 85.3446 5.64926 0.545623 -0.836508 0.050489
-54.0344 85.6276 4.6969 0.513847 -0.857875 -0.00348684
-53.4539 85.9869 3.79036 0.499232 -0.865722 -0.0359634
-52.9512 86.3208 3.03681 0.479039 -0.871857 -0.101913
-52.2718 86.8151 2.286 0.477806 -0.86591 -0.147819
-51.6734 87.2372 1.71098 0.473436 -0.867363 -0.153293
-50.9203 87.7944 0.999725 0.485468 -0.858387 -0.16581
-50.1731 88.4933 0.360959 0.526688 -0.765355 -0.364689
-49.7259 89.1062 -0.357551 0.469208 -0.797985 -0.378161
-49.0358 89.8846 -1.02143 0.443386 -0.766674 -0.463362
-48.6901 90.5058 -1.70576 0.359298 -0.810593 -0.44613
-48.3473 91.3278 -2.99852 0.193847 -0.822372 -0.532157
-48.2173 91.894 -4.02358 0.121398 -0.923981 -0.362659
-48.2026 92.3564 -4.94186 0.114096 -0.869426 -0.480709
-48.0679 92.8596 -5.96269 0.105108 -0.932325 -0.34601
-48.1083 93.2478 -7.0084 -0.000286425 -0.952585 -0.304272
-48.1527 93.545 -7.86631 -0.0464518 -0.952642 -0.298473
-48.2015 93.7897 -8.73518 -0.0599941 -0.961704 -0.267445
-48.2308 93.965 -9.63952 -0.0202113 -0.995829 -0.0889707
-48.392 94.0688 -10.5665 -0.108175 -0.989263 -0.0982715
-48.3371 94.2562 -11.5953 -0.263377 -0.935843 -0.233471
-48.3275 94.452 -12.6339 -0.361826 -0.864251 -0.349501
-48.2038 94.4216 -13.683 -0.129225 -0.98915 0.069885
-47.4413 94.19 -14.7926 -0.147838 -0.984552 0.0932583
-46.7286 93.9049 -16.1063 -0.131719 -0.970704 0.200698
-46.2772 93.5047 -17.4408 -0.159142 -0.937609 0.305774
-46.1611 93.1172 -18.3542 -0.197712 -0.833864 0.511835
-46.1692 92.2199 -19.5901 -0.0847547 -0.791584 0.605154
-46.1977 91.6576 -20.3287 -0.0615128 -0.778923 0.623286
-46.2385 91.0664 -21.0232 -0.0714068 -0.728634 0.681171
-46.2125 89.9548 -22.1332 -0.03228 -0.684463 0.728332
-45.6184 89.2232 -22.772 -0.013842 -0.668376 0.743355
-44.3151 88.6378 -23.3253 0.0226058 -0.677262 0.735312
-43.1747 88.4722 -23.5298 0.0356753 -0.679413 0.732876
-41.8242 88.6407 -23.4845 0.0649711 -0.70083 0.710364
-40.9669 88.9143 -23.316 0.0804948 -0.709049 0.700317
-40.1691 89.2777 -23.0252 0.0995559 -0.713742 0.693298
-39.5156 89.7644 -22.6005 0.0735971 -0.748503 0.659034
-38.825 90.4348 -21.918 0.0767441 -0.748235 0.65898
-38.2308 91.1092 -21.1562 0.0886134 -0.784091 0.614287
-37.8718 91.8406 -20.0551 0.105859 -0.899895 0.423063
-37.6072 92.1738 -19.1082 0.0272122 -0.948513 0.315516
-37.5259 92.5927 -17.9106 0.00880136 -0.939793 0.341631
-37.4502 92.9594 -16.7325 0.00433483 -0.961046 0.276355
-37.4709 93.3277 -15.3822 -0.0172214 -0.96181 0.273176
-37.4523 93.5006 -14.4972 -0.0157632 -0.990191 0.135422
-37.5915 93.6445 -12.9559 -0.00907715 -0.997491 0.0702037
-37.9131 93.7833 -11.4515 0.0189325 -0.996051 0.0867357
-38.21 93.7938 -10.3553 -0.0119075 -0.999825 -0.0144165
-38.405 93.7945 -9.27113 0.00293622 -0.999947 -0.00990881
-38.7698 93.7835 -8.33005 0.0583498 -0.996961 -0.0516055
-39.075 93.6582 -7.11898 0.0477154 -0.993178 -0.106394
-39.3392 93.5893 -6.22231 0.0740008 -0.996872 -0.0277618
-39.6433 93.4529 -5.04501 0.148138 -0.976898 -0.154032
-39.9024 93.2732 -4.19866 0.134599 -0.977611 -0.158272
-40.0976 93.1281 -3.26944 0.137685 -0.98432 -0.107343
-40.2787 92.9148 -2.09812 0.164566 -0.96689 -0.195045
-40.3859 92.7507 -1.08183 0.278166 -0.94774 -0.156245
-40.3955 92.5586 0.331531 0.368233 -0.911073 -0.165699
-39.9622 92.4082 1.5486 0.39295 -0.876049 -0.277764
-39.4233 92.394 2.30431 0.389063 -0.863116 -0.321177
-38.5064 92.4494 3.16513 0.359698 -0.863465 -0.353221
-37.5277 92.6235 3.68093 0.339981 -0.862179 -0.37558
-36.6131 92.8862 3.89249 0.328982 -0.865212 -0.378319
-35.6262 93.1625 3.96313 0.196892 -0.896472 -0.396843
-34.7718 93.463 3.68263 0.186533 -0.900506 -0.392803
-33.899 93.9311 3.07593 0.286175 -0.891947 -0.350049
-32.9878 94.4352 2.54865 0.279661 -0.903463 -0.322908
-32.2419 94.7977 2.09107 0.290636 -0.909585 -0.295831
-31.2414 95.3706 1.34238 0.286409 -0.919839 -0.267758
-30.6019 95.7326 0.743632 0.272039 -0.927688 -0.255468
-29.6907 96.1903 0.0117562 0.271521 -0.930722 -0.245014
-29.011 96.5447 -0.607517 0.230396 -0.940697 -0.249011
-28.3737 96.8515 -1.17659 0.227716 -0.944162 -0.237821
-27.3725 97.2538 -1.88641 0.214851 -0.949324 -0.229397
-26.5543 97.5478 -2.51785 0.166952 -0.962663 -0.21309
-25.8044 97.7561 -2.98199 0.210535 -0.960618 -0.174104
-24.8372 98.0737 -3.76097 0.120811 -0.970048 -0.210742
-24.067 98.297 -4.38092 0.122577 -0.971463 -0.202953
-23.3214 98.5123 -4.94004 0.11766 -0.975379 -0.185404
-22.1861 98.7386 -5.65813 0.0613019 -0.980742 -0.185439
-21.1804 98.8048 -6.28366 -0.0572109 -0.988535 -0.139732
-20.2214 98.85 -6.86678 -0.0683557 -0.979997 -0.186903
-19.144 98.9016 -7.4031 -0.0389236 -0.976034 -0.214111
-18.3078 98.7701 -7.85151 -0.270208 -0.943766 -0.189454
-17.3852 98.5138 -8.09985 -0.346875 -0.921861 -0.172771
-16.022 97.9435 -8.28786 -0.505599 -0.855142 -0.0912339
-15.0756 97.4746 -8.30724 -0.421435 -0.906805 0.00984374
-14.1571 97.0072 -8.23018 -0.466657 -0.883762 0.0345286
-13.1293 96.4583 -7.98192 -0.491879 -0.870041 0.0329148
-12.3328 96.0395 -7.56145 -0.491916 -0.859085 0.139629
-11.597 95.6782 -7.08881 -0.509996 -0.84771 0.145918
-10.5721 95.31 -6.1258 -0.594919 -0.764883 0.246752
-9.79539 94.9982 -5.22797 -0.592474 -0.767823 0.243767
-9.21597 94.7834 -4.54163 -0.572483 -0.761779 0.298991
-8.67578 94.7641 -3.70558 -0.576058 -0.742813 0.340831
-8.31725 94.9648 -2.66154 -0.570655 -0.749087 0.336483
-8.04023 95.2932 -1.50581 -0.565359 -0.740723 0.362902
-8.22801 95.9501 -0.333218 -0.468085 -0.764553 0.44312
-8.77943 96.5487 0.337544 -0.40969 -0.858444 0.308591
-9.9259 97.1618 0.898854 -0.266911 -0.901238 0.341363
-11.197 97.5045 0.977848 -0.221292 -0.933217 0.266602
-12.2473 97.8243 1.0559 -0.245976 -0.950555 0.187463
-13.4184 98.0103 0.800359 -0.155144 -0.978765 0.133904
-14.551 98.2302 1.05248 -0.0640845 -0.983472 0.126147
-15.9818 98.1507 1.27217 0.0429776 -0.994138 0.0873655
-17.5048 98.115 1.74711 0.0651645 -0.99765 0.0197355
-18.5683 97.9934 2.18571 0.211657 -0.976411 -0.0162697
-19.3116 97.7841 2.62994 0.231266 -0.961254 -0.149968
-20.1814 97.4741 3.41978 0.169478 -0.972807 -0.15612
-20.8388 97.2876 4.03986 0.141829 -0.980257 -0.137773
-21.7306 96.9844 4.83224 0.229252 -0.949905 -0.210433
-22.6057 96.6197 5.67495 0.182965 -0.96116 -0.206627
-23.5483 96.1816 6.63039 0.246289 -0.938266 -0.242895
-24.5103 95.7489 7.21752 0.307018 -0.917266 -0.253698
-25.3196 95.2194 7.9736 0.341843 -0.892554 -0.294093
-26.3328 94.665 8.49483 0.335286 -0.897364 -0.286917
-27.1089 94.2392 8.84612 0.34215 -0.876847 -0.337706
-27.8215 93.8191 9.20015 0.347388 -0.873956 -0.339887
-28.4966 93.2347 9.81915 0.396538 -0.818002 -0.41669
-28.8835 92.7121 10.4842 0.42105 -0.766842 -0.476185
-29.2318 91.754 11.3996 0.318809 -0.77268 -0.527834
-29.4451 91.082 12.4224 0.197 -0.792415 -0.577296
-29.5212 90.4781 13.2984 0.149415 -0.830161 -0.537129
-29.5745 89.8079 14.5417 0.0682068 -0.904421 -0.421153
-29.6273 89.3454 15.3347 -0.00242934 -0.870883 -0.491208
-29.7244 88.8804 16.1726 -0.0514731 -0.847892 -0.524868
-29.7121 88.3463 17.2517 -0.157047 -0.894461 -0.41866
-30.0552 87.7967 18.4875 -0.170556 -0.89782 -0.403533
-30.4689 87.2369 19.9839 -0.227984 -0.878818 -0.419157
-30.7486 86.9 20.8493 -0.227572 -0.882845 -0.410781
-30.85 86.5349 21.6797 -0.267359 -0.877604 -0.397908
-31.0939 86.131 22.7348 -0.278209 -0.853675 -0.437661
-31.49 85.5681 23.9426 -0.284503 -0.827517 -0.484017
-31.9443 85.001 25.0882 -0.289389 -0.807124 -0.514592
-32.4237 84.6273 25.84 -0.253935 -0.764376 -0.59266
-33.2955 84.1957 26.7364 -0.242682 -0.750094 -0.615195
-33.987 83.9059 27.3845 -0.257696 -0.750316 -0.608784
-34.6019 83.5571 27.9443 -0.254113 -0.67715 -0.690576
-35.7602 82.7967 29.0782 -0.255211 -0.65382 -0.712288
-36.7992 82.0486 30.1292 -0.244236 -0.64377 -0.725101
-37.4946 81.4936 30.8546 -0.2444 -0.655199 -0.714831
-38.1651 81.0382 31.5073 -0.232131 -0.660204 -0.714207
-38.7253 80.5677 32.1107 -0.223586 -0.680529 -0.697102
-39.1355 79.9844 32.8796 -0.239591 -0.713778 -0.658116
-39.5813 79.3242 33.7771 -0.232084 -0.723365 -0.650292
-39.8881 78.4603 34.8383 -0.21972 -0.729151 -0.647887
-40.7693 77.7798 36.0245 -0.158103 -0.805673 -0.570292
-41.1758 77.1544 36.967 -0.138754 -0.796419 -0.588612
-41.5338 76.7237 37.7344 -0.0935681 -0.84759 -0.522338
-42.1212 76.2477 38.6275 -0.0830539 -0.874251 -0.478239
-42.5865 75.811 39.4195 0.0301365 -0.873744 -0.485452
-43.3958 75.4733 40.3587 -0.0828727 -0.926906 -0.366028
-44.0122 75.236 41.0521 -0.0750294 -0.91883 -0.387456
-44.6739 75.0281 41.6114 -0.0329771 -0.899351 -0.435983
-45.6489 74.8253 42.1308 -0.0179793 -0.925219 -0.37888
-46.4584 74.6067 42.6267 0.0358228 -0.931091 -0.363024
-47.427 74.3657 43.1654 0.0321328 -0.934141 -0.355455
-48.6389 74.1942 43.4736 0.0665622 -0.933567 -0.351434
-49.5658 74.1217 43.449 0.0822727 -0.938362 -0.335721
-50.5691 74.0297 43.4089 0.105726 -0.935335 -0.337575
-51.4994 73.9866 43.1985 0.132849 -0.937621 -0.321275
-52.2745 74.0395 42.7665 0.108383 -0.941248 -0.319851
-53.3267 74.0915 42.1307 0.210659 -0.931844 -0.29533
-54.5146 74.1031 41.2259 0.211392 -0.937093 -0.277462
-55.2888 74.1173 40.4884 0.26773 -0.933489 -0.238575
-56.1957 74.0617 39.7098 0.258183 -0.930297 -0.260316
-56.6945 74.1815 38.8294 0.307055 -0.911777 -0.266187
-57.1424 74.2449 37.976 0.363146 -0.89633 -0.254397
-57.7786 74.2526 36.8878 0.406916 -0.888786 -0.209272
-58.2101 74.2815 36.0043 0.415999 -0.879303 -0.231886
-58.681 74.3306 34.9703 0.423135 -0.871696 -0.247189
-59.1221 74.4535 33.5519 0.456473 -0.864689 -0.209631
-59.2608 74.6362 32.5099 0.492008 -0.834304 -0.248725
-59.2989 74.9349 31.449 0.497886 -0.827329 -0.26007
-59.2001 75.392 30.2135 0.507971 -0.810537 -0.29003
-59.1021 76.0298 28.6856 0.551767 -0.775292 -0.305336
-59.1032 76.3796 27.8091 0.572531 -0.775228 -0.266888
-58.9406 76.8496 26.7921 0.575319 -0.771206 -0.272376
-58.88 77.2759 25.7896 0.603389 -0.745346 -0.283516
-58.7685 77.7503 24.8637 0.610934 -0.728139 -0.310761
-58.703 78.1213 24.0014 0.650497 -0.710224 -0.268522
-58.7071 78.4735 23.1128 0.658592 -0.698518 -0.279874
-58.7271 78.8221 22.2502 0.641218 -0.706222 -0.300115
-58.8872 79.1869 21.0353 0.649731 -0.704198 -0.285824
-59.1304 79.409 19.9093 0.711473 -0.650214 -0.264048
-59.2036 79.4809 19.5659 0.726159 -0.625331 -0.28575
-44.4845 92.2231 -3.04028 0.186872 -0.94453 -0.270074
-44.1166 92.5013 -3.76092 0.188447 -0.951888 -0.240425
-43.796 92.9344 -5.21368 0.107341 -0.960451 -0.256618
-43.5959 93.1192 -5.85525 0.0945522 -0.965003 -0.244476
-43.2433 93.3586 -6.78258 0.0816303 -0.976883 -0.19742
-43.0201 93.5569 -7.65424 0.0722476 -0.985034 -0.145257
-42.669 93.6967 -8.96134 0.0551187 -0.994701 -0.0857107
-42.2883 93.7841 -9.82216 0.00854911 -0.994622 -0.103218
-41.9073 93.8716 -10.9283 -0.0203053 -0.999488 -0.0156248
-41.6932 93.8587 -11.8912 -0.0443829 -0.998507 0.0318455
-41.4828 93.8122 -12.9898 -0.0510936 -0.997331 0.0504073
-41.3864 93.7338 -14.1755 -0.0346636 -0.984149 0.148075
-41.3858 93.464 -15.2712 -0.0142214 -0.970303 0.241472
-41.3486 93.2951 -16.1948 -0.0882406 -0.973547 0.210758
-41.2768 92.8786 -17.5581 -0.0393601 -0.926134 0.375134
-41.4812 92.4942 -18.3991 -0.0106716 -0.857414 0.511727
-41.7207 92.0164 -19.2283 0.0860001 -0.882114 0.461968
-42.2683 91.6356 -20.0164 -0.0750204 -0.884795 0.459902
-42.0697 92.0843 -19.1575 -0.133888 -0.858939 0.493994
-42.4808 92.5955 -18.3516 -0.0988577 -0.857005 0.503652
-42.4316 93.0074 -17.4074 -0.0958818 -0.919123 0.382125
-42.6995 93.3512 -16.5086 -0.0846726 -0.967385 0.223988
-43.0032 93.5172 -15.6468 -0.109604 -0.983864 0.141103
-43.3719 93.6769 -14.7559 -0.0881336 -0.979174 0.176868
-43.699 93.8659 -13.9018 -0.0451479 -0.981361 0.186796
-44.1282 93.961 -12.8223 -0.0200253 -0.999366 -0.0294238
-44.3675 93.8881 -11.5601 0.00542883 -0.996626 -0.0818986
-44.3089 93.8285 -10.3592 0.102629 -0.988645 -0.108623
-44.314 93.7138 -9.15995 0.0964995 -0.991987 -0.0791273
-44.3272 93.5656 -8.1095 0.0322744 -0.985547 -0.166296
-44.1319 93.3024 -6.79762 0.0555492 -0.977418 -0.203885
-44.207 93.0576 -5.86781 0.0959893 -0.962812 -0.252378
-43.8828 92.6993 -4.40923 0.11252 -0.956956 -0.267535
-44.3655 92.4403 -3.71715 0.176602 -0.935751 -0.303234
-44.4898 92.2294 -3.06579 0.185616 -0.944651 -0.27052
-43.1643 93.8344 -10.0577 -0.0441139 -0.992615 -0.113006
-42.7649 93.8929 -11.1258 -0.0392755 -0.999205 0.000401802
-42.5513 93.8771 -12.3624 -0.0289464 -0.999456 0.00373392
-42.4483 93.8247 -13.7214 -0.0510981 -0.997331 0.0504133
-42.469 93.6677 -14.5009 -0.0720747 -0.972805 0.220127
-42.7913 93.8653 -13.3081 -0.089558 -0.99513 0.0411797
-43.1952 93.9144 -12.63 -0.0574485 -0.998233 -0.0152063
-43.3232 93.9146 -11.7131 -0.0392668 -0.999205 0.000406774
-43.2317 93.907 -10.6685 -0.0392105 -0.996008 -0.0586639
-29.1837 95.1065 4.3289 0.274509 -0.912401 -0.303593
-30.0156 94.5258 5.19912 0.313933 -0.891642 -0.326105
-29.0501 94.8154 5.35548 0.312665 -0.898134 -0.307257
-28.3184 95.1753 4.94702 0.288545 -0.913206 -0.287744
-27.6989 95.5553 4.40557 0.293519 -0.918066 -0.265033
-26.7515 95.9366 4.02564 0.273891 -0.926507 -0.257844
-26.2008 96.2326 3.52802 0.266753 -0.930204 -0.252119
-25.5416 96.5717 2.94474 0.23329 -0.945277 -0.226701
-24.7492 96.9454 1.93683 0.194232 -0.965189 -0.175169
-23.8922 97.2127 1.27078 0.164849 -0.975514 -0.145593
-23.8428 97.3718 0.466127 0.138068 -0.968254 -0.208378
-24.6723 97.1617 0.892887 0.160913 -0.964913 -0.206186
-25.7183 96.8325 1.54123 0.179598 -0.964598 -0.19312
-26.4363 96.5209 2.18216 0.250864 -0.93571 -0.248021
-26.9952 96.1859 2.87175 0.25697 -0.933528 -0.249984
-27.6861 95.8004 3.53826 0.273755 -0.924062 -0.266772
-28.5358 95.477 3.80105 0.27014 -0.919273 -0.285608
-28.8373 95.3094 4.0323 0.274512 -0.912401 -0.30359
-23.5896 97.4838 0.14291 0.150639 -0.960204 -0.235195
-22.8507 97.6191 0.0952912 0.177395 -0.955043 -0.237536
-21.75 97.9468 -0.622224 0.112878 -0.976602 -0.183051
-20.9154 98.0858 -0.927577 0.0714908 -0.985182 -0.155903
-20.1345 98.1909 -1.35089 0.00915318 -0.987728 -0.154824
-19.0563 98.237 -1.69027 0.0118633 -0.990098 -0.139202
-18.1207 98.2217 -2.07997 -0.0773173 -0.996668 -0.0259966
-16.7349 98.1246 -2.439 -0.0704375 -0.997347 0.0183771
-15.2669 97.8751 -2.65381 -0.256121 -0.964951 0.057192
-14.3431 97.624 -2.79578 -0.295088 -0.952468 0.0608045
-12.8138 97.1941 -2.9263 -0.222276 -0.954655 0.198058
-13.2528 97.1792 -3.4908 -0.279186 -0.9468 0.135849
-14.4491 97.497 -4.37987 -0.337783 -0.931155 0.137303
-15.3255 97.8157 -4.41985 -0.344362 -0.929099 0.134872
-16.5477 98.1219 -4.26059 -0.177471 -0.983802 0.0252599
-17.4437 98.2894 -4.05723 -0.164929 -0.985988 0.0199243
-18.4169 98.3483 -3.61967 -0.0800566 -0.993797 -0.0771122
-19.4154 98.3563 -3.01643 -0.0150162 -0.997951 -0.0621937
-20.2948 98.2859 -2.13571 -0.00231961 -0.993644 -0.111859
-21.1755 98.1956 -1.72584 0.0732501 -0.981063 -0.179304
-21.8734 98.0551 -1.27634 0.130257 -0.975155 -0.178265
-22.6054 97.8526 -0.762892 0.147646 -0.973705 -0.173491
-23.1701 97.6595 -0.305503 0.164014 -0.957626 -0.236357
-23.3571 97.5918 -0.148913 0.150637 -0.960206 -0.235189
