-46.8354 89.59 19.4112 0.0954604 -0.989059 -0.112473
-47.3365 89.4241 20.1732 0.136662 -0.977874 -0.158386
-47.2872 89.2815 21.1603 0.153454 -0.975527 -0.1561
-46.3586 89.4916 20.6141 0.102816 -0.981935 -0.154902
-45.723 89.6762 19.6523 0.108918 -0.987942 -0.110033
-45.6224 89.7422 18.6857 0.0512402 -0.997209 -0.0543053
-45.8177 89.7771 17.7793 0.0461447 -0.998746 -0.0142654
-46.4357 89.6886 18.7274 0.0741769 -0.995964 -0.0505264
-46.7255 89.6111 19.319 0.095455 -0.989059 -0.112473
-47.5543 89.5694 18.7747 0.164917 -0.983422 -0.0753867
-48.1879 89.3267 19.8755 0.184972 -0.972038 -0.144662
-48.2913 89.1485 20.8837 0.197019 -0.969123 -0.14827
-48.124 88.9877 21.9292 0.179549 -0.955029 -0.23597
-47.955 88.7393 22.8949 0.187593 -0.931163 -0.312642
-47.5981 88.5881 23.5654 0.187312 -0.934744 -0.301939
-46.7226 88.9589 22.8867 0.144387 -0.945988 -0.290275
-46.1458 89.2382 22.1843 0.0770318 -0.974024 -0.210374
-45.4631 89.4707 21.1148 0.0774206 -0.981383 -0.175246
-44.9042 89.6929 20.141 0.0273405 -0.990623 -0.121813
-44.6315 89.7805 18.9212 0.035357 -0.997386 -0.0605537
-44.5239 89.8178 17.8718 0.0279406 -0.999463 -0.0171075
-44.5022 89.8331 16.5542 0.0271205 -0.999622 -0.00447312
-45.3084 89.7963 16.1773 0.057944 -0.998199 0.0155362
-46.2025 89.7552 16.8645 0.0577433 -0.998208 0.0157067
-46.9172 89.6891 17.7816 0.0764783 -0.99647 -0.0346193
-47.3866 89.6169 18.5218 0.163284 -0.984167 -0.0685834
-48.0631 89.5471 17.8648 0.161658 -0.984911 -0.0617821
-48.6029 89.3937 18.6463 0.179023 -0.979187 -0.0953784
-49.073 89.1989 19.557 0.195957 -0.968222 -0.155392
-49.2467 89.0213 20.4163 0.295694 -0.935427 -0.193602
-49.1811 88.8346 21.4135 0.305502 -0.93217 -0.194238
-49.0188 88.5974 22.4522 0.27154 -0.918138 -0.288599
-48.7572 88.333 23.499 0.284514 -0.905742 -0.314128
-48.5798 88.0635 24.4448 0.299683 -0.880305 -0.362996
-48.405 87.5356 25.5856 0.272041 -0.854269 -0.442966
-47.7239 87.8212 25.453 0.247224 -0.868612 -0.428199
-47.219 88.2268 24.8252 0.168209 -0.896259 -0.410342
-46.4165 88.6721 24.0588 0.172062 -0.944731 -0.277109
-45.6383 88.9921 23.3179 0.147004 -0.950597 -0.272803
-45.2039 89.2387 22.5269 0.0770316 -0.974024 -0.210374
-44.6089 89.4394 21.6549 0.066099 -0.983627 -0.167011
-43.9442 89.7018 20.2841 0.0273307 -0.990622 -0.121819
-43.6718 89.8114 18.8256 0.0277256 -0.997089 -0.0710233
-43.5022 89.8486 17.533 0.000203372 -0.999688 -0.0172798
-43.3993 89.8134 16.534 -0.0798441 -0.996303 0.0317057
-43.8235 89.8095 15.4673 -0.0419179 -0.99891 -0.0205179
-44.8687 89.7816 14.9517 0.0643014 -0.997301 0.0354422
-45.8441 89.735 15.2565 0.0575882 -0.997546 0.0398096
-46.535 89.7178 15.8546 0.0775381 -0.995995 0.0434777
-47.1366 89.6899 16.5545 0.0678427 -0.997567 0.0160646
-47.917 89.585 17.6429 0.161653 -0.984912 -0.0617851
-48.6238 89.4828 16.9823 0.193805 -0.980133 -0.042165
-48.0059 89.5867 16.1525 0.120869 -0.991518 0.0477824
-47.2769 89.6343 15.2966 0.102632 -0.993636 0.0422718
-46.2016 89.6618 14.1753 0.0684322 -0.996741 0.0427108
-45.0849 89.6743 13.7175 0.0562211 -0.994466 0.0872948
-43.9007 89.8152 14.3169 0.0703921 -0.993089 0.0939124
-43.0659 89.7843 14.7663 -0.0542968 -0.998387 -0.0165797
-42.4799 89.741 15.5232 -0.052687 -0.998503 -0.0146985
-42.4075 89.7328 16.4999 -0.0696739 -0.996189 0.0486156
-42.5984 89.8308 17.8163 -0.0379804 -0.997943 0.0275752
-42.7464 89.8202 18.9803 -0.0132266 -0.998499 -0.0431874
-42.9168 89.7404 20.0088 0.0153645 -0.996828 -0.0780866
-43.289 89.5996 21.148 0.022396 -0.990455 -0.136008
-43.7989 89.4162 22.0878 0.0687446 -0.981031 -0.181252
-44.302 89.2397 22.8521 0.0674013 -0.981221 -0.180724
-44.777 88.9669 23.6202 0.0665818 -0.94929 -0.307272
-45.551 88.628 24.508 0.0764184 -0.927626 -0.360458
-46.1867 88.2574 25.1758 0.127937 -0.902109 -0.410453
-46.7485 87.8542 25.8129 0.16205 -0.882881 -0.440751
-47.5794 87.2094 26.7412 0.193479 -0.868758 -0.455878
-48.2154 86.6661 27.3849 0.253985 -0.807339 -0.532631
-48.7746 86.1526 27.8911 0.300656 -0.799516 -0.519146
-49.0663 86.5312 27.0802 0.324625 -0.807283 -0.492862
-49.266 86.9621 26.1534 0.324946 -0.839477 -0.435533
-49.3607 87.4244 25.1719 0.329033 -0.846633 -0.417896
-49.5096 87.8879 24.1031 0.299682 -0.880305 -0.362996
-49.782 88.1809 23.0167 0.315698 -0.895883 -0.310734
-50.0615 88.4761 21.7159 0.351487 -0.894866 -0.274949
-50.193 88.6676 20.6666 0.295874 -0.933795 -0.20121
-50.1343 88.9008 19.6132 0.29551 -0.93706 -0.185993
-49.6475 89.1898 18.5863 0.221155 -0.975158 -0.0125606
-49.0285 89.3764 17.5953 0.206845 -0.976801 -0.0527448
-49.0268 89.3769 17.5928 0.193809 -0.980133 -0.0421624
-49.6906 89.2656 16.9037 0.244768 -0.969083 -0.02754
-50.4754 89.0087 18.1908 0.286105 -0.956013 -0.0507906
-51.1566 88.5086 19.7872 0.336065 -0.929537 -0.151729
-51.0852 88.3043 20.872 0.35598 -0.909299 -0.215529
-50.8943 88.0951 21.9067 0.345238 -0.895508 -0.28085
-50.7361 87.8747 22.8176 0.352937 -0.890332 -0.287025
-50.4143 87.5439 24.0069 0.394539 -0.836187 -0.380583
-50.2627 87.1646 24.9518 0.367744 -0.834771 -0.408904
-50.1519 86.751 25.8595 0.349127 -0.833389 -0.42841
-50.0248 86.3657 26.6904 0.362269 -0.80946 -0.4621
-49.8925 85.7624 27.7965 0.359138 -0.786549 -0.500752
-49.8157 85.2428 28.6547 0.399725 -0.756102 -0.517748
-49.7089 84.4722 29.7292 0.322322 -0.745879 -0.582901
-49.3905 84.4374 29.9497 0.320655 -0.738261 -0.593281
-48.8009 85.0649 29.4324 0.277526 -0.772903 -0.570614
-48.288 85.6227 28.9262 0.278016 -0.784203 -0.554384
-47.6832 86.2792 28.2299 0.254651 -0.810549 -0.527412
-47.0223 86.8981 27.5245 0.182926 -0.854808 -0.485573
-46.3926 87.4254 26.8268 0.18495 -0.869467 -0.456816
-45.7966 87.8807 26.1604 0.150439 -0.901394 -0.402213
-44.9888 88.3689 25.2275 0.108506 -0.911796 -0.396048
-44.1262 88.7942 24.2629 0.0497387 -0.946569 -0.318641
-43.5809 89.0599 23.5213 0.0310564 -0.949172 -0.313221
-43.0473 89.3101 22.671 0.0180932 -0.968201 -0.249517
-42.4126 89.5655 21.5293 -0.00616182 -0.984035 -0.17234
-42.0843 89.6808 20.6789 -0.0222953 -0.99586 -0.0881288
-41.8776 89.7628 19.7001 -0.0137837 -0.996585 -0.08062
-41.7167 89.8069 18.6069 -0.00565451 -0.999728 -0.0226378
-41.5759 89.8113 17.6457 0.00482671 -0.998572 0.0532015
-41.4581 89.7545 16.727 0.0373627 -0.997889 0.0319967
-41.4183 89.7628 15.8245 0.0477404 -0.998661 -0.0162772
-41.7979 89.7777 14.3534 0.0372796 -0.999183 -0.015587
-42.574 89.786 13.8677 -0.0277381 -0.99794 0.0188782
-43.3886 89.7634 13.4728 -0.00569466 -0.997607 0.0689088
-44.2353 89.6687 13.0231 0.0602331 -0.995448 0.0684032
-45.2252 89.5486 12.5204 0.0769401 -0.994652 0.0246208
-46.3563 89.5628 12.9312 -0.0121272 -0.998931 0.0446108
-47.1588 89.5658 13.7689 0.0952887 -0.99446 0.0116989
-47.9174 89.5316 14.5987 0.103531 -0.993176 0.0536817
-48.6821 89.4704 15.4417 0.140294 -0.989252 0.0344656
-49.221 89.3678 16.1763 0.176538 -0.984247 -0.00963548
-49.5463 89.3045 16.6794 0.208546 -0.977392 -0.011713
-50.2551 89.1376 16.0645 0.240554 -0.970538 -0.0137905
-50.789 88.9817 16.9324 0.286105 -0.956013 -0.0507916
-51.3512 88.7325 17.8223 0.338085 -0.935332 -0.0962185
-51.931 88.355 18.9287 0.362861 -0.91991 -0.147057
-52.1127 88.1038 19.8884 0.375398 -0.911031 -0.170583
-51.9793 87.9339 20.8461 0.410498 -0.871485 -0.268339
-51.7364 87.6831 21.9916 0.411722 -0.866541 -0.28212
-51.4405 87.3048 23.4217 0.427132 -0.833264 -0.351039
-51.233 86.9985 24.3424 0.405333 -0.81907 -0.405467
-51.0597 86.5733 25.3458 0.419623 -0.807428 -0.414701
-50.9237 86.0392 26.4757 0.450089 -0.752664 -0.480095
-50.8071 85.5839 27.2844 0.435078 -0.768357 -0.469398
-50.7424 85.0368 28.2398 0.415275 -0.76896 -0.485385
-50.637 84.5124 29.0363 0.445455 -0.719455 -0.532873
-50.6069 83.9493 29.8219 0.441474 -0.707926 -0.55088
-50.4276 83.0147 31.1037 0.383411 -0.710177 -0.587521
-49.8878 82.2294 32.1936 0.33015 -0.674543 -0.660297
-49.4295 82.8838 31.7382 0.312902 -0.694425 -0.647971
-49.0952 83.5292 31.1948 0.298374 -0.715681 -0.630986
-48.5191 84.2527 30.616 0.303353 -0.730769 -0.611517
-47.7777 85.1477 29.7999 0.265405 -0.770198 -0.579962
-47.0451 85.9894 28.9388 0.213854 -0.782476 -0.584805
-46.436 86.5757 28.2926 0.174395 -0.852031 -0.493589
-45.7569 87.1717 27.5014 0.174875 -0.855523 -0.487335
-45.0638 87.6769 26.7523 0.0397958 -0.882214 -0.467922
-44.4308 88.0761 25.9883 0.0429197 -0.897392 -0.439005
-43.6722 88.5114 25.1431 0.019717 -0.904787 -0.424968
-42.6735 88.9804 23.836 0.0214296 -0.948262 -0.316764
-42.1055 89.2439 22.9395 -0.00744649 -0.962515 -0.270082
-41.4526 89.4839 21.7774 -0.0261139 -0.977899 -0.207442
-41.1323 89.6269 20.9474 -0.0466207 -0.988234 -0.137252
-40.9609 89.702 20.0494 -0.0326457 -0.99515 -0.0927008
-40.7811 89.7831 18.9336 -0.0269244 -0.999006 -0.0355226
-40.5819 89.8199 17.7469 -0.0162851 -0.999367 -0.0290801
-40.5013 89.7858 16.649 0.0256384 -0.999292 0.0106592
-40.4621 89.7991 15.6745 0.0312306 -0.998343 -0.0383196
-40.4366 89.8435 14.7579 0.0746992 -0.996935 -0.0232365
-40.7652 89.8726 13.7348 0.116907 -0.986581 -0.112548
-41.5948 89.836 13.3052 0.0423819 -0.995805 -0.0810952
-42.6268 89.7754 12.7905 0.136294 -0.989042 -0.0567475
-43.5986 89.67 12.2926 0.0506022 -0.997819 0.0423911
-44.5347 89.6069 11.7005 0.0464027 -0.998413 -0.0318953
-45.6363 89.5636 11.1543 0.0647117 -0.997832 -0.0119749
-46.5134 89.5 11.7379 0.0357404 -0.997686 0.0292845
-47.3334 89.5523 12.5674 0.00109346 -0.998185 0.0586333
-48.0673 89.4983 13.3774 0.0870366 -0.995744 -0.0302919
-48.6475 89.4275 14.081 0.110718 -0.992805 0.0439765
-49.5748 89.3105 15.0836 0.174042 -0.983578 0.0451503
-50.135 89.17 15.877 0.240553 -0.970538 -0.0137864
-50.7341 88.9627 15.1009 0.295996 -0.954754 0.0201185
-50.1021 89.1598 14.1824 0.241276 -0.967959 0.0275689
-49.3983 89.2858 13.4683 0.186745 -0.982408 -0.000370679
-48.7184 89.3753 12.6681 0.160854 -0.986557 0.0288358
-48.041 89.423 11.9415 0.133874 -0.986173 0.0976744
-47.3327 89.4431 11.2019 0.171359 -0.979534 0.0993065
-46.213 89.5355 10.094 0.157696 -0.985359 0.0635077
-45.2076 89.6255 10.0113 0.0985171 -0.994422 -0.0344496
-44.4517 89.6915 10.5709 0.113565 -0.992869 -0.036242
-43.2435 89.7831 11.428 0.181139 -0.980105 -0.0811299
-42.3203 89.8865 11.91 0.124149 -0.987604 -0.096049
-41.2278 89.9787 12.4037 0.134221 -0.983804 -0.1188
-40.1455 90.0549 12.8836 0.111611 -0.985255 -0.129678
-39.4649 89.9871 13.8768 0.0798836 -0.985884 -0.135617
-39.4544 89.887 14.9888 0.0390522 -0.997318 -0.0618941
-39.54 89.8184 16.0393 0.0425991 -0.997111 -0.0627888
-39.5826 89.7889 16.9967 -0.055408 -0.997953 -0.0319437
-39.694 89.7633 18.201 -0.0557642 -0.998296 -0.0171775
-39.8698 89.7478 19.2371 -0.02808 -0.997014 -0.0653965
-40.1116 89.5943 20.8015 -0.0628268 -0.988673 -0.134527
-40.3835 89.4301 21.7953 -0.0379775 -0.983084 -0.179175
-40.7824 89.2548 22.6249 -0.0771537 -0.953522 -0.291197
-41.2293 89.0469 23.408 -0.0617207 -0.951117 -0.302599
-41.7687 88.8363 24.1802 -0.0681765 -0.936671 -0.34099
-42.3419 88.5556 24.9728 -0.0200584 -0.924809 -0.379903
-43.131 88.1355 25.958 0.00134427 -0.907698 -0.419622
-43.7283 87.8028 26.6083 0.0477407 -0.892914 -0.44769
-44.5211 87.2617 27.5021 0.0254267 -0.840223 -0.541645
-45.2134 86.7315 28.3009 0.020697 -0.844616 -0.534972
-45.775 86.2391 28.963 0.0730117 -0.792723 -0.605194
-46.369 85.6658 29.6191 0.150355 -0.783922 -0.598855
-47.0169 84.8962 30.394 0.132608 -0.758771 -0.637603
-47.7776 84.0191 31.2493 0.151508 -0.718131 -0.677429
-48.3902 83.1804 31.8885 0.292741 -0.701549 -0.649715
-48.8475 82.3015 32.6206 0.286413 -0.691283 -0.663391
-49.433 81.3296 33.3907 0.313554 -0.686446 -0.655341
-50.2476 80.8104 33.498 0.352655 -0.671236 -0.651748
-50.951 81.3979 32.4063 0.426399 -0.655212 -0.623604
-51.1975 81.9387 31.6261 0.450535 -0.646304 -0.615135
-51.2865 82.5626 30.9372 0.467386 -0.626462 -0.623775
-51.4579 83.3637 29.8842 0.45159 -0.68213 -0.574742
-51.4924 84.0173 28.9758 0.466788 -0.716981 -0.517733
-51.5686 84.6986 27.9334 0.470285 -0.737941 -0.483916
-51.6904 85.3156 26.8815 0.461682 -0.747666 -0.477159
-51.8187 85.9707 25.6945 0.51355 -0.743207 -0.423394
-51.9706 86.361 24.7842 0.465953 -0.791055 -0.396383
-52.2657 86.8682 23.3578 0.473531 -0.802542 -0.362897
-52.475 87.145 22.4359 0.485413 -0.818528 -0.307222
-52.7278 87.4487 21.2273 0.499807 -0.811879 -0.301262
-52.9383 87.6009 20.2921 0.455272 -0.862074 -0.222611
-53.0308 87.8183 19.19 0.484084 -0.860641 -0.157951
-52.6668 88.1792 18.2125 0.362849 -0.919915 -0.147057
-52.165 88.4539 17.3611 0.396035 -0.917332 -0.0407131
-51.5756 88.7142 16.4612 0.356469 -0.93396 -0.0254643
-51.0757 88.8802 15.6402 0.316093 -0.947784 0.0355549
-51.9678 88.5573 15.3631 0.32329 -0.946274 0.00702794
-52.6172 88.3004 16.408 0.395593 -0.917556 -0.0399549
-53.2081 87.9905 17.2376 0.466446 -0.882345 -0.0624119
-53.7184 87.6 18.1919 0.495375 -0.858699 -0.131299
-53.9297 87.2932 19.267 0.516833 -0.841272 -0.158572
-53.7076 87.046 20.6169 0.514587 -0.805308 -0.294413
-53.386 86.7794 21.9065 0.514213 -0.805217 -0.295314
-53.1 86.4498 23.0577 0.595413 -0.707563 -0.380545
-52.9004 86.1261 23.966 0.591717 -0.709415 -0.382886
-52.6312 85.5798 25.2394 0.564391 -0.717934 -0.406405
-52.5585 85.1058 26.2591 0.583797 -0.716052 -0.381909
-52.4782 84.649 27.0593 0.563209 -0.651322 -0.508504
-52.3671 83.97 28.1036 0.54484 -0.685921 -0.482351
-52.295 83.3875 28.9987 0.529856 -0.692684 -0.489328
-52.238 82.7928 29.8437 0.53613 -0.648319 -0.540466
-52.1502 82.1282 30.7285 0.504534 -0.640363 -0.575623
-51.9952 81.2385 31.7945 0.471176 -0.658212 -0.587155
-51.5397 80.5481 32.9127 0.442123 -0.658707 -0.608797
-51.0764 80.1944 33.6212 0.40226 -0.663457 -0.630422
-50.4929 79.9128 34.2729 0.355912 -0.710978 -0.606496
-49.7181 79.9242 34.7012 0.279251 -0.684053 -0.673421
-48.8878 80.7526 34.2468 0.228827 -0.681494 -0.692359
-48.4601 81.3956 33.7384 0.17252 -0.675175 -0.717199
-47.864 82.4574 32.8262 0.140579 -0.709631 -0.690406
-47.2756 83.3134 32.0587 0.134159 -0.710835 -0.6904
-46.7379 83.9822 31.5023 0.149275 -0.684638 -0.713434
-46.2643 84.5929 30.9177 0.128865 -0.766478 -0.62921
-45.7086 85.2354 30.2367 0.0819733 -0.770523 -0.632119
-45.1415 85.7881 29.6127 0.0261629 -0.792958 -0.608713
-44.3815 86.4623 28.7282 0.00360741 -0.815799 -0.578324
-43.7161 86.9706 27.9578 -0.0269691 -0.840356 -0.541363
-43.0429 87.4481 27.1895 -0.0228442 -0.837535 -0.545906
-42.4648 87.7768 26.5808 -0.0891756 -0.860739 -0.501175
-41.6447 88.2522 25.5857 -0.0975948 -0.893876 -0.432325
-41.0248 88.5499 24.73 -0.0746307 -0.922227 -0.379377
-40.498 88.8083 23.9981 -0.0633157 -0.924466 -0.375775
-39.7517 89.1522 22.6642 -0.0846198 -0.953957 -0.287753
-39.3414 89.3781 21.783 -0.116624 -0.959928 -0.251265
-39.155 89.5251 20.8629 -0.0628179 -0.988674 -0.134526
-38.969 89.6512 19.6325 -0.0687149 -0.991475 -0.110705
-38.7296 89.703 18.3188 -0.0560772 -0.99809 -0.0244806
-38.6335 89.7269 17.3939 -0.0506559 -0.998235 -0.0309833
-38.5866 89.7714 16.4946 -0.000630584 -0.989759 -0.142745
-38.5358 89.8981 15.531 0.0529016 -0.997047 -0.0556692
-38.4679 90.0342 14.4218 0.156729 -0.967758 -0.194456
-38.4658 90.2508 13.1834 0.174746 -0.971043 -0.162747
-38.9534 90.3455 12.2765 0.0730674 -0.981918 -0.174636
-39.903 90.2911 11.9492 0.217587 -0.958272 -0.185392
-40.9462 90.1347 11.5284 0.176462 -0.970035 -0.15931
-41.8563 90.0488 11.1323 0.155952 -0.97719 -0.14415
-42.7485 89.9583 10.6506 0.213682 -0.969003 -0.123986
-43.7697 89.8039 9.90591 0.178068 -0.981098 -0.0586525
-44.5051 89.7445 9.3187 0.131137 -0.989293 -0.06405
-45.3616 89.6857 8.6318 0.19268 -0.977566 -0.0850888
-46.2772 89.4925 8.71171 0.199618 -0.975964 -0.0874422
-46.9043 89.3852 9.3659 0.16056 -0.985709 0.0509754
-47.6196 89.314 10.0884 0.169846 -0.982776 0.0710573
-48.2746 89.2402 10.8257 0.171351 -0.979536 0.0993041
-49.3089 89.2154 11.9478 0.173823 -0.9758 0.132666
-49.9765 89.1607 12.7142 0.268586 -0.954985 0.0978117
-50.6544 88.9637 13.4508 0.316739 -0.948274 0.0212871
-51.2282 88.7885 14.1908 0.314872 -0.948897 0.0211168
-51.6232 88.671 14.8173 0.323297 -0.946271 0.0070309
-52.3618 88.374 14.3216 0.410721 -0.911089 0.0349936
-51.8662 88.5342 13.5515 0.351678 -0.934151 0.0606982
-51.2306 88.6936 12.7254 0.348193 -0.933146 0.0894367
-50.5746 88.8622 11.9863 0.344928 -0.933357 0.0993466
-49.9291 89.0169 11.2589 0.254938 -0.955219 0.116845
-49.3069 89.0349 10.5563 0.163692 -0.979206 0.119837
-48.5603 89.1139 9.70667 0.181157 -0.98088 0.0706586
-47.6374 89.2126 8.73115 0.192037 -0.978678 0.0728789
-47.0414 89.3655 8.04964 0.222974 -0.973735 -0.0460788
-46.2454 89.5953 7.25702 0.232461 -0.970364 -0.0660017
-45.1672 89.8282 7.36417 0.212841 -0.975411 -0.0571965
-44.4043 89.9166 8.14787 0.158163 -0.97995 -0.112778
-43.4359 89.963 8.95724 0.25283 -0.953888 -0.159161
-42.251 90.1637 9.90407 0.245257 -0.960183 -0.131244
-40.9364 90.2726 10.5306 0.142544 -0.980949 -0.131985
-40.0843 90.3916 10.887 0.13921 -0.987106 -0.0790035
-39.1763 90.4943 11.1698 0.130732 -0.988083 -0.0812476
-38.1226 90.5968 11.3759 0.201093 -0.965489 -0.163115
-37.4821 90.5558 12.1756 0.079731 -0.975406 -0.195912
-37.4992 90.3706 13.5017 0.118245 -0.980535 -0.146723
-37.5308 90.17 14.3889 0.0942084 -0.969115 -0.227905
-37.5733 89.9426 15.3392 0.0594793 -0.979599 -0.183279
-37.6098 89.8111 16.2666 0.0245444 -0.989939 -0.139352
-37.6443 89.6696 17.2447 -0.0286535 -0.99262 -0.0909966
-37.7275 89.6421 18.1862 -0.0794168 -0.996188 -0.0360953
-37.8953 89.5885 19.1489 -0.117027 -0.990646 -0.0701805
-38.0994 89.4841 20.3355 -0.139735 -0.978972 -0.148622
-38.3568 89.2773 21.6015 -0.140843 -0.966543 -0.214377
-38.7834 88.9956 22.8505 -0.0983278 -0.949272 -0.298687
-39.3905 88.7207 23.9244 -0.0985491 -0.942453 -0.318771
-39.8726 88.4821 24.7231 -0.0752664 -0.93116 -0.355582
-40.6439 88.0641 25.714 -0.0827594 -0.870012 -0.48603
-41.4439 87.564 26.7515 -0.0998285 -0.867335 -0.48734
-42.111 87.1993 27.4638 -0.0754193 -0.843967 -0.531067
-42.9166 86.6461 28.3695 -0.0508184 -0.796975 -0.60187
-43.5505 86.1546 29.1022 -0.0662246 -0.812721 -0.578877
-44.2691 85.5534 29.9309 -0.116365 -0.7535 -0.647068
-44.8442 85.0223 30.6022 0.0706025 -0.755194 -0.651244
-45.3552 84.437 31.2014 0.0636717 -0.740529 -0.669002
-45.8479 83.8144 31.8331 0.0667698 -0.728921 -0.681334
-46.4045 83.0975 32.4562 0.127427 -0.716371 -0.685984
-46.9908 82.2374 33.2214 0.131184 -0.697991 -0.703988
-47.5137 81.3344 34.0068 0.136703 -0.687805 -0.712907
-48.0761 80.4647 34.7309 0.178835 -0.701063 -0.690188
-48.6159 79.8491 35.2177 0.189858 -0.70806 -0.68014
-49.2793 79.2557 35.5938 0.276504 -0.705813 -0.652207
-50.4612 78.9732 35.3534 0.340591 -0.694652 -0.633606
-51.0839 79.222 34.7359 0.378799 -0.702014 -0.602551
-51.6855 79.5449 33.9582 0.401687 -0.693051 -0.598604
-52.2212 79.883 33.1782 0.412971 -0.701145 -0.581249
-52.7767 80.5626 31.9246 0.542679 -0.62495 -0.561192
-52.9154 81.0947 31.1978 0.553182 -0.625199 -0.550353
-52.9788 81.6865 30.4177 0.60147 -0.606016 -0.515377
-53.0265 82.2494 29.6603 0.581822 -0.639821 -0.502108
-53.0806 82.9426 28.6837 0.594942 -0.658708 -0.459937
-53.14 83.4189 27.8998 0.620192 -0.624488 -0.474739
-53.2238 83.914 27.1391 0.632281 -0.626308 -0.455452
-53.302 84.4043 26.3118 0.61962 -0.657604 -0.428519
-53.3619 84.8624 25.4416 0.595223 -0.700003 -0.394379
-53.5387 85.3885 24.2974 0.591195 -0.689988 -0.417619
-53.7404 85.7427 23.3628 0.604548 -0.698864 -0.382125
-54.0087 86.0692 22.3052 0.602084 -0.708517 -0.368102
-54.3039 86.3353 21.2584 0.624355 -0.713416 -0.318149
-54.558 86.5229 20.2739 0.582008 -0.755777 -0.299084
-54.7749 86.7453 19.353 0.671201 -0.695626 -0.251831
-54.6787 87.0232 18.1527 0.523052 -0.840882 -0.138943
-54.2343 87.4555 17.147 0.494995 -0.86231 -0.0956645
-53.4267 87.9247 15.9659 0.446041 -0.894863 -0.000772634
-52.7711 88.2141 14.9963 0.419327 -0.907319 0.0306314
-52.4455 88.3415 14.4613 0.410935 -0.911029 0.0340457
-53.1301 88.0038 13.904 0.447695 -0.892976 0.0375085
-52.4536 88.2478 12.8397 0.383525 -0.918877 0.0847603
-51.9069 88.3823 12.1296 0.349633 -0.932304 0.0925479
-51.2975 88.5253 11.4193 0.347182 -0.931422 0.109159
-50.6366 88.6816 10.6684 0.34619 -0.931228 0.113872
-49.9256 88.867 9.8382 0.27215 -0.956129 0.0568903
-49.2993 88.9348 9.12851 0.174954 -0.981609 0.076383
-48.5054 89.0028 8.28457 0.242367 -0.964151 0.0870124
-47.8206 89.1829 7.45698 0.287797 -0.957293 0.0276078
-47.2019 89.3873 6.79063 0.283216 -0.957034 -0.0471174
-46.34 89.7079 5.97951 0.321907 -0.937892 -0.129361
-45.1611 90.0324 5.82415 0.227604 -0.955229 -0.189032
-44.4999 90.0323 6.62095 0.271129 -0.945702 -0.172891
-43.8699 90.1491 7.3605 0.311644 -0.943873 -0.10946
-43.2208 90.2076 7.97921 0.240905 -0.948448 -0.205939
-42.1421 90.3294 8.82993 0.220645 -0.967077 -0.126798
-41.3162 90.4179 9.34457 0.142798 -0.971743 -0.187946
-40.3338 90.4825 9.78057 0.144354 -0.968649 -0.201707
-39.2367 90.5693 10.1606 0.134963 -0.987596 -0.0801212
-38.2049 90.7873 10.4011 0.242665 -0.944133 -0.221004
-37.0688 90.9917 10.6174 0.211578 -0.950922 -0.225759
-36.4948 90.8344 11.7295 0.242001 -0.93531 -0.258128
-36.5208 90.532 12.9654 0.0851788 -0.99012 -0.111385
-36.5637 90.2833 14.3931 0.0710034 -0.958542 -0.267327
-36.6205 89.9946 15.5133 0.0944019 -0.969261 -0.227203
-36.6453 89.8109 16.4382 0.0233225 -0.989495 -0.142628
-36.6902 89.599 17.7706 -0.0404563 -0.98644 -0.158191
-36.8419 89.5087 18.7185 -0.0773616 -0.993073 -0.0884346
-37.1177 89.3754 20.1397 -0.137672 -0.979004 -0.150326
-37.3583 89.1394 21.5207 -0.161618 -0.960431 -0.22683
-37.658 88.9076 22.6932 -0.162522 -0.957661 -0.237638
-38.1025 88.6612 23.5963 -0.186392 -0.878242 -0.440396
-38.8161 88.2982 24.7101 -0.215817 -0.892715 -0.395579
-39.5436 87.9162 25.7505 -0.148961 -0.851466 -0.502809
-40.3377 87.4097 26.8117 -0.124686 -0.848727 -0.513922
-41.0209 86.9845 27.5899 -0.0392766 -0.802294 -0.595636
-41.7481 86.535 28.3228 -0.122884 -0.800911 -0.585894
-42.4275 86.0578 29.0741 -0.1327 -0.736499 -0.663133
-43.0986 85.4881 29.8158 -0.124291 -0.729407 -0.672694
-43.8418 84.8228 30.6615 -0.13204 -0.716955 -0.6845
-44.5583 84.0949 31.535 -0.0937967 -0.713728 -0.694114
-45.1153 83.443 32.2484 -0.0349715 -0.698292 -0.714959
-45.5795 82.8038 32.8357 0.0637316 -0.668592 -0.740893
-46.0632 82.0639 33.4859 0.0314363 -0.697328 -0.716062
-46.4757 81.416 34.1205 0.0887814 -0.702353 -0.704699
-46.9318 80.6246 34.8308 0.124821 -0.729306 -0.672705
-47.5251 79.8728 35.5004 0.152521 -0.704647 -0.69173
-48.2248 79.1799 36.0501 0.158584 -0.734859 -0.659419
-49.0732 78.522 36.5125 0.261541 -0.753406 -0.603305
-50.1598 78.1754 36.5143 0.220404 -0.777529 -0.588957
-51.1348 78.3384 35.8603 0.306743 -0.758115 -0.573318
-51.8396 78.6478 35.0042 0.354858 -0.748729 -0.559889
-52.5531 79.0309 33.98 0.431094 -0.729504 -0.530997
-53.2273 79.4511 32.909 0.484863 -0.689278 -0.535818
-53.5695 79.8909 31.9324 0.501473 -0.705544 -0.500437
-53.7108 80.5751 30.9692 0.576882 -0.651312 -0.489549
-53.7244 81.2077 29.9763 0.623925 -0.619022 -0.471174
-53.763 81.7865 29.278 0.666892 -0.559484 -0.491991
-53.8394 82.481 28.265 0.69615 -0.58187 -0.42048
-53.9048 82.9699 27.4802 0.697082 -0.581903 -0.418881
-53.9565 83.4857 26.6733 0.644309 -0.627733 -0.436825
-54.0263 83.9539 25.7909 0.728435 -0.567633 -0.38243
-54.1455 84.4809 24.847 0.714481 -0.569851 -0.405939
-54.2844 84.8616 24.0296 0.694507 -0.62292 -0.357914
-54.5137 85.2529 22.8616 0.668595 -0.637119 -0.381863
-54.7908 85.5182 22.0159 0.698904 -0.596005 -0.392685
-55.0947 85.7505 20.8427 0.715009 -0.638552 -0.284629
-55.4242 85.9775 19.7433 0.671199 -0.695629 -0.25183
-55.5302 86.1544 18.8119 0.685545 -0.702979 -0.187555
-55.4538 86.4128 17.9306 0.700584 -0.703867 -0.117274
-55.1068 86.8608 16.9358 0.674213 -0.735302 -0.0690434
-54.3951 87.4132 15.7668 0.513307 -0.857143 0.0426778
-53.8695 87.6933 15.0705 0.513417 -0.857446 0.0331276
-53.2211 87.96 14.0775 0.462022 -0.885399 0.0453611
-53.9395 87.566 13.599 0.468913 -0.882941 0.0231506
-53.3814 87.8002 12.6061 0.437384 -0.891966 0.107589
-52.8416 87.9633 11.8567 0.46059 -0.877996 0.130007
-52.0685 88.1562 10.9344 0.373589 -0.915662 0.148302
-51.3692 88.3487 10.1342 0.363103 -0.925371 0.10686
-50.761 88.5115 9.42369 0.376501 -0.918401 0.121602
-49.9686 88.7031 8.45192 0.294128 -0.942364 0.135814
-49.2443 88.7748 7.61871 0.270345 -0.962313 0.0294516
-48.545 88.946 6.79318 0.279071 -0.959803 0.0285291
-47.9448 89.1688 6.15199 0.304184 -0.949206 -0.080502
-47.2715 89.4485 5.49371 0.324761 -0.939691 -0.107286
-46.337 89.9222 4.67016 0.37776 -0.908036 -0.181019
-45.6819 90.235 4.08723 0.303145 -0.932921 -0.194322
-44.7291 90.3679 4.78857 0.245753 -0.939425 -0.23733
-44.2286 90.3113 5.53773 0.226229 -0.952002 -0.205499
-43.5757 90.3866 6.35965 0.314653 -0.936175 -0.156748
-42.8541 90.486 7.12619 0.18511 -0.961419 -0.194949
-42.0677 90.4746 7.73926 0.129318 -0.974391 -0.183955
-41.2747 90.5877 8.30064 0.231212 -0.967091 -0.104839
-40.4322 90.6676 8.77459 0.155579 -0.9687 -0.19343
-39.4742 90.7373 9.15017 0.194818 -0.952102 -0.226282
-38.0579 91.0373 9.49092 0.263752 -0.937056 -0.228261
-36.9245 91.2544 9.63361 0.208819 -0.952074 -0.223496
-35.7732 91.4999 9.61496 0.236455 -0.930055 -0.273527
-35.4568 91.3479 10.5616 0.150313 -0.966785 -0.20672
-35.5432 90.9488 11.936 0.137018 -0.934753 -0.327815
-35.5731 90.6283 12.8338 0.125976 -0.959539 -0.220937
-35.5876 90.4089 13.9048 -0.0226054 -0.978254 -0.206174
-35.6126 90.1133 15.0832 0.0220079 -0.971719 -0.235111
-35.6613 89.8227 16.3792 -0.00091279 -0.978772 -0.2037
-35.7069 89.5983 17.5265 -0.0364703 -0.982657 -0.177848
-35.8704 89.4315 18.7358 -0.05531 -0.991085 -0.11595
-36.0859 89.3212 19.6082 -0.116356 -0.973906 -0.194308
-36.2535 89.1047 20.8066 -0.176825 -0.965293 -0.190353
-36.4926 88.8591 22.0907 -0.16899 -0.960329 -0.221651
-36.7167 88.6587 22.951 -0.194236 -0.942499 -0.271971
-37.2894 88.287 24.0227 -0.158714 -0.883287 -0.44115
-37.9462 87.9583 25.0011 -0.212506 -0.893616 -0.395338
-38.4524 87.7179 25.7221 -0.203215 -0.838012 -0.506339
-39.0125 87.3767 26.5272 -0.176089 -0.848453 -0.497965
-39.5389 87.0314 27.1902 -0.166279 -0.775222 -0.609412
-40.3063 86.5324 28.0161 -0.206777 -0.708439 -0.669233
-41.2243 85.9382 28.9212 -0.271353 -0.687023 -0.674067
-42.0271 85.3202 29.7999 -0.124184 -0.72941 -0.67271
-42.7569 84.6662 30.6263 -0.119946 -0.713507 -0.690305
-43.3677 84.0896 31.3394 -0.132827 -0.719393 -0.681785
-43.9529 83.4816 32.0717 -0.108179 -0.710383 -0.695452
-44.4305 82.8948 32.7124 -0.0677205 -0.665104 -0.74334
-44.8476 82.2687 33.2892 -0.047245 -0.659602 -0.750128
-45.3508 81.5328 34.0279 -0.0338609 -0.702002 -0.71137
-45.8123 80.8069 34.7781 -0.0129395 -0.711819 -0.701721
-46.3303 80.0322 35.5296 0.0545811 -0.70337 -0.706959
-46.8343 79.4297 36.0694 0.132912 -0.726735 -0.673937
-47.7794 78.5766 36.8803 0.097859 -0.764182 -0.637534
-48.4442 78.092 37.2529 0.215273 -0.740307 -0.63687
-49.4809 77.655 37.5303 0.16935 -0.820199 -0.546438
-50.3604 77.5133 37.4137 0.227367 -0.827351 -0.51361
-51.2343 77.6124 36.88 0.217869 -0.823989 -0.523045
-52.2256 77.907 35.8056 0.344545 -0.772562 -0.532471
-52.9294 78.2389 34.777 0.39839 -0.781312 -0.480455
-53.5717 78.5594 33.7965 0.434242 -0.730807 -0.526645
-54.0812 78.902 32.8469 0.469426 -0.745476 -0.473185
-54.3651 79.2554 32.0355 0.522313 -0.718586 -0.459155
-54.4863 79.7809 31.1066 0.634255 -0.659561 -0.40336
-54.4655 80.5988 29.8338 0.641072 -0.646335 -0.413858
-54.4544 81.1109 29.0892 0.653918 -0.599285 -0.458704
-54.5154 81.6489 28.3053 0.69396 -0.588146 -0.415337
-54.5614 82.22 27.4276 0.698017 -0.581941 -0.417274
-54.6028 82.7737 26.5053 0.737819 -0.583248 -0.339772
-54.7012 83.3561 25.4391 0.71512 -0.566339 -0.409711
-54.8025 83.7961 24.6519 0.718604 -0.570388 -0.397719
-54.9556 84.2474 23.7064 0.720363 -0.581735 -0.377348
-55.238 84.6733 22.442 0.726173 -0.583703 -0.363126
-55.5739 84.9628 21.333 0.745618 -0.568998 -0.345291
-55.8623 85.1178 20.4204 0.763665 -0.549415 -0.339055
-56.0909 85.2674 19.5327 0.783716 -0.58455 -0.209977
-56.2146 85.5016 18.4047 0.787847 -0.573379 -0.223636
-56.1366 85.822 17.4008 0.699947 -0.704469 -0.117466
-55.8213 86.2941 16.4991 0.685845 -0.71416 -0.130999
-55.3453 86.7847 15.6237 0.624271 -0.780798 -0.0253099
-54.717 87.177 14.746 0.513516 -0.857756 0.0235776
-54.032 87.5215 13.7774 0.462022 -0.885399 0.0453611
-54.8311 87.0432 13.45 0.563177 -0.820589 0.0935338
-54.2428 87.2594 12.3601 0.525916 -0.841353 0.124648
-53.6809 87.4692 11.4934 0.460592 -0.877996 0.130002
-52.9677 87.7198 10.6111 0.479266 -0.865625 0.144901
-52.1216 87.9514 9.64669 0.405865 -0.901393 0.150879
-51.328 88.1843 8.70807 0.39672 -0.909562 0.121748
-50.7074 88.3288 7.91509 0.371718 -0.92006 0.123754
-49.8209 88.5592 6.83835 0.334932 -0.937119 0.0901173
-49.2185 88.6929 6.16566 0.341287 -0.936017 0.00588844
-48.4104 89.0947 5.26651 0.34336 -0.935323 -0.0742121
-47.4303 89.5253 4.38022 0.34758 -0.923819 -0.154545
-46.6127 90.0299 3.5776 0.353177 -0.916435 -0.185734
-45.7743 90.4851 2.73616 0.345489 -0.903942 -0.241548
-45.2737 90.8691 2.07128 0.285715 -0.90856 -0.304771
-44.7147 90.8241 2.87767 0.30601 -0.915893 -0.259069
-44.2457 90.7269 3.84502 0.277068 -0.941488 -0.191924
-43.6969 90.6731 4.75463 0.284249 -0.927683 -0.241161
-43.1028 90.6851 5.48718 0.305846 -0.931922 -0.190824
-42.2283 90.7538 6.43723 0.22669 -0.962142 -0.15131
-41.3816 90.7161 7.11786 0.266007 -0.932694 -0.242893
-40.3566 90.8759 7.83374 0.20154 -0.964859 -0.155433
-39.2954 91.014 8.29273 0.257721 -0.933032 -0.251062
-38.2684 91.2222 8.54015 0.231022 -0.944435 -0.233817
-37.0637 91.4618 8.69952 0.19647 -0.945848 -0.258402
-35.7826 91.8143 8.73074 0.261097 -0.894933 -0.361832
-34.9007 92.0941 8.68394 0.238857 -0.904268 -0.350573
-34.2745 91.9189 9.45914 0.235206 -0.89162 -0.386901
-34.5131 91.3697 10.9509 0.200033 -0.949325 -0.242425
-34.5898 91.0945 11.9065 0.104535 -0.931359 -0.346746
-34.59 90.7613 12.8579 0.133117 -0.934227 -0.330907
-34.6116 90.496 13.7929 0.108911 -0.963831 -0.243246
-34.6185 90.2237 14.7005 0.0114513 -0.972071 -0.234407
-34.6761 89.943 15.8277 -0.0315068 -0.974793 -0.220874
-34.6991 89.6707 17.0014 -0.133633 -0.969402 -0.205917
-34.8137 89.4194 18.2091 -0.161157 -0.96088 -0.22525
-34.995 89.2368 19.233 -0.15371 -0.973543 -0.169078
-35.2219 89.0294 20.3033 -0.196216 -0.948951 -0.246963
-35.4306 88.7921 21.4925 -0.200855 -0.95754 -0.206821
-35.6154 88.6061 22.3909 -0.173532 -0.94073 -0.291401
-35.8763 88.2981 23.3485 -0.287055 -0.87754 -0.384088
-36.6125 87.8764 24.6105 -0.156269 -0.886995 -0.434534
-37.2541 87.5795 25.4852 -0.2051 -0.864921 -0.453425
-37.798 87.2381 26.2535 -0.203211 -0.838016 -0.506333
-38.5111 86.7328 27.155 -0.245909 -0.722719 -0.645915
-39.0674 86.3432 27.7737 -0.227579 -0.658214 -0.717609
-39.796 85.8239 28.481 -0.239884 -0.654756 -0.716649
-40.4189 85.4285 29.1173 -0.270733 -0.688437 -0.672873
-40.9952 85.0523 29.7247 -0.248477 -0.666403 -0.70297
-41.6922 84.4351 30.5427 -0.212798 -0.671564 -0.709722
-42.3481 83.849 31.2872 -0.220316 -0.658676 -0.719449
-42.8692 83.3394 31.9366 -0.254079 -0.654161 -0.712403
-43.3981 82.7677 32.6863 -0.195451 -0.681877 -0.700098
-43.8584 82.091 33.3757 -0.146096 -0.632223 -0.757422
-44.2693 81.5128 33.9816 -0.047797 -0.708242 -0.70435
-44.7075 80.8448 34.6874 -0.0866578 -0.69332 -0.712125
-45.1903 80.1364 35.4652 -0.0634343 -0.7308 -0.671548
-45.8982 79.2263 36.3906 0.038338 -0.716406 -0.696532
-46.6632 78.5264 37.1244 0.0579264 -0.77492 -0.626614
-47.2784 78.027 37.632 0.116799 -0.7751 -0.620949
-48.0526 77.575 38.086 0.102017 -0.795383 -0.59746
-49.3037 77.0889 38.4821 0.146222 -0.856562 -0.494894
-50.3075 76.9626 38.3658 0.232097 -0.843683 -0.484077
-51.2712 76.9715 37.8988 0.225622 -0.839132 -0.494927
-52.0376 77.0615 37.2635 0.319438 -0.814356 -0.484544
-52.7856 77.2819 36.3742 0.340378 -0.815777 -0.4676
-53.3749 77.5159 35.5592 0.355855 -0.786529 -0.503246
-54.031 77.8052 34.5682 0.398977 -0.781098 -0.480316
-54.4982 77.9895 33.8214 0.425554 -0.763578 -0.482422
-54.8872 78.2534 33.0264 0.574179 -0.709961 -0.407768
-55.1164 78.5873 32.1405 0.567317 -0.703245 -0.428484
-55.2638 78.9718 31.3274 0.585189 -0.690381 -0.424724
-55.2642 79.4554 30.4878 0.607656 -0.691296 -0.389866
-55.2039 79.952 29.69 0.64863 -0.650448 -0.39344
-55.1844 80.4859 28.9086 0.668063 -0.622095 -0.408276
-55.2013 81.0514 28.051 0.663336 -0.614891 -0.42649
-55.2509 81.7091 27.0055 0.714868 -0.599653 -0.359693
-55.284 82.2446 26.0366 0.712556 -0.608237 -0.349729
-55.3808 82.8451 24.9179 0.748509 -0.551642 -0.365266
-55.5272 83.4335 23.7248 0.773012 -0.50182 -0.388109
-55.7478 83.8322 22.7393 0.774802 -0.514165 -0.367853
-55.9789 84.0809 21.9048 0.791544 -0.506508 -0.34031
-56.2486 84.2738 20.8876 0.803015 -0.501897 -0.321083
-56.5373 84.3954 19.9533 0.793563 -0.524881 -0.307826
-56.7875 84.5812 18.803 0.807528 -0.553989 -0.202471
-56.8773 84.8842 17.6848 0.794602 -0.559055 -0.236782
-56.7719 85.2606 16.7693 0.765436 -0.635295 -0.102505
-56.4459 85.7379 15.9184 0.72232 -0.682765 -0.108893
-55.9886 86.2254 15.1321 0.664897 -0.74658 -0.00640585
-55.5521 86.6142 14.443 0.572058 -0.817973 0.0605716
-54.9606 86.9681 13.6364 0.572472 -0.817354 0.0647255
-55.602 86.4694 13.0568 0.563178 -0.820588 0.0935371
-55.0569 86.6952 12.0794 0.545183 -0.831702 0.103489
-54.466 86.945 11.1645 0.524064 -0.843068 0.120799
-53.8236 87.1991 10.3318 0.479259 -0.865629 0.144902
-52.8635 87.5391 9.17945 0.442684 -0.883509 0.1475
-52.1546 87.7562 8.35033 0.415547 -0.90204 0.116809
-51.6028 87.9229 7.58722 0.396318 -0.91058 0.113954
-50.9525 88.091 6.74481 0.378128 -0.920875 0.0949125
-50.2848 88.2863 5.96426 0.361503 -0.931393 0.0427032
-49.5316 88.6124 5.09443 0.421651 -0.906118 -0.0340522
-48.8824 88.9408 4.40066 0.4396 -0.892481 -0.101139
-48.2032 89.3468 3.77022 0.378648 -0.916018 -0.114418
-47.529 89.735 3.16282 0.379362 -0.904459 -0.195034
-46.7288 90.2194 2.36524 0.345482 -0.903944 -0.24155
-45.9422 90.9432 1.22297 0.344591 -0.878567 -0.32937
-45.3775 91.4716 0.250994 0.293182 -0.901114 -0.319433
-44.4711 91.4953 1.01949 0.297747 -0.900039 -0.31824
-44.0312 91.2275 2.24009 0.312015 -0.902849 -0.29582
-43.5958 91.1018 3.1803 0.313355 -0.920128 -0.234689
-42.8566 91.0249 4.38385 0.281451 -0.927612 -0.244511
-42.27 91.0247 5.08627 0.254481 -0.934875 -0.247482
-41.6253 91.0257 5.74526 0.271725 -0.928576 -0.2521
-40.6136 91.0859 6.53892 0.265997 -0.932696 -0.242894
-39.8206 91.1984 7.09132 0.280594 -0.927809 -0.244531
-38.9648 91.3371 7.45171 0.258264 -0.930812 -0.258622
-37.5238 91.6329 7.73295 0.269022 -0.911298 -0.308169
-36.5446 91.9254 7.84625 0.304328 -0.893067 -0.331385
-35.4462 92.2803 7.81747 0.259898 -0.896239 -0.359456
-34.3394 92.6618 7.67254 0.264277 -0.895179 -0.358905
-33.1137 93.1607 7.38294 0.295145 -0.883741 -0.362643
-32.9031 92.7106 8.53523 0.286926 -0.865459 -0.410675
-33.1725 92.2756 9.30436 0.249283 -0.882149 -0.399016
-33.4311 91.8469 10.1738 0.247841 -0.923296 -0.293426
-33.5926 91.4777 11.2874 0.158599 -0.933554 -0.310912
-33.6372 91.0683 12.2639 0.104537 -0.931357 -0.346751
-33.6231 90.7075 13.3302 0.0738586 -0.94302 -0.324435
-33.6298 90.3406 14.3953 0.0546423 -0.946044 -0.318755
-33.6553 90.0328 15.3847 -0.0167986 -0.954527 -0.297651
-33.7038 89.7804 16.2693 -0.0719013 -0.948977 -0.307038
-33.825 89.3473 17.8503 -0.14649 -0.960902 -0.23495
-33.9774 89.088 19.0178 -0.164568 -0.958755 -0.228875
-34.2065 88.9236 19.8973 -0.198913 -0.950633 -0.238039
-34.3782 88.6989 20.8829 -0.232707 -0.93137 -0.279301
-34.5699 88.4792 21.8745 -0.283846 -0.925085 -0.252289
-34.7678 88.182 22.7796 -0.304345 -0.877882 -0.369726
-35.0084 87.8985 23.613 -0.29685 -0.847078 -0.436538
-35.4328 87.5728 24.423 -0.306814 -0.81666 -0.488806
-36.015 87.3205 25.2021 -0.314753 -0.800316 -0.510319
-36.6555 86.9305 26.0987 -0.272681 -0.762404 -0.586843
-37.419 86.4553 27.0401 -0.268501 -0.717395 -0.642846
-38.0432 86.0211 27.7476 -0.231909 -0.668553 -0.70658
-38.6784 85.5479 28.3969 -0.215504 -0.682328 -0.698356
-39.4346 85.0422 29.158 -0.234893 -0.706242 -0.667868
-40.1263 84.616 29.8417 -0.235755 -0.681905 -0.692338
-40.849 84.013 30.6708 -0.238116 -0.676354 -0.697027
-41.5864 83.334 31.5387 -0.209881 -0.666574 -0.715282
-42.3202 82.6017 32.4183 -0.230027 -0.656492 -0.717976
-42.8281 81.9649 33.2018 -0.244326 -0.619473 -0.743692
-43.2115 81.401 33.8301 -0.210094 -0.68001 -0.702458
-43.6024 80.7966 34.4868 -0.169196 -0.672885 -0.720138
-44.0712 80.0467 35.2813 -0.154776 -0.693976 -0.701393
-44.46 79.5551 35.9292 -0.155614 -0.748558 -0.644551
-45.0113 78.9197 36.6953 -0.0879425 -0.70027 -0.70844
-45.5595 78.394 37.285 0.0174624 -0.787434 -0.615518
-46.4983 77.6859 38.1749 0.0202641 -0.826777 -0.559974
-47.5021 77.1648 38.8378 0.132657 -0.84666 -0.515333
-48.4948 76.7928 39.2953 0.134688 -0.873184 -0.46753
-49.4157 76.5479 39.4439 0.153052 -0.890361 -0.428756
-50.5031 76.4463 39.2214 0.207164 -0.886095 -0.414585
-51.6477 76.4368 38.6834 0.19384 -0.886164 -0.420733
-52.5821 76.5323 37.9132 0.206518 -0.921644 -0.328517
-53.3952 76.7212 36.9313 0.302459 -0.834979 -0.459705
-53.9618 76.9342 36.1212 0.339264 -0.825829 -0.44913
-54.6767 77.1944 35.0669 0.375107 -0.824298 -0.424061
-55.159 77.3707 34.3188 0.470855 -0.779251 -0.408464
-55.553 77.5149 33.4813 0.525981 -0.766578 -0.368204
-55.8279 77.8064 32.4801 0.570748 -0.706602 -0.418126
-56.0107 78.2898 31.3781 0.610027 -0.685973 -0.396621
-56.0534 78.705 30.5326 0.616579 -0.697329 -0.365463
-55.9737 79.3569 29.4778 0.629196 -0.678804 -0.378601
-55.8957 79.8862 28.6585 0.648626 -0.650451 -0.393441
-55.8929 80.5092 27.668 0.742361 -0.57602 -0.342202
-55.8908 81.0318 26.7759 0.753337 -0.561393 -0.342521
-55.9308 81.7435 25.4834 0.763207 -0.557984 -0.325731
-55.9981 82.2934 24.3968 0.767211 -0.552978 -0.324966
-56.1503 82.8049 23.2942 0.773872 -0.50175 -0.386483
-56.3665 83.1411 22.4019 0.791542 -0.50651 -0.340309
-56.5789 83.3704 21.4874 0.808345 -0.49987 -0.310975
-56.8579 83.5094 20.5825 0.797624 -0.502907 -0.332986
-57.1992 83.6416 19.493 0.820462 -0.490608 -0.293506
-57.4137 83.8117 18.4197 0.805519 -0.55573 -0.205679
-57.4987 84.1441 17.311 0.803334 -0.542222 -0.246273
-57.369 84.6103 16.2531 0.78081 -0.620523 -0.0727082
-57.0287 85.1561 15.3337 0.781825 -0.617642 -0.0852581
-56.4628 85.8029 14.3675 0.71741 -0.696513 0.0138701
-56.0282 86.2225 13.6741 0.623187 -0.776321 0.0692697
-55.7724 86.371 13.3073 0.572881 -0.816739 0.0688864
-56.2036 85.9572 12.4371 0.640871 -0.762092 0.0786812
-56.6657 85.591 13.1665 0.673495 -0.735903 0.0696447
-57.1479 85.1305 13.9438 0.702482 -0.711206 -0.0265467
-57.5644 84.5471 14.7687 0.789388 -0.61026 -0.0667063
-57.8655 84.0728 15.5087 0.781315 -0.619085 -0.0789876
-58.0598 83.501 16.6924 0.841411 -0.513927 -0.163031
-58.0291 83.1295 17.7573 0.83683 -0.501609 -0.218524
-57.901 82.9214 18.6501 0.834052 -0.499199 -0.234815
-57.6601 82.8123 19.6037 0.818989 -0.49808 -0.28491
-57.2947 82.6856 20.7695 0.80103 -0.498656 -0.3312
-57.0418 82.5227 21.676 0.796548 -0.517117 -0.313212
-56.7877 82.1509 22.9368 0.774611 -0.526706 -0.347555
-56.6431 81.7417 23.8432 0.75924 -0.559466 -0.332495
-56.5483 81.2233 24.9385 0.758378 -0.564174 -0.32642
-56.5111 80.7707 25.8195 0.759852 -0.564699 -0.322086
-56.5221 80.1933 26.8022 0.744053 -0.581123 -0.329643
-56.5418 79.7138 27.6215 0.726986 -0.607003 -0.320751
-56.6387 79.083 28.7118 0.715775 -0.646775 -0.263341
-56.7511 78.5906 29.4584 0.672524 -0.66087 -0.333111
-56.8107 78.0116 30.5192 0.677925 -0.663507 -0.316506
-56.7551 77.5221 31.6539 0.540031 -0.763541 -0.35408
-56.597 77.1459 32.7205 0.539142 -0.76799 -0.345713
-56.2653 76.8906 33.8546 0.462353 -0.834159 -0.300679
-55.7425 76.7542 34.9735 0.458849 -0.823201 -0.334361
-55.2204 76.6108 35.7199 0.374458 -0.829351 -0.414533
-54.7293 76.4512 36.482 0.333507 -0.843868 -0.42031
-53.8615 76.1812 37.7622 0.307664 -0.886785 -0.344895
-53.1784 76.0908 38.6024 0.304064 -0.876276 -0.372654
-52.2825 75.9866 39.3268 0.21109 -0.869599 -0.446361
-51.4571 75.9474 39.8153 0.177458 -0.902893 -0.389419
-50.2578 75.9744 40.3168 0.162324 -0.887045 -0.432207
-48.873 76.1863 40.3715 0.135321 -0.885849 -0.443802
-47.6249 76.5199 39.9847 0.0778728 -0.896781 -0.435569
-46.7779 76.882 39.5074 0.0345806 -0.870134 -0.486988
-46.0461 77.2096 38.9554 -0.00933151 -0.841861 -0.539614
-45.3481 77.5915 38.37 -0.00676413 -0.799497 -0.599116
-44.737 78.0557 37.701 -0.049404 -0.798864 -0.599479
-44.1717 78.5525 37.0223 -0.0366434 -0.779309 -0.625568
-43.5642 79.2037 36.1041 -0.193497 -0.736138 -0.648583
-43.0691 79.8846 35.1883 -0.198908 -0.693992 -0.689815
-42.6567 80.5228 34.494 -0.227661 -0.6614 -0.714281
-42.1876 81.2346 33.6531 -0.246047 -0.667622 -0.702668
-41.662 81.9076 32.8303 -0.250146 -0.658789 -0.709524
-41.208 82.4314 32.2299 -0.223697 -0.63237 -0.741666
-40.5782 83.0657 31.4485 -0.308942 -0.598429 -0.739214
-39.891 83.6653 30.6849 -0.265434 -0.633228 -0.72443
-39.3271 84.1082 30.0697 -0.235752 -0.681911 -0.692333
-38.5597 84.5943 29.3067 -0.24388 -0.67264 -0.698356
-37.831 85.0883 28.5846 -0.225822 -0.689648 -0.688034
-37.2839 85.5105 27.995 -0.231556 -0.682897 -0.692737
-36.5885 85.9814 27.2226 -0.267769 -0.718016 -0.642459
-35.9169 86.3794 26.4714 -0.269743 -0.767216 -0.581861
-35.0655 86.8594 25.3396 -0.267786 -0.810526 -0.518613
-34.5344 87.1755 24.5867 -0.254369 -0.845039 -0.470325
-34.0832 87.5193 23.7236 -0.276215 -0.84849 -0.450446
-33.8635 87.8294 22.8829 -0.292877 -0.882945 -0.366922
-33.6411 88.1601 21.9096 -0.304122 -0.882116 -0.359442
-33.4259 88.4326 20.9636 -0.233544 -0.925529 -0.298083
-33.1625 88.7473 19.774 -0.196246 -0.927536 -0.318064
-32.9224 89.0256 18.6538 -0.13636 -0.966659 -0.216739
-32.8381 89.234 17.7087 -0.0969674 -0.947591 -0.294436
-32.7622 89.5565 16.8479 -0.0499335 -0.933824 -0.35423
-32.6673 90.05 15.4053 0.0303506 -0.941242 -0.335355
-32.656 90.4881 14.147 0.0464048 -0.939933 -0.338191
-32.6604 90.8088 13.2345 0.0377638 -0.950531 -0.308293
-32.6698 91.2793 11.921 0.104803 -0.896545 -0.424283
-32.5999 91.7231 11.0648 0.159174 -0.928941 -0.334263
-32.3976 92.1764 10.0172 0.258823 -0.875471 -0.408106
-32.166 92.6287 9.23346 0.300267 -0.854109 -0.423945
-31.7729 93.1555 8.39374 0.315006 -0.854019 -0.413476
-31.2266 93.6935 7.69174 0.345362 -0.858852 -0.378284
-30.2452 94.3595 6.97059 0.324315 -0.882032 -0.341802
-29.4058 94.8237 6.56758 0.321682 -0.887216 -0.330553
-28.5737 95.3221 6.05192 0.340587 -0.885095 -0.317187
-27.7818 95.7495 5.55519 0.317567 -0.905665 -0.280931
-26.8278 96.2065 5.05032 0.284754 -0.926496 -0.24601
-25.9893 96.6015 4.56973 0.302048 -0.917834 -0.257581
-25.24 97.0019 3.9282 0.213501 -0.950751 -0.2247
-24.6024 97.2872 3.3363 0.227429 -0.943315 -0.241472
-24.0438 97.6054 2.65593 0.218964 -0.950695 -0.216805
-22.9973 97.9724 1.63668 0.288703 -0.948763 -0.121353
-22.1912 98.3984 0.843683 0.229701 -0.95396 -0.170098
-21.1941 98.6868 -0.00974206 0.139722 -0.975896 -0.16703
-19.9591 98.9162 -0.761274 0.0580055 -0.991237 -0.113834
-18.686 99.0267 -1.52593 -0.0122575 -0.992704 -0.119952
-17.6985 99.0496 -1.95553 -0.052787 -0.995377 -0.0698856
-16.2596 99.0533 -2.40816 -0.0415089 -0.997909 -0.0367941
-15.2408 98.9769 -2.71536 -0.127275 -0.990713 -0.0063342
-14.1917 98.7816 -2.90759 -0.25487 -0.96105 0.0820667
-12.9668 98.4714 -2.96238 -0.243206 -0.954417 0.170159
-11.9909 98.1265 -2.92266 -0.342805 -0.934722 0.0936948
-11.0393 97.7913 -2.90679 -0.328579 -0.939061 0.100995
-10.1401 97.4219 -2.87644 -0.32985 -0.915507 0.230318
-9.74807 97.1026 -3.54291 -0.362298 -0.897195 0.252549
-10.2627 97.1081 -4.28379 -0.413127 -0.88454 0.209184
-11.1609 97.4246 -5.03175 -0.460818 -0.867608 0.186813
-11.993 97.7452 -5.44773 -0.42163 -0.883164 0.205548
-12.9031 98.0931 -5.66841 -0.306844 -0.948513 0.07854
-14.1205 98.4569 -5.95145 -0.345527 -0.932467 0.0933918
-15.015 98.7763 -6.08353 -0.324245 -0.945387 0.0332913
-16.0959 99.1425 -5.88929 -0.211707 -0.973345 -0.0153004
-17.1771 99.2713 -5.33715 -0.140438 -0.987057 -0.0725921
-18.2924 99.3315 -4.70275 -0.102024 -0.990978 -0.0860901
-19.2423 99.3433 -4.17693 -0.0219004 -0.997798 -0.0626115
-20.1052 99.3244 -3.68709 0.017046 -0.994832 -0.0949669
-21.1299 99.2062 -2.98503 0.0876996 -0.985571 -0.132169
-21.902 98.9938 -2.44777 0.157444 -0.973305 -0.167001
-22.7162 98.7926 -1.94225 0.136677 -0.976384 -0.167311
-23.6102 98.5334 -1.24562 0.206311 -0.960322 -0.187033
-24.3579 98.2238 -0.563319 0.218872 -0.954811 -0.200987
-25.0314 97.933 0.0122072 0.229127 -0.948982 -0.216642
-25.8673 97.607 0.7687 0.210119 -0.958146 -0.19346
-26.933 97.1378 1.51528 0.254232 -0.937402 -0.238001
-27.7326 96.7339 2.22099 0.258423 -0.93046 -0.259734
-28.4094 96.3912 2.77523 0.270457 -0.926072 -0.262814
-29.1955 95.9664 3.40551 0.282071 -0.92043 -0.270637
-29.9267 95.5063 4.09696 0.304362 -0.904961 -0.297336
-30.8662 94.8487 5.07254 0.310669 -0.893537 -0.324154
-31.5843 94.3989 5.60883 0.322255 -0.883259 -0.340571
-32.4456 93.8811 6.13237 0.325402 -0.883102 -0.338002
-33.2084 93.4917 6.45855 0.305081 -0.892552 -0.332077
-34.3158 93.026 6.74162 0.262564 -0.902877 -0.340371
-35.1572 92.7237 6.88682 0.270417 -0.900486 -0.340588
-36.2035 92.3664 6.96069 0.297458 -0.896586 -0.328105
-37.2187 92.0535 6.87594 0.308077 -0.894317 -0.324478
-38.4031 91.7269 6.64646 0.310221 -0.893828 -0.32378
-39.3468 91.5399 6.3393 0.280587 -0.927812 -0.244528
-40.2095 91.4339 5.77158 0.286443 -0.914819 -0.284705
-41.0737 91.3922 5.04959 0.288966 -0.922277 -0.256717
-41.8111 91.3873 4.27782 0.303404 -0.911032 -0.278904
-42.6024 91.4475 3.19421 0.303094 -0.918959 -0.251056
-43.1381 91.5691 2.13401 0.322714 -0.90294 -0.283821
-43.5174 91.8095 0.987184 0.294257 -0.908508 -0.296179
-43.6526 92.0968 -0.0137054 0.28205 -0.915954 -0.285438
-43.6732 92.4056 -1.04061 0.242958 -0.93175 -0.269823
-43.8014 92.6753 -2.00927 0.213982 -0.9327 -0.290306
-43.4265 93.0286 -3.05115 0.211305 -0.947509 -0.238912
-43.355 93.335 -4.09944 0.149894 -0.94866 -0.278456
-43.0445 93.6078 -5.08404 0.10028 -0.971601 -0.214327
-42.5586 93.9604 -6.56521 0.0938256 -0.976256 -0.195247
-42.2825 94.1176 -7.4173 0.0424507 -0.986045 -0.160972
-41.8815 94.335 -8.63296 0.0107142 -0.98828 -0.148311
-41.606 94.4104 -9.545 -0.0153706 -0.997178 -0.0734387
-41.2184 94.4759 -10.761 -0.0376634 -0.998039 -0.0500056
-40.8227 94.4923 -12.0811 -0.0384902 -0.999171 0.013264
-40.6415 94.4585 -13.1774 -0.0577692 -0.997269 0.0421114
-40.5047 94.3925 -14.3477 -0.0698828 -0.996102 0.0531413
-40.3314 94.3032 -15.4156 -0.0728372 -0.993807 0.0839197
-40.2128 94.0394 -16.5949 -0.0146108 -0.97427 0.224909
-40.224 93.6152 -18.0501 -0.118167 -0.934881 0.334716
-40.3354 93.2676 -19.0254 -0.033628 -0.917994 0.394981
-40.4434 92.7868 -20.2068 0.00407529 -0.927296 0.374306
-40.6226 92.3494 -21.0275 -0.0312901 -0.823842 0.564152
-41.1012 91.8061 -21.7794 0.00832996 -0.786745 0.615727
-42.1804 91.1257 -22.5249 0.0313136 -0.75089 0.659595
-43.1661 91.5645 -21.9979 0.0347611 -0.785535 0.614648
-43.1102 92.196 -21.1449 -0.069519 -0.786724 0.613378
-43.0591 92.8288 -20.1916 -0.0558316 -0.851263 0.521761
-43.2061 93.5111 -18.9387 -0.0952596 -0.904536 0.415621
-43.4232 93.9024 -18.1233 -0.0883686 -0.91398 0.39602
-43.7266 94.3082 -17.1961 -0.156035 -0.961097 0.217363
-44.075 94.4883 -16.322 -0.112867 -0.982817 0.14576
-44.5762 94.6939 -15.3661 -0.1287 -0.978861 0.158959
-45.1346 94.8622 -14.3525 -0.0831763 -0.994973 0.055772
-45.587 94.8862 -13.1473 -0.0755445 -0.995338 -0.0599576
-45.6416 94.7558 -11.7686 -0.0265515 -0.991632 -0.126339
-45.5875 94.6396 -10.8494 -0.0709533 -0.991118 -0.110166
-45.5326 94.528 -9.95341 -0.0433094 -0.991911 -0.119317
-45.4251 94.3105 -8.67136 -0.0312175 -0.980972 -0.189285
-45.3271 94.0042 -7.38725 0.0073933 -0.972159 -0.234205
-45.2142 93.7256 -6.38421 0.0403425 -0.963697 -0.263934
-44.982 93.3255 -4.90707 0.106243 -0.955525 -0.275108
-45.0817 93.0428 -4.0526 0.150771 -0.933483 -0.324276
-45.2331 92.7212 -3.12113 0.173775 -0.928985 -0.325113
-45.4891 92.3886 -2.30329 0.202053 -0.935965 -0.288347
-45.9191 91.8476 -1.18853 0.255451 -0.902379 -0.346484
-46.2835 91.3811 -0.303369 0.257233 -0.89614 -0.361513
-46.8121 90.8035 0.761257 0.314445 -0.892943 -0.322145
-47.3237 90.2961 1.56024 0.37006 -0.855479 -0.358696
-48.1874 89.5974 2.48869 0.441527 -0.87584 -0.184772
-48.9013 89.0401 3.14293 0.477832 -0.86762 -0.120817
-49.5503 88.6769 3.73752 0.415058 -0.906643 -0.0756648
-50.2493 88.305 4.48737 0.410743 -0.909903 -0.0580311
-51.0268 87.9528 5.4069 0.416165 -0.908175 0.0449993
-51.844 87.6768 6.40959 0.390029 -0.914426 0.108182
-52.3669 87.4849 7.17874 0.456664 -0.877438 0.146838
-53.0515 87.2668 8.06362 0.468721 -0.872929 0.135255
-54.0475 86.8999 9.27073 0.477792 -0.870479 0.118246
-54.6658 86.6731 10.0424 0.510672 -0.853641 0.102526
-55.371 86.3695 11.0273 0.515001 -0.849935 0.110829
-55.8866 86.1277 11.8816 0.609712 -0.785383 0.106887
-56.0215 86.055 12.1169 0.60971 -0.785385 0.106883
-56.6249 85.5173 11.6081 0.64087 -0.762092 0.0786854
-57.074 85.1547 12.3773 0.700392 -0.710044 0.0727295
-57.5226 84.7388 13.0921 0.783208 -0.620801 -0.0270059
-58.0415 83.9975 14.1412 0.781527 -0.622101 -0.0466263
-58.3929 83.4691 14.966 0.778864 -0.623412 -0.0687013
-58.5992 82.9458 15.9354 0.81345 -0.55025 -0.188478
-58.6248 82.571 16.8241 0.806368 -0.534725 -0.252667
-58.5729 82.2524 17.6641 0.824211 -0.517724 -0.226606
-58.4418 82.05 18.6169 0.828219 -0.513408 -0.224646
-58.0974 81.9876 19.849 0.803833 -0.516256 -0.295393
-57.7721 81.8555 20.9222 0.79846 -0.513827 -0.313756
-57.5345 81.697 21.7862 0.796542 -0.517197 -0.313096
-57.2725 81.2511 23.2022 0.78739 -0.525373 -0.322223
-57.1579 80.7711 24.2685 0.79913 -0.51346 -0.31265
-57.1443 80.3497 25.0663 0.769007 -0.565953 -0.295863
-57.1798 79.6906 26.1951 0.756733 -0.583966 -0.293834
-57.1923 79.1328 27.2178 0.733117 -0.605406 -0.309877
-57.2626 78.6812 28.0098 0.705298 -0.646789 -0.289093
-57.477 78.0508 29.0964 0.674828 -0.681583 -0.273348
-57.5554 77.4598 30.2178 0.62687 -0.720103 -0.297465
-57.5673 77.1028 31.1005 0.617215 -0.738723 -0.270804
-57.5367 76.8133 31.9865 0.587312 -0.761986 -0.270666
-57.247 76.4309 33.4121 0.519215 -0.799989 -0.299464
-56.9016 76.2914 34.5078 0.494532 -0.814603 -0.299648
-56.4547 76.1929 35.3659 0.470091 -0.824231 -0.314472
-55.9255 76.0937 36.1356 0.373401 -0.834623 -0.404941
-55.4298 75.9308 36.9143 0.346408 -0.872347 -0.33203
-54.9631 75.8202 37.771 0.258201 -0.905833 -0.335855
-54.3331 75.6828 38.6258 0.253917 -0.914523 -0.314011
-53.2714 75.5502 39.7138 0.180147 -0.943895 -0.276431
-52.5191 75.5642 40.2601 0.237711 -0.923362 -0.301489
-51.7422 75.535 40.7272 0.145306 -0.917749 -0.369626
-50.6528 75.5539 41.1976 0.126422 -0.940862 -0.314319
-49.761 75.6384 41.4065 0.14778 -0.923497 -0.353996
-48.5491 75.8459 41.2709 0.062073 -0.925374 -0.373939
-47.5074 76.0645 40.9475 0.0810469 -0.898836 -0.430727
-46.5247 76.3492 40.4738 -0.0181285 -0.898008 -0.439604
-45.5051 76.7283 39.6969 -0.0209435 -0.856862 -0.514141
-44.7327 77.0742 39.0104 -0.160751 -0.849114 -0.503154
-44.0143 77.5598 38.213 -0.102679 -0.766109 -0.634455
-43.3087 78.1566 37.309 -0.147069 -0.803249 -0.577202
-42.7776 78.7102 36.4354 -0.215797 -0.729719 -0.6488
-42.2641 79.4349 35.4534 -0.249334 -0.711318 -0.65716
-41.7339 80.2134 34.468 -0.221796 -0.683046 -0.695884
-41.2083 81.0042 33.5262 -0.260721 -0.663447 -0.701203
-40.7636 81.563 32.8223 -0.317866 -0.645831 -0.693643
-39.9192 82.4338 31.6847 -0.313702 -0.610919 -0.726658
-39.3306 82.971 31.0114 -0.302074 -0.597916 -0.742461
-38.6392 83.4946 30.3217 -0.29114 -0.588136 -0.754542
-37.8856 84.0229 29.6191 -0.273145 -0.599213 -0.752252
-37.1761 84.5097 28.9144 -0.272219 -0.625715 -0.730745
-36.6072 84.9696 28.2816 -0.270333 -0.658169 -0.702662
-35.8063 85.5252 27.4323 -0.27798 -0.676723 -0.681743
-35.0206 85.9814 26.5518 -0.341517 -0.736091 -0.584411
-34.4688 86.2641 25.8894 -0.326147 -0.725207 -0.606385
-33.862 86.6685 25.0931 -0.304146 -0.761662 -0.568276
-33.3134 86.9602 24.2184 -0.316659 -0.82614 -0.466069
-32.9898 87.4137 23.1748 -0.310025 -0.839637 -0.445493
-32.7772 87.7566 22.1459 -0.315367 -0.881287 -0.351962
-32.5773 88.0487 21.2763 -0.310601 -0.874028 -0.373634
-32.2426 88.455 19.9597 -0.254817 -0.917415 -0.305483
-31.9936 88.7593 18.778 -0.169292 -0.931103 -0.310198
-31.8793 89.1698 17.6851 -0.0908525 -0.926177 -0.36598
-31.7794 89.5959 16.5669 -0.107759 -0.909957 -0.397441
-31.6719 89.9893 15.5775 -0.0328215 -0.933109 -0.358093
-31.6649 90.4231 14.447 0.00824737 -0.93892 -0.34282
-31.6583 90.7616 13.4883 0.0343945 -0.946292 -0.321256
-31.6947 91.1951 12.4788 0.202333 -0.87333 -0.443113
-31.6379 91.7828 11.3392 0.206513 -0.872009 -0.443758
-31.429 92.3653 10.2158 0.27094 -0.83255 -0.473887
-31.1664 92.9196 9.35531 0.300267 -0.854109 -0.423945
-30.6267 93.5243 8.55007 0.329285 -0.843099 -0.425154
-29.9229 94.1028 7.9474 0.347779 -0.877835 -0.329273
-28.8381 94.752 7.35239 0.348771 -0.879524 -0.323722
-27.7327 95.3758 6.76596 0.307809 -0.895571 -0.321138
-26.6357 96.0078 6.01655 0.318432 -0.89569 -0.309948
-25.8504 96.3815 5.55796 0.302192 -0.921877 -0.242478
-25.1122 96.7576 5.07614 0.312639 -0.918537 -0.241963
-24.3625 97.1137 4.53372 0.280579 -0.942343 -0.182374
-23.7504 97.4304 3.84837 0.286138 -0.938757 -0.191726
-22.9271 97.842 2.91816 0.250716 -0.949449 -0.18891
-22.0664 98.2031 2.1663 0.22635 -0.956584 -0.15804
-21.3776 98.4083 1.51353 0.132226 -0.978051 -0.161033
-20.6069 98.6111 0.812791 0.101429 -0.980942 -0.164654
-19.5398 98.8074 0.107378 0.0302905 -0.988264 -0.14972
-18.3259 98.9417 -0.593623 0.0798289 -0.995736 -0.0462317
-17.168 98.9983 -1.03411 -0.034484 -0.999099 -0.0247292
-15.9825 99.0067 -1.46165 0.00406529 -0.998836 -0.0480682
-15.0446 98.9352 -1.80941 -0.0877608 -0.995888 -0.0214991
-14.0101 98.7668 -2.04319 -0.187118 -0.982334 0.00255141
-12.8172 98.461 -2.04989 -0.255846 -0.966572 0.0167814
-11.4288 98.0474 -2.00392 -0.289243 -0.933089 0.213737
-10.2608 97.7105 -1.98085 -0.287839 -0.924046 0.24773
-8.91298 97.2235 -1.97714 -0.350577 -0.895844 0.271964
-8.41366 96.8015 -2.64395 -0.372624 -0.888993 0.265455
-8.89702 96.6358 -3.98031 -0.369372 -0.895069 0.249705
-9.57081 96.6924 -4.81853 -0.364204 -0.902396 0.230296
-10.3581 96.89 -5.52337 -0.461754 -0.866544 0.189429
-11.2726 97.2492 -6.10391 -0.462515 -0.865922 0.190415
-12.0763 97.6026 -6.45535 -0.436873 -0.882037 0.172821
-13.0419 97.9699 -6.7227 -0.382974 -0.906321 0.178645
-14.2793 98.4459 -6.95272 -0.387233 -0.919208 0.0714681
-15.6885 98.9998 -7.06122 -0.357392 -0.933732 -0.020366
-16.6765 99.2862 -6.71253 -0.152913 -0.983415 -0.0975316
-17.6557 99.3931 -6.17183 -0.114421 -0.990298 -0.078856
-18.5426 99.4516 -5.6534 -0.0599774 -0.992711 -0.0933485
-19.8363 99.4038 -4.93261 -0.017533 -0.996836 -0.076198
-20.6469 99.3736 -4.46754 0.00452919 -0.997803 -0.066089
-21.7101 99.2275 -3.73623 0.145845 -0.979283 -0.140479
-22.883 98.9341 -2.93974 0.13259 -0.978289 -0.159283
-23.9589 98.6198 -2.12487 0.199408 -0.964365 -0.173884
-24.9719 98.2269 -1.26096 0.224533 -0.953348 -0.201772
-26.1039 97.76 -0.291758 0.228756 -0.955006 -0.188771
-27.0905 97.3504 0.472538 0.255234 -0.941844 -0.218598
-28.1638 96.854 1.31217 0.252481 -0.936447 -0.243558
-29.3953 96.203 2.37872 0.291174 -0.921649 -0.256478
-30.0647 95.832 2.95204 0.291903 -0.921429 -0.25644
-30.6992 95.4338 3.49147 0.322759 -0.900607 -0.291089
-31.6587 94.8323 4.26409 0.323474 -0.896873 -0.301558
-32.3023 94.423 4.8024 0.329652 -0.889819 -0.315517
-32.9865 93.996 5.29161 0.30795 -0.89749 -0.314879
-34.191 93.4153 5.78291 0.296938 -0.891386 -0.342432
-35.0971 93.0777 5.97461 0.268355 -0.905985 -0.327378
-36.3651 92.6421 6.10366 0.303539 -0.889875 -0.34009
-37.3666 92.3285 5.97749 0.313926 -0.890744 -0.328575
-38.2986 92.0771 5.78105 0.309563 -0.893297 -0.32587
-39.1202 91.9059 5.4612 0.322774 -0.891107 -0.318976
-40.0033 91.7899 4.89146 0.323975 -0.892873 -0.312689
-40.7933 91.7507 4.18306 0.319052 -0.895904 -0.30913
-41.5735 91.7957 3.22635 0.341613 -0.88896 -0.305042
-42.069 91.8851 2.38427 0.347712 -0.892708 -0.28665
-42.4535 92.0147 1.51618 0.35045 -0.898154 -0.264493
-42.6792 92.2028 0.634388 0.299512 -0.910813 -0.284098
-42.734 92.4763 -0.436116 0.275688 -0.927637 -0.249008
-42.7513 92.7254 -1.31031 0.239691 -0.932191 -0.271235
-42.5736 93.0646 -2.37573 0.232434 -0.941705 -0.243241
-42.4584 93.3575 -3.53881 0.201096 -0.949128 -0.242313
-42.1799 93.597 -4.60688 0.116501 -0.972523 -0.20156
-41.9016 93.8098 -5.48449 0.123207 -0.973894 -0.190657
-41.5401 94.0173 -6.59868 0.0425377 -0.986258 -0.159645
-41.1864 94.196 -7.66708 0.0112935 -0.992275 -0.123289
-40.7804 94.3579 -8.97192 -0.0169402 -0.994012 -0.103294
-40.4429 94.4233 -10.0431 -0.0223358 -0.997521 -0.06673
-40.0929 94.4683 -11.1131 -0.0255115 -0.999153 -0.0322751
-39.8307 94.4736 -12.1466 -0.0320729 -0.997687 0.0505997
-39.6701 94.3831 -13.2253 -0.0633746 -0.995876 0.0624717
-39.5223 94.3226 -14.3091 -0.0543022 -0.997318 0.0454995
-39.3523 94.2411 -15.3576 -0.0539005 -0.9952 0.0816781
-39.2487 94.069 -16.2359 -0.0994851 -0.967769 0.231356
-39.2098 93.79 -17.3253 -0.0838584 -0.964928 0.248762
-39.2361 93.5321 -18.2515 -0.05361 -0.930361 0.362233
-39.3752 93.134 -19.2745 -0.0358568 -0.929843 0.366204
-39.5161 92.7457 -20.3502 0.0350798 -0.930503 0.358852
-39.7215 92.1883 -21.276 0.122696 -0.845703 0.519358
-40.069 91.6788 -21.957 0.0712831 -0.772878 0.630182
-40.6413 91.1657 -22.5485 0.0513743 -0.778495 0.625545
-41.4598 90.7143 -23.0427 0.0307565 -0.730071 0.681707
-42.4662 90.2337 -23.4937 0.0407084 -0.697184 0.715342
-43.5848 90.2821 -23.3716 0.0444084 -0.67918 0.732627
-44.1533 91.0448 -22.5526 0.00203508 -0.734422 0.67869
-44.0948 91.994 -21.4675 -0.00137126 -0.772207 0.63537
-43.9878 92.7853 -20.4121 -0.125021 -0.82802 0.546582
-44.126 93.457 -19.2481 -0.0798296 -0.898283 0.432105
-44.4404 94.0327 -18.0789 -0.12687 -0.905247 0.405503
-44.8313 94.4452 -17.0407 -0.0726772 -0.967172 0.24351
-45.4065 94.7146 -15.9181 -0.132248 -0.978252 0.159793
-46.1529 94.9336 -14.6179 -0.0844589 -0.994986 0.0535765
-46.5801 94.9852 -13.4467 -0.0891527 -0.994714 -0.0509496
-46.6618 94.8887 -12.4648 -0.0404412 -0.987303 -0.153614
-46.5954 94.7412 -11.2459 -0.0653962 -0.993938 -0.0883828
-46.5344 94.6345 -10.2617 -0.0765165 -0.9883 -0.13194
-46.4484 94.4195 -9.11547 -0.0754973 -0.966521 -0.245229
-46.3793 94.1685 -8.06228 -0.00708411 -0.969645 -0.244416
-46.2504 93.7952 -6.70624 -0.00647175 -0.958954 -0.283489
-46.0299 93.4099 -5.484 0.0662563 -0.936709 -0.343782
-46.0278 93.0352 -4.4239 0.144408 -0.925835 -0.349251
-46.1982 92.5719 -3.25469 0.190418 -0.91684 -0.35092
-46.5777 92.04 -2.1741 0.304099 -0.885445 -0.351442
-46.9048 91.6117 -1.33772 0.294369 -0.900466 -0.320169
-47.4048 90.968 -0.140317 0.269625 -0.87446 -0.403264
-48.0532 90.1724 0.967173 0.486217 -0.81149 -0.324157
-48.8699 89.3731 1.84511 0.450404 -0.84052 -0.301103
-49.4988 88.8882 2.40533 0.471324 -0.853614 -0.221805
-50.3138 88.3587 3.15734 0.43017 -0.901903 -0.039039
-50.9242 88.0323 3.81744 0.451892 -0.889895 -0.0621341
-51.4719 87.7217 4.50263 0.407627 -0.912835 0.0239341
-52.0798 87.4686 5.19988 0.459279 -0.885943 0.0276153
-52.6772 87.2007 6.06793 0.488036 -0.86729 0.0981256
-53.1798 87.016 6.90482 0.462745 -0.875023 0.1419
-54.1863 86.6607 8.10101 0.505257 -0.853013 0.126242
-54.8711 86.3779 8.95803 0.531718 -0.83201 0.158228
-55.452 86.1133 9.7343 0.575602 -0.80925 0.117462
-56.1149 85.7813 10.7255 0.611911 -0.781746 0.12016
-56.607 85.5269 11.5764 0.610806 -0.783569 0.113524
-57.151 84.9575 11.0121 0.699853 -0.712362 0.0523968
-56.7333 85.2131 10.233 0.614388 -0.782413 0.0984069
-56.2334 85.5189 9.45517 0.572652 -0.811402 0.117034
-55.5977 85.8434 8.58916 0.553666 -0.820625 0.137847
-54.8809 86.1642 7.64942 0.530818 -0.840604 0.107781
-54.3243 86.3856 6.91359 0.478957 -0.8688 0.123856
-53.7464 86.6179 6.19732 0.478194 -0.872193 0.103004
-53.2065 86.8124 5.26879 0.485918 -0.868471 0.0981606
-52.6061 87.1353 4.4086 0.47882 -0.877789 -0.0147897
-51.8122 87.6086 3.46297 0.46511 -0.883055 -0.0600257
-51.1115 88.0115 2.61548 0.421984 -0.894221 -0.124899
-50.4836 88.4531 2.00695 0.421439 -0.883152 -0.205992
-49.791 88.9889 1.41274 0.495735 -0.833709 -0.240759
-49.0177 89.7239 0.642272 0.509328 -0.793002 -0.325386
-48.4731 90.5008 -0.164679 0.445211 -0.776266 -0.446317
-47.9889 91.1676 -1.14745 0.322101 -0.889719 -0.323497
-47.6951 91.592 -2.00535 0.290846 -0.853729 -0.424522
-47.3136 92.2814 -2.98873 0.174413 -0.883277 -0.426487
-47.0633 92.8021 -4.22442 0.146437 -0.921176 -0.360542
-47.0285 93.2376 -5.25877 0.122569 -0.900896 -0.41637
-47.1707 93.5917 -6.18437 0.0749367 -0.918224 -0.388908
-47.2975 93.9443 -7.11468 -0.0358864 -0.946774 -0.319892
-47.3559 94.1984 -7.99012 -0.0612988 -0.968876 -0.239299
-47.4409 94.4732 -9.02159 -0.0734578 -0.965902 -0.248242
-47.5071 94.6577 -9.96597 -0.0810893 -0.983304 -0.161494
-47.529 94.8617 -10.9394 -0.100436 -0.968823 -0.226485
-47.5906 95.0177 -11.894 -0.211026 -0.973539 -0.0876895
-47.6302 95.117 -12.8999 -0.191036 -0.979363 -0.0381349
-47.4302 95.1009 -14.1707 -0.106763 -0.99254 0.00412382
-46.7795 94.9408 -15.4715 -0.103383 -0.992809 0.0571609
-46.2506 94.7627 -16.3446 -0.140985 -0.979459 0.144166
-45.6792 94.4545 -17.4214 -0.217258 -0.940356 0.261782
-45.325 94.0416 -18.3929 -0.166399 -0.917422 0.361454
-45.0655 93.5454 -19.4015 -0.196251 -0.874718 0.443119
-44.918 92.8617 -20.4078 -0.0377478 -0.793628 0.607087
-45.0424 92.1547 -21.3043 -0.0266581 -0.758742 0.650846
-45.201 91.3077 -22.2303 0.0338195 -0.70435 0.708596
-45.1233 90.6781 -22.8777 0.057482 -0.708395 0.703447
-44.8842 89.946 -23.6266 0.0436964 -0.693776 0.718538
-43.7284 89.467 -24.1201 0.030249 -0.676555 0.735714
-42.6652 89.3932 -24.2716 0.0599824 -0.675729 0.734705
-41.3034 89.9158 -23.9098 0.116873 -0.729136 0.674316
-40.2094 90.5714 -23.314 0.0542273 -0.762192 0.645076
-39.3867 91.1864 -22.6502 0.0912002 -0.767257 0.634822
-38.9685 91.8474 -21.8808 0.07216 -0.799764 0.595961
-38.6615 92.396 -21.1817 0.0660451 -0.85645 0.500102
-38.5314 92.7816 -20.3533 0.0350884 -0.930505 0.358846
-38.4007 93.0991 -19.338 0.0241909 -0.950914 0.308083
-38.2391 93.5427 -18.0505 0.0041594 -0.950392 0.310249
-38.2419 93.8063 -16.8888 -0.106253 -0.969799 0.219546
-38.3788 94.1861 -15.3721 -0.102406 -0.967187 0.232493
-38.5182 94.2836 -14.3722 -0.0426615 -0.996545 0.0675531
-38.6863 94.369 -13.0895 -0.0185309 -0.997516 0.0679617
-39.0106 94.453 -11.3763 -0.0392144 -0.99879 -0.0114446
-39.4148 94.4016 -10.0809 -0.0251017 -0.997474 -0.0664525
-39.7575 94.3377 -9.06593 -0.0289615 -0.996342 -0.0804041
-40.0817 94.2477 -7.98181 0.0112935 -0.992275 -0.12329
-40.3552 94.1281 -7.0944 0.00910188 -0.991363 -0.130832
-40.657 93.9923 -6.20913 0.0482862 -0.988965 -0.138272
-41.0483 93.837 -5.07191 0.0886267 -0.982785 -0.153769
-41.3113 93.5924 -4.08298 0.122213 -0.971095 -0.20492
-41.5627 93.4408 -3.12163 0.152211 -0.969141 -0.173359
-41.7649 93.0943 -1.71771 0.215325 -0.950349 -0.222916
-41.8547 92.7778 -0.515876 0.292538 -0.93297 -0.209735
-41.7496 92.4783 0.81415 0.353716 -0.903516 -0.241958
-41.3119 92.3024 2.00426 0.348258 -0.892615 -0.286277
-40.6966 92.1767 3.06507 0.317462 -0.893708 -0.317023
-39.9713 92.1495 3.87565 0.322114 -0.895272 -0.307765
-38.6722 92.3285 4.73153 0.348992 -0.875255 -0.332435
-37.2697 92.7122 5.14844 0.3438 -0.86545 -0.364414
-36.2742 93.0112 5.21991 0.232147 -0.910265 -0.34282
-34.9868 93.4385 5.03846 0.279933 -0.906708 -0.315286
-34.0058 93.8878 4.66345 0.295845 -0.899414 -0.321761
-33.1498 94.3598 4.09507 0.307957 -0.897485 -0.314887
-32.3651 94.84 3.49824 0.316859 -0.899101 -0.302023
-31.6028 95.2965 2.94865 0.318879 -0.897372 -0.305023
-30.7179 95.808 2.29273 0.292634 -0.921206 -0.256409
-29.7195 96.3679 1.41831 0.290837 -0.92207 -0.255343
-29.0617 96.7401 0.819147 0.271482 -0.929468 -0.248895
-28.0041 97.2441 -0.0462412 0.249772 -0.938989 -0.236458
-27.2914 97.5481 -0.539591 0.226291 -0.947633 -0.225353
-26.4954 97.8837 -1.18912 0.198433 -0.956761 -0.212076
-25.6239 98.2119 -1.93397 0.210326 -0.957169 -0.198178
-24.8091 98.5606 -2.62832 0.232464 -0.949648 -0.210069
-23.8566 98.8846 -3.35387 0.161209 -0.968838 -0.188055
-22.6735 99.2009 -4.1979 0.11982 -0.972751 -0.198492
-21.4268 99.484 -5.08993 0.0881819 -0.983713 -0.15663
-20.1975 99.5575 -5.82243 -0.0338786 -0.985668 -0.165259
-19.293 99.6056 -6.31428 -0.0377749 -0.97698 -0.20996
-18.305 99.595 -6.88941 -0.19548 -0.968233 -0.155922
-17.4654 99.5239 -7.38418 -0.235901 -0.95252 -0.192502
-16.6665 99.4122 -7.81728 -0.30226 -0.936593 -0.163694
-15.6566 99.0711 -8.06237 -0.341297 -0.935366 -0.0919717
-14.696 98.7063 -8.01949 -0.431957 -0.89025 -0.108789
-13.7505 98.2068 -7.83448 -0.405701 -0.913487 0.0183516
-12.4498 97.6433 -7.56853 -0.431835 -0.894586 0.0936892
-11.2792 97.0642 -7.11995 -0.470228 -0.87027 0.145971
-10.0369 96.5366 -6.336 -0.530425 -0.818515 0.204912
-9.12545 96.1278 -5.451 -0.562732 -0.783241 0.264323
-8.46359 96.0182 -4.64534 -0.544294 -0.755583 0.364469
-7.74836 96.0522 -3.51099 -0.563717 -0.744543 0.35674
-7.43994 96.2029 -2.67 -0.582715 -0.733261 0.350352
-7.63794 96.7042 -1.8173 -0.425345 -0.866472 0.261356
-8.2158 97.2398 -1.02743 -0.374331 -0.87438 0.305966
-9.10782 97.6017 -0.921344 -0.326826 -0.900706 0.286204
-10.4162 97.9681 -1.10785 -0.249804 -0.939876 0.232878
-11.8021 98.3174 -1.11792 -0.237832 -0.961752 0.135902
-13.1686 98.6476 -1.15232 -0.233701 -0.962492 0.137816
-14.3998 98.9346 -1.05408 -0.185799 -0.971522 0.147047
-15.7281 98.965 -0.506765 0.00711038 -0.999224 -0.0385915
-16.8044 98.9679 -0.114931 -0.0258271 -0.999523 -0.0169488
-18.05 98.8968 0.388608 0.0852267 -0.992107 -0.0919797
-19.1716 98.7165 1.04599 0.120376 -0.987173 -0.104873
-19.9231 98.5655 1.5441 0.118819 -0.983976 -0.128944
-20.6528 98.3891 2.22515 0.133839 -0.977386 -0.163689
-21.5607 98.1319 3.04998 0.138893 -0.978908 -0.149824
-22.3478 97.7986 3.73308 0.222214 -0.954067 -0.198958
-23.0035 97.4921 4.57713 0.227283 -0.959025 -0.169152
-23.666 97.1776 5.27644 0.28108 -0.941931 -0.183741
-24.5289 96.746 5.84756 0.30642 -0.917353 -0.254106
-25.5387 96.2337 6.46245 0.307328 -0.915057 -0.26119
-26.1933 95.8536 6.95119 0.333756 -0.891936 -0.305054
-26.8979 95.4253 7.43576 0.342663 -0.893248 -0.290986
-27.8104 94.9274 7.92757 0.320375 -0.895504 -0.308922
-28.8308 94.3493 8.4334 0.348769 -0.876004 -0.333122
-29.5177 93.917 8.85329 0.378887 -0.852964 -0.356191
-30.2804 93.0539 9.79674 0.380828 -0.805906 -0.453305
-30.5394 92.4303 10.6617 0.324134 -0.781711 -0.532789
-30.6886 91.9085 11.5422 0.210703 -0.869537 -0.446666
-30.729 91.4678 12.3811 0.206513 -0.872009 -0.443757
-30.6603 90.8823 13.4438 0.104322 -0.854441 -0.508967
-30.687 90.3606 14.6184 0.0595195 -0.924621 -0.376188
-30.658 90.0018 15.5198 0.0454354 -0.929404 -0.366257
-30.7085 89.5986 16.3438 -0.0882452 -0.893454 -0.4404
-30.8819 89.1348 17.4516 -0.151503 -0.911152 -0.381164
-31.0202 88.7203 18.4442 -0.198116 -0.905957 -0.374155
-31.1655 88.3096 19.5344 -0.194258 -0.91026 -0.365637
-31.4613 87.9921 20.5712 -0.284194 -0.874362 -0.393352
-31.7263 87.6466 21.5432 -0.291121 -0.877008 -0.382237
-31.9394 87.307 22.4792 -0.335236 -0.870272 -0.360892
-32.2032 86.8762 23.5728 -0.345783 -0.827416 -0.442512
-32.4597 86.5088 24.4336 -0.340542 -0.813438 -0.47103
-32.9768 86.1898 25.2609 -0.304139 -0.761663 -0.568278
-33.799 85.6331 26.2839 -0.302072 -0.728658 -0.614133
-34.4032 85.3532 26.9315 -0.348329 -0.686771 -0.637976
-35.1485 84.961 27.7241 -0.275389 -0.667342 -0.691823
-36.0874 84.2799 28.7276 -0.271571 -0.658062 -0.702283
-36.8884 83.6202 29.5689 -0.272215 -0.625712 -0.730749
-37.4712 83.2109 30.1295 -0.277178 -0.608391 -0.743662
-38.1456 82.7612 30.7376 -0.256481 -0.622651 -0.739272
-38.8488 82.2006 31.4682 -0.278333 -0.623095 -0.730946
-39.3884 81.662 32.1363 -0.279146 -0.625615 -0.72848
-39.9534 81.0903 32.9017 -0.321477 -0.66448 -0.674625
-40.4419 80.4822 33.7175 -0.271583 -0.679185 -0.681213
-40.7908 79.9397 34.4361 -0.246128 -0.691835 -0.678085
-41.1961 79.3456 35.1637 -0.220984 -0.695901 -0.683292
-41.5882 78.8059 35.8942 -0.245364 -0.739245 -0.627147
-41.9877 78.224 36.7195 -0.218468 -0.765857 -0.601844
-42.4645 77.7335 37.6184 -0.216453 -0.805154 -0.552119
-43.0051 77.309 38.3902 -0.106289 -0.799028 -0.589868
-43.6782 76.7617 39.2315 -0.103414 -0.834492 -0.537656
-44.2936 76.5218 39.854 -0.126692 -0.888053 -0.441939
-44.9497 76.2943 40.4626 -0.0989353 -0.879253 -0.465968
-45.72 76.0395 41.0733 -0.0181245 -0.898006 -0.439609
-46.6402 75.7968 41.5799 -0.0330304 -0.887286 -0.459755
-47.9019 75.5631 42.0782 0.0640947 -0.925084 -0.37431
-49.0159 75.3686 42.3601 0.0667977 -0.923247 -0.378355
-49.9506 75.2596 42.3295 0.150379 -0.925577 -0.347408
-51.0111 75.1978 42.0967 0.120838 -0.931621 -0.342754
-52.0541 75.1888 41.6747 0.152055 -0.947206 -0.281903
-53.1383 75.2025 41.0108 0.175312 -0.948256 -0.264614
-54.0847 75.2263 40.3009 0.186238 -0.946353 -0.264067
-54.9615 75.2966 39.3267 0.268772 -0.925489 -0.266892
-55.7768 75.4157 38.2365 0.253917 -0.914523 -0.314009
-56.2883 75.5737 37.0678 0.340932 -0.907348 -0.245938
-57.0268 75.6632 35.9712 0.426649 -0.831948 -0.347534
-57.551 75.6979 35.0246 0.470088 -0.824231 -0.314476
-57.9974 75.8646 33.5626 0.565596 -0.788391 -0.241952
-58.3139 76.0842 32.3527 0.587312 -0.761986 -0.270666
-58.3474 76.3664 31.3709 0.605535 -0.753958 -0.254136
-58.3302 76.8171 30.2057 0.597241 -0.745104 -0.296764
-58.261 77.229 29.3344 0.595964 -0.741736 -0.30761
-58.0836 77.6737 28.3147 0.634747 -0.741388 -0.204267
-57.9632 78.1439 27.5532 0.698036 -0.643901 -0.313269
-57.8909 78.6434 26.6641 0.695543 -0.651202 -0.303573
-57.8327 79.1367 25.7008 0.687742 -0.668532 -0.282977
-57.7132 79.7434 24.6944 0.779279 -0.565677 -0.269693
-57.7044 80.1934 23.8203 0.794532 -0.514774 -0.321897
-57.9214 80.7265 22.4719 0.787393 -0.525371 -0.322221
-58.1032 80.9344 21.6096 0.798061 -0.527447 -0.291373
-58.4614 81.1158 20.3527 0.7979 -0.519128 -0.306129
-58.8925 81.1763 19.0689 0.807587 -0.533506 -0.249794
-59.1677 81.4129 17.6975 0.773453 -0.566563 -0.284212
-59.2307 81.9221 16.3217 0.788338 -0.578253 -0.209015
-59.1569 82.3092 15.4291 0.797633 -0.571468 -0.191971
-59.0071 82.7031 14.632 0.804284 -0.588729 -0.0807849
-58.5598 83.3954 13.5591 0.774316 -0.630883 -0.0487069
-58.0297 84.1086 12.5226 0.781553 -0.623813 -0.0057635
-57.5421 84.6247 11.7117 0.700125 -0.7112 0.0625652
-57.3772 84.7668 11.4403 0.699854 -0.712362 0.052401
-58.083 84.0939 11.1458 0.667634 -0.744161 0.0221302
-57.5867 84.5087 10.1236 0.654527 -0.753035 0.055982
-57.0596 84.8477 9.23488 0.636903 -0.767141 0.074615
-56.3806 85.2613 8.37093 0.571016 -0.813178 0.112616
-55.8804 85.525 7.66772 0.556005 -0.823804 0.108563
-55.3639 85.7562 6.92371 0.541571 -0.834908 0.0962189
-54.8756 86.0073 6.20215 0.505882 -0.857074 0.0868404
-54.375 86.1944 5.47744 0.472116 -0.877538 0.0825903
-53.8989 86.4086 4.57165 0.4973 -0.867438 -0.0156248
-53.327 86.7614 3.73085 0.481089 -0.874952 -0.0548705
-52.8545 87.0651 3.03164 0.479793 -0.875694 -0.0543901
-51.7916 87.7728 2.00964 0.47965 -0.864298 -0.151248
-51.1437 88.2566 1.34608 0.480668 -0.852615 -0.199615
-50.4677 88.7957 0.761569 0.451341 -0.857726 -0.246166
-49.9235 89.3879 0.162877 0.496614 -0.771487 -0.397722
-49.3239 90.1845 -0.591733 0.513959 -0.753927 -0.409194
-48.8863 90.9138 -1.29742 0.401781 -0.806932 -0.412787
-48.6663 91.3238 -2.12934 0.258848 -0.842971 -0.455097
-48.2902 92.1716 -3.2036 0.211346 -0.80169 -0.55913
-48.1096 92.6946 -4.38491 0.15417 -0.92013 -0.359989
-48.0265 93.1412 -5.32861 0.101948 -0.903958 -0.415292
-48.1736 93.5828 -6.25945 0.0241688 -0.911483 -0.410628
-48.2467 93.9531 -7.1391 0.00967156 -0.939005 -0.343768
-48.3077 94.2908 -8.06434 -0.0333959 -0.952067 -0.297097
-48.3959 94.5555 -9.05556 -0.0683516 -0.969388 -0.235113
-48.6494 94.8435 -10.3646 -0.0998828 -0.974436 -0.199321
-48.5037 95.0752 -11.3401 -0.132534 -0.955297 -0.264276
-48.6031 95.2516 -12.3375 -0.165335 -0.970383 -0.169999
-48.6408 95.2642 -13.4094 -0.121498 -0.992259 0.025679
-48.3677 95.2164 -14.4757 -0.150051 -0.985966 0.0198045
-47.6341 95.0047 -15.9337 -0.107726 -0.991582 0.0718318
-47.0886 94.8373 -16.6662 -0.133606 -0.980923 0.140805
-46.5238 94.5005 -17.8202 -0.162192 -0.92549 0.34176
-46.1188 94.0257 -18.8518 -0.200094 -0.910505 0.361861
-45.9924 93.4555 -19.6618 -0.0749934 -0.805293 0.586608
-45.8816 92.803 -20.5593 -0.0483477 -0.788519 0.613106
-46.0501 92.0344 -21.4352 -0.00329133 -0.73982 0.672425
-46.2912 91.2351 -22.283 0.00261137 -0.702601 0.711466
-46.1482 90.5915 -22.9251 -0.0163864 -0.684549 0.728783
-45.9893 89.5926 -23.9098 0.036971 -0.708768 0.704472
-44.9845 89.0783 -24.4168 0.0321005 -0.669908 0.74175
-43.98 88.7178 -24.7955 0.0522787 -0.679635 0.731685
-43.0237 88.6318 -24.9438 0.0523112 -0.67976 0.731567
-41.6807 88.8937 -24.8645 0.096445 -0.694985 0.712527
-40.8358 89.2816 -24.6212 0.112182 -0.690449 0.71463
-40.0892 89.7711 -24.2641 0.0985097 -0.69909 0.708069
-39.3831 90.217 -23.8033 0.0725752 -0.759946 0.645687
-38.7808 90.7003 -23.3203 0.0877217 -0.765842 0.637017
-38.1124 91.6119 -22.3008 0.069978 -0.785822 0.614053
-37.6947 92.3681 -21.3343 0.0707789 -0.800925 0.594567
-37.5343 92.8975 -20.049 0.0043835 -0.948319 0.316982
-37.3519 93.1817 -19.1654 0.0242006 -0.950914 0.308082
-37.1726 93.5474 -17.9886 -0.0129991 -0.95472 0.297221
-37.2533 93.7431 -17.0202 0.0605218 -0.979667 0.184625
-37.2183 93.9546 -16.1177 -0.0111057 -0.959968 0.279888
-37.3958 94.1873 -15.0477 -0.0215957 -0.997589 0.0659468
-37.5427 94.2732 -14.1605 -0.0267941 -0.994551 0.100746
-37.6588 94.3508 -13.1477 -0.00984615 -0.997686 0.0672729
-37.9113 94.4006 -11.9397 -0.00734747 -0.999877 0.0126115
-38.138 94.4204 -10.7901 -0.0128443 -0.999719 -0.00459703
-38.5811 94.3748 -9.54558 0.0210549 -0.99906 -0.0378834
-39.0313 94.3203 -8.16094 0.0694718 -0.996821 -0.0390008
-39.3226 94.1947 -7.21206 0.0654679 -0.990928 -0.117366
-39.8037 94.0568 -5.78477 0.121301 -0.990503 -0.0482146
-40.2616 93.8031 -4.36365 0.138482 -0.970434 -0.197526
-40.5149 93.6026 -3.34688 0.143714 -0.984623 -0.0993212
-40.7458 93.4772 -2.43805 0.228194 -0.954057 -0.194174
-40.9307 93.1833 -0.939795 0.283839 -0.942461 -0.168305
-40.9628 92.9758 -0.0579878 0.329638 -0.928227 -0.167634
-40.6712 92.8583 1.13497 0.378567 -0.884667 -0.270454
-40.159 92.6314 2.50828 0.389067 -0.85954 -0.327911
-39.1105 92.6323 3.55043 0.37015 -0.851711 -0.370679
-37.9521 92.8932 4.08784 0.342107 -0.863239 -0.371188
-36.905 93.1894 4.36695 0.289587 -0.873412 -0.387226
-35.349 93.6339 4.25098 0.228754 -0.898504 -0.374471
-34.4806 94.0384 3.83598 0.234209 -0.905902 -0.352097
-33.7814 94.4374 3.29074 0.286468 -0.905951 -0.311751
-32.8117 94.9857 2.60703 0.302859 -0.90003 -0.313137
-32.1036 95.3883 2.16767 0.315173 -0.895969 -0.3129
-31.3837 95.7907 1.64377 0.277286 -0.920991 -0.273657
-30.29 96.3891 0.68927 0.282072 -0.925535 -0.252463
-29.6678 96.7528 0.0808214 0.290116 -0.923464 -0.251068
-28.4555 97.3483 -0.886902 0.238536 -0.936836 -0.255811
-27.4951 97.7465 -1.58875 0.228733 -0.947794 -0.222189
-26.491 98.1524 -2.43896 0.182832 -0.96041 -0.210202
-25.4699 98.5441 -3.29269 0.234737 -0.94954 -0.20802
-24.7123 98.8403 -3.85067 0.159302 -0.968534 -0.191219
-23.7293 99.1416 -4.55537 0.141458 -0.970666 -0.193541
-22.5921 99.4424 -5.39983 0.0854866 -0.978729 -0.184402
-21.6531 99.6315 -6.06567 0.047356 -0.982943 -0.176346
-20.2741 99.7564 -6.86401 -0.0425976 -0.979383 -0.197471
-19.4932 99.8206 -7.32121 -0.0230796 -0.97808 -0.206683
-18.585 99.8602 -7.85186 -0.159717 -0.965663 -0.204901
-17.5581 99.7724 -8.52877 -0.239211 -0.953561 -0.18303
-16.4536 99.4905 -8.85491 -0.365312 -0.919624 -0.144357
-15.6058 99.2147 -9.01277 -0.362081 -0.912321 -0.191225
-14.3022 98.5308 -8.93775 -0.557406 -0.82997 0.0129219
-13.0906 97.8671 -8.7841 -0.42941 -0.90263 0.0294448
-12.2055 97.4036 -8.47136 -0.50208 -0.862219 0.057498
-11.4037 96.9843 -8.19745 -0.514527 -0.852174 0.0884468
-10.2601 96.3897 -7.54632 -0.503585 -0.842879 0.189625
-9.34044 95.914 -6.75154 -0.577701 -0.797794 0.172586
-8.65546 95.5954 -6.0489 -0.556369 -0.790765 0.255235
-7.95859 95.3736 -5.21183 -0.555753 -0.768614 0.310845
-7.43235 95.3704 -4.42788 -0.578938 -0.736451 0.348256
-6.88124 95.4147 -3.37494 -0.594723 -0.722189 0.353196
-6.59478 95.8485 -2.09059 -0.550993 -0.737288 0.390162
-6.75075 96.3751 -1.27607 -0.534689 -0.747558 0.393889
-7.38754 97.1522 -0.264305 -0.4528 -0.8319 0.31467
-8.25584 97.6196 0.143141 -0.353702 -0.894748 0.272546
-9.10433 97.9019 0.0312398 -0.321136 -0.904285 0.281319
-10.1148 98.0892 -0.172386 -0.175875 -0.95708 0.23036
-11.3676 98.3696 -0.188963 -0.19403 -0.96453 0.178979
-12.3635 98.5995 -0.201401 -0.228021 -0.960536 0.159288
-13.2872 98.8087 -0.253761 -0.226717 -0.961077 0.157894
-14.3962 98.9916 -0.0299196 0.0551536 -0.994466 0.0894144
-15.6853 98.9712 0.496378 0.0611266 -0.993047 0.100297
-16.6261 98.9392 0.832211 0.0220209 -0.996116 0.0345501
-17.5606 98.8684 1.22818 0.123061 -0.990489 0.0615361
-18.4451 98.7516 1.7923 0.271895 -0.953847 -0.0242848
-19.608 98.4989 2.55818 0.150081 -0.979674 -0.131173
-20.257 98.2851 3.28494 0.143919 -0.978637 -0.146819
-21.0549 98.0858 3.93385 0.202604 -0.968145 -0.129735
-21.8282 97.7407 4.74741 0.247696 -0.955107 -0.160998
-22.4308 97.4458 5.51135 0.195946 -0.956641 -0.215507
-23.0958 97.1412 6.06801 0.286391 -0.919185 -0.270332
-24.1228 96.6343 6.74857 0.29688 -0.921401 -0.250131
-24.9846 96.2098 7.22023 0.317223 -0.910661 -0.264297
-25.6907 95.7682 7.79357 0.335174 -0.896447 -0.289855
-26.5919 95.2173 8.42797 0.345502 -0.891372 -0.293402
-27.6221 94.6604 8.88729 0.344917 -0.875484 -0.338383
-28.7692 93.94 9.55945 0.347483 -0.873044 -0.342126
-29.4021 93.2332 10.2916 0.437079 -0.796589 -0.417621
-29.6526 92.5809 11.065 0.395226 -0.771917 -0.497936
-29.7631 91.8906 12.0337 0.223463 -0.868015 -0.443413
-29.6336 91.1395 13.2932 0.173863 -0.82545 -0.537032
-29.6897 90.4306 14.5373 -0.0493706 -0.909892 -0.411897
-29.6506 89.8456 15.6892 -0.0798253 -0.86887 -0.488533
-29.7229 89.4054 16.5407 -0.0870651 -0.893329 -0.440888
-29.9153 88.9595 17.4711 -0.133201 -0.90289 -0.408715
-30.0842 88.5564 18.3955 -0.167936 -0.87861 -0.445907
-30.3213 87.9557 19.9011 -0.234212 -0.897474 -0.373745
-30.7313 87.5041 21.1867 -0.228997 -0.891287 -0.391366
-30.9664 87.1417 22.0864 -0.298656 -0.868166 -0.396349
-31.2175 86.6805 23.2177 -0.28935 -0.849359 -0.441435
-31.4153 86.2852 24.1079 -0.282177 -0.831095 -0.477467
-31.7033 85.874 24.9386 -0.346424 -0.801069 -0.488138
-32.2829 85.5215 25.7911 -0.262615 -0.764382 -0.588511
-32.8405 85.2024 26.4257 -0.241731 -0.75123 -0.614183
-33.4803 84.9029 27.0438 -0.253701 -0.751547 -0.608802
-34.0874 84.6308 27.6502 -0.257258 -0.712026 -0.650367
-34.9689 84.0743 28.5083 -0.257797 -0.67276 -0.693495
-35.6824 83.4712 29.2824 -0.248812 -0.625605 -0.739399
-36.6785 82.7164 30.2897 -0.259668 -0.642332 -0.721098
-37.2747 82.2296 30.9135 -0.2263 -0.638079 -0.735964
-38.1171 81.6645 31.6646 -0.232668 -0.650418 -0.722933
-38.6251 81.1585 32.3015 -0.231378 -0.676383 -0.698749
-39.389 80.3857 33.3975 -0.26114 -0.713815 -0.649826
-39.8161 79.7324 34.264 -0.263846 -0.703261 -0.660159
-40.1713 79.2243 34.9612 -0.215327 -0.698417 -0.68253
-40.6823 78.541 35.9402 -0.179074 -0.786953 -0.589649
-41.2966 77.6761 37.2528 -0.181555 -0.804737 -0.564173
-41.7328 77.0999 38.2469 -0.210869 -0.790817 -0.57458
-42.3549 76.7493 38.9577 -0.180834 -0.787783 -0.587885
-43.1378 76.2463 40.1271 -0.13001 -0.899744 -0.416602
-43.8822 76.009 40.7665 -0.0964886 -0.894291 -0.435826
-44.8659 75.7295 41.626 -0.0847906 -0.917236 -0.389216
-45.8589 75.484 42.154 0.012093 -0.915664 -0.396981
-46.7283 75.3267 42.604 -0.028328 -0.933091 -0.358523
-47.8454 75.1558 43.0701 0.0411942 -0.920517 -0.387845
-48.7184 75.0158 43.2583 0.0641169 -0.920022 -0.386587
-50.1662 74.9044 43.2317 0.129991 -0.932302 -0.337507
-51.3103 74.8166 43.0292 0.1311 -0.932862 -0.335531
-52.4769 74.8286 42.6235 0.106362 -0.935238 -0.337665
-53.4719 74.872 41.9995 0.187386 -0.945429 -0.266197
-54.3318 74.8938 41.3091 0.196505 -0.942263 -0.271138
-55.1751 74.9362 40.4467 0.244428 -0.939482 -0.239951
-56.0536 74.944 39.4571 0.264161 -0.927207 -0.262996
-56.7114 75.0448 38.4612 0.334485 -0.911152 -0.240669
-57.055 75.2024 37.3906 0.333995 -0.912344 -0.236744
-57.9669 75.1554 36.0264 0.419115 -0.87564 -0.235596
-58.5839 75.2585 34.5839 0.455842 -0.86584 -0.204589
-58.8318 75.3225 33.6615 0.460458 -0.871657 -0.166858
-59.0587 75.4294 32.7141 0.535022 -0.791544 -0.295312
-59.1532 75.7308 31.5935 0.526154 -0.817557 -0.234016
-59.0994 76.0567 30.6312 0.564808 -0.772008 -0.291541
-59.0975 76.4889 29.5043 0.575828 -0.757323 -0.307126
-59.0804 76.8532 28.671 0.585149 -0.766233 -0.258794
-58.8047 77.4085 27.5147 0.561424 -0.786706 -0.256704
-58.6682 77.8935 26.7 0.617978 -0.722092 -0.310937
-58.6049 78.3549 25.7468 0.634105 -0.718743 -0.28349
-58.4722 78.8697 24.8186 0.681593 -0.66841 -0.297757
-58.3273 79.3893 24.0328 0.70085 -0.655314 -0.279647
-58.3006 79.7463 23.1613 0.741451 -0.59848 -0.292759
-58.5672 80.0874 21.9182 0.788188 -0.543802 -0.288165
-58.8202 80.2573 21.0231 0.750561 -0.582324 -0.312017
-59.1466 80.3448 20.0207 0.76684 -0.580417 -0.273496
-59.5636 80.4491 18.6245 0.732406 -0.617181 -0.287521
-59.7486 80.6349 17.7548 0.732907 -0.616757 -0.287154
-59.9032 80.9086 16.629 0.740242 -0.631681 -0.230262
-59.8544 81.3805 15.4894 0.763331 -0.60594 -0.22397
-59.642 82.0052 14.2291 0.774226 -0.617021 -0.140925
-59.3157 82.5024 13.3637 0.735738 -0.671391 -0.0872534
-58.8468 83.1847 12.3828 0.761751 -0.642074 -0.0864626
-58.4379 83.699 11.7439 0.732095 -0.679358 -0.0501068
-58.1261 84.0574 11.2166 0.699829 -0.712412 -0.00342425
-45.2344 91.6174 -0.0289178 0.29312 -0.901247 -0.319114
-44.6594 91.8784 -0.273003 0.258541 -0.918345 -0.299664
-45.0863 91.8316 -0.497908 0.275828 -0.909796 -0.309392
-45.1449 91.7353 -0.279657 0.293117 -0.901247 -0.319117
-44.2 93.6739 -5.8803 0.0957361 -0.963174 -0.251258
-43.4924 93.9339 -6.79411 0.0502166 -0.976349 -0.210289
-43.208 94.1368 -7.70089 0.0363476 -0.9817 -0.185931
-42.888 94.3191 -8.68527 0.0200371 -0.984217 -0.175828
-42.6113 94.4326 -9.60548 0.0056536 -0.995154 -0.0934675
-42.3009 94.491 -10.4847 -0.0173855 -0.99738 -0.0702269
-41.9265 94.5202 -11.6771 -0.0164157 -0.999843 -0.00660319
-41.6884 94.5172 -12.7215 -0.039571 -0.998863 0.0241941
-41.5056 94.4726 -14.2562 -0.0777407 -0.995883 0.0388642
-41.3416 94.3843 -15.1941 -0.0430656 -0.978099 0.201973
-41.2367 94.1503 -16.1848 -0.0862262 -0.979103 0.174873
-41.1895 93.9658 -17.1213 -0.0482816 -0.980557 0.190204
-41.2142 93.5121 -18.5562 -0.0376815 -0.913355 0.405417
-41.3919 93.1518 -19.3844 -0.0336279 -0.917994 0.394981
-42.1214 92.8644 -19.9842 -0.0164269 -0.874695 0.477838
-42.2128 93.4163 -18.929 -0.0874972 -0.905674 0.414844
-42.4713 93.8325 -18.0757 -0.0699741 -0.934188 0.340001
-42.8297 94.2653 -16.7416 -0.156036 -0.961097 0.217362
-43.2134 94.4486 -15.8397 -0.135873 -0.981925 0.131762
-43.686 94.6182 -14.9736 -0.13192 -0.985949 0.0999768
-44.0786 94.7691 -14.0951 -0.131295 -0.987766 0.0776812
-44.5111 94.8063 -13.1777 -0.0756518 -0.995326 -0.0600171
-44.6762 94.7336 -11.8852 -0.0766052 -0.994491 -0.07155
-44.6776 94.6045 -10.7728 -0.0237628 -0.990151 -0.137971
-44.5696 94.471 -9.83166 -0.0110655 -0.989753 -0.142162
-44.4497 94.3166 -8.79033 -0.00464714 -0.989248 -0.146171
-44.3435 94.1003 -7.79417 -0.00582668 -0.9734 -0.229037
-44.3096 93.8467 -6.58441 0.0729769 -0.969762 -0.230772
-44.2857 93.7844 -6.33638 0.0957409 -0.963174 -0.251257
-43.763 94.5016 -10.1541 -0.0174085 -0.99043 -0.136916
-43.112 94.5274 -10.7601 -0.0208777 -0.997082 -0.073424
-42.8523 94.5669 -11.9704 -0.0821357 -0.994816 -0.0417806
-42.5679 94.6042 -13.0683 -0.130903 -0.990203 0.00269863
-43.1437 94.6502 -14.0202 -0.153784 -0.987061 0.0453905
-43.2999 94.6776 -12.9128 -0.108012 -0.993345 -0.0399783
-43.7632 94.6676 -12.0105 -0.0939399 -0.992353 -0.0800664
-43.3246 94.5536 -10.931 -0.0883999 -0.994504 -0.0561046
-43.7864 94.5703 -10.6481 -0.0174089 -0.990429 -0.136922
-43.1137 94.6408 -14.122 -0.131699 -0.987997 0.0726895
-42.479 94.541 -14.4514 -0.0777318 -0.995884 0.038866
-42.4587 94.4408 -15.1197 -0.135865 -0.981921 0.131801
-42.8103 94.5579 -14.6097 -0.122739 -0.985426 0.115902
-41.3684 92.8275 -20.1491 0.0537648 -0.893526 0.445781
-42.0075 92.4958 -20.7369 0.0483711 -0.859362 0.504493
-42.0762 92.1291 -21.2688 0.0429672 -0.825196 0.56321
-41.4706 92.5399 -20.7132 0.0483642 -0.859361 0.504496
-26.3671 97.1325 2.17415 0.26754 -0.936559 -0.226451
-26.9798 96.7708 2.83803 0.258448 -0.930465 -0.259689
-27.4324 96.3563 3.84672 0.26319 -0.925278 -0.273116
-28.1753 96.1977 3.66812 0.270486 -0.922791 -0.274287
-29.1357 95.64 4.49683 0.299035 -0.906355 -0.298457
-28.5227 95.7848 4.66139 0.294457 -0.907845 -0.298516
-27.4735 96.1998 4.33713 0.273951 -0.925276 -0.261863
-26.6284 96.5546 3.98752 0.293375 -0.921553 -0.254105
-26.0383 96.9493 3.25664 0.297677 -0.919534 -0.256573
-25.7016 97.1255 2.97705 0.226989 -0.94566 -0.232532
-24.995 97.4811 2.20906 0.227438 -0.943314 -0.241465
-24.562 97.7094 1.57867 0.20026 -0.961315 -0.189126
-25.1133 97.6389 1.361 0.192625 -0.962343 -0.191813
-25.7482 97.3827 1.85616 0.236792 -0.944763 -0.226611
-25.9129 97.3166 1.94899 0.267539 -0.936559 -0.226451
-24.1985 97.7848 1.4975 0.134492 -0.977156 -0.164551
-23.6344 98.0326 0.732415 0.18405 -0.949851 -0.251909
-23.058 98.3877 -0.102841 0.19844 -0.949478 -0.242233
-22.1872 98.6666 -0.750205 0.144291 -0.972657 -0.181985
-20.9269 98.8999 -1.23016 0.0761372 -0.985301 -0.15019
-19.9345 99.07 -1.9057 0.0422475 -0.987447 -0.15066
-19.1327 99.1689 -2.45953 0.00810775 -0.989867 -0.139804
-18.2126 99.1685 -2.82568 -0.0900767 -0.99252 -0.0824047
-17.326 99.1069 -3.05283 -0.0527847 -0.995376 -0.069893
-16.3568 99.0765 -3.4327 -0.0675253 -0.997586 -0.0162068
-15.1938 98.9294 -3.67809 -0.212099 -0.975959 0.0405183
-14.1652 98.6771 -3.79027 -0.317696 -0.942676 0.102136
-13.2355 98.3733 -3.89706 -0.243213 -0.954416 0.170149
-12.374 98.1133 -3.96002 -0.27241 -0.945642 0.177632
-12.4348 98.0294 -4.62061 -0.305585 -0.948889 0.0789176
-13.624 98.4083 -4.687 -0.312419 -0.946487 0.0807923
-14.8729 98.7875 -5.09238 -0.310229 -0.946807 0.0855308
-15.9267 99.0887 -4.81195 -0.211705 -0.973347 -0.0152921
-17.0366 99.1787 -4.32357 -0.105601 -0.991555 -0.0752769
-17.9509 99.2255 -3.78408 -0.0907372 -0.992254 -0.0848433
-18.8829 99.2739 -3.35332 -0.0604308 -0.994584 -0.078668
-19.8706 99.1909 -2.73879 0.0166662 -0.988443 -0.150675
-20.7845 99.0126 -1.96717 0.0873985 -0.978521 -0.179917
-21.7413 98.8478 -1.44788 0.119583 -0.981856 -0.144963
-22.5626 98.6534 -0.977488 0.142561 -0.974998 -0.170012
-23.4507 98.3424 -0.253029 0.195245 -0.955202 -0.222416
-23.9896 98.0489 0.423635 0.166459 -0.955951 -0.241761
-24.2813 97.867 0.941847 0.150469 -0.966555 -0.203156
-29.649 95.049 5.70418 0.317564 -0.891563 -0.322906
-30.4018 94.6689 6.01347 0.313931 -0.892493 -0.32387
-29.6944 95.0137 5.75693 0.31793 -0.891684 -0.322212
-12.0142 98.0093 -3.89803 -0.323921 -0.936069 0.137294
-11.4338 97.7419 -4.15682 -0.450582 -0.879246 0.154602
-11.6338 97.8161 -4.31725 -0.387251 -0.907658 0.145948
