-46.5999 90.1679 21.351 0.0927815 -0.98112 -0.169264
-47.3825 90.0436 21.3946 0.163197 -0.969401 -0.181948
-47.4462 90.2026 20.4047 0.175224 -0.969408 -0.171885
-46.926 90.403 19.2473 0.0820266 -0.992851 -0.0867136
-45.8187 90.552 18.2349 0.0638494 -0.997501 -0.0298361
-45.8209 90.4981 19.2405 0.0745157 -0.994051 -0.0784747
-46.0249 90.4051 20.1573 0.0923149 -0.988757 -0.113106
-46.3725 90.2652 20.8737 0.0927583 -0.984022 -0.151711
-45.4785 90.3046 21.1208 0.0805328 -0.984067 -0.158367
-45.0549 90.4732 20.1372 0.0452501 -0.993228 -0.10426
-44.7439 90.5828 18.9846 0.0311431 -0.997085 -0.0648461
-44.7501 90.6163 17.7949 0.0352578 -0.99914 -0.0218139
-45.3892 90.6092 16.8254 0.0451425 -0.99882 -0.00285882
-46.5438 90.5309 17.4649 0.0559075 -0.997108 -0.0514834
-47.3744 90.4404 18.395 0.075331 -0.995043 -0.0575855
-47.9365 90.2755 19.3049 0.157832 -0.982507 -0.0988383
-48.3209 90.0504 20.3715 0.180213 -0.970148 -0.1619
-48.3804 89.8174 21.7046 0.163202 -0.969398 -0.181958
-48.1498 89.5813 22.782 0.244032 -0.930862 -0.271629
-47.8718 89.3312 23.7097 0.193416 -0.929657 -0.313361
-46.9056 89.7608 23.0143 0.180651 -0.941426 -0.282718
-46.2788 90.0082 22.3963 0.12535 -0.972919 -0.191839
-45.812 90.1706 21.767 0.0927719 -0.981121 -0.169265
-45.0593 90.1291 22.2622 0.0516357 -0.975831 -0.212339
-45.7224 89.8782 23.1531 0.0836018 -0.956114 -0.280815
-46.4722 89.5626 23.9512 0.180639 -0.941427 -0.282721
-47.2542 89.0939 24.7515 0.216468 -0.911944 -0.348569
-47.9163 88.6599 25.4938 0.189203 -0.899662 -0.39346
-48.6374 88.7267 24.9908 0.327217 -0.851314 -0.409908
-48.8918 89.0709 23.7999 0.281666 -0.901852 -0.327525
-49.14 89.3488 22.6893 0.244022 -0.930864 -0.271631
-49.3309 89.5857 21.5819 0.261784 -0.935371 -0.237801
-49.3765 89.7406 20.6858 0.246514 -0.95516 -0.164013
-49.2511 89.9361 19.8061 0.251987 -0.949421 -0.187355
-48.5659 90.2334 18.5067 0.175845 -0.981495 -0.0754538
-47.827 90.4266 17.5123 0.162681 -0.985666 -0.0446885
-46.9906 90.5202 16.5566 0.0686628 -0.996784 0.0313261
-45.8252 90.5787 15.6646 0.0615787 -0.998099 0.00253459
-44.5031 90.6406 16.1373 0.0182345 -0.999749 -0.000987223
-43.8976 90.6502 16.8723 -0.00611533 -0.998779 0.0242573
-43.7382 90.6395 18.0309 0.0137428 -0.999542 -0.0238246
-43.8391 90.5845 19.2135 0.0242251 -0.998485 -0.0494088
-44.0689 90.5008 20.2296 0.0442852 -0.990949 -0.126639
-44.556 90.3374 21.347 0.0567504 -0.987862 -0.142755
-44.8331 90.219 21.9041 0.0516298 -0.975832 -0.212336
-44.0602 90.1355 22.4609 0.0587295 -0.974212 -0.217859
-43.4253 90.3978 21.2482 0.0338751 -0.988029 -0.150505
-43.0755 90.5344 20.1886 0.0129458 -0.996477 -0.0828597
-42.7938 90.6276 18.6391 0.0106252 -0.999293 -0.0360574
-42.7966 90.6606 17.5771 -0.00611889 -0.998779 0.0242628
-42.9356 90.5848 16.2512 -0.0468312 -0.997833 0.0273301
-43.7529 90.642 15.4671 -0.0283126 -0.998921 0.000723953
-44.7957 90.6245 14.8856 0.0101532 -0.999838 0.0148676
-45.9126 90.5427 14.4526 0.0709839 -0.993353 0.0893805
-46.6837 90.5082 14.9384 0.0911728 -0.994955 0.0418648
-47.4259 90.4566 15.6865 0.0818643 -0.996604 0.00887816
-48.1393 90.4157 16.4662 0.126419 -0.990146 0.00725777
-48.8994 90.2454 17.4056 0.201289 -0.978774 -0.037075
-49.6464 90.0429 18.3536 0.218622 -0.974734 -0.0446559
-50.1468 89.8008 19.2869 0.273228 -0.947851 -0.160461
-50.3732 89.512 20.5194 0.246516 -0.95516 -0.164009
-50.2944 89.3319 21.448 0.302987 -0.919193 -0.251541
-50.1184 89.1426 22.3623 0.306856 -0.917294 -0.253735
-49.8552 88.8599 23.5659 0.276316 -0.906989 -0.317327
-49.6523 88.5674 24.5413 0.302121 -0.876334 -0.370539
-49.4263 88.1735 25.5097 0.327213 -0.851314 -0.409912
-49.2677 87.6747 26.6298 0.341044 -0.830421 -0.440557
-49.1062 87.0703 27.7963 0.313369 -0.809034 -0.497256
-48.2482 87.5765 27.5017 0.254368 -0.810569 -0.527368
-47.5791 88.1904 26.659 0.188246 -0.864884 -0.465338
-47.077 88.5966 25.9986 0.164015 -0.897657 -0.408961
-46.5429 88.9704 25.3768 0.155991 -0.901443 -0.403815
-45.7324 89.4505 24.5303 0.0820545 -0.922986 -0.375984
-45.1385 89.6993 23.8912 0.0634891 -0.950891 -0.302943
-44.5057 89.9702 23.1122 0.0439538 -0.975599 -0.215117
-44.1439 90.1035 22.5816 0.0513424 -0.974905 -0.21649
-43.3158 90.0268 23.0555 0.0190323 -0.967915 -0.250555
-43.934 89.7586 23.899 0.0468722 -0.950993 -0.30564
-44.4942 89.5127 24.5782 0.0442678 -0.941375 -0.333161
-45.2182 89.1605 25.3466 0.0686117 -0.921844 -0.38144
-46.1402 88.5924 26.3592 0.12642 -0.891815 -0.434378
-46.6385 88.2054 27.0088 0.156342 -0.877111 -0.45254
-47.4633 87.4827 28.0068 0.213789 -0.838269 -0.499404
-48.0605 86.8413 28.7223 0.254367 -0.810569 -0.527368
-48.5674 86.2328 29.3484 0.266209 -0.784456 -0.560145
-49.2058 85.4873 30.0559 0.297307 -0.747884 -0.593201
-49.791 85.7057 29.4292 0.328308 -0.773724 -0.541817
-49.9192 86.3432 28.4338 0.325337 -0.790707 -0.518081
-50.0467 86.8078 27.6019 0.328374 -0.802819 -0.497645
-50.1502 87.3044 26.636 0.353264 -0.825955 -0.439251
-50.2946 87.7638 25.6529 0.35307 -0.830508 -0.430552
-50.5191 88.1778 24.6383 0.383062 -0.840215 -0.38018
-50.7303 88.5253 23.5966 0.41255 -0.829781 -0.375835
-50.9464 88.7851 22.5847 0.378327 -0.884293 -0.273668
-51.1535 89.0373 21.4711 0.375675 -0.887872 -0.265615
-51.2844 89.2289 20.433 0.358769 -0.919814 -0.15883
-51.191 89.4493 19.4116 0.334007 -0.929735 -0.151476
-50.6092 89.8185 18.1324 0.316523 -0.941868 -0.111022
-50.0816 89.9874 17.3456 0.228534 -0.972489 -0.0451454
-49.3252 90.192 16.3996 0.196586 -0.98025 -0.0132923
-48.6903 90.3111 15.6486 0.189818 -0.981601 0.0207075
-47.9254 90.3505 14.8316 0.1343 -0.986214 0.0853627
-47.3051 90.4166 14.1158 0.127397 -0.990086 0.046309
-46.6632 90.415 13.4705 0.0506047 -0.996192 0.0710015
-45.7774 90.4482 13.2731 0.0896831 -0.993836 0.0628665
-44.8566 90.5793 13.7699 0.101002 -0.991942 0.0764753
-43.5796 90.6796 14.4625 0.0558193 -0.997599 -0.041004
-42.4282 90.5993 15.0829 0.0168153 -0.997835 -0.0326585
-41.8381 90.6007 16.5971 0.0677123 -0.997287 -0.0288592
-41.824 90.6458 17.4991 -0.0234248 -0.999726 -0.000327654
-41.8543 90.6462 18.514 -0.0214191 -0.999768 0.000708348
-41.9604 90.5865 19.566 -0.00649802 -0.997598 -0.0689606
-42.1838 90.4932 20.6328 -0.0144108 -0.991747 -0.1274
-42.5869 90.3397 21.7477 0.00643526 -0.98854 -0.15082
-43.0686 90.1289 22.6797 0.0190369 -0.967916 -0.250551
-42.3515 89.9753 23.3161 -0.012365 -0.954821 -0.292861
-43.2116 89.5881 24.5124 -0.027091 -0.933094 -0.35716
-44.2003 89.1143 25.6413 0.0551326 -0.926799 -0.371067
-44.9884 88.6719 26.4773 0.0674516 -0.904489 -0.421129
-45.6321 88.2366 27.2317 0.117856 -0.89205 -0.436299
-46.4412 87.5617 28.2396 0.175016 -0.849852 -0.497112
-47.0092 86.9973 28.9522 0.234757 -0.805913 -0.543336
-47.7141 86.1836 29.8065 0.24323 -0.78864 -0.5647
-48.5068 85.2589 30.6711 0.282618 -0.753743 -0.593295
-49.087 84.5614 31.2791 0.305474 -0.735861 -0.603683
-49.9362 83.532 32.0398 0.325231 -0.690429 -0.644487
-50.1327 83.9295 31.4642 0.327706 -0.721343 -0.610141
-50.5701 84.6433 30.367 0.328433 -0.732928 -0.595776
-50.6878 85.3288 29.3538 0.434637 -0.733758 -0.522126
-50.7917 85.8165 28.5727 0.429059 -0.739427 -0.518802
-50.9162 86.464 27.4231 0.443881 -0.76335 -0.469325
-51.0635 86.9885 26.4786 0.399018 -0.789704 -0.462369
-51.1883 87.3833 25.6364 0.358307 -0.822388 -0.441921
-51.3485 87.7244 24.7296 0.46973 -0.809822 -0.351487
-51.5936 88.1171 23.5562 0.41009 -0.829729 -0.37865
-51.7817 88.3876 22.7145 0.377484 -0.884373 -0.274569
-51.9639 88.6253 21.7023 0.376168 -0.886159 -0.27054
-52.175 88.8046 20.6857 0.397405 -0.889754 -0.224516
-52.2208 89.0714 19.2984 0.356037 -0.918284 -0.173181
-51.8938 89.352 18.4281 0.316529 -0.941864 -0.11103
-51.3036 89.641 17.5289 0.307805 -0.948343 -0.0729252
-50.6045 89.8851 16.4805 0.250103 -0.967913 -0.0191115
-49.8728 90.0778 15.6175 0.224824 -0.97404 -0.000283908
-49.2118 90.1872 14.7548 0.168382 -0.981343 0.076966
-48.2108 90.2585 13.6745 0.153045 -0.988195 0.0069491
-47.484 90.3267 12.8595 0.0716684 -0.995029 0.069143
-46.7373 90.3445 12.1433 0.0561637 -0.99791 -0.0319531
-45.7529 90.4057 12.0909 0.0880833 -0.995181 -0.0408811
-44.9557 90.4823 12.6399 0.0896742 -0.993838 0.062855
-44.1308 90.6027 13.1063 0.101974 -0.99184 0.0765216
-43.0212 90.7151 13.6815 -0.014188 -0.996106 -0.00868205
-42.0677 90.6587 14.1234 -0.0147048 -0.995344 -0.0952537
-41.19 90.6988 14.7953 0.0678801 -0.997181 -0.0319741
-40.9132 90.6719 15.7397 0.0398782 -0.998106 -0.0418368
-40.8563 90.6427 17.0068 0.0190349 -0.998752 -0.0417358
-40.8469 90.6259 18.1028 -0.0262524 -0.999482 -0.0113248
-40.8707 90.6044 19.0165 -0.0261028 -0.998351 -0.0458656
-41.1018 90.5068 20.2902 -0.0422477 -0.995543 -0.0843167
-41.3238 90.4066 21.1657 -0.0291499 -0.991506 -0.126754
-41.6512 90.2919 22.0112 -0.0337586 -0.968807 -0.245228
-42.0207 90.1071 22.7691 -0.022201 -0.968767 -0.246978
-41.0622 90.0043 23.0461 -0.0629861 -0.96415 -0.256779
-40.5732 90.2409 22.0133 -0.0516291 -0.977964 -0.19643
-40.1914 90.4306 20.5718 -0.0730232 -0.98881 -0.128957
-39.9943 90.5227 19.5164 -0.0455891 -0.995442 -0.0837682
-39.8778 90.5741 18.4303 -0.0518492 -0.99802 -0.0355981
-39.9087 90.6443 17.1201 -0.0154752 -0.997826 -0.0640564
-39.9255 90.713 15.9067 0.042631 -0.997377 -0.0577881
-39.9502 90.7758 14.7761 0.0253747 -0.998853 -0.028063
-40.2848 90.8335 13.9653 0.0345996 -0.992459 -0.0868233
-41.062 90.7921 13.5061 0.110991 -0.987954 -0.107833
-41.902 90.7339 13.1771 0.118068 -0.986804 -0.110493
-43.0901 90.6487 12.5961 0.168863 -0.981321 -0.0678617
-44.1895 90.527 11.9717 0.0868727 -0.99588 0.025994
-45.1238 90.4964 11.2872 0.0714527 -0.996668 -0.0259516
-46.0956 90.4093 10.6406 0.0817788 -0.996246 0.0284009
-47.2296 90.2917 11.2653 0.155013 -0.986561 0.0478841
-47.888 90.2074 11.8733 0.116923 -0.989657 0.0652874
-48.6613 90.1819 12.7524 0.164721 -0.984498 0.0453209
-49.3483 90.086 13.5565 0.139507 -0.990121 0.0140489
-49.9966 90.0184 14.3189 0.168375 -0.981346 0.0769588
-50.7371 89.8281 15.22 0.278143 -0.960496 0.0091754
-51.3461 89.6724 15.9479 0.317849 -0.946929 0.0182128
-51.9965 89.4264 16.8426 0.35845 -0.933549 -5.651e-05
-52.5607 89.1541 17.7122 0.369626 -0.925944 -0.0774855
-52.9913 88.8595 18.5429 0.404646 -0.90229 -0.148778
-53.1905 88.584 19.5798 0.421076 -0.889733 -0.176269
-53.0006 88.3591 20.9919 0.435603 -0.858221 -0.263896
-52.7788 88.1252 21.9387 0.471446 -0.817503 -0.330416
-52.5504 87.7924 23.0882 0.479663 -0.802574 -0.354682
-52.3186 87.5131 23.9747 0.453588 -0.808279 -0.375424
-52.1085 87.1899 24.9456 0.470078 -0.799586 -0.372991
-51.9398 86.724 26.0391 0.488615 -0.769502 -0.411244
-51.82 86.2817 26.882 0.451262 -0.750463 -0.482875
-51.7203 85.809 27.7273 0.446297 -0.762642 -0.468184
-51.6441 85.3444 28.5213 0.471707 -0.72165 -0.506606
-51.4758 84.5674 29.7487 0.440159 -0.728 -0.525619
-51.3452 83.8679 30.7388 0.513051 -0.65793 -0.551147
-51.15 83.1494 31.7492 0.368763 -0.683039 -0.630412
-50.8652 82.5978 32.4659 0.431322 -0.612903 -0.662051
-50.3445 82.104 33.265 0.358196 -0.627637 -0.691208
-49.4531 82.6868 33.12 0.295644 -0.674242 -0.676751
-49.0094 83.4194 32.589 0.322313 -0.659452 -0.679144
-48.5422 84.0758 32.1466 0.305473 -0.735861 -0.603683
-47.8407 84.9462 31.3856 0.282704 -0.752032 -0.595414
-47.3734 85.5077 30.846 0.232158 -0.77386 -0.589274
-46.8192 86.1269 30.2459 0.183331 -0.783518 -0.591788
-46.2846 86.6834 29.6159 0.129925 -0.802787 -0.581939
-45.7422 87.2218 28.8979 0.0693073 -0.815944 -0.573961
-45.049 87.8103 28.0554 0.056282 -0.852229 -0.520133
-44.3159 88.391 27.1283 0.0171878 -0.859533 -0.510792
-43.6521 88.7585 26.4171 -0.0011029 -0.903019 -0.4296
-42.9692 89.0902 25.6855 -0.0162714 -0.92143 -0.388166
-42.1962 89.4979 24.671 -0.0270995 -0.933093 -0.35716
-41.5159 89.8104 23.7677 -0.0341115 -0.936431 -0.347618
-41.3095 89.9011 23.4863 -0.0821563 -0.949766 -0.30031
-40.5295 89.6404 24.0305 -0.0746745 -0.93603 -0.343519
-41.0716 89.3992 24.7482 -0.0706208 -0.92579 -0.371383
-41.6941 89.1007 25.574 -0.0569158 -0.920149 -0.387411
-42.2332 88.8219 26.2624 -0.0267831 -0.886957 -0.459912
-43.0881 88.3827 27.1303 -0.043346 -0.873568 -0.484769
-43.8087 87.9288 27.9231 0.0201294 -0.857257 -0.514469
-44.5163 87.2609 28.961 0.00985196 -0.824639 -0.565124
-45.2298 86.7084 29.6896 0.0615937 -0.823886 -0.563187
-45.7261 86.1734 30.399 0.0566442 -0.784546 -0.616371
-46.2956 85.5854 31.0403 0.0906263 -0.753286 -0.650774
-46.8645 84.9126 31.6725 0.154247 -0.715732 -0.681108
-47.3404 84.317 32.1837 0.146878 -0.715162 -0.683288
-47.8435 83.6432 32.7688 0.15274 -0.686137 -0.711257
-48.3329 82.9526 33.2722 0.237715 -0.648632 -0.723027
-48.7607 82.2802 33.8328 0.297858 -0.684775 -0.664975
-49.4117 81.496 34.3462 0.326237 -0.677031 -0.659586
-50.1473 81.077 34.4196 0.325481 -0.685591 -0.651174
-50.9669 81.3411 33.6703 0.41757 -0.647045 -0.637941
-51.4674 81.6611 32.9835 0.444773 -0.668596 -0.59595
-51.8645 82.2298 32.125 0.482871 -0.606846 -0.631327
-52.1081 82.9879 31.1055 0.503613 -0.677514 -0.536049
-52.2325 83.7088 30.0981 0.533722 -0.645411 -0.546429
-52.3663 84.3704 29.1626 0.534827 -0.661908 -0.525203
-52.496 85.0694 28.0856 0.594176 -0.636748 -0.491434
-52.6052 85.5694 27.2741 0.445507 -0.759148 -0.474515
-52.682 85.9863 26.4472 0.534246 -0.738134 -0.411995
-52.7834 86.3632 25.6355 0.555586 -0.731554 -0.394225
-53.0027 86.8384 24.4438 0.555517 -0.731864 -0.393087
-53.324 87.2521 23.1715 0.525826 -0.751788 -0.397896
-53.5684 87.5477 22.2591 0.460487 -0.819226 -0.34179
-53.7983 87.7942 21.2589 0.51015 -0.812067 -0.283361
-54.0216 88.0088 20.1596 0.521957 -0.819452 -0.236768
-54.0866 88.1843 19.2338 0.46659 -0.864702 -0.185969
-53.8585 88.4978 18.1609 0.457217 -0.879594 -0.131408
-53.3163 88.8693 17.1418 0.444566 -0.895028 -0.0358435
-52.6809 89.1615 16.1793 0.357179 -0.934022 0.00454843
-51.8655 89.4691 15.1315 0.349337 -0.93669 0.0174664
-50.9572 89.7278 14.0531 0.301297 -0.952708 0.0395819
-50.1637 89.915 13.0819 0.19828 -0.978951 0.0470104
-49.5784 90.0068 12.381 0.196607 -0.979829 0.0357969
-48.8409 90.0591 11.5316 0.147995 -0.985632 0.079802
-48.0652 90.1154 10.7223 0.180227 -0.979821 0.0864254
-47.3506 90.1867 10.0406 0.180156 -0.981069 0.0688236
-46.4417 90.309 9.23585 0.135174 -0.990793 0.00752647
-45.1623 90.4955 10.0126 0.148214 -0.988947 0.00404582
-44.066 90.5782 10.8882 0.0553728 -0.994346 -0.09061
-43.0776 90.6755 11.5647 0.21161 -0.9771 -0.0222626
-42.2771 90.8224 11.9854 0.118071 -0.986805 -0.110486
-41.2988 90.883 12.4294 0.110613 -0.987981 -0.107973
-40.1203 90.9411 12.8305 0.0663612 -0.99489 -0.0760912
-39.1037 90.8074 13.6186 -0.0378891 -0.993698 -0.101321
-38.9426 90.7929 14.5474 0.0169936 -0.999856 3.97258e-05
-38.9399 90.7719 15.4523 0.0111016 -0.996599 -0.0759104
-38.9348 90.6824 16.3833 -0.0115662 -0.995349 -0.0956378
-38.8882 90.5934 17.6665 -0.0136706 -0.997759 -0.0654519
-38.9298 90.536 18.6079 -0.093088 -0.991958 -0.0857519
-39.0846 90.4284 19.8362 -0.0942049 -0.989355 -0.110916
-39.3931 90.2689 21.3003 -0.0583386 -0.989005 -0.13589
-39.8016 89.9978 22.6991 -0.0674444 -0.958664 -0.276431
-40.2418 89.7689 23.5921 -0.0836611 -0.940079 -0.330533
-40.3916 89.6993 23.8281 -0.083657 -0.940078 -0.330538
-39.5432 89.4618 24.2724 -0.0911504 -0.937673 -0.335351
-38.9804 89.7611 23.2748 -0.0915623 -0.946563 -0.308155
-38.6931 89.9947 22.3991 -0.118264 -0.957327 -0.261
-38.465 90.1712 21.511 -0.115993 -0.975253 -0.178671
-38.1795 90.2893 20.3295 -0.089581 -0.990741 -0.102021
-38.0555 90.3807 19.3475 -0.0990386 -0.990013 -0.100329
-37.9473 90.4839 18.2025 -0.0804622 -0.991649 -0.100792
-37.9179 90.594 17.1082 -0.0808481 -0.991422 -0.10269
-37.9385 90.7458 15.8106 0.0404897 -0.991459 -0.123977
-37.9602 90.8671 14.8297 0.0405291 -0.991661 -0.122334
-37.9746 90.9131 13.9246 0.152995 -0.983228 -0.0761151
-38.1209 91.0357 12.9603 0.145231 -0.972889 -0.179987
-39.0774 91.08 12.1752 0.0730849 -0.97743 -0.198214
-40.0151 91.0261 11.8626 0.0667211 -0.994093 -0.0856005
-40.9767 90.954 11.5337 0.124023 -0.992195 -0.0129019
-42.243 90.8613 10.9719 0.0723836 -0.997038 -0.0260013
-43.0097 90.7429 10.4722 0.139316 -0.984601 -0.105607
-43.7975 90.6959 9.87111 0.135572 -0.986924 -0.084465
-44.7599 90.5801 9.08493 0.155909 -0.986918 -0.0410531
-45.5074 90.4712 8.33485 0.173323 -0.984678 -0.0192005
-46.5605 90.2945 7.94375 0.19426 -0.979924 0.0448633
-47.2653 90.175 8.5435 0.237784 -0.967821 0.0655861
-48.0977 90.0168 9.41021 0.180075 -0.982318 0.0512177
-48.7504 89.9313 10.0644 0.180156 -0.981069 0.0688178
-49.6275 89.8751 10.993 0.186008 -0.975611 0.116553
-50.2951 89.7844 11.7736 0.306897 -0.946677 0.0980694
-51.142 89.5915 12.825 0.350435 -0.932062 0.0919555
-51.7783 89.4284 13.5944 0.349942 -0.932222 0.0922125
-52.7029 89.1487 14.7116 0.398142 -0.914699 0.0602028
-53.287 88.9107 15.4771 0.390581 -0.920497 0.0115196
-54.0275 88.5412 16.5299 0.443955 -0.895214 -0.0386763
-54.664 88.124 17.6653 0.472126 -0.875957 -0.0989723
-54.9523 87.7528 18.8065 0.586212 -0.783328 -0.203921
-54.9167 87.5249 19.6901 0.563868 -0.793913 -0.227499
-54.7582 87.3917 20.6411 0.608597 -0.743667 -0.262071
-54.514 87.1717 21.518 0.602867 -0.713847 -0.356333
-54.2452 86.9232 22.4402 0.56841 -0.723691 -0.390981
-53.9384 86.4527 23.7847 0.607194 -0.692351 -0.389826
-53.6787 86.0847 24.8052 0.572209 -0.716438 -0.398562
-53.5423 85.7129 25.6645 0.621588 -0.663516 -0.416382
-53.3666 85.1796 26.7491 0.621765 -0.656819 -0.426612
-53.2726 84.7312 27.5675 0.647013 -0.625335 -0.436265
-53.1902 84.2308 28.3501 0.612765 -0.631326 -0.475338
-53.1194 83.7068 29.1373 0.612089 -0.63412 -0.472465
-53.0037 82.8887 30.2887 0.543392 -0.656033 -0.522794
-52.8849 82.1311 31.4183 0.570432 -0.616489 -0.541505
-52.4994 81.3651 32.5315 0.450931 -0.65497 -0.606069
-51.9991 80.8881 33.4517 0.455548 -0.654941 -0.602846
-51.3114 80.5234 34.324 0.392216 -0.663202 -0.636504
-50.2855 80.1646 35.3235 0.368595 -0.698929 -0.612892
-49.3345 80.4497 35.4332 0.291031 -0.678609 -0.67426
-48.5505 81.2762 34.8769 0.173874 -0.683583 -0.70886
-47.8537 82.1827 34.177 0.150544 -0.687133 -0.710764
-47.2211 83.0697 33.4577 0.163701 -0.687266 -0.70772
-46.64 83.8657 32.788 0.11603 -0.711645 -0.692856
-46.1855 84.4521 32.2691 0.115147 -0.706878 -0.697901
-45.5388 85.206 31.5509 0.082794 -0.725784 -0.682923
-44.8724 85.9345 30.7106 -0.0541697 -0.789841 -0.610914
-44.1058 86.6127 29.8393 -0.00236084 -0.76482 -0.64424
-43.3345 87.275 28.8955 -0.0765994 -0.832094 -0.54932
-42.6701 87.8267 27.9804 -0.0692204 -0.82614 -0.559198
-41.9771 88.2356 27.2445 -0.0895137 -0.854856 -0.511085
-41.2434 88.6216 26.4506 -0.0902052 -0.862961 -0.497153
-40.659 88.9581 25.7605 -0.0735605 -0.891555 -0.442282
-40.005 89.2677 24.8953 -0.0455958 -0.928709 -0.367996
-39.8444 89.3455 24.6793 -0.0683653 -0.933169 -0.351738
-39.2086 89.028 25.3939 -0.153614 -0.920725 -0.352408
-38.5414 89.2602 24.4352 -0.196101 -0.890474 -0.408071
-38.0393 89.5656 23.529 -0.125993 -0.928665 -0.348864
-37.7683 89.7815 22.6828 -0.148174 -0.959828 -0.238274
-37.5468 89.9667 21.7678 -0.164821 -0.961517 -0.219369
-37.3235 90.1169 20.8542 -0.171277 -0.980074 -0.100595
-37.119 90.2572 19.6036 -0.114632 -0.984759 -0.127437
-37.0217 90.3604 18.5399 -0.0991387 -0.988259 -0.116259
-36.9788 90.4588 17.6391 -0.0916172 -0.97667 -0.194222
-36.9377 90.6454 16.5081 -0.0119454 -0.989668 -0.141196
-36.9809 90.8597 15.213 0.0146029 -0.989025 -0.143398
-36.9977 90.9849 14.268 0.065292 -0.988673 -0.135139
-37.0382 91.106 13.3551 0.0657942 -0.988864 -0.133491
-37.1087 91.3016 12.4517 0.167446 -0.965226 -0.20075
-37.7383 91.3614 11.5835 0.165457 -0.970429 -0.175762
-38.6343 91.2243 11.3002 0.158871 -0.97847 -0.119678
-39.7571 91.1383 10.9737 0.12018 -0.988194 -0.0931874
-40.8759 91.0232 10.5646 0.128059 -0.988679 -0.0781913
-41.8725 90.9355 10.1016 0.120533 -0.987172 -0.102242
-42.7621 90.8568 9.51215 0.13182 -0.989249 -0.0633251
-43.8028 90.7513 8.67915 0.160648 -0.986066 -0.0431884
-44.5254 90.6656 7.98207 0.207409 -0.976912 -0.0468699
-45.1159 90.587 7.26422 0.180757 -0.981684 -0.0586063
-46.0266 90.4916 6.34303 0.197632 -0.969348 -0.1305
-47.1045 90.146 7.05402 0.2286 -0.970922 -0.0148928
-47.8883 89.9461 7.78624 0.294082 -0.955272 0.0311686
-48.8627 89.7937 8.81933 0.249043 -0.963308 0.0990284
-49.5344 89.7046 9.52 0.188282 -0.972926 0.134031
-50.3702 89.596 10.4444 0.343214 -0.929114 0.137668
-51.0071 89.4762 11.2143 0.349262 -0.928625 0.123842
-51.636 89.3247 12.0027 0.355385 -0.92923 0.100622
-52.2824 89.1612 12.8046 0.349518 -0.93237 0.0923279
-53.0385 88.9278 13.7111 0.429459 -0.901412 0.0549578
-53.7417 88.6501 14.6015 0.447791 -0.891893 0.0588071
-54.2708 88.4155 15.3108 0.468776 -0.881401 0.0581455
-54.8338 88.1151 16.1366 0.46411 -0.885738 0.00839088
-55.4625 87.6245 17.3592 0.523986 -0.836341 -0.161158
-55.7415 87.1227 18.7656 0.67964 -0.712693 -0.173661
-55.6878 86.9171 19.7701 0.675212 -0.686377 -0.263103
-55.3427 86.6387 21.0772 0.642232 -0.689401 -0.334569
-55.063 86.3933 22.0029 0.663506 -0.639366 -0.388549
-54.8625 86.1319 22.9163 0.637806 -0.681681 -0.355287
-54.6332 85.8067 23.8511 0.635402 -0.651345 -0.411092
-54.348 85.3264 25.0381 0.659149 -0.645256 -0.386222
-54.119 84.687 26.3719 0.646933 -0.626422 -0.434824
-53.9936 84.2601 27.1735 0.647009 -0.625337 -0.436267
-53.8987 83.4024 28.537 0.629928 -0.627787 -0.456523
-53.8305 82.7969 29.3916 0.704026 -0.546857 -0.453095
-53.768 82.2158 30.2499 0.670195 -0.58998 -0.44903
-53.6248 81.5201 31.3062 0.627257 -0.62709 -0.459407
-53.365 80.8687 32.3226 0.531509 -0.633174 -0.562662
-53.0148 80.4198 33.1851 0.498661 -0.649996 -0.571609
-52.507 80.0852 33.9318 0.440661 -0.686809 -0.575721
-51.7926 79.7473 34.9156 0.376492 -0.7105 -0.593827
-51.0856 79.4828 35.6346 0.351782 -0.716668 -0.60215
-50.194 79.3505 36.2165 0.248837 -0.729618 -0.636975
-49.1298 79.66 36.3138 0.234158 -0.686169 -0.687192
-48.4108 80.2247 35.9476 0.189542 -0.692661 -0.695913
-47.6752 81.0548 35.3137 0.138403 -0.7022 -0.696603
-46.939 82.0042 34.5214 0.12795 -0.688128 -0.714219
-46.316 82.9137 33.8186 0.158936 -0.675941 -0.719413
-45.8846 83.5079 33.2892 0.116917 -0.716413 -0.68781
-45.2468 84.2608 32.5404 -0.09654 -0.69458 -0.712909
-44.7253 84.8019 31.9159 -0.117898 -0.717227 -0.686794
-44.1586 85.4174 31.1956 -0.102348 -0.705783 -0.700996
-43.4058 86.1264 30.323 -0.134315 -0.722567 -0.677432
-42.8756 86.5848 29.7161 -0.120918 -0.746662 -0.654042
-42.2569 87.1383 28.9522 -0.10118 -0.792125 -0.598097
-41.7479 87.562 28.2739 -0.0510796 -0.822948 -0.565815
-41.074 87.9613 27.5518 -0.0749566 -0.856069 -0.511398
-40.1604 88.4767 26.5287 -0.075233 -0.867531 -0.491658
-39.2552 89.009 25.4553 -0.0595971 -0.898038 -0.430097
-39.2401 89.0162 25.4353 -0.0683653 -0.933168 -0.351739
-38.6158 88.5289 26.0326 -0.204376 -0.848418 -0.485385
-37.7712 88.8915 24.8869 -0.230121 -0.88099 -0.410477
-37.3141 89.1687 24.1483 -0.112614 -0.890675 -0.440473
-36.9222 89.5013 23.1377 -0.167715 -0.949133 -0.266492
-36.656 89.7329 22.0902 -0.176739 -0.957822 -0.226079
-36.4175 89.911 21.088 -0.177633 -0.962053 -0.207004
-36.2423 90.0439 20.2038 -0.168002 -0.971403 -0.167783
-36.1497 90.1927 19.2301 -0.114625 -0.984759 -0.12744
-36.0372 90.2977 18.2881 -0.0675352 -0.99016 -0.122564
-35.9681 90.445 17.3748 -0.035451 -0.975937 -0.214718
-35.9578 90.7222 15.8671 -0.0330197 -0.987383 -0.154853
-35.9943 90.8824 14.9151 -0.0340874 -0.980884 -0.191586
-36.0672 91.128 13.6707 0.0156 -0.984778 -0.163364
-36.1131 91.3686 12.6947 0.101194 -0.964202 -0.2451
-36.1151 91.6382 11.5492 0.12625 -0.971956 -0.194576
-36.8898 91.6614 10.7075 0.15815 -0.970874 -0.179796
-38.1311 91.4549 10.4243 0.2112 -0.968275 -0.133557
-39.0545 91.2959 10.2077 0.120188 -0.988194 -0.093181
-40.4521 91.1671 9.73768 0.154763 -0.971513 -0.178942
-41.4566 91.0936 9.2415 0.116989 -0.985301 -0.124481
-42.4444 91.008 8.60131 0.190965 -0.974822 -0.114314
-43.2132 90.942 7.96999 0.180113 -0.97535 -0.127194
-43.8633 90.8536 7.30171 0.251478 -0.960703 -0.101037
-44.6668 90.8182 6.28027 0.234419 -0.952906 -0.191885
-45.5474 90.8232 4.97623 0.267954 -0.952088 -0.146987
-46.5112 90.4965 5.24828 0.324735 -0.934965 -0.142787
-47.3419 90.1474 5.97631 0.297204 -0.952568 -0.0594752
-47.9913 89.887 6.56852 0.323224 -0.944362 -0.0608762
-48.6436 89.7019 7.23199 0.290323 -0.956798 0.0154521
-49.483 89.5478 8.12405 0.255489 -0.959515 0.118563
-50.3378 89.3876 9.07191 0.330087 -0.931628 0.152026
-50.9583 89.2774 9.75657 0.34125 -0.929177 0.141962
-51.6862 89.145 10.646 0.349271 -0.928621 0.123846
-52.6139 88.9249 11.797 0.354122 -0.928862 0.108689
-53.2602 88.7429 12.5701 0.410709 -0.907243 0.0907085
-54.3106 88.3135 13.8742 0.453845 -0.889819 0.0471171
-54.9248 88.038 14.6917 0.489057 -0.870796 0.0289985
-55.6325 87.6565 15.7428 0.519935 -0.852162 0.0590556
-56.1402 87.111 16.8624 0.717334 -0.687434 -0.113433
-56.4101 86.6319 17.9565 0.70458 -0.698285 -0.126352
-56.4497 86.3799 18.8669 0.793825 -0.574198 -0.200162
-56.3215 86.1613 19.9694 0.786945 -0.555252 -0.26224
-55.9827 85.8794 21.1032 0.726454 -0.574588 -0.376979
-55.7823 85.6691 21.9654 0.756628 -0.559253 -0.336311
-55.5194 85.396 22.88 0.751987 -0.540371 -0.377511
-55.2147 85.0307 23.9837 0.751727 -0.525247 -0.398443
-54.9672 84.6061 24.9595 0.732145 -0.531691 -0.425756
-54.7844 84.1138 25.9971 0.74172 -0.559366 -0.370084
-54.6738 83.4645 27.2069 0.727569 -0.564354 -0.38654
-54.6115 82.9382 28.0055 0.702144 -0.558574 -0.441279
-54.526 82.2847 28.9291 0.704313 -0.54687 -0.452633
-54.5004 81.7815 29.6836 0.635728 -0.641654 -0.429103
-54.4342 81.0705 30.877 0.618166 -0.660254 -0.42596
-54.3129 80.6041 31.6679 0.574271 -0.625438 -0.528243
-54.0965 80.1577 32.4317 0.552254 -0.650431 -0.520368
-53.632 79.6745 33.5673 0.455627 -0.736616 -0.499801
-53.1487 79.419 34.3102 0.435129 -0.720445 -0.540021
-52.5467 79.147 35.1275 0.390362 -0.732252 -0.556987
-51.9006 78.8706 35.9076 0.307141 -0.74981 -0.586046
-51.1601 78.6632 36.5551 0.293636 -0.755233 -0.582144
-50.3637 78.5898 37.0443 0.254841 -0.771649 -0.582209
-49.3103 78.8058 37.2246 0.218832 -0.749197 -0.625153
-48.5158 79.2127 37.015 0.222738 -0.745032 -0.628705
-47.467 80.0359 36.3861 0.119323 -0.726585 -0.676415
-46.9234 80.597 35.8724 0.0888795 -0.708421 -0.700171
-46.387 81.2745 35.3034 0.119449 -0.672086 -0.730776
-45.8159 82.048 34.5578 -0.10581 -0.648708 -0.753646
-45.1947 82.9003 33.7497 -0.0953315 -0.641283 -0.761359
-44.6801 83.568 33.1006 -0.0983255 -0.662244 -0.742808
-44.0387 84.2635 32.3473 -0.127523 -0.707041 -0.69558
-43.3681 84.9543 31.5033 -0.14155 -0.714175 -0.685506
-42.7015 85.5906 30.7119 -0.145497 -0.705098 -0.693986
-42.1488 86.0867 30.0971 -0.138444 -0.706232 -0.694313
-41.3982 86.7646 29.1817 -0.145206 -0.733672 -0.663807
-40.5468 87.4019 28.2097 -0.163615 -0.769442 -0.616949
-39.8311 87.8242 27.4534 -0.168459 -0.782628 -0.599258
-39.1858 88.2188 26.7053 -0.192564 -0.801881 -0.565602
-39.087 88.2755 26.5913 -0.178579 -0.820277 -0.542385
-38.3777 87.787 27.0448 -0.178014 -0.804745 -0.5663
-37.7643 88.1619 26.3163 -0.191018 -0.824665 -0.530942
-37.0045 88.507 25.3432 -0.151383 -0.881329 -0.446213
-36.3678 88.9633 24.3216 -0.11894 -0.882552 -0.454588
-35.9137 89.3371 22.9888 -0.316856 -0.871481 -0.372942
-35.6307 89.5937 21.8415 -0.259808 -0.925624 -0.274449
-35.3194 89.8568 20.3466 -0.22217 -0.951647 -0.21213
-35.1776 89.9866 19.4381 -0.175102 -0.970938 -0.163154
-35.054 90.2144 18.4191 -0.111269 -0.974854 -0.178799
-34.9754 90.3705 17.5053 -0.0433235 -0.97327 -0.225541
-34.9225 90.5721 16.6232 -0.029401 -0.983142 -0.178619
-34.9841 90.8009 15.1903 -0.00972151 -0.973611 -0.218876
-35.0547 91.0759 14.1541 0.0654767 -0.969202 -0.237405
-35.1173 91.3462 13.1355 0.0696206 -0.959554 -0.272779
-35.1627 91.6195 12.0487 0.100082 -0.970586 -0.218895
-35.0791 91.8483 11.0825 0.10534 -0.969671 -0.220547
-34.9859 92.1265 10.2025 0.0827145 -0.938554 -0.335075
-35.7591 92.0885 9.77261 0.188214 -0.95113 -0.244801
-37.1227 91.8221 9.68079 0.180903 -0.96611 -0.182682
-38.0571 91.6612 9.48392 0.216049 -0.958472 -0.185495
-39.0172 91.4953 9.25399 0.215281 -0.95323 -0.212147
-40.0506 91.3804 8.90647 0.164915 -0.971613 -0.169622
-41.1939 91.2792 8.34984 0.171668 -0.970491 -0.169344
-42.0661 91.1988 7.755 0.194773 -0.971026 -0.138466
-42.9222 91.1532 6.9521 0.178112 -0.970283 -0.163791
-43.5369 91.1219 6.23775 0.261622 -0.949031 -0.174157
-44.4374 91.1352 4.97474 0.251276 -0.953523 -0.165675
-45.2271 91.1353 3.64416 0.266205 -0.951218 -0.155822
-46.0429 90.8695 3.5986 0.303262 -0.9287 -0.213422
-46.9369 90.457 4.33944 0.342956 -0.933109 -0.107813
-47.7568 90.0744 5.07913 0.32421 -0.940904 -0.0957919
-48.6196 89.7238 5.85615 0.362725 -0.927978 -0.0644935
-49.3381 89.4721 6.56113 0.335578 -0.938427 0.0821109
-49.9619 89.3129 7.25498 0.30023 -0.946449 0.108761
-50.5823 89.1577 7.95427 0.344962 -0.933385 0.0989643
-51.1707 89.0275 8.67362 0.337148 -0.929506 0.14929
-52.0354 88.8673 9.69095 0.344218 -0.927452 0.146105
-52.6952 88.7286 10.5056 0.365426 -0.92172 0.129984
-53.3725 88.5362 11.3085 0.486055 -0.859604 0.157352
-53.949 88.3288 12.0037 0.510461 -0.8478 0.141507
-54.6277 88.0528 12.8414 0.518416 -0.842279 0.147686
-55.2404 87.8089 13.601 0.550794 -0.824047 0.125255
-55.7675 87.4962 14.4015 0.581546 -0.811244 0.0607235
-56.3672 87.0095 15.4329 0.665587 -0.743903 -0.0600152
-56.713 86.6177 16.2301 0.73379 -0.669353 -0.11367
-57.005 86.1164 17.1724 0.75311 -0.635553 -0.162202
-57.0845 85.6564 18.3819 0.796702 -0.580193 -0.166747
-56.9726 85.4572 19.4282 0.809295 -0.552079 -0.199412
-56.7184 85.2602 20.499 0.794482 -0.5183 -0.316005
-56.4707 85.079 21.3978 0.756628 -0.559254 -0.336311
-56.2183 84.8153 22.3031 0.761143 -0.534175 -0.367857
-55.9806 84.5143 23.2195 0.75173 -0.525246 -0.398439
-55.6839 84.1057 24.2791 0.755343 -0.513615 -0.407002
-55.4831 83.6883 25.2271 0.739889 -0.546323 -0.392519
-55.3135 83.1845 26.2529 0.756808 -0.545424 -0.35958
-55.3156 82.4847 27.4454 0.711189 -0.604556 -0.358443
-55.2662 81.7233 28.5912 0.653711 -0.60576 -0.453561
-55.2328 80.9557 29.8333 0.644956 -0.639144 -0.418721
-55.1655 80.4027 30.798 0.652982 -0.636475 -0.410505
-55.0511 79.7887 31.9302 0.523384 -0.703297 -0.479062
-54.7592 79.3466 32.9528 0.496675 -0.718579 -0.486784
-54.3228 79.0381 33.877 0.462664 -0.742015 -0.484207
-53.6761 78.7536 34.8291 0.409317 -0.753524 -0.514453
-53.0554 78.4642 35.7208 0.400767 -0.747713 -0.529445
-52.1471 78.1586 36.7426 0.318879 -0.788365 -0.526114
-51.3585 77.9949 37.4507 0.254034 -0.792195 -0.554235
-50.5037 77.9713 37.9225 0.254316 -0.847682 -0.465573
-49.6226 78.0629 38.1105 0.16014 -0.839989 -0.518433
-48.727 78.3173 37.9852 0.193724 -0.738042 -0.646136
-47.8912 78.7797 37.691 0.178224 -0.737067 -0.651896
-46.9746 79.4316 37.1157 0.136853 -0.739851 -0.65781
-46.3256 80.0278 36.5552 0.00502318 -0.719703 -0.694264
-45.6143 80.8023 35.7628 0.00930629 -0.715091 -0.69897
-45.0244 81.5856 34.9486 -0.085159 -0.727958 -0.679837
-44.4954 82.2814 34.1935 -0.0781756 -0.646309 -0.759061
-44.018 82.9121 33.5984 -0.0943497 -0.655769 -0.749043
-43.4242 83.6369 32.8573 -0.129697 -0.693303 -0.708879
-42.7411 84.3094 31.9905 -0.267616 -0.675163 -0.687413
-42.2322 84.7842 31.3427 -0.223152 -0.664835 -0.71288
-41.5543 85.3984 30.5839 -0.220969 -0.639347 -0.736484
-41.0272 85.8976 29.9693 -0.246792 -0.628514 -0.737607
-40.5203 86.3935 29.3745 -0.288521 -0.630072 -0.720945
-39.536 87.054 28.3684 -0.25381 -0.633831 -0.729199
-38.8202 87.5324 27.5539 -0.179396 -0.792232 -0.582773
-38.4775 87.7266 27.1619 -0.18529 -0.803311 -0.565954
-37.6807 87.2858 27.4393 -0.259363 -0.718614 -0.645232
-38.2036 86.8798 28.0722 -0.242698 -0.69416 -0.677672
-38.9886 86.3376 28.8095 -0.213946 -0.625462 -0.75035
-39.7959 85.7704 29.629 -0.289734 -0.630725 -0.719888
-40.3307 85.2476 30.2933 -0.248167 -0.649472 -0.718667
-41.1605 84.5138 31.2571 -0.23546 -0.662824 -0.710738
-41.7463 83.9541 31.9634 -0.225233 -0.654872 -0.72131
-42.2723 83.4377 32.6157 -0.278777 -0.641581 -0.714603
-42.8433 82.8766 33.3514 -0.278505 -0.620899 -0.732576
-43.4694 82.116 34.2062 -0.25463 -0.639854 -0.724223
-44.0346 81.3554 35.034 -0.091163 -0.713458 -0.694164
-44.4968 80.7437 35.7009 -0.123111 -0.669151 -0.732858
-44.9965 80.1846 36.3824 -0.165347 -0.714098 -0.679857
-45.6046 79.5804 37.0585 0.0311255 -0.748713 -0.662164
-46.3573 78.9203 37.7455 0.0427341 -0.743114 -0.667642
-47.4276 78.2759 38.4617 0.110506 -0.811595 -0.569115
-48.3356 77.8642 38.8051 0.146467 -0.838068 -0.525537
-49.4067 77.5646 39.0161 0.167766 -0.867038 -0.469135
-50.6655 77.4089 38.8453 0.165867 -0.853436 -0.493223
-51.7583 77.4871 38.2274 0.182611 -0.882275 -0.43387
-52.4358 77.5256 37.6375 0.281574 -0.856774 -0.427372
-53.0512 77.6969 37.0022 0.334501 -0.823724 -0.451727
-53.7024 77.878 36.1428 0.357681 -0.792889 -0.493348
-54.2041 78.1047 35.4038 0.385874 -0.792791 -0.471141
-54.7768 78.3234 34.51 0.423469 -0.766616 -0.48018
-55.3794 78.5861 33.4869 0.56098 -0.696418 -0.447552
-55.7321 78.9333 32.4852 0.572493 -0.701224 -0.424896
-55.887 79.3643 31.4912 0.596391 -0.741689 -0.306944
-55.9247 79.9933 30.186 0.682 -0.627757 -0.375229
-55.9486 80.463 29.3826 0.681282 -0.605023 -0.41207
-55.9784 81.0456 28.4779 0.720144 -0.58572 -0.366568
-55.9886 81.5133 27.6898 0.758775 -0.552346 -0.345216
-55.9732 82.1829 26.5688 0.752355 -0.588166 -0.296688
-56.0167 82.6498 25.6741 0.730749 -0.5659 -0.381789
-56.1667 83.1366 24.6793 0.764524 -0.534398 -0.360447
-56.4407 83.6477 23.4326 0.782309 -0.496033 -0.374889
-56.658 83.9395 22.5087 0.802635 -0.482317 -0.350759
-56.8989 84.198 21.6257 0.805782 -0.474299 -0.354595
-57.1558 84.3916 20.773 0.806102 -0.48899 -0.332435
-57.4728 84.6063 19.5482 0.819887 -0.495719 -0.286439
-57.6316 84.7612 18.6135 0.806128 -0.545705 -0.228829
-57.6966 85.1111 17.5084 0.806965 -0.550014 -0.215155
-57.4981 85.7006 16.2322 0.758073 -0.644729 -0.0982346
-57.1636 86.2495 15.2878 0.761918 -0.637232 -0.115825
-56.771 86.6922 14.5087 0.664058 -0.747594 -0.0114093
-56.0685 87.1789 13.3606 0.583176 -0.805809 0.102843
-55.4561 87.4812 12.489 0.518281 -0.842011 0.149661
-54.7092 87.7856 11.6269 0.524863 -0.839086 0.142541
-54.2067 87.9854 10.8777 0.506406 -0.848686 0.149222
-53.3953 88.2786 10.0337 0.467276 -0.867484 0.169727
-52.5226 88.5234 8.92192 0.45217 -0.877943 0.15735
-51.606 88.7115 7.79189 0.38948 -0.910934 0.136031
-50.9382 88.8823 6.98807 0.380885 -0.920048 0.0918619
-50.1636 89.115 6.05033 0.385257 -0.9188 0.0859242
-49.2198 89.4914 5.10354 0.412481 -0.909595 -0.0499446
-48.5483 89.8292 4.50263 0.422334 -0.902068 -0.0822841
-47.8745 90.2062 3.91228 0.302729 -0.936047 -0.179364
-46.9967 90.6484 3.15409 0.322238 -0.924313 -0.20447
-46.373 90.9935 2.57712 0.305655 -0.921754 -0.23595
-45.6832 91.4502 1.87556 0.290142 -0.905081 -0.310881
-44.9854 91.996 0.936956 0.290519 -0.905324 -0.309818
-44.8211 91.6519 2.09279 0.290227 -0.905002 -0.311029
-44.4294 91.5038 3.15037 0.29838 -0.924991 -0.23529
-43.7057 91.4357 4.35523 0.280013 -0.939204 -0.193413
-43.2201 91.4182 5.16114 0.277564 -0.942208 -0.187624
-42.577 91.4013 5.97158 0.207292 -0.95438 -0.214917
-41.9003 91.3993 6.63318 0.232631 -0.947601 -0.217349
-41.0734 91.4585 7.37225 0.188508 -0.970769 -0.147672
-40.2792 91.5569 7.8029 0.204113 -0.959991 -0.18943
-38.8378 91.7281 8.35211 0.207836 -0.956418 -0.205063
-37.8378 91.8887 8.60379 0.19147 -0.960717 -0.200904
-36.9457 92.0674 8.76433 0.272562 -0.903119 -0.331221
-36.0051 92.3027 8.84968 0.252671 -0.897226 -0.36119
-35.0256 92.5932 8.77424 0.240033 -0.891901 -0.383235
-33.8754 93.081 8.37707 0.245302 -0.895635 -0.370688
-33.7447 92.8199 9.05726 0.238852 -0.889752 -0.388962
-33.9908 92.2855 10.1871 0.234268 -0.907138 -0.349599
-34.1688 91.8851 11.3664 0.11113 -0.969516 -0.218379
-34.1846 91.5905 12.4708 0.0491716 -0.935232 -0.350604
-34.089 91.2675 13.5193 -0.0329322 -0.965839 -0.255949
-34.0235 90.977 14.5841 -0.0254733 -0.962808 -0.267541
-33.9738 90.6921 15.7563 -0.0647062 -0.97439 -0.204476
-33.9516 90.4043 16.845 -0.117239 -0.966021 -0.229089
-34.055 90.1362 18.0858 -0.152303 -0.960009 -0.234889
-34.1152 89.8798 19.1657 -0.155371 -0.959504 -0.234972
-34.2859 89.6925 20.0398 -0.218185 -0.948921 -0.227913
-34.4668 89.5251 20.9414 -0.222173 -0.951645 -0.212139
-34.7246 89.2957 22.0273 -0.245327 -0.925625 -0.288156
-35.0165 88.9726 23.1232 -0.272131 -0.878908 -0.391745
-35.3927 88.6035 24.225 -0.36498 -0.841453 -0.398429
-35.9269 88.2557 25.2767 -0.29979 -0.803549 -0.512993
-36.5406 87.9265 26.1198 -0.317308 -0.786723 -0.529511
-37.1951 87.5841 26.8871 -0.292767 -0.725512 -0.622833
-37.5 87.4061 27.2326 -0.273122 -0.718735 -0.639217
-36.8225 86.8348 27.5743 -0.286884 -0.718853 -0.633205
-35.9841 87.2777 26.6333 -0.322719 -0.72821 -0.604618
-35.1695 87.7357 25.6236 -0.25192 -0.799712 -0.544974
-34.6912 88.0599 24.8497 -0.306233 -0.824594 -0.475675
-34.3713 88.3492 24.0507 -0.270862 -0.872128 -0.407464
-34.045 88.6983 23.0275 -0.304365 -0.881134 -0.361889
-33.7516 89.0487 21.8462 -0.301266 -0.898943 -0.318025
-33.5331 89.2862 20.8815 -0.326527 -0.90396 -0.27611
-33.2966 89.4946 19.9674 -0.249808 -0.931992 -0.262654
-33.1318 89.742 18.9595 -0.237966 -0.929667 -0.281234
-33.0808 89.9959 18.0251 -0.124898 -0.961153 -0.244229
-32.9723 90.3082 16.8158 -0.0970737 -0.961518 -0.257023
-33.0235 90.8392 15.1155 0.0248635 -0.9543 -0.293541
-33.0879 91.1002 14.0957 0.0581189 -0.961346 -0.268282
-33.1338 91.3758 13.2042 0.0568502 -0.942863 -0.327642
-33.2377 91.7553 12.164 0.0529767 -0.935657 -0.348886
-33.153 92.233 10.8629 0.229024 -0.905484 -0.357277
-32.917 92.6546 9.93738 0.221388 -0.889879 -0.396204
-32.5853 93.2684 8.8503 0.277297 -0.87555 -0.395565
-32.0204 93.8971 7.91834 0.331888 -0.856224 -0.395894
-31.2795 94.4221 7.30054 0.318816 -0.878911 -0.354785
-30.5614 94.8908 6.8008 0.338897 -0.875292 -0.344982
-29.6552 95.4244 6.27481 0.330087 -0.89182 -0.309354
-28.6725 95.998 5.63157 0.311006 -0.903473 -0.2947
-27.8415 96.4104 5.21666 0.309354 -0.907912 -0.282837
-27.044 96.7737 4.88316 0.291677 -0.918403 -0.266703
-26.3035 97.145 4.43689 0.307401 -0.915291 -0.260282
-25.3777 97.6101 3.75934 0.242169 -0.942416 -0.230588
-24.4292 98.014 3.09614 0.232673 -0.944236 -0.232983
-23.5876 98.3889 2.51707 0.305056 -0.934588 -0.182993
-22.4747 98.9524 1.49915 0.289826 -0.934167 -0.206337
-21.7413 99.2287 0.73989 0.158751 -0.969335 -0.187582
-21.0963 99.4415 0.104645 0.126612 -0.979059 -0.158795
-20.1146 99.6792 -0.859018 0.0792731 -0.989371 -0.121907
-19.2986 99.8171 -1.50912 0.0681159 -0.988512 -0.134922
-18.5182 99.949 -2.08144 0.0473363 -0.988896 -0.13926
-17.6173 99.9934 -2.68824 -0.0121622 -0.997231 -0.0733713
-16.7853 100.023 -3.17171 -0.0140491 -0.998211 -0.0537452
-15.9343 100.011 -3.4585 -0.0807927 -0.994584 -0.0338459
-14.6616 99.8626 -3.76424 -0.144663 -0.987499 -0.0554458
-13.6455 99.692 -3.88088 -0.201303 -0.978067 -0.0300687
-12.6591 99.3326 -4.00878 -0.379962 -0.924981 -0.00615356
-11.8211 99.0072 -4.10808 -0.337027 -0.931891 0.133508
-10.7306 98.603 -4.10654 -0.344123 -0.927888 0.143538
-9.56211 98.1575 -4.04668 -0.369856 -0.907432 0.197346
-9.20762 97.8417 -4.83423 -0.369854 -0.90743 0.197357
-9.93167 98.0911 -5.51069 -0.414366 -0.90461 0.0999048
-10.7259 98.4379 -5.97013 -0.476992 -0.873332 0.0988257
-11.6378 98.8391 -6.44765 -0.400618 -0.908986 0.115104
-12.4686 99.1466 -6.76447 -0.376108 -0.924133 0.0672424
-13.5181 99.5278 -6.88144 -0.326692 -0.944385 0.0375368
-14.569 99.8788 -6.68692 -0.2952 -0.955172 0.0224218
-15.8035 100.16 -6.19903 -0.158122 -0.98695 -0.0304402
-16.9623 100.245 -5.47313 -0.0888266 -0.983414 -0.158133
-17.921 100.204 -4.88523 0.00160344 -0.991856 -0.107906
-18.8146 100.178 -4.23318 -0.000611533 -0.999171 -0.0407005
-19.6016 100.082 -3.60442 0.0262133 -0.994573 -0.0894385
-20.4495 99.993 -2.97577 0.0266793 -0.987199 -0.157245
-21.4062 99.7701 -2.18181 0.176168 -0.970122 -0.166819
-22.6042 99.4441 -1.44063 0.170888 -0.975514 -0.138452
-23.9728 98.9938 -0.632066 0.261403 -0.944891 -0.1971
-24.8573 98.6071 0.0851022 0.22467 -0.956144 -0.186102
-25.5127 98.3521 0.688909 0.199415 -0.961403 -0.189573
-26.142 98.0045 1.2495 0.272858 -0.932043 -0.236828
-26.9296 97.6267 1.89713 0.257037 -0.935959 -0.240651
-27.9052 97.0658 2.92499 0.265522 -0.927386 -0.263541
-28.6477 96.6955 3.45542 0.295265 -0.911835 -0.285248
-29.4342 96.2521 4.06158 0.306737 -0.906704 -0.289102
-30.0874 95.8353 4.63685 0.319934 -0.902221 -0.289204
-30.833 95.3472 5.31483 0.319823 -0.894314 -0.312898
-31.4633 94.8793 5.97546 0.328071 -0.884666 -0.331263
-32.1925 94.4302 6.45254 0.328571 -0.881389 -0.339292
-32.8999 94.016 6.82954 0.309595 -0.886899 -0.342166
-33.8731 93.5175 7.31674 0.291206 -0.888598 -0.353916
-34.783 93.1007 7.69496 0.257717 -0.902649 -0.344683
-35.9748 92.662 7.92745 0.271997 -0.897666 -0.346719
-37.4003 92.2739 7.78902 0.294427 -0.901585 -0.316787
-38.5713 92.0092 7.46557 0.274294 -0.910504 -0.309426
-39.6164 91.83 7.1171 0.193451 -0.958668 -0.208261
-40.4441 91.7383 6.67432 0.219545 -0.951456 -0.215711
-41.3108 91.7097 5.99333 0.231281 -0.946777 -0.22261
-42.0084 91.6893 5.26456 0.255985 -0.941714 -0.218265
-42.7233 91.7414 4.30168 0.283375 -0.924305 -0.25555
-43.1954 91.8059 3.49565 0.295565 -0.923194 -0.245672
-43.6891 91.9249 2.46659 0.309238 -0.916544 -0.253611
-43.9842 92.1305 1.49415 0.29402 -0.909214 -0.294404
-44.0698 92.3833 0.599892 0.283886 -0.914144 -0.289394
-44.338 92.6742 -0.544767 0.267813 -0.916469 -0.297254
-44.421 92.929 -1.4073 0.245337 -0.928207 -0.279615
-44.3424 93.2703 -2.42191 0.187052 -0.941972 -0.277674
-43.9736 93.578 -3.28287 0.196466 -0.945879 -0.25829
-43.7747 93.8394 -4.15791 0.15363 -0.948225 -0.272484
-43.4993 94.1696 -5.22372 0.0625182 -0.964515 -0.256521
-43.2457 94.4583 -6.36439 0.0306643 -0.979677 -0.197994
-42.8594 94.6509 -7.23399 0.0250981 -0.978315 -0.205596
-42.3604 94.8422 -8.26302 0.00289043 -0.98634 -0.164602
-41.8219 95.0162 -9.49814 -0.0140641 -0.994138 -0.107167
-41.5226 95.1145 -10.4351 -0.0115657 -0.994088 -0.107957
-41.2633 95.1307 -11.4755 -0.0176438 -0.999742 0.000542542
-40.9497 95.1545 -12.59 -0.00112768 -0.999439 -0.0334594
-40.6996 95.184 -13.4819 -0.0368159 -0.998173 -0.00156463
-40.4688 95.118 -14.6138 -0.0589681 -0.996959 0.0509393
-40.3304 95.0381 -15.634 -0.0627992 -0.994534 0.0827946
-40.2246 94.8922 -16.7682 -0.0611414 -0.977738 0.200722
-40.1626 94.6309 -17.982 -0.0791324 -0.960574 0.26175
-40.2362 94.2189 -19.2314 -0.0414002 -0.943689 0.328146
-40.2655 93.8539 -20.2737 -0.0319813 -0.943933 0.328584
-40.3318 93.4513 -21.0786 0.0117459 -0.875021 0.483942
-40.5769 93.0016 -21.8326 0.0133405 -0.822235 0.568908
-41.0364 92.4187 -22.675 0.00371615 -0.8233 0.567594
-41.6271 91.9343 -23.2096 0.0123484 -0.765387 0.642745
-42.8692 91.7153 -23.4457 0.0310482 -0.731562 0.681067
-43.0013 92.4064 -22.6644 0.0158284 -0.775574 0.630667
-42.9177 93.1239 -21.7114 -0.0284062 -0.814891 0.578871
-42.9144 93.6411 -20.9375 -0.0917442 -0.893635 0.439316
-43.0009 94.0576 -20.1084 -0.0892578 -0.895141 0.436738
-43.2873 94.5871 -18.9617 -0.105059 -0.920354 0.376711
-43.7667 95.0606 -17.8156 -0.134845 -0.955384 0.253725
-44.2785 95.3124 -16.9722 -0.162684 -0.975616 0.147332
-44.9501 95.5583 -16.0651 -0.137322 -0.980251 0.141702
-45.4644 95.6771 -15.1669 -0.188646 -0.982027 0.00597348
-45.6984 95.6836 -14.0774 -0.174468 -0.982539 -0.0646389
-45.7149 95.6269 -13.1713 -0.134979 -0.988829 -0.0447341
-45.6789 95.5314 -12.143 -0.0689089 -0.990686 -0.117442
-45.6307 95.4187 -11.2454 -0.0722788 -0.987362 -0.141036
-45.5593 95.2753 -10.2781 -0.0591956 -0.985551 -0.157308
-45.3704 95.0687 -9.28207 -0.0326639 -0.979792 -0.197335
-45.1089 94.7791 -7.99212 -0.0264711 -0.971455 -0.235229
-45.0702 94.3855 -6.56717 -0.0216884 -0.954095 -0.298716
-45.1123 94.0695 -5.41941 0.0969698 -0.959287 -0.265155
-45.1446 93.7782 -4.47546 0.106573 -0.939781 -0.324737
-45.1757 93.2934 -3.0661 0.130092 -0.934775 -0.330564
-45.3523 92.878 -1.88092 0.217234 -0.919016 -0.328968
-45.4346 92.5513 -1.02242 0.214555 -0.917595 -0.334581
-45.6848 92.1165 -0.0759955 0.281549 -0.89655 -0.340022
-46.1936 91.6474 0.813114 0.295946 -0.904289 -0.307696
-46.7093 91.2447 1.46847 0.304926 -0.897725 -0.317978
-47.4988 90.684 2.31252 0.433681 -0.875052 -0.214955
-48.233 90.1876 2.94956 0.404569 -0.89491 -0.188308
-49.045 89.6988 3.63573 0.432756 -0.894351 -0.113395
-49.7634 89.2896 4.31683 0.419398 -0.90636 -0.050486
-50.4609 88.9243 4.96096 0.426895 -0.902929 -0.0498011
-51.3884 88.5966 6.09972 0.404725 -0.910873 0.0760795
-52.2487 88.3045 7.18821 0.428829 -0.891844 0.131101
-53.1144 88.1131 8.28144 0.438721 -0.88336 0.164145
-53.7361 87.9479 9.11659 0.461744 -0.876417 0.132816
-54.531 87.6393 10.0102 0.506402 -0.84869 0.149218
-55.2552 87.3299 10.9133 0.528068 -0.839964 0.124271
-56.0912 86.9628 11.9238 0.540042 -0.825249 0.165283
-56.5681 86.6622 12.6889 0.624538 -0.773083 0.103501
-57.1463 86.2795 13.659 0.698651 -0.707769 0.104641
-57.6388 85.7281 14.5957 0.783414 -0.620274 -0.0390101
-58.0603 85.0356 15.7352 0.806317 -0.582597 -0.101903
-58.2563 84.4601 16.9401 0.826699 -0.532685 -0.18115
-58.2674 84.1154 17.8883 0.863617 -0.456955 -0.208224
-58.1172 83.8721 18.8179 0.868487 -0.426174 -0.25319
-57.8347 83.6991 19.9666 0.853014 -0.433612 -0.290429
-57.5716 83.5265 20.9331 0.834544 -0.435197 -0.337846
-57.3338 83.3249 21.7801 0.832379 -0.449345 -0.323777
-57.1208 83.0911 22.6278 0.811689 -0.473184 -0.342429
-56.8473 82.68 23.8939 0.789738 -0.512107 -0.336531
-56.6981 82.2983 24.7649 0.77542 -0.518632 -0.360202
-56.6258 81.7078 25.9047 0.751227 -0.555472 -0.354753
-56.6109 81.2329 26.7487 0.765255 -0.557057 -0.322602
-56.6252 80.6616 27.6646 0.754757 -0.561741 -0.338805
-56.6205 80.1501 28.5399 0.759005 -0.566415 -0.321069
-56.6637 79.6416 29.4764 0.678072 -0.657337 -0.324075
-56.6425 79.1865 30.3477 0.620107 -0.734409 -0.27588
-56.6464 78.7538 31.491 0.608251 -0.738049 -0.291411
-56.5604 78.3624 32.3115 0.567462 -0.705666 -0.424236
-56.1255 77.9498 33.6521 0.539212 -0.749252 -0.384541
-55.4176 77.7277 34.9271 0.469258 -0.764471 -0.442019
-54.9073 77.562 35.741 0.385886 -0.792786 -0.47114
-54.3549 77.3185 36.6444 0.29474 -0.86775 -0.400173
-53.8051 77.1737 37.3856 0.305069 -0.869917 -0.387529
-52.9719 77.0594 38.3573 0.240733 -0.914206 -0.325999
-52.2694 77.0236 38.954 0.17293 -0.881265 -0.439452
-50.8977 76.9093 39.682 0.175575 -0.86576 -0.468644
-49.9631 76.9646 39.9251 0.175338 -0.892074 -0.411659
-48.6577 77.2763 39.8188 0.143082 -0.894843 -0.421284
-47.6765 77.5699 39.5336 0.127284 -0.871102 -0.474321
-46.7883 77.8587 39.0968 0.0389218 -0.849695 -0.522465
-45.8146 78.3657 38.4491 -0.00532335 -0.824882 -0.562895
-45.1584 78.8685 37.8251 -0.0521852 -0.724269 -0.68754
-44.5953 79.3013 37.2349 -0.133979 -0.717584 -0.683464
-44.049 79.7895 36.5933 -0.156023 -0.729524 -0.665922
-43.5267 80.4387 35.7668 -0.172231 -0.681102 -0.711644
-43.0994 81.0062 35.1363 -0.21592 -0.652021 -0.726491
-42.6765 81.61 34.4166 -0.242884 -0.672521 -0.699087
-42.1719 82.1983 33.6866 -0.263195 -0.664961 -0.698556
-41.715 82.7279 33.0354 -0.293968 -0.64482 -0.704981
-41.2266 83.2286 32.4307 -0.296508 -0.592504 -0.749014
-40.3469 84.0468 31.4145 -0.289966 -0.617287 -0.72817
-39.8474 84.5412 30.7795 -0.243063 -0.660076 -0.710776
-39.1752 85.0751 30.0048 -0.251345 -0.647144 -0.718497
-38.4886 85.5927 29.2987 -0.220099 -0.676749 -0.7025
-37.6998 86.1305 28.5955 -0.245394 -0.596753 -0.763981
-37.1721 86.5956 28.0025 -0.258791 -0.66143 -0.702588
-36.8544 86.8147 27.6115 -0.286885 -0.718852 -0.633205
-36.1506 86.1841 27.9227 -0.308348 -0.682526 -0.662309
-36.814 85.6315 28.7029 -0.293682 -0.639378 -0.71044
-37.5236 85.117 29.4547 -0.220106 -0.676743 -0.702503
-38.3852 84.5067 30.2404 -0.251341 -0.64715 -0.718493
-39.0263 84.0054 30.8886 -0.294861 -0.578618 -0.760433
-39.6781 83.3855 31.619 -0.31724 -0.576042 -0.75308
-40.3023 82.8275 32.3609 -0.345809 -0.596566 -0.724241
-40.869 82.2657 33.083 -0.316828 -0.65101 -0.689786
-41.3934 81.6654 33.8759 -0.301453 -0.640233 -0.70586
-41.9859 80.9409 34.7491 -0.311964 -0.611823 -0.726875
-42.4285 80.2912 35.5138 -0.342395 -0.641051 -0.686891
-42.8277 79.7794 36.2196 -0.264662 -0.714219 -0.64773
-43.3202 79.1891 37.0196 -0.231035 -0.707382 -0.668007
-43.9631 78.7292 37.7709 -0.134441 -0.757149 -0.639258
-44.8837 78.0757 38.7641 -0.141532 -0.771028 -0.620874
-45.5623 77.7347 39.3798 -0.127835 -0.845262 -0.517156
-46.7689 77.3111 40.1217 0.0345105 -0.882238 -0.469537
-47.9661 76.9853 40.6104 0.107834 -0.899294 -0.423842
-49.0049 76.7256 40.8432 0.13953 -0.910371 -0.385703
-50.0206 76.5826 40.8868 0.16726 -0.923137 -0.345901
-51.1277 76.4991 40.6013 0.157112 -0.928059 -0.337671
-52.0618 76.4806 40.114 0.172358 -0.905056 -0.383462
-53.259 76.6092 39.3516 0.262242 -0.870568 -0.409669
-54.0311 76.6574 38.4995 0.310169 -0.890692 -0.332189
-54.7602 76.7495 37.6084 0.277357 -0.900823 -0.332916
-55.4145 76.9476 36.5727 0.359393 -0.844807 -0.396406
-55.9532 77.089 35.6853 0.393291 -0.83318 -0.388251
-56.3945 77.2491 34.9001 0.461062 -0.814951 -0.344562
-56.9835 77.3354 33.6463 0.521707 -0.780852 -0.338645
-57.2907 77.5649 32.6787 0.562521 -0.730122 -0.385547
-57.3587 78.0165 31.6819 0.668834 -0.695482 -0.26033
-57.4077 78.4413 30.4475 0.690725 -0.667063 -0.279151
-57.3531 78.836 29.6153 0.69469 -0.674153 -0.247245
-57.3116 79.2445 28.7456 0.716036 -0.644364 -0.26849
-57.2397 79.694 27.8668 0.745056 -0.593866 -0.297205
-57.2374 80.1788 27.0458 0.776861 -0.5444 -0.31641
-57.2128 80.7207 26.1738 0.775589 -0.546567 -0.315785
-57.2231 81.1993 25.3422 0.772251 -0.544237 -0.327773
-57.2774 81.6909 24.3898 0.799611 -0.516361 -0.306583
-57.4134 82.0071 23.5265 0.804056 -0.505579 -0.312864
-57.5865 82.2627 22.6687 0.807871 -0.489384 -0.327645
-57.827 82.5261 21.6537 0.830209 -0.463502 -0.309708
-58.1888 82.8055 20.2478 0.853321 -0.430016 -0.294839
-58.546 82.9966 18.8474 0.812703 -0.529655 -0.242858
-58.7535 83.2791 17.6083 0.87205 -0.426565 -0.23994
-58.7841 83.6747 16.6017 0.855491 -0.487088 -0.175725
-58.674 84.2206 15.4693 0.847115 -0.516083 -0.126708
-58.4168 84.7074 14.6974 0.800506 -0.596295 -0.060188
-58.0431 85.2665 13.8193 0.784099 -0.61956 -0.0365166
-57.5219 85.8233 12.8371 0.67869 -0.732023 0.0593539
-56.9545 86.2461 11.8061 0.665797 -0.741969 0.0787195
-56.2421 86.6556 10.7063 0.60008 -0.784873 0.154526
-55.6803 86.9318 10.0288 0.528072 -0.839961 0.124277
-54.9175 87.2558 9.20147 0.525104 -0.837235 0.152494
-54.3217 87.5108 8.5068 0.527556 -0.833476 0.163591
-53.6436 87.6839 7.56463 0.478569 -0.853254 0.207195
-52.7705 87.9816 6.40113 0.506528 -0.854702 0.11364
-52.2338 88.1879 5.7038 0.404726 -0.910873 0.0760798
-51.7184 88.3768 4.95655 0.431151 -0.899187 0.0746357
-51.1095 88.6431 4.22711 0.455494 -0.889997 -0.0128214
-50.4376 88.9823 3.58392 0.440969 -0.897435 -0.0125525
-49.7331 89.4176 2.98741 0.497206 -0.86375 -0.0819925
-49.0952 89.8459 2.42022 0.496401 -0.848521 -0.183297
-48.356 90.3921 1.77171 0.427043 -0.855532 -0.283789
-47.7974 90.9138 1.20067 0.420392 -0.83602 -0.352619
-47.1734 91.4536 0.408359 0.331247 -0.851011 -0.395202
-46.5681 92.092 -0.638744 0.240711 -0.893331 -0.379244
-46.3646 92.4859 -1.48952 0.25191 -0.899542 -0.356884
-46.2595 92.8328 -2.34401 0.192568 -0.909186 -0.366596
-46.1674 93.2155 -3.2327 0.12771 -0.935098 -0.330578
-46.1364 93.6036 -4.28414 0.10102 -0.936586 -0.335225
-46.1065 93.9286 -5.23038 0.0540055 -0.951123 -0.304053
-46.0671 94.2995 -6.29636 0.0469305 -0.940048 -0.337799
-46.0894 94.5859 -7.16808 -0.0216098 -0.968833 -0.246593
-46.2084 94.8781 -8.28377 -0.0301924 -0.967709 -0.250256
-46.4589 95.2296 -9.78877 -0.0408353 -0.977094 -0.207984
-46.5921 95.4665 -11.0872 -0.0591843 -0.985552 -0.157307
-46.6751 95.6122 -12.0625 -0.121543 -0.982056 -0.144197
-46.6758 95.7479 -13.0094 -0.123323 -0.986801 -0.104956
-46.7063 95.8582 -14.0111 -0.148894 -0.98467 -0.0847967
-46.5528 95.8236 -15.2483 -0.0804231 -0.996344 0.0288336
-46.1034 95.7029 -16.0785 -0.0889613 -0.987257 0.131942
-45.3893 95.4473 -17.0897 -0.108002 -0.968242 0.225482
-44.8275 95.166 -17.8814 -0.154682 -0.93847 0.308782
-44.3668 94.8301 -18.7078 -0.106807 -0.930506 0.347431
-44.1311 94.4536 -19.5187 -0.135831 -0.886122 0.442407
-43.8679 93.8063 -20.8006 -0.0892581 -0.895142 0.436736
-43.8686 93.2197 -21.6524 -0.0742639 -0.817628 0.570937
-43.884 92.5459 -22.4837 -0.0541497 -0.748487 0.660935
-43.9023 91.6363 -23.4662 0.0595702 -0.719729 0.691694
-43.7539 90.8406 -24.3008 0.0593146 -0.713974 0.697656
-42.6202 90.6073 -24.6552 0.0503853 -0.727449 0.683979
-41.3852 91.2247 -24.0623 0.0664551 -0.749631 0.658509
-40.5019 91.8289 -23.4224 0.0602599 -0.773593 0.630811
-39.798 92.5943 -22.4505 0.0577493 -0.838239 0.540006
-39.3732 93.3211 -21.3245 0.0048816 -0.871746 0.489935
-39.3101 93.8246 -20.2582 -0.0158816 -0.948279 0.316007
-39.3023 94.1423 -19.3391 -0.0411355 -0.949811 0.309571
-39.216 94.4741 -18.2422 -0.0577047 -0.95169 0.301108
-39.2273 94.7001 -17.2868 -0.0897588 -0.972996 0.212654
-39.3024 94.9343 -16.1776 -0.0691686 -0.988837 0.119613
-39.5061 95.0659 -14.5262 -0.0420652 -0.996902 0.0656011
-39.7028 95.1126 -13.5455 -0.0350849 -0.9986 0.0395763
-39.9215 95.153 -12.6567 -0.0448298 -0.998588 -0.0149327
-40.1922 95.124 -11.7496 -0.00208654 -0.999376 -0.0352513
-40.4337 95.108 -10.8272 -0.0563235 -0.994633 -0.056133
-40.6647 95.0185 -9.94634 -0.0695931 -0.989194 -0.129045
-41.1662 94.8779 -8.5437 -0.0429792 -0.987834 -0.144716
-41.7327 94.6829 -7.37686 -0.00677898 -0.988163 -0.150636
-42.1221 94.5091 -6.41268 0.0364983 -0.981027 -0.190402
-42.4806 94.231 -5.20643 0.0846364 -0.969296 -0.22798
-42.7922 93.9707 -4.10197 0.114048 -0.969507 -0.216099
-43.0397 93.7248 -3.06348 0.193995 -0.957853 -0.207909
-43.3426 93.3485 -1.85907 0.235415 -0.937098 -0.256868
-43.4649 93.0408 -0.956174 0.261546 -0.924491 -0.277325
-43.3706 92.7835 -0.000950619 0.263531 -0.926354 -0.269109
-43.0764 92.561 1.03003 0.318239 -0.903949 -0.284021
-42.9664 92.3212 1.92168 0.29402 -0.909214 -0.294404
-42.514 92.184 2.89459 0.294791 -0.920676 -0.255632
-41.8858 92.0938 3.95579 0.28337 -0.924308 -0.255543
-41.1126 91.9993 4.96631 0.247169 -0.935657 -0.249566
-39.945 92.0555 5.93528 0.312202 -0.894232 -0.320742
-39.0752 92.2347 6.35245 0.300766 -0.909818 -0.283709
-37.9964 92.4521 6.71075 0.307874 -0.892992 -0.328293
-37.118 92.6729 6.93014 0.30679 -0.892954 -0.329414
-36.258 92.9287 7.00295 0.289614 -0.899391 -0.327445
-35.4092 93.2445 6.85012 0.254671 -0.907666 -0.33335
-34.4377 93.6308 6.51446 0.251637 -0.912679 -0.322019
-33.5857 94.0547 6.12477 0.296007 -0.896497 -0.329656
-32.8931 94.4505 5.70921 0.323565 -0.884663 -0.335674
-32.2175 94.8925 5.17801 0.319265 -0.898086 -0.302433
-31.5995 95.2968 4.64675 0.319015 -0.902535 -0.289241
-30.8764 95.7473 4.0383 0.319474 -0.902381 -0.289212
-30.2141 96.1583 3.49365 0.320456 -0.901396 -0.291192
-29.1277 96.7651 2.68266 0.290384 -0.922656 -0.253739
-28.4463 97.1453 2.07657 0.279042 -0.927298 -0.249274
-27.7287 97.5674 1.26864 0.262538 -0.936406 -0.232195
-26.9179 97.9404 0.607794 0.272858 -0.932043 -0.236828
-26.1405 98.3633 -0.0442535 0.255336 -0.942825 -0.207043
-25.3858 98.6517 -0.744028 0.204732 -0.963131 -0.174539
-24.542 99.0291 -1.41431 0.254044 -0.940884 -0.223876
-23.5034 99.4185 -2.06449 0.22406 -0.956205 -0.188331
-22.6838 99.6541 -2.58737 0.125942 -0.97398 -0.188419
-21.6822 99.9272 -3.23265 0.141751 -0.974764 -0.170074
-20.892 100.128 -3.89853 0.0753161 -0.984146 -0.152945
-20.1709 100.179 -4.48137 -0.0413405 -0.990433 -0.131659
-19.3826 100.229 -5.04492 -0.025064 -0.980482 -0.19424
-18.5749 100.329 -5.59057 -0.00799694 -0.981406 -0.191775
-17.8037 100.413 -6.05405 -0.000309956 -0.978017 -0.207744
-17.0196 100.35 -6.55938 -0.113837 -0.992218 -0.0504379
-16.0515 100.238 -7.14125 -0.176038 -0.98359 -0.0395076
-15.0672 100.053 -7.53694 -0.304623 -0.938324 -0.163567
-14.1921 99.6942 -7.82287 -0.449925 -0.881449 0.0479171
-13.1796 99.3365 -7.87415 -0.29599 -0.95222 0.0752778
-12.2341 99.0136 -7.67069 -0.401203 -0.914118 0.0446721
-11.2287 98.5507 -7.30171 -0.417428 -0.904044 0.0851727
-10.3907 98.1312 -6.86507 -0.506284 -0.853063 0.126337
-9.44039 97.6689 -6.25663 -0.493295 -0.854628 0.159539
-8.45178 97.403 -5.4507 -0.361575 -0.909554 0.204354
-7.60769 97.3248 -4.2285 -0.381956 -0.893853 0.233674
-7.78432 97.7008 -3.14688 -0.367189 -0.895546 0.251336
-8.7786 98.069 -3.07664 -0.347169 -0.919438 0.184682
-9.85119 98.4327 -3.10294 -0.299205 -0.943353 0.136189
-10.6979 98.7343 -3.16563 -0.335753 -0.934204 0.120276
-11.81 99.1277 -3.1648 -0.32993 -0.935895 0.123479
-12.785 99.4872 -3.08672 -0.264731 -0.956934 0.0382109
-14.1659 99.7277 -2.89325 -0.163543 -0.98556 -0.0438696
-15.3667 99.91 -2.62593 -0.130616 -0.991386 -0.00963231
-16.4926 99.9527 -2.22465 0.00890296 -0.99809 -0.0580954
-17.5226 99.9186 -1.68828 0.00719382 -0.993254 -0.10849
-18.8162 99.7311 -0.635132 0.0473306 -0.988896 -0.139261
-19.8159 99.5716 0.2103 0.0922583 -0.988022 -0.120145
-20.6623 99.3506 1.0202 0.134202 -0.977096 -0.16326
-21.3436 99.1141 1.72237 0.158286 -0.971027 -0.178871
-21.998 98.8593 2.43661 0.186831 -0.962256 -0.197885
-22.9643 98.4386 3.30426 0.304853 -0.934763 -0.182433
-23.9223 98.0011 3.92964 0.300236 -0.931528 -0.205218
-24.7961 97.5887 4.55782 0.290737 -0.936187 -0.197552
-25.5177 97.2219 5.1047 0.311029 -0.916829 -0.250357
-26.3332 96.804 5.62556 0.31402 -0.914304 -0.25572
-27.4518 96.2719 6.09429 0.318992 -0.903174 -0.287249
-28.3394 95.7949 6.5848 0.325832 -0.900133 -0.289127
-29.1688 95.3105 7.13521 0.330234 -0.89471 -0.300732
-30.1124 94.7228 7.68449 0.373373 -0.864732 -0.335904
-30.8246 94.2439 8.17096 0.330939 -0.860909 -0.38439
-31.3503 93.7434 8.76552 0.306373 -0.855792 -0.416839
-31.8623 93.0204 9.81384 0.318483 -0.836429 -0.446043
-32.1405 92.474 10.8373 0.191784 -0.908783 -0.3702
-32.2828 92.0772 11.7137 0.179039 -0.902595 -0.391348
-32.1858 91.4451 13.1723 0.11772 -0.917241 -0.37418
-32.0821 91.0022 14.6649 0.0581183 -0.961346 -0.268282
-32.0051 90.6586 15.57 -0.0835001 -0.93373 -0.348103
-31.9643 90.3146 16.483 -0.080951 -0.936908 -0.339952
-32.0616 89.9927 17.418 -0.0784081 -0.940087 -0.331797
-32.1649 89.7189 18.2839 -0.214814 -0.931415 -0.293797
-32.2004 89.452 19.1632 -0.240633 -0.924154 -0.29549
-32.3419 89.1963 20.0337 -0.283706 -0.897669 -0.33712
-32.6556 88.9239 21.0302 -0.30854 -0.899875 -0.306235
-32.8315 88.6963 21.9011 -0.332976 -0.889889 -0.311809
-33.0609 88.4103 22.8667 -0.32417 -0.87216 -0.366392
-33.3947 88.0595 23.8329 -0.34781 -0.821965 -0.451
-33.6914 87.7244 24.6923 -0.368567 -0.808358 -0.459038
-34.1414 87.4121 25.6033 -0.337082 -0.764624 -0.540549
-34.7226 87.0356 26.3368 -0.267889 -0.749803 -0.605005
-35.3501 86.6895 27.0628 -0.291454 -0.716654 -0.631479
-35.9035 86.3593 27.6377 -0.289511 -0.682799 -0.670798
-35.3985 85.6375 28.1379 -0.301744 -0.671793 -0.676494
-36.0785 85.0187 28.9504 -0.293678 -0.639382 -0.710438
-36.8373 84.452 29.7257 -0.305464 -0.5785 -0.756326
-37.6706 83.8676 30.4863 -0.287654 -0.593404 -0.751749
-38.4742 83.242 31.2554 -0.282314 -0.582428 -0.762169
-39.2016 82.6002 32.0698 -0.286865 -0.6127 -0.736415
-39.9984 81.8408 33.0606 -0.32444 -0.627078 -0.707941
-40.5703 81.1459 33.951 -0.335375 -0.617707 -0.71131
-41.0174 80.5886 34.6277 -0.273618 -0.657723 -0.698596
-41.4758 79.9687 35.4379 -0.242397 -0.713847 -0.65673
-41.9976 79.1967 36.5229 -0.264665 -0.71422 -0.647728
-42.4699 78.6542 37.2867 -0.222199 -0.739313 -0.633415
-43.1079 78.3115 38.0858 -0.207271 -0.774624 -0.590795
-43.825 77.8228 38.8387 -0.138566 -0.770765 -0.621869
-44.6863 77.3032 39.807 -0.168475 -0.84486 -0.507767
-45.7207 77.0323 40.534 -0.0887979 -0.870175 -0.481998
-46.7243 76.8031 41.1754 -0.0632309 -0.891912 -0.447766
-47.701 76.5656 41.5701 0.10033 -0.908343 -0.405443
-49.1098 76.319 41.8981 0.0761264 -0.929512 -0.35982
-50.2749 76.1916 41.8509 0.130465 -0.927286 -0.350884
-51.1438 76.1305 41.6247 0.148536 -0.936041 -0.318764
-52.1363 76.117 41.1436 0.171695 -0.93899 -0.297639
-53.0014 76.1323 40.5891 0.201237 -0.936058 -0.288614
-54.101 76.1699 39.7195 0.219447 -0.919393 -0.326435
-54.9563 76.2557 38.834 0.253649 -0.914551 -0.31481
-55.5392 76.3391 38.0701 0.337743 -0.903177 -0.264953
-56.0036 76.4022 37.2691 0.34797 -0.904552 -0.244698
-56.4628 76.5329 36.4772 0.373893 -0.855879 -0.356119
-57.03 76.6573 35.4678 0.463848 -0.826647 -0.317861
-57.7504 76.6975 34.2005 0.51618 -0.818735 -0.242227
-58.0336 76.8842 32.9948 0.544711 -0.767229 -0.338598
-58.1642 77.1067 32.099 0.585349 -0.774558 -0.23964
-58.175 77.4756 31.0192 0.625232 -0.731853 -0.271064
-58.1407 78.0414 29.7437 0.667115 -0.69327 -0.268953
-58.0129 78.5476 28.5478 0.694693 -0.67415 -0.247244
-57.9204 79.137 27.4325 0.696725 -0.651844 -0.299457
-57.8405 79.5733 26.6342 0.699733 -0.654694 -0.285917
-57.8013 80.1325 25.7399 0.780615 -0.551623 -0.293857
-57.7831 80.6095 24.8929 0.790183 -0.534023 -0.299986
-57.8406 81.0037 24.0789 0.799467 -0.516301 -0.307059
-58.048 81.4092 22.8687 0.810975 -0.504282 -0.296055
-58.2322 81.6251 21.9409 0.822275 -0.486239 -0.294903
-58.5964 81.9435 20.5309 0.817097 -0.47523 -0.326356
-58.8687 82.1042 19.5503 0.821034 -0.490418 -0.292223
-59.1489 82.232 18.4975 0.807403 -0.532443 -0.253866
-59.3237 82.4048 17.6188 0.800882 -0.543218 -0.251513
-59.3369 82.8256 16.5284 0.812475 -0.546758 -0.202336
-59.2679 83.3762 15.2563 0.812237 -0.552739 -0.186322
-58.9751 83.9906 14.2735 0.816259 -0.57375 -0.0673195
-58.5771 84.6054 13.3627 0.798423 -0.600557 -0.0430266
-58.0943 85.1759 12.4046 0.748286 -0.661111 0.0547745
-57.7017 85.5514 11.5986 0.678105 -0.728128 0.0885949
-56.8985 86.0631 10.2457 0.633498 -0.760501 0.135009
-56.236 86.4212 9.39047 0.598377 -0.790919 0.12803
-55.4147 86.8237 8.53553 0.539664 -0.825871 0.161553
-54.7743 87.0662 7.76674 0.524896 -0.832166 0.178839
-54.0898 87.2645 6.72298 0.486249 -0.863766 0.132174
-53.3618 87.5443 5.74786 0.506338 -0.856042 0.103485
-52.8036 87.791 4.9586 0.523058 -0.849065 0.0741493
-52.299 88.0357 4.19979 0.477106 -0.874125 0.0743937
-51.7487 88.3155 3.52976 0.443541 -0.89414 -0.0615288
-50.8442 88.8397 2.6591 0.46208 -0.883678 -0.0747959
-50.0521 89.3998 1.99046 0.527726 -0.804907 -0.271349
-49.3907 89.9947 1.31966 0.453147 -0.848819 -0.271786
-48.7113 90.606 0.724304 0.494446 -0.812322 -0.309284
-48.2502 91.1601 0.169541 0.497692 -0.765002 -0.408747
-47.643 91.8381 -0.736334 0.245346 -0.897358 -0.366816
-47.3227 92.3487 -1.79042 0.223642 -0.897341 -0.379416
-47.2025 92.7649 -2.65068 0.207792 -0.891616 -0.402298
-47.1159 93.2785 -3.84312 0.210214 -0.912357 -0.351305
-47.1054 93.6754 -4.82731 0.171891 -0.9188 -0.35533
-47.0643 94.1277 -5.9865 0.18556 -0.917242 -0.352469
-47.0151 94.5104 -6.9015 0.00710052 -0.9236 -0.366944
-47.2201 94.913 -8.29804 -0.0578523 -0.95614 -0.285876
-47.4107 95.2387 -9.44091 -0.107554 -0.961001 -0.254772
-47.4729 95.4345 -10.3626 -0.122683 -0.976431 -0.176242
-47.5768 95.6308 -11.2908 -0.138783 -0.971918 -0.190039
-47.655 95.7678 -12.1957 -0.156171 -0.979639 -0.126164
-47.6576 95.9281 -13.7114 -0.0957088 -0.991841 -0.0842153
-47.6791 95.9689 -14.8758 -0.154089 -0.986216 0.0602934
-47.3711 95.8417 -15.9318 -0.138196 -0.983753 0.108128
-46.8313 95.6974 -16.7015 -0.101063 -0.988273 0.11447
-46.2764 95.4595 -17.5226 -0.143098 -0.9642 0.223251
-45.4659 95.0329 -18.5998 -0.151377 -0.937115 0.314485
-45.1027 94.7072 -19.3606 -0.166115 -0.897533 0.404588
-44.8729 94.1433 -20.3681 -0.135836 -0.886124 0.442401
-44.786 93.5292 -21.3496 -0.1017 -0.803319 0.586801
-44.8061 92.8008 -22.2833 -0.0813175 -0.75855 0.646521
-44.8506 92.0642 -22.9738 0.0351712 -0.596894 0.801549
-44.8543 91.2636 -23.7699 0.0586849 -0.725351 0.685825
-44.7342 90.4472 -24.6259 0.0528718 -0.717148 0.694913
-44.1289 89.8443 -25.2221 0.0459095 -0.674362 0.736973
-43.127 89.7385 -25.4214 0.0895135 -0.679955 0.72777
-41.5621 90.255 -25.1153 0.0762626 -0.681705 0.727642
-40.5003 90.8903 -24.5309 0.0649678 -0.750222 0.657987
-39.8478 91.3615 -24.0581 0.062614 -0.761909 0.644396
-39.2925 91.9389 -23.4294 0.112905 -0.773218 0.624008
-38.865 92.5144 -22.762 0.0860692 -0.82989 0.548815
-38.4809 93.0526 -21.9131 0.0853017 -0.88351 0.46058
-38.3152 93.5183 -21.0505 0.0602066 -0.875091 0.479111
-38.328 93.8683 -20.1434 0.00554867 -0.952471 0.304578
-38.3249 94.2177 -19.0036 0.000199144 -0.960899 0.276899
-38.2612 94.4925 -17.9587 -0.0521492 -0.98238 0.179472
-38.3071 94.7451 -16.6924 -0.0956552 -0.977077 0.188509
-38.4 94.9499 -15.5274 -0.0691688 -0.988837 0.119613
-38.5916 95.035 -14.3045 -0.0473475 -0.997288 0.0563393
-38.8422 95.0909 -13.01 -0.055133 -0.998454 0.00704755
-39.2394 95.091 -11.6173 -0.0421672 -0.997929 -0.0469085
-39.518 95.0499 -10.654 -0.029037 -0.994319 -0.0933712
-39.7704 94.9055 -9.53472 0.0388394 -0.993116 -0.0928738
-40.0453 94.8448 -8.67615 0.0771084 -0.996046 -0.0441134
-40.546 94.7204 -7.60055 0.0249342 -0.991626 -0.1255
-40.9934 94.5924 -6.62353 0.0221202 -0.986473 -0.158488
-41.4212 94.3624 -5.35302 0.0736724 -0.988043 -0.135436
-41.6664 94.1608 -4.38747 0.11797 -0.974204 -0.192376
-41.9767 93.8996 -3.13736 0.109439 -0.980831 -0.161225
-42.2438 93.6579 -2.06569 0.225569 -0.946827 -0.229429
-42.378 93.3664 -1.05722 0.226368 -0.940686 -0.252721
-42.2987 93.1265 -0.0270742 0.336855 -0.921748 -0.19212
-42.099 92.9605 0.967444 0.338458 -0.902947 -0.263539
-41.9163 92.6862 2.04682 0.347329 -0.893309 -0.285238
-41.5033 92.5621 2.90473 0.340258 -0.89021 -0.302903
-40.9679 92.4558 3.78545 0.323957 -0.894577 -0.30787
-40.253 92.4055 4.66044 0.312482 -0.896086 -0.315253
-39.2105 92.5292 5.33271 0.313775 -0.893893 -0.320158
-38.2272 92.7396 5.70809 0.308953 -0.893019 -0.327209
-37.2549 92.9649 6.01126 0.307869 -0.892996 -0.328286
-35.7937 93.4268 5.99023 0.277005 -0.910925 -0.305752
-34.8966 93.7949 5.6733 0.268393 -0.91058 -0.31422
-34.125 94.175 5.31148 0.295796 -0.896893 -0.328765
-33.3856 94.5974 4.84749 0.318255 -0.892599 -0.318754
-32.7379 94.9932 4.33804 0.315858 -0.90142 -0.29603
-32.1141 95.3896 3.80178 0.31585 -0.900381 -0.299254
-31.1271 95.9974 3.01659 0.316109 -0.900075 -0.299901
-30.3756 96.44 2.43082 0.292652 -0.921866 -0.254003
-29.488 96.9128 1.73328 0.289703 -0.923214 -0.25248
-28.7598 97.372 0.882472 0.279044 -0.9273 -0.249267
-27.8754 97.8247 0.0896246 0.242215 -0.93278 -0.266932
-27.1994 98.1297 -0.442538 0.262599 -0.933415 -0.242232
-26.3007 98.5329 -1.18534 0.216068 -0.960903 -0.173145
-25.4274 98.9263 -1.98718 0.258491 -0.932625 -0.25178
-24.3899 99.3455 -2.65136 0.213952 -0.954147 -0.209353
-23.4196 99.69 -3.31554 0.190179 -0.963458 -0.188627
-22.5826 99.9076 -3.83467 0.130768 -0.972181 -0.194142
-21.7629 100.119 -4.43228 0.105675 -0.976253 -0.18867
-20.9776 100.297 -5.11518 -0.0368277 -0.9844 -0.168001
-20.0644 100.402 -5.75892 -0.0372073 -0.978964 -0.200516
-19.1804 100.482 -6.34985 -0.025064 -0.980482 -0.19424
-18.1533 100.615 -6.94366 0.00736237 -0.974626 -0.223717
-17.2922 100.583 -7.53164 -0.223607 -0.954903 -0.195349
-16.2956 100.473 -8.06623 -0.187986 -0.961277 -0.201516
-15.4418 100.323 -8.43005 -0.284071 -0.945881 -0.156886
-14.4746 99.8879 -8.78887 -0.538017 -0.783073 -0.218201
-13.6186 99.4222 -8.94945 -0.347456 -0.867701 -0.26407
-12.7012 99.1673 -8.77123 -0.22762 -0.969351 -0.0861752
-11.7841 98.6786 -8.52539 -0.515753 -0.831722 -0.0558062
-10.9647 98.2736 -8.19526 -0.494202 -0.859152 0.132024
-10.025 97.7945 -7.67306 -0.506088 -0.853073 0.127047
-9.27886 97.4126 -7.18365 -0.543857 -0.825993 0.148176
-8.42122 97.0373 -6.50569 -0.499742 -0.81959 0.274271
-7.70768 96.7832 -5.78463 -0.532165 -0.790598 0.300288
-6.89103 96.7115 -4.59736 -0.561578 -0.763818 0.31814
-6.47649 96.8288 -3.78677 -0.554028 -0.734258 0.391704
-6.32739 97.2331 -2.73285 -0.472479 -0.82083 0.284838
-7.13516 97.7695 -2.13963 -0.291966 -0.88922 0.336392
-8.41984 98.1388 -2.096 -0.33927 -0.908698 0.238259
-9.55518 98.4975 -2.19141 -0.265025 -0.944485 0.194189
-10.506 98.7834 -2.21414 -0.330306 -0.936854 0.114902
-11.5779 99.1583 -2.26512 -0.334868 -0.935357 0.113886
-12.4479 99.3786 -2.21358 -0.146313 -0.987473 -0.0172328
-13.8029 99.6665 -1.99701 -0.23671 -0.971124 -0.0297701
-14.8325 99.8362 -1.75455 -0.123898 -0.992278 -0.00577801
-15.7147 99.937 -1.50248 0.0220869 -0.998257 -0.0547096
-16.8293 99.884 -0.971454 0.02099 -0.998237 -0.0555223
-17.9223 99.742 -0.0866929 0.0650236 -0.994359 -0.0837974
-18.641 99.6363 0.485743 0.0739236 -0.992732 -0.0949107
-19.5131 99.455 1.22711 0.107557 -0.983581 -0.144916
-20.3557 99.1946 2.1143 0.159583 -0.975572 -0.146773
-21.0293 98.9954 2.83963 0.19117 -0.971344 -0.136981
-21.8008 98.6926 3.62438 0.210692 -0.961258 -0.176997
-22.614 98.3323 4.25328 0.273164 -0.941195 -0.198831
-23.5835 97.8917 4.92177 0.291925 -0.933649 -0.207365
-24.3984 97.4849 5.5202 0.298361 -0.924148 -0.238602
-25.1741 97.0728 6.08487 0.313023 -0.915535 -0.252612
-25.9355 96.6943 6.48223 0.342222 -0.899139 -0.272824
-27.0843 96.1229 6.96605 0.320549 -0.901979 -0.289279
-27.854 95.7107 7.39396 0.328659 -0.897229 -0.294814
-28.8927 95.0726 8.13544 0.340296 -0.884194 -0.319557
-30.0768 94.3152 8.82239 0.381241 -0.869525 -0.313977
-30.6332 93.6924 9.54814 0.422046 -0.789862 -0.436837
-31.0637 92.8979 10.5658 0.290771 -0.834647 -0.467778
-31.2751 92.3093 11.6358 0.234963 -0.884388 -0.398466
-31.2647 91.9126 12.4514 0.0938172 -0.88822 -0.449737
-31.1886 91.4928 13.3033 0.0961952 -0.895525 -0.43449
-31.1625 91.0524 14.3475 -0.0590513 -0.944949 -0.318935
-31.0491 90.6909 15.2663 -0.0731885 -0.931112 -0.357315
-30.963 90.338 16.1799 -0.0809573 -0.936909 -0.339949
-31.0416 90.0078 17.0641 -0.185644 -0.903543 -0.386196
-31.1928 89.6755 17.9143 -0.18564 -0.903543 -0.386196
-31.2323 89.2756 18.8428 -0.227913 -0.907518 -0.347327
-31.3531 88.8872 20.0399 -0.280849 -0.900358 -0.332384
-31.6202 88.6517 20.8922 -0.279467 -0.895929 -0.345162
-31.8962 88.3699 21.8579 -0.291452 -0.897055 -0.332187
-32.0937 88.0544 22.8129 -0.351437 -0.844544 -0.404026
-32.4767 87.7008 23.8034 -0.329969 -0.82913 -0.451292
-32.832 87.2781 24.8178 -0.309089 -0.82456 -0.473883
-33.2482 86.9488 25.7017 -0.33708 -0.764623 -0.540551
-33.7874 86.6054 26.3647 -0.305482 -0.720988 -0.621979
-34.3562 86.2793 27.032 -0.319508 -0.693059 -0.644985
-34.892 85.967 27.5848 -0.301743 -0.671794 -0.676494
-34.3148 85.281 28.0293 -0.266768 -0.69173 -0.671077
-35.1284 84.6749 28.8936 -0.264066 -0.650119 -0.712471
-35.6509 84.1703 29.5102 -0.243436 -0.623511 -0.742949
-36.3263 83.6354 30.1734 -0.247903 -0.612734 -0.750333
-37.1478 83.1037 30.8949 -0.252662 -0.634332 -0.730201
-37.8976 82.5194 31.6501 -0.265041 -0.618521 -0.739719
-38.4871 82.0818 32.2335 -0.271962 -0.619659 -0.736247
-39.0055 81.5596 32.8941 -0.26305 -0.645998 -0.716583
-39.4092 81.0332 33.5369 -0.271906 -0.689069 -0.671753
-39.8603 80.5163 34.2501 -0.272137 -0.689089 -0.671638
-40.3688 79.8087 35.2177 -0.240926 -0.702944 -0.669197
-40.8479 79.0563 36.2546 -0.202455 -0.76647 -0.609538
-41.461 78.4248 37.2637 -0.199312 -0.77173 -0.603819
-41.9809 77.9546 38.0809 -0.245506 -0.804702 -0.540539
-42.6471 77.6631 38.8181 -0.175319 -0.800469 -0.568029
-43.2374 77.2493 39.4737 -0.129305 -0.843069 -0.512476
-43.7687 77.0087 40.1646 -0.154232 -0.890239 -0.428587
-44.4194 76.7878 40.747 -0.0963928 -0.890082 -0.445491
-45.2156 76.6395 41.2378 -0.0926142 -0.89574 -0.434748
-46.0683 76.386 41.9136 -0.0659637 -0.899265 -0.432044
-47.1572 76.2115 42.4732 -0.0686987 -0.906618 -0.416322
-48.0357 76.0802 42.6426 0.052182 -0.928614 -0.367323
-49.0881 75.924 42.8915 0.0523773 -0.930511 -0.3625
-50.0837 75.8437 42.8452 0.129257 -0.9285 -0.34811
-51.4104 75.7996 42.5076 0.124273 -0.936626 -0.326694
-52.411 75.7852 42.1042 0.141839 -0.947102 -0.286984
-53.2072 75.8137 41.5589 0.165565 -0.951151 -0.259905
-54.03 75.8078 41.0039 0.178784 -0.943932 -0.27754
-54.7405 75.8238 40.406 0.206988 -0.946419 -0.247886
-55.4407 75.8602 39.6462 0.237946 -0.926935 -0.290126
-56.1909 75.91 38.7199 0.327563 -0.907521 -0.26287
-56.7888 75.9511 37.7961 0.367937 -0.90243 -0.224149
-57.2497 76.048 36.7653 0.339633 -0.90481 -0.256842
-57.7158 76.103 35.8985 0.454639 -0.848673 -0.266026
-58.4178 76.0979 34.8015 0.477068 -0.825566 -0.301408
-58.7059 76.1606 33.7189 0.529324 -0.83027 -0.174323
-58.9304 76.3464 32.5678 0.593682 -0.75675 -0.273625
-59.029 76.6082 31.5979 0.585291 -0.774312 -0.240571
-58.9405 76.9386 30.7327 0.601129 -0.756365 -0.255657
-58.878 77.4978 29.3986 0.610916 -0.743489 -0.27198
-58.7823 77.8805 28.5501 0.608277 -0.747006 -0.268292
-58.6751 78.3397 27.5115 0.651191 -0.695476 -0.303749
-58.5702 78.7877 26.701 0.672186 -0.675281 -0.30358
-58.4155 79.4825 25.4427 0.708557 -0.636164 -0.300105
-58.389 79.9566 24.6386 0.735567 -0.593912 -0.325898
-58.4799 80.5351 23.2587 0.78141 -0.539566 -0.313474
-58.782 80.8341 21.8613 0.781827 -0.560808 -0.272473
-59.0096 81.0612 20.9218 0.753588 -0.564647 -0.336569
-59.3649 81.3003 19.6083 0.78805 -0.54481 -0.286254
-59.7968 81.5452 18.0331 0.780852 -0.559285 -0.276013
-59.9815 81.8073 16.7681 0.785884 -0.579596 -0.215416
-59.9523 82.1681 15.9256 0.788614 -0.574763 -0.218018
-59.9006 82.5659 14.9999 0.796184 -0.577608 -0.177411
-59.5401 83.2993 13.8182 0.779464 -0.615826 -0.11487
-59.0608 84.0398 12.8197 0.780841 -0.620188 -0.0751949
-58.694 84.5332 12.1059 0.752413 -0.656842 -0.00602821
-58.3313 84.8663 11.2166 0.711863 -0.69792 0.0784711
-57.8426 85.2557 10.2466 0.678104 -0.728129 0.0885921
-57.2978 85.6087 9.35599 0.644679 -0.758785 0.0929268
-56.3794 86.1283 8.30428 0.571072 -0.808245 0.14198
-55.704 86.4814 7.62847 0.542782 -0.827337 0.134368
-54.7867 86.824 6.22766 0.486772 -0.866424 0.105467
-54.097 87.0796 5.27786 0.475313 -0.876888 0.0717262
-53.5653 87.3027 4.48484 0.484698 -0.872621 0.0145821
-53.0438 87.6303 3.6069 0.471331 -0.881094 -0.0389966
-52.1755 88.168 2.59009 0.475215 -0.876654 -0.0729801
-51.1946 88.819 1.69085 0.465235 -0.850338 -0.245931
-50.5983 89.3163 1.17526 0.527902 -0.804825 -0.271249
-50.0137 89.9014 0.611421 0.479713 -0.823756 -0.2968
-49.4366 90.4558 0.0313659 0.503083 -0.754079 -0.422223
-48.8285 91.3886 -0.716768 0.442702 -0.702514 -0.557216
-48.4262 91.8505 -1.37505 0.288839 -0.883476 -0.368488
-48.1821 92.4959 -2.662 0.286633 -0.876135 -0.387594
-48.0992 92.9921 -3.61571 0.177761 -0.909598 -0.375542
-48.111 93.3663 -4.52782 0.175986 -0.910123 -0.375103
-48.0618 93.811 -5.66478 0.0670401 -0.895818 -0.424914
-48.0161 94.2422 -6.46714 -0.0614216 -0.886649 -0.458346
-48.0808 94.7158 -7.44208 -0.0362029 -0.940918 -0.332087
-48.3892 95.071 -8.4861 -0.0832729 -0.955417 -0.282704
-48.4245 95.4694 -9.90915 -0.100088 -0.966959 -0.231209
-48.5292 95.7337 -11.1722 -0.143527 -0.9649 -0.216267
-48.6516 95.9411 -12.1096 -0.193155 -0.970794 -0.1423
-48.6428 96.013 -13.1343 -0.155441 -0.986876 0.0437504
-48.6599 96.0829 -14.1416 -0.135696 -0.987352 -0.0812453
-48.6743 96.092 -15.3957 -0.14905 -0.987159 0.0574619
-48.1284 95.9065 -16.6522 -0.186445 -0.978509 0.0880769
-47.1766 95.5549 -17.8859 -0.20101 -0.965738 0.163593
-46.6877 95.3241 -18.6881 -0.223977 -0.947782 0.216867
-45.9564 94.739 -19.6047 -0.180363 -0.859408 0.477363
-45.7692 94.2505 -20.4787 -0.0998975 -0.839071 0.524552
-45.708 93.5505 -21.4106 -0.0409828 -0.795515 0.604546
-45.732 92.9677 -22.1618 0.0597338 -0.738085 0.662047
-45.7532 92.1204 -22.8691 0.0851993 -0.590193 0.802754
-45.8471 91.4369 -23.5101 0.051593 -0.728372 0.683237
-45.8568 90.6135 -24.3707 0.0510245 -0.716387 0.695835
-45.6817 89.8426 -25.1419 0.027098 -0.674656 0.737634
-45.114 89.3253 -25.6322 0.0368542 -0.666334 0.744683
-43.6889 88.9904 -26.0407 0.076905 -0.675013 0.733613
-42.5889 89.0761 -26.1007 0.100864 -0.677006 0.728937
-41.7212 89.3455 -25.9812 0.113257 -0.694914 0.709816
-40.6866 89.9056 -25.5771 0.112698 -0.709748 0.695383
-39.9555 90.3599 -25.2201 0.0934758 -0.74174 0.663561
-39.2823 90.7882 -24.8067 0.0943672 -0.758115 0.645223
-38.4798 91.5806 -24.0036 0.0998838 -0.757104 0.645613
-37.9371 92.3375 -23.1152 0.116815 -0.811022 0.573234
-37.5523 92.9734 -22.2298 0.0392594 -0.8695 0.489991
-37.2898 93.4814 -21.2905 0.0282827 -0.916639 0.388814
-37.3463 93.9829 -19.8031 -0.00515402 -0.950064 0.311738
-37.3629 94.2428 -18.8892 -0.0261301 -0.964112 0.264209
-37.3056 94.4814 -17.9156 -0.0234971 -0.977245 0.207613
-37.3394 94.6472 -17.006 -0.000768364 -0.983567 0.180535
-37.4539 94.8978 -15.6381 0.00175358 -0.983836 0.179063
-37.5581 94.9734 -14.7429 -0.0326915 -0.997431 0.0635107
-37.7211 95.0333 -13.8215 -0.031156 -0.998244 0.0491961
-37.9974 95.0734 -12.4371 -0.0134343 -0.999819 0.0134643
-38.2844 95.0589 -11.4618 -0.00349698 -0.998976 -0.045099
-38.5557 95.0127 -10.3931 -0.00140065 -0.998985 -0.0447755
-38.9626 94.9361 -8.8383 0.0423254 -0.996752 -0.0527139
-39.2965 94.7992 -7.81294 0.0406166 -0.991819 -0.121017
-39.6972 94.6861 -7.03838 0.0423834 -0.991321 -0.124441
-40.2043 94.5693 -5.90674 0.0952577 -0.990972 -0.0786993
-40.5078 94.4252 -4.99031 0.131323 -0.979784 -0.146241
-40.7345 94.197 -3.96867 0.133438 -0.97186 -0.194118
-40.9756 94.0275 -2.95693 0.168615 -0.981043 -0.0955214
-41.2285 93.8532 -2.05096 0.180541 -0.959264 -0.217294
-41.4327 93.6599 -1.12172 0.294587 -0.927252 -0.231132
-41.4197 93.457 -0.0931079 0.311909 -0.939929 -0.138735
-41.294 93.3034 0.771354 0.330183 -0.912684 -0.240804
-41.1165 93.1181 1.69895 0.374008 -0.880156 -0.292307
-40.5081 92.9192 2.96818 0.362255 -0.872549 -0.327765
-39.9973 92.8459 3.71587 0.350458 -0.874303 -0.335731
-39.2687 92.8678 4.39313 0.329768 -0.873692 -0.35745
-38.1258 93.1228 4.81617 0.346218 -0.859911 -0.375063
-37.2134 93.3666 5.09478 0.345039 -0.858966 -0.378319
-36.0996 93.6764 5.10062 0.218993 -0.895458 -0.387039
-35.2495 94.0243 4.72907 0.271038 -0.907216 -0.321711
-34.4646 94.3883 4.4167 0.297962 -0.896901 -0.326784
-33.7702 94.7661 3.91044 0.318771 -0.902298 -0.290247
-33.155 95.1741 3.32642 0.323647 -0.898275 -0.297246
-32.4011 95.625 2.80203 0.317576 -0.896735 -0.308166
-31.6597 96.0678 2.25654 0.310684 -0.90414 -0.292913
-30.7088 96.6084 1.46619 0.281272 -0.922079 -0.265813
-29.9482 97.03 0.792922 0.284044 -0.923052 -0.259409
-29.2173 97.4993 -0.088052 0.282022 -0.924881 -0.255067
-28.3512 97.9345 -0.786691 0.235713 -0.942541 -0.236762
-27.3318 98.3623 -1.47338 0.217878 -0.948859 -0.227424
-26.5266 98.7278 -2.33816 0.202337 -0.955242 -0.215806
-25.8396 99.0412 -2.85626 0.261757 -0.937372 -0.229021
-24.6805 99.4926 -3.59993 0.210642 -0.953464 -0.215724
-23.9959 99.7478 -4.14365 0.176682 -0.963583 -0.200729
-23.0953 100.02 -4.73549 0.154045 -0.970172 -0.187183
-22.1444 100.301 -5.50353 0.0955371 -0.973888 -0.20595
-21.2232 100.477 -6.17092 0.0309908 -0.98705 -0.157388
-20.3219 100.598 -6.72352 -0.0365804 -0.982805 -0.180984
-19.2174 100.706 -7.39412 -0.00291282 -0.976048 -0.21703
-18.1298 100.893 -8.07777 -0.0952671 -0.958745 -0.231226
-16.9549 100.765 -8.80249 -0.226062 -0.953145 -0.201003
-15.9025 100.618 -9.2739 -0.206262 -0.963617 -0.169995
-14.6244 100.394 -9.74469 -0.216876 -0.949351 -0.227373
-13.7029 100.036 -9.89489 -0.464825 -0.771035 -0.433698
-12.7141 99.3744 -9.76005 -0.367704 -0.834575 -0.396388
-11.5586 98.8341 -9.52554 -0.652014 -0.722827 -0.0721339
-10.8711 98.0938 -9.14099 -0.644542 -0.744145 0.0958409
-9.72966 97.4824 -8.50102 -0.515141 -0.84537 0.141348
-9.06417 97.0923 -8.02927 -0.56395 -0.811048 0.153162
-8.37068 96.7344 -7.50098 -0.569677 -0.802996 0.174189
-7.73452 96.4162 -6.87821 -0.563028 -0.774032 0.28961
-6.77643 96.0962 -5.81252 -0.586565 -0.749175 0.306056
-6.24947 96.0249 -5.04457 -0.587891 -0.736286 0.335062
-5.69758 96.1509 -3.91234 -0.569125 -0.728126 0.382006
-5.40849 96.4462 -2.93051 -0.55774 -0.738152 0.378322
-5.6641 97.3201 -1.56277 -0.470266 -0.7962 0.370873
-6.7036 97.9796 -1.16931 -0.398303 -0.848953 0.347005
-8.05104 98.3443 -1.11113 -0.217019 -0.915496 0.338776
-9.52157 98.6887 -1.25458 -0.185469 -0.952967 0.239698
-10.3752 98.9264 -1.29249 -0.296999 -0.935344 0.192155
-11.3834 99.1565 -1.36069 -0.261377 -0.958653 0.094896
-12.2393 99.3722 -1.28048 -0.101039 -0.994757 0.0157867
-13.1184 99.5377 -1.18932 -0.212406 -0.966498 0.143815
-13.9827 99.7559 -1.04327 -0.137348 -0.981916 0.07833
-14.8365 99.8155 -0.747794 -0.122284 -0.992144 -0.0264086
-15.6819 99.8801 -0.433853 0.023184 -0.998277 -0.0539033
-16.6627 99.8114 0.161542 0.053008 -0.995814 -0.0727462
-17.6136 99.6857 0.886484 0.0867879 -0.992597 -0.0849608
-18.4068 99.5704 1.53607 0.121643 -0.988857 -0.0769572
-19.0705 99.4115 2.1288 0.165659 -0.978833 -0.116194
-19.8407 99.1704 3.00491 0.144916 -0.981366 -0.126178
-20.5765 98.9259 3.77974 0.204921 -0.959474 -0.193418
-21.2618 98.6195 4.56747 0.22202 -0.953513 -0.202896
-22.2225 98.2458 5.21122 0.260823 -0.945671 -0.191935
-23.0291 97.8799 5.73552 0.304557 -0.924097 -0.230847
-24.011 97.3574 6.50174 0.306769 -0.920035 -0.243778
-24.8037 96.9286 7.04676 0.318974 -0.904834 -0.282013
-25.7961 96.4335 7.47543 0.34013 -0.894764 -0.289299
-27.016 95.8175 7.98317 0.318112 -0.901626 -0.293044
-27.9694 95.2227 8.69038 0.337679 -0.890681 -0.304402
-28.8776 94.6487 9.27197 0.341984 -0.873948 -0.345342
-29.7364 93.8894 9.99716 0.505687 -0.743923 -0.436875
-30.1464 93.0881 10.8276 0.444679 -0.701839 -0.556428
-30.2462 92.58 11.6312 0.210721 -0.853259 -0.477017
-30.2878 92.0944 12.4647 0.210296 -0.848011 -0.486469
-30.1892 91.5084 13.4421 0.10891 -0.858337 -0.494325
-30.1674 91.0504 14.4094 0.060898 -0.927528 -0.368739
-30.0517 90.689 15.3276 0.0617308 -0.92607 -0.372269
-30.0334 90.2514 16.1653 -0.0789953 -0.894399 -0.438605
-30.1122 89.7869 17.2262 -0.112452 -0.898132 -0.423685
-30.2381 89.3926 18.1322 -0.156242 -0.908581 -0.387387
-30.3333 88.7759 19.5759 -0.19809 -0.906675 -0.369081
-30.4945 88.5012 20.4396 -0.239988 -0.902303 -0.35713
-30.7899 88.1853 21.4064 -0.286646 -0.891235 -0.351474
-30.9642 87.8904 22.2432 -0.32319 -0.858421 -0.397882
-31.2675 87.5696 23.1372 -0.327262 -0.847253 -0.418357
-31.6567 87.2277 24.081 -0.310922 -0.83843 -0.447618
-31.9076 86.8905 24.8828 -0.352334 -0.796038 -0.492084
-32.351 86.5344 25.7446 -0.336941 -0.795185 -0.504134
-32.8834 86.189 26.4336 -0.285533 -0.737557 -0.611948
-33.4462 85.8602 27.0926 -0.273505 -0.714748 -0.642444
-33.998 85.5198 27.6573 -0.266774 -0.69173 -0.671074
-27.3863 96.8919 4.05329 0.276841 -0.925283 -0.258894
-27.2081 97.0437 3.70513 0.26552 -0.927384 -0.263549
-27.2469 97.0237 3.73636 0.26599 -0.926674 -0.265556
-26.6954 97.3728 3.0971 0.314849 -0.918658 -0.238614
-26.1525 97.7105 2.43663 0.276446 -0.934812 -0.222912
-25.4447 98.0452 1.92707 0.285008 -0.930153 -0.231485
-24.5535 98.3342 1.73221 0.225483 -0.942861 -0.245136
-24.4481 98.5634 0.873022 0.249937 -0.95088 -0.182642
-23.5442 98.9349 0.218529 0.245745 -0.948224 -0.200529
-22.5306 99.3029 -0.354679 0.200475 -0.963538 -0.17121
-21.4204 99.5445 -0.8144 0.145612 -0.977714 -0.150928
-22.2354 99.3151 -0.124546 0.149635 -0.973276 -0.173325
-23.01 98.9881 0.614231 0.245605 -0.952009 -0.182637
-23.68 98.675 1.18664 0.247074 -0.939875 -0.234059
-24.2238 98.397 1.78677 0.219765 -0.945825 -0.238995
-25.0777 98.0173 2.43505 0.231934 -0.942068 -0.242126
-26.0121 97.5987 3.09042 0.276654 -0.935604 -0.219335
-26.3164 97.4504 3.29848 0.314844 -0.918659 -0.238617
-16.2945 100.078 -4.48751 -0.0658341 -0.992185 -0.105212
-15.3279 99.9971 -4.84847 -0.118269 -0.991324 -0.0573574
-14.342 99.8455 -4.76363 -0.265067 -0.963024 0.0326971
-13.4318 99.6233 -4.8031 -0.273655 -0.959127 0.0587918
-12.5576 99.2834 -4.89883 -0.383549 -0.923393 0.015314
-11.9037 99.0262 -5.58427 -0.354322 -0.93323 0.0412595
-12.7712 99.3334 -5.88978 -0.340889 -0.937431 0.0595125
-13.6754 99.6302 -5.82521 -0.273656 -0.959127 0.0587918
-14.8454 99.9862 -5.65561 -0.206778 -0.973299 -0.02071
-15.7515 100.077 -5.12166 -0.169128 -0.981627 -0.0883439
-15.9803 100.062 -4.52145 -0.115576 -0.986384 -0.102895
-42.2539 95.177 -11.3117 -0.0861386 -0.995217 -0.0460758
-41.8394 95.2177 -12.8554 -0.0850566 -0.995016 -0.0520395
-41.5225 95.2144 -14.171 -0.0737422 -0.995904 0.0522557
-41.3637 95.1471 -15.2054 -0.0761919 -0.9941 0.0742653
-41.2541 95.0283 -16.3561 -0.0761997 -0.992167 0.0988078
-41.1544 94.7864 -17.7725 -0.128068 -0.977151 0.169627
-41.1475 94.4619 -18.6356 -0.0685195 -0.9357 0.344164
-41.2445 94.1013 -19.6828 -0.0563163 -0.943144 0.327084
-41.3299 93.9293 -20.2116 -0.0471858 -0.917237 0.387714
-41.3691 93.2923 -21.4149 -0.0391598 -0.878723 0.475724
-41.9424 92.9229 -21.9572 -0.0164145 -0.816964 0.576398
-41.8936 93.5108 -21.0545 -0.0306154 -0.884093 0.466099
-42.0956 94.064 -19.9864 -0.0471858 -0.917237 0.387714
-42.3526 94.5866 -18.6852 -0.115173 -0.920378 0.373685
-42.7079 94.9061 -17.8524 -0.0387218 -0.982837 0.180367
-43.1577 95.1269 -16.9591 -0.169742 -0.969654 0.17377
-43.8068 95.373 -16.0506 -0.162684 -0.975616 0.147332
-44.3491 95.4906 -15.1986 -0.132668 -0.990772 0.0230396
-44.7105 95.5468 -13.8201 -0.100409 -0.994671 -0.022764
-44.7363 95.5257 -12.8773 -0.0944774 -0.992913 -0.0618249
-44.6643 95.4163 -11.8482 -0.0872827 -0.991448 -0.0968
-44.6251 95.3006 -10.9052 -0.064346 -0.988548 -0.136501
-44.4138 95.0806 -9.58012 -0.0661511 -0.983787 -0.166693
-43.9173 94.8141 -8.19229 0.038239 -0.977389 -0.207964
-43.9141 94.6119 -7.23242 0.0410893 -0.979025 -0.199554
-43.4533 94.8228 -8.14785 0.0156019 -0.982133 -0.184643
-42.8883 95.0097 -9.31551 -0.000262938 -0.986958 -0.160835
-42.5898 95.1082 -10.2013 -0.0330834 -0.992562 -0.117162
-42.3333 95.1707 -11.0265 -0.0784925 -0.995677 -0.0489778
-43.0819 95.2549 -11.6207 -0.070847 -0.996137 -0.0518746
-43.6466 95.2144 -10.7724 -0.0437363 -0.992544 -0.113769
-43.6931 95.3211 -11.6828 -0.0939978 -0.991581 -0.0878399
-43.753 95.3748 -12.2609 -0.106916 -0.99097 -0.0809194
-43.7507 95.4268 -13.2174 -0.125852 -0.991307 -0.0383701
-43.7433 95.4516 -14.1713 -0.113741 -0.99307 0.00680517
-43.2157 95.3442 -15.2621 -0.134779 -0.990188 0.0369154
-42.5485 95.1476 -16.141 -0.164405 -0.975434 0.146628
-42.6061 95.2519 -15.5117 -0.14959 -0.982812 0.0917701
-42.3297 95.2603 -14.6162 -0.10929 -0.992216 0.059698
-42.7015 95.2999 -13.0298 -0.0837947 -0.995162 -0.0512923
-43.0356 95.263 -11.8399 -0.0888808 -0.993554 -0.0663974
-43.0571 95.2569 -11.6932 -0.0708469 -0.996137 -0.0518748
