-46.2989 91.1748 20.1621 0.0799642 -0.988313 -0.129783
-46.669 90.9773 21.2635 0.104564 -0.980884 -0.164111
-47.5835 90.7966 21.532 0.176941 -0.962102 -0.207487
-47.3628 91.0444 20.2661 0.151077 -0.978199 -0.141417
-46.7594 91.2383 19.2863 0.0765473 -0.99276 -0.0866902
-46.0153 91.2937 19.1639 0.0649304 -0.996282 -0.056615
-46.2633 91.1923 20.0502 0.0840708 -0.988775 -0.123271
-46.279 91.1849 20.0967 0.0799586 -0.988313 -0.129783
-45.3327 91.2122 20.4061 0.0519402 -0.990476 -0.127516
-45.0485 91.331 19.3462 0.0274906 -0.996224 -0.0823524
-45.2204 91.3813 18.1755 0.0454568 -0.998289 -0.0367885
-46.084 91.3765 17.6286 0.0564437 -0.996649 -0.0558689
-46.9361 91.2891 18.0164 0.0735291 -0.995907 -0.0522319
-47.6118 91.1768 18.7894 0.1488 -0.985656 -0.0751964
-48.2426 90.9666 19.8596 0.154328 -0.981624 -0.110874
-48.5433 90.7379 20.9344 0.17665 -0.971305 -0.159253
-48.3934 90.4645 22.3785 0.208939 -0.952168 -0.220779
-48.2305 90.2282 23.2943 0.207508 -0.93515 -0.287114
-47.8251 90.083 24.0463 0.207334 -0.927682 -0.310513
-47.17 90.4261 23.4155 0.157952 -0.945634 -0.279696
-46.5614 90.7058 22.6466 0.123767 -0.967262 -0.221554
-45.9732 90.9494 21.8127 0.0991928 -0.975861 -0.194568
-45.4288 91.1732 20.6698 0.0519403 -0.990476 -0.127516
-44.588 91.1559 21.1344 0.0481646 -0.989782 -0.134209
-44.1847 91.3062 19.9352 0.0385115 -0.995591 -0.0847808
-43.9648 91.4064 18.6073 0.0105621 -0.999131 -0.0401894
-44.2148 91.4361 17.7342 0.00946469 -0.999435 -0.0316911
-44.9446 91.4273 17.0653 0.0252143 -0.999663 -0.00616506
-46.4212 91.3787 16.4544 0.0405416 -0.999151 0.00728122
-47.7492 91.2361 17.4807 0.111172 -0.992376 -0.0429168
-48.3742 91.1044 18.2304 0.148809 -0.985655 -0.0751934
-49.0392 90.8893 19.2718 0.166643 -0.981275 -0.0965907
-49.3981 90.7053 20.0982 0.191274 -0.970503 -0.14676
-49.4971 90.5205 21.0305 0.257091 -0.945438 -0.197375
-49.3761 90.3175 21.9854 0.235185 -0.943077 -0.235148
-49.1762 90.0517 23.141 0.226048 -0.932701 -0.281018
-48.9539 89.7675 24.1881 0.243769 -0.915817 -0.319148
-48.7308 89.3851 25.3747 0.255781 -0.887399 -0.383534
-47.9958 89.4251 25.7155 0.208432 -0.890771 -0.40366
-46.951 90.0334 24.721 0.185967 -0.925481 -0.330002
-45.9395 90.5888 23.3905 0.132837 -0.958552 -0.252055
-45.3731 90.8507 22.5619 0.0785768 -0.974277 -0.211211
-44.9116 91.0491 21.8064 0.0675303 -0.983013 -0.166344
-44.733 91.1077 21.4383 0.0481692 -0.989783 -0.134201
-43.9228 91.067 21.9777 0.0402469 -0.989545 -0.138496
-44.4893 90.827 22.9601 0.0575285 -0.97509 -0.21422
-45.1083 90.5404 23.8752 0.0645868 -0.952992 -0.29603
-45.7632 90.1788 24.781 0.0976554 -0.932067 -0.348687
-46.3913 89.8163 25.5506 0.111708 -0.918722 -0.377527
-47.0778 89.3707 26.2743 0.158155 -0.892404 -0.422614
-47.9406 88.7765 27.1323 0.222673 -0.878036 -0.423639
-48.7281 88.1086 27.9284 0.296066 -0.80954 -0.506489
-49.203 88.2378 27.4148 0.303937 -0.82786 -0.470919
-49.4756 88.79 26.1793 0.318396 -0.851393 -0.415968
-49.7002 89.1716 25.1604 0.317246 -0.864431 -0.389993
-49.8977 89.4768 24.2816 0.320619 -0.873852 -0.365494
-50.0931 89.7653 23.2911 0.277397 -0.920321 -0.272688
-50.2486 89.9915 22.2663 0.311516 -0.916999 -0.24914
-50.3731 90.2259 21.248 0.317789 -0.916075 -0.244449
-50.3048 90.5346 19.6847 0.255109 -0.952202 -0.16802
-49.8095 90.8035 18.659 0.21825 -0.972676 -0.0733933
-49.2605 90.9676 17.8384 0.18968 -0.979425 -0.0689083
-48.4996 91.1733 16.9072 0.193918 -0.979768 -0.0459275
-47.8879 91.2402 16.217 0.108135 -0.994119 0.00590212
-47.1995 91.3113 15.5812 0.105281 -0.994294 0.0145858
-46.2242 91.3825 15.3233 0.0424301 -0.999099 -9.98137e-05
-45.3225 91.4207 15.7586 0.0470871 -0.998876 -0.00211499
-44.5291 91.4432 16.2019 0.025426 -0.999657 -0.00627733
-43.7262 91.4575 16.6627 0.0154501 -0.99983 -0.0100966
-43.098 91.4507 17.4859 0.00729862 -0.999632 -0.0261164
-42.9997 91.4124 18.6802 0.0138299 -0.998991 -0.0425128
-43.1965 91.3574 19.9122 0.0294975 -0.996992 -0.0651536
-43.5707 91.1945 21.1539 0.0198589 -0.991883 -0.125593
-43.6279 91.1708 21.3216 0.0402476 -0.989544 -0.138501
-42.6514 91.1798 21.4307 -0.00288147 -0.989504 -0.14448
-42.9882 91.0367 22.2758 0.00413466 -0.971553 -0.236779
-43.6903 90.7089 23.5324 0.0238807 -0.96391 -0.26495
-44.2616 90.4416 24.3655 0.0557224 -0.954181 -0.293996
-44.9431 90.0527 25.2958 0.059263 -0.925376 -0.37439
-45.6655 89.6238 26.1759 0.0920587 -0.906405 -0.412256
-46.3197 89.2163 26.8839 0.158745 -0.887334 -0.432792
-46.9111 88.7991 27.5021 0.168183 -0.877731 -0.448522
-47.521 88.3674 28.0836 0.176593 -0.867008 -0.465954
-48.2479 87.6693 28.8636 0.277861 -0.813386 -0.510773
-48.8526 87.0487 29.5307 0.266526 -0.791698 -0.549172
-49.3317 86.5131 30.0263 0.29089 -0.772138 -0.564966
-49.7674 86.2248 30.1811 0.322154 -0.734029 -0.597845
-49.9996 86.784 29.2691 0.332619 -0.800101 -0.499201
-50.1036 87.4201 28.1765 0.330624 -0.812118 -0.480458
-50.1913 87.9121 27.2725 0.350807 -0.810611 -0.468461
-50.4103 88.4416 26.139 0.364552 -0.817312 -0.446032
-50.5961 88.7846 25.2824 0.320622 -0.864479 -0.387139
-50.8064 89.1172 24.3444 0.339899 -0.87225 -0.350796
-50.9681 89.3836 23.4813 0.356716 -0.881513 -0.307842
-51.1392 89.6401 22.4459 0.332917 -0.904568 -0.264765
-51.3118 89.9082 21.1916 0.32406 -0.915151 -0.239758
-51.3217 90.2317 19.7022 0.324177 -0.931059 -0.165974
-50.9477 90.5139 18.6441 0.259042 -0.958617 -0.112135
-50.4635 90.6996 17.8755 0.254233 -0.964628 -0.0686763
-49.8964 90.8806 17.138 0.218419 -0.975401 -0.0226698
-49.2912 91.0249 16.4398 0.189858 -0.981506 -0.00833189
-48.3226 91.1873 15.2805 0.143697 -0.988924 0.00893194
-47.4714 91.2565 14.4384 0.0951834 -0.995051 0.0272845
-46.4634 91.3353 14.1348 0.0878504 -0.99556 0.0337968
-45.6128 91.4108 14.5272 0.0421101 -0.998012 0.0303118
-44.7423 91.446 15.0078 0.0381096 -0.998976 -0.0177366
-43.8656 91.4769 15.4892 0.0158731 -0.998912 -0.0263669
-42.8682 91.457 15.9986 0.0218974 -0.999338 0.0134327
-42.1821 91.4805 16.7545 0.00637272 -0.997933 -0.0639464
-41.9965 91.4259 17.8912 -0.0120436 -0.999739 -0.0143416
-42.0297 91.4243 18.8179 0.00527869 -0.999462 -0.0219815
-42.1671 91.3632 19.7229 -0.0103986 -0.996799 -0.0792643
-42.5751 91.2162 21.1801 0.0131027 -0.990561 -0.135181
-42.6318 91.188 21.3742 -0.00288147 -0.989504 -0.14448
-41.6973 91.1391 21.6904 -0.00825145 -0.989894 -0.141432
-42.0367 90.971 22.5683 0.00586831 -0.971355 -0.237561
-42.4731 90.7544 23.4081 -0.0187389 -0.952034 -0.305383
-42.9797 90.5172 24.1886 -0.0232554 -0.952241 -0.30446
-43.5559 90.1993 25.0741 0.0106047 -0.933361 -0.358531
-44.0958 89.8984 25.7873 0.0452322 -0.925403 -0.376277
-44.669 89.5754 26.4654 0.0308907 -0.892401 -0.450025
-45.3338 89.1428 27.2287 0.0668846 -0.889653 -0.451712
-46.2415 88.5155 28.1977 0.0924295 -0.868033 -0.487798
-46.8295 88.0954 28.8443 0.0873904 -0.848595 -0.520122
-47.4031 87.5267 29.431 0.207005 -0.801513 -0.560849
-48.0696 86.9212 30.0821 0.233497 -0.79483 -0.558325
-48.7885 85.9608 31.0378 0.292328 -0.754455 -0.586413
-49.3082 85.2082 31.6896 0.325592 -0.7378 -0.591304
-50.1799 84.4124 32.2117 0.317859 -0.729036 -0.606194
-50.2519 84.9115 31.5483 0.31868 -0.745783 -0.585022
-50.6143 85.3396 30.7953 0.385252 -0.696254 -0.603986
-50.8056 85.9186 29.9664 0.389242 -0.737477 -0.549313
-50.8932 86.3911 29.1974 0.412346 -0.766581 -0.492264
-50.9541 86.8672 28.405 0.418277 -0.768133 -0.484686
-51.0548 87.442 27.378 0.41871 -0.777927 -0.46852
-51.2116 87.8575 26.5319 0.421601 -0.781129 -0.460533
-51.4612 88.3488 25.3806 0.416034 -0.82412 -0.381414
-51.6649 88.6419 24.4411 0.455213 -0.811778 -0.365538
-51.8674 88.9717 23.4923 0.461847 -0.805092 -0.372108
-52.0628 89.2896 22.308 0.377356 -0.887997 -0.262801
-52.2235 89.5851 21.0928 0.384191 -0.885636 -0.26072
-52.2788 89.7722 20.1835 0.37549 -0.910218 -0.174559
-52.2114 89.9704 19.2777 0.370129 -0.912864 -0.172289
-51.8989 90.2341 18.3939 0.351621 -0.925661 -0.137767
-51.3928 90.4563 17.5444 0.292468 -0.954787 -0.0533402
-50.5151 90.7377 16.4107 0.244309 -0.969697 0.0012006
-49.8961 90.8975 15.6468 0.251649 -0.967768 -0.00989081
-49.2384 91.0091 14.8639 0.167064 -0.983986 0.0621434
-48.6134 91.067 14.1794 0.154978 -0.986446 0.0481782
-47.8471 91.1727 13.4433 0.131251 -0.990256 0.0351833
-47.1018 91.229 12.918 0.10478 -0.994112 0.0276026
-46.0558 91.3115 13.1665 0.0290586 -0.998591 0.03393
-45.1319 91.374 13.7199 0.0600338 -0.995933 0.0611456
-44.0787 91.5001 14.2966 0.0692044 -0.996397 0.0144929
-43.0092 91.497 14.8376 0.0239354 -0.998101 -0.0567517
-42.1255 91.5172 15.2471 0.0533971 -0.996861 -0.0584615
-41.4156 91.5398 15.8032 0.0552058 -0.997614 -0.0405764
-41.0345 91.4738 17.1498 0.0310286 -0.997574 -0.0623231
-41.0293 91.4305 18.0579 0.0132949 -0.999905 0.00360186
-41.1177 91.3923 19.2972 -0.0121527 -0.998203 -0.0586859
-41.3192 91.3143 20.3043 -0.0167448 -0.993624 -0.111493
-41.6256 91.1689 21.4702 -0.0136211 -0.990285 -0.138384
-40.6559 91.111 21.6137 -0.0653769 -0.984714 -0.161446
-40.9887 90.948 22.5725 -0.0458624 -0.966282 -0.253367
-41.3853 90.7393 23.4044 -0.0165629 -0.958497 -0.283629
-42.1902 90.3352 24.6974 -0.0187419 -0.952031 -0.305392
-42.8072 89.9563 25.6626 -0.0401477 -0.918279 -0.393894
-43.6116 89.4851 26.6978 0.00498541 -0.894682 -0.446378
-44.405 89.012 27.5874 0.0407011 -0.889025 -0.456045
-45.0881 88.5338 28.3646 0.0368931 -0.858898 -0.510816
-46.0583 87.8276 29.3625 0.0861082 -0.827012 -0.55555
-46.6559 87.3293 29.9888 0.207008 -0.801509 -0.560853
-47.1847 86.8278 30.5498 0.199323 -0.817423 -0.540454
-47.6748 86.2742 31.1326 0.26146 -0.761352 -0.592913
-48.1161 85.6589 31.7046 0.260727 -0.744361 -0.614775
-48.7902 84.6612 32.614 0.256682 -0.735239 -0.627326
-49.3588 83.7593 33.2699 0.313281 -0.657975 -0.684781
-50.0637 83.3243 33.3893 0.294528 -0.66388 -0.687398
-50.9828 83.8178 32.4111 0.406472 -0.67858 -0.611808
-51.336 84.3856 31.4818 0.429974 -0.715907 -0.550091
-51.5266 84.8548 30.7053 0.413602 -0.701328 -0.578094
-51.7025 85.5637 29.694 0.476863 -0.708757 -0.519459
-51.7775 86.1161 28.8388 0.472384 -0.725722 -0.500084
-51.8483 86.7325 27.8035 0.458376 -0.754643 -0.469474
-51.9536 87.1519 27.0044 0.468455 -0.761231 -0.448404
-52.1584 87.5957 26.0424 0.470103 -0.759131 -0.450248
-52.4418 88.0607 24.7628 0.476944 -0.800581 -0.362759
-52.6375 88.4014 23.7618 0.467395 -0.804392 -0.366738
-52.8303 88.7407 22.7422 0.470615 -0.80975 -0.350467
-53.0738 89.0962 21.4846 0.424434 -0.864253 -0.266926
-53.209 89.3184 20.5092 0.385762 -0.895959 -0.216189
-53.1741 89.5509 19.362 0.391746 -0.904967 -0.166031
-52.9496 89.8187 18.37 0.36516 -0.919282 -0.146899
-52.3591 90.149 17.2713 0.354715 -0.93327 -0.0564357
-51.6177 90.4276 16.2688 0.288559 -0.957462 3.27976e-05
-50.9879 90.6174 15.458 0.266433 -0.96358 0.000623929
-50.428 90.7611 14.7671 0.257489 -0.96623 0.00992516
-49.7852 90.868 14.0393 0.194492 -0.978961 0.0617181
-48.9542 90.969 13.1489 0.181176 -0.981885 0.0540308
-48.1787 91.0623 12.3767 0.18491 -0.980665 0.0640723
-47.4206 91.1369 11.7415 0.145368 -0.987137 0.0665425
-46.4085 91.2593 11.6618 0.0853164 -0.995359 0.0429724
-45.4977 91.3236 12.3177 0.0560387 -0.998033 -0.00375193
-44.4463 91.4209 13.0072 0.111866 -0.993708 0.00548203
-43.2734 91.523 13.6377 0.0630892 -0.99661 -0.0224741
-42.4533 91.5761 14.0447 0.0639579 -0.995983 -0.0614765
-41.461 91.6015 14.4947 0.0557352 -0.995858 -0.0717851
-40.5983 91.6158 14.9986 0.0575396 -0.99618 -0.0656843
-40.1886 91.5849 15.8475 0.0258719 -0.997393 -0.0669708
-40.0602 91.5179 16.8609 0.0120153 -0.998079 -0.0597651
-40.0604 91.4549 18.1072 -0.00487947 -0.997474 -0.0678158
-40.1355 91.3742 19.2378 -0.0288386 -0.997585 -0.0631932
-40.3416 91.2663 20.4235 -0.0541457 -0.992779 -0.107045
-40.5888 91.1553 21.3162 -0.052976 -0.984562 -0.166294
-39.6964 91.0347 21.7981 -0.0405757 -0.984408 -0.171156
-39.4285 91.1668 20.8283 -0.058686 -0.991523 -0.11592
-39.188 91.2906 19.547 -0.0828463 -0.991781 -0.0974998
-39.0879 91.4117 18.31 -0.0640673 -0.993101 -0.0982087
-39.0884 91.5474 16.6829 -0.00167844 -0.997653 -0.0684479
-39.278 91.6286 15.1969 0.00508457 -0.999239 -0.03867
-39.7792 91.6861 14.2083 -0.0310286 -0.997243 -0.0674102
-40.6972 91.6949 13.7603 0.0467252 -0.997591 -0.0312072
-41.6678 91.6552 13.3437 0.0359222 -0.999343 -0.00211717
-42.6455 91.6172 12.8968 0.0492123 -0.998688 0.0061761
-43.5443 91.5234 12.4021 0.122672 -0.992447 -0.000570235
-44.4141 91.4185 11.9034 0.0971116 -0.995114 -0.00366434
-45.364 91.3455 11.1659 0.103064 -0.994095 0.0163574
-46.3345 91.192 10.3148 0.105663 -0.993134 0.0455896
-47.1956 91.0617 10.2383 0.145196 -0.987059 0.0679802
-47.9778 90.9836 10.8406 0.189566 -0.978327 0.0833103
-48.8229 90.8854 11.6033 0.188688 -0.978422 0.0841852
-49.5789 90.791 12.3792 0.216871 -0.973221 0.0762096
-50.4129 90.6887 13.2893 0.203826 -0.974861 0.0899995
-51.2272 90.5257 14.2368 0.306082 -0.951912 0.0133497
-52.1456 90.2514 15.4135 0.330166 -0.943266 0.0201156
-52.9196 89.9737 16.4612 0.367553 -0.929433 -0.0127057
-53.4347 89.7373 17.1623 0.368323 -0.92872 -0.0426328
-53.8489 89.4869 17.9891 0.449213 -0.885877 -0.111343
-54.1081 89.126 19.4371 0.488135 -0.844948 -0.200776
-54.0711 88.9047 20.3117 0.497419 -0.835249 -0.234377
-53.9581 88.658 21.3578 0.467029 -0.831261 -0.30027
-53.7495 88.3971 22.3286 0.468989 -0.816014 -0.337467
-53.5054 88.0109 23.5155 0.467321 -0.805843 -0.363631
-53.3174 87.6622 24.5133 0.464129 -0.80237 -0.375216
-53.0981 87.2905 25.4833 0.570896 -0.718765 -0.396805
-52.8185 86.761 26.7686 0.466796 -0.763334 -0.446567
-52.681 86.2676 27.7378 0.467882 -0.741365 -0.480699
-52.6002 85.4714 28.9403 0.587045 -0.649696 -0.482834
-52.4793 84.7809 29.945 0.550463 -0.649576 -0.524444
-52.3143 84.1804 30.8665 0.561461 -0.652253 -0.509241
-52.1028 83.6841 31.7355 0.560544 -0.653794 -0.508271
-51.4947 82.9889 32.8949 0.437924 -0.619431 -0.651524
-50.7254 82.4866 33.8777 0.434441 -0.626922 -0.646626
-49.3916 82.569 34.3845 0.287958 -0.650426 -0.70287
-48.6725 83.2938 33.9523 0.219579 -0.662621 -0.715676
-48.2339 83.9692 33.477 0.149349 -0.679303 -0.7185
-47.6522 84.9429 32.6717 0.148464 -0.683032 -0.71514
-47.2574 85.5702 32.1375 0.102985 -0.738182 -0.665796
-46.774 86.1715 31.5124 0.115207 -0.758902 -0.640932
-46.1933 86.762 30.8493 0.0950041 -0.797679 -0.595552
-45.6055 87.2717 30.2053 0.0561343 -0.817932 -0.57257
-44.9368 87.7971 29.5203 0.0529274 -0.818084 -0.572658
-44.3584 88.2322 28.9244 0.0339906 -0.859783 -0.509517
-43.7962 88.6148 28.276 -0.0679152 -0.846087 -0.528701
-42.9051 89.1689 27.2865 -0.0378955 -0.876164 -0.480521
-42.2001 89.592 26.4501 -0.0256281 -0.905934 -0.42132
-41.7189 89.9158 25.6765 -0.0114111 -0.918497 -0.395264
-41.1896 90.2109 24.9101 -0.0410337 -0.925479 -0.376569
-40.6996 90.4615 24.1462 -0.0565738 -0.944838 -0.322271
-40.1237 90.7786 22.9994 -0.0758848 -0.957347 -0.278796
-39.7622 90.9977 22.0266 -0.0591211 -0.980248 -0.187094
-39.7193 91.0206 21.8848 -0.0405813 -0.984408 -0.171153
-38.8081 90.8964 22.1487 -0.106732 -0.975499 -0.1897
-38.5151 91.0406 21.1262 -0.135813 -0.974911 -0.17636
-38.2405 91.1823 19.7601 -0.0994842 -0.987025 -0.126035
-38.1428 91.2828 18.8358 -0.0781487 -0.988941 -0.12605
-38.0897 91.4388 17.5184 -0.0494946 -0.990539 -0.127999
-38.1215 91.5533 16.5745 -0.004107 -0.997867 -0.0650129
-38.2303 91.6175 15.5449 -0.00653554 -0.998081 -0.061578
-38.3744 91.6607 14.5837 0.00760129 -0.999368 -0.0343524
-38.7181 91.6925 13.6835 -0.00514335 -0.998594 -0.0527629
-39.4636 91.7283 13.1906 0.0244987 -0.999642 0.0107559
-40.6136 91.6895 12.77 0.0359582 -0.999324 0.00374009
-41.8488 91.6511 12.2193 0.0359223 -0.999343 -0.00211701
-42.9338 91.5798 11.653 0.0381577 -0.9988 -0.00184539
-43.7864 91.5163 11.1307 0.125761 -0.991449 -0.0348216
-44.6862 91.4038 10.4393 0.103064 -0.994095 0.016357
-45.5917 91.2671 9.60006 0.124523 -0.991914 0.0245279
-46.2701 91.1371 8.92519 0.158939 -0.986993 -0.0241588
-47.2187 90.9821 8.96386 0.221627 -0.973757 -0.00636903
-48.2641 90.8428 9.80104 0.186757 -0.979126 0.0802139
-49.1431 90.7344 10.5649 0.188969 -0.978671 0.0805372
-49.8948 90.645 11.3199 0.208406 -0.975101 0.0748407
-50.6409 90.5302 12.0707 0.216405 -0.973712 0.0708871
-51.5433 90.3316 13.1307 0.336264 -0.936637 0.0981766
-52.4048 90.1272 14.1467 0.327292 -0.942298 0.0541995
-53.1226 89.8553 15.2322 0.404898 -0.913594 0.0308468
-53.9224 89.5634 16.2111 0.4032 -0.913891 0.0463816
-54.5742 89.1705 17.3382 0.45555 -0.887163 -0.0731346
-54.944 88.8892 18.3261 0.449219 -0.885874 -0.111344
-54.9527 88.5972 19.3292 0.536129 -0.80329 -0.259403
-54.8835 88.3626 20.2795 0.541159 -0.814033 -0.210424
-54.7575 88.1109 21.4238 0.536065 -0.784961 -0.310597
-54.5177 87.7993 22.4717 0.602734 -0.696043 -0.389744
-54.2357 87.2721 23.8106 0.609895 -0.686919 -0.395183
-54.0255 86.9611 24.7106 0.618574 -0.690402 -0.374904
-53.7662 86.5032 25.9595 0.566101 -0.718095 -0.404662
-53.5602 86.0496 26.9191 0.650188 -0.593742 -0.474053
-53.4514 85.5155 27.813 0.653248 -0.624334 -0.428338
-53.4 84.9695 28.6508 0.596471 -0.64815 -0.473166
-53.3265 84.481 29.4063 0.608263 -0.638335 -0.471747
-53.2166 83.9436 30.1971 0.563833 -0.639458 -0.522672
-52.9642 83.2 31.4107 0.558414 -0.656181 -0.507544
-52.7169 82.7921 32.2103 0.510939 -0.6333 -0.574851
-52.2144 82.2664 33.0997 0.455649 -0.629753 -0.629123
-51.6998 81.888 33.8117 0.418159 -0.65959 -0.624345
-50.8936 81.558 34.6829 0.367224 -0.637388 -0.672951
-49.9019 81.462 35.2229 0.310734 -0.682338 -0.66171
-48.9638 81.8796 35.17 0.259305 -0.643363 -0.720309
-48.013 82.826 34.594 0.1615 -0.672093 -0.72264
-47.3231 83.8107 33.8179 0.153668 -0.681442 -0.715558
-46.7055 84.8082 32.9672 0.104215 -0.69436 -0.712042
-46.2587 85.4908 32.3512 0.0907612 -0.717461 -0.690661
-45.8132 86.0808 31.7925 0.104926 -0.771644 -0.626971
-45.1613 86.6731 31.0709 -0.0264499 -0.755735 -0.649764
-44.5946 87.134 30.4443 -0.0030181 -0.804217 -0.594329
-43.8535 87.7021 29.711 -0.028522 -0.821297 -0.567028
-43.1986 88.1566 28.9204 -0.0847323 -0.833557 -0.545851
-42.5732 88.5657 28.2688 -0.0171835 -0.83206 -0.55442
-41.9443 88.9585 27.5943 -0.0547552 -0.876342 -0.478265
-41.3432 89.3817 26.7247 -0.0721417 -0.877156 -0.474752
-40.8381 89.7208 26.0236 -0.0735888 -0.894941 -0.438187
-40.2037 90.0576 25.1328 -0.0885034 -0.9132 -0.397672
-39.633 90.3614 24.1885 -0.0933121 -0.938585 -0.332193
-39.1712 90.6449 23.2004 -0.0785067 -0.956447 -0.281125
-38.9089 90.8385 22.4656 -0.0764795 -0.966694 -0.241075
-37.9677 90.6696 22.6524 -0.146408 -0.963175 -0.225519
-38.401 90.3626 23.8405 -0.0927848 -0.938511 -0.332547
-38.808 90.1095 24.6684 -0.0951372 -0.926396 -0.362833
-39.2589 89.8351 25.417 -0.0969626 -0.914208 -0.393473
-39.7908 89.577 26.1414 -0.0735809 -0.894942 -0.438185
-40.4194 89.1472 26.9955 -0.0777468 -0.865222 -0.495325
-40.8727 88.7877 27.7071 -0.08806 -0.868541 -0.487698
-41.5792 88.3265 28.4819 -0.0784997 -0.790191 -0.607813
-42.2212 87.9226 29.1163 -0.0888048 -0.831929 -0.54773
-42.7526 87.5601 29.7531 -0.0901311 -0.832003 -0.547399
-43.3407 87.0816 30.4055 -0.163068 -0.70841 -0.686313
-44.0438 86.5505 31.1099 -0.154999 -0.677267 -0.719225
-44.701 85.952 31.7953 -0.0918759 -0.71232 -0.695815
-45.1594 85.4291 32.3797 -0.0767181 -0.698967 -0.711027
-45.6144 84.8373 33.0379 -0.00892831 -0.691649 -0.718033
-46.1706 83.9674 33.8134 0.0512646 -0.708321 -0.704026
-46.6052 83.3028 34.3957 0.0753914 -0.668983 -0.739212
-47.1423 82.6047 34.9875 0.037994 -0.684683 -0.72785
-47.8213 81.8505 35.5387 0.179768 -0.656036 -0.733008
-48.4487 81.2875 35.9031 0.205412 -0.717853 -0.664186
-49.2946 80.8127 36.1161 0.239851 -0.719744 -0.65149
-50.529 80.6412 35.7763 0.311127 -0.690477 -0.652937
-51.3061 80.7832 35.247 0.407557 -0.683136 -0.605989
-52.1692 81.0828 34.348 0.418165 -0.659595 -0.624337
-52.8487 81.5178 33.3917 0.490431 -0.64992 -0.579083
-53.2623 81.8648 32.6353 0.547218 -0.591663 -0.59202
-53.5942 82.2696 31.8532 0.58341 -0.612674 -0.533163
-53.8522 82.8742 30.8327 0.613849 -0.610597 -0.500361
-54.0323 83.5843 29.7078 0.689561 -0.569215 -0.447772
-54.1183 84.2076 28.7362 0.627908 -0.633298 -0.452399
-54.1924 84.8483 27.6915 0.633594 -0.649523 -0.420333
-54.2575 85.3253 26.87 0.663489 -0.586416 -0.464298
-54.4797 85.8635 25.8534 0.678873 -0.582144 -0.447409
-54.7344 86.3017 24.7552 0.618574 -0.690402 -0.374904
-55.0315 86.6652 23.5998 0.668256 -0.627296 -0.39658
-55.2852 87.1403 22.4616 0.602739 -0.696041 -0.38974
-55.5625 87.5564 21.2224 0.626343 -0.694451 -0.353605
-55.6882 87.8209 20.138 0.598404 -0.780661 -0.180224
-55.7656 88.0226 19.2256 0.594138 -0.766621 -0.2435
-55.7633 88.408 17.8851 0.609597 -0.767701 -0.197552
-55.4214 88.7686 16.8866 0.485093 -0.863554 -0.137691
-54.87 89.1119 15.8941 0.46715 -0.883248 0.0334203
-54.2549 89.3637 15.1669 0.403191 -0.913895 0.046377
-53.6872 89.5863 14.3482 0.41444 -0.909995 0.0121958
-53.1668 89.796 13.5917 0.39298 -0.913998 0.0882615
-52.2831 90.0074 12.5919 0.360108 -0.926196 0.110953
-51.4303 90.2166 11.5802 0.333836 -0.938376 0.0894628
-50.4281 90.4234 10.4899 0.272501 -0.947276 0.160277
-49.7271 90.5047 9.81918 0.259253 -0.961095 0.0953068
-49.0483 90.6146 9.21723 0.274247 -0.95048 0.146197
-48.1439 90.7225 8.47333 0.233154 -0.967774 0.0599641
-47.2372 90.9807 7.70164 0.285259 -0.957025 0.0339909
-46.2725 91.1627 7.4802 0.17217 -0.984996 -0.0118397
-45.6285 91.264 8.11402 0.170485 -0.984876 -0.0308883
-44.9247 91.3709 8.88973 0.187582 -0.981967 -0.0234861
-44.2701 91.4813 9.53624 0.187673 -0.981977 -0.0223419
-43.3162 91.6051 10.2891 0.0975646 -0.993139 -0.0231465
-42.5507 91.6104 10.7758 0.0196827 -0.999461 -0.0262877
-41.5772 91.6509 11.3058 0.0637512 -0.997707 0.0227119
-40.6325 91.7047 11.7376 0.0578195 -0.99747 -0.033908
-39.6269 91.7569 12.1164 0.04311 -0.996005 -0.0782059
-38.5656 91.7925 12.4375 0.0927025 -0.991854 -0.0873559
-37.6322 91.7809 13.0905 0.041878 -0.986349 -0.159253
-37.451 91.6651 14.1323 -0.0325892 -0.999066 -0.0283721
-37.2959 91.614 15.1685 -0.0449846 -0.996683 -0.0678121
-37.1686 91.5455 16.1032 -0.0694113 -0.991104 -0.104319
-37.0949 91.3963 17.0915 -0.0990047 -0.986432 -0.130319
-37.1328 91.2737 18.1303 -0.106905 -0.986674 -0.122662
-37.2308 91.115 19.4563 -0.105987 -0.986071 -0.128181
-37.3712 91.0023 20.453 -0.109309 -0.986042 -0.125588
-37.7247 90.8221 21.8432 -0.124697 -0.972418 -0.19297
-37.8562 90.7405 22.2774 -0.146408 -0.963175 -0.225518
-36.893 90.5552 22.3644 -0.168131 -0.958158 -0.231656
-36.644 90.7196 21.5065 -0.160368 -0.967852 -0.188361
-36.3931 90.8343 20.6039 -0.17238 -0.967329 -0.185162
-36.2126 91.0043 19.3842 -0.132845 -0.982046 -0.133936
-36.1663 91.1402 18.3208 -0.123358 -0.984847 -0.121897
-36.1121 91.382 16.9025 -0.00558034 -0.982212 -0.176443
-36.2229 91.5246 15.8366 0.0256796 -0.992316 -0.118079
-36.3806 91.6161 14.8034 0.0326094 -0.995816 -0.0853661
-36.4978 91.7162 13.9114 0.0276841 -0.99127 -0.127329
-36.5914 91.9046 12.8419 0.0849487 -0.965404 -0.246535
-36.8825 92.0878 11.8683 0.0945882 -0.982803 -0.158591
-38.1101 91.9842 11.5385 0.180658 -0.971564 -0.151941
-39.0261 91.849 11.3077 0.139134 -0.979891 -0.128359
-40.498 91.7811 10.7686 0.0741751 -0.994168 -0.0782839
-41.4618 91.6942 10.3034 0.128903 -0.99084 -0.0402551
-42.4453 91.6436 9.72636 0.0304493 -0.999254 -0.0181411
-43.6492 91.6008 8.83112 0.0480761 -0.997988 -0.0316325
-44.3493 91.5 8.12409 0.187483 -0.981959 -0.0246239
-44.9435 91.4036 7.4444 0.178989 -0.983417 -0.0277642
-45.7855 91.2766 6.32467 0.229821 -0.967093 -0.105302
-46.5901 91.0963 5.96791 0.25455 -0.963797 -0.0793741
-47.4498 90.8328 6.59267 0.300434 -0.951298 0.0690722
-48.327 90.611 7.33393 0.309496 -0.948012 0.0731727
-49.1899 90.4028 8.08386 0.274647 -0.951933 0.13562
-50.0157 90.2721 8.801 0.308634 -0.936332 0.162297
-50.8073 90.1279 9.58745 0.328845 -0.92431 0.192467
-51.6749 90.0015 10.4966 0.310529 -0.9409 0.135202
-52.4006 89.8291 11.3196 0.360306 -0.927817 0.0966211
-53.0368 89.6597 12.0598 0.359003 -0.928178 0.097992
-53.6967 89.4818 12.7929 0.360109 -0.926196 0.110953
-54.2382 89.288 13.5635 0.46051 -0.885032 0.0681869
-54.7683 89.0596 14.3343 0.490364 -0.868258 0.0663169
-55.4571 88.7766 15.2378 0.46714 -0.883254 0.0334133
-56.0527 88.3857 16.2274 0.620653 -0.782375 0.051757
-56.4867 87.8246 17.4183 0.720047 -0.677137 -0.151713
-56.5765 87.5447 18.3825 0.74854 -0.643114 -0.154495
-56.5155 87.3506 19.396 0.779526 -0.608487 -0.148603
-56.4175 87.1572 20.4237 0.701097 -0.616279 -0.345186
-56.1796 86.7724 21.532 0.762581 -0.54503 -0.348408
-55.9827 86.4259 22.4109 0.735255 -0.559308 -0.382851
-55.7139 86.0111 23.4847 0.668258 -0.627293 -0.396583
-55.4047 85.5949 24.6553 0.754357 -0.526262 -0.392143
-55.1857 85.2539 25.5718 0.71894 -0.558794 -0.409627
-54.9965 84.7741 26.5292 0.656143 -0.618675 -0.432109
-54.9022 84.207 27.4965 0.695347 -0.574314 -0.432037
-54.8237 83.7138 28.2785 0.695544 -0.574389 -0.431621
-54.7535 83.1373 29.156 0.696414 -0.572401 -0.432857
-54.662 82.5653 30.0729 0.687471 -0.591276 -0.421635
-54.5267 82.0775 30.9774 0.650656 -0.600938 -0.461
-54.3383 81.6299 31.7518 0.562146 -0.656418 -0.503098
-53.8079 80.9923 33.121 0.53377 -0.650752 -0.539583
-53.1745 80.5743 34.1327 0.457954 -0.675891 -0.575203
-52.6612 80.3305 34.8831 0.416712 -0.708583 -0.567712
-51.7395 80.0533 35.8047 0.372408 -0.701959 -0.60684
-50.9458 79.8796 36.3993 0.309307 -0.700538 -0.643098
-50.0932 79.8755 36.7955 0.264097 -0.698825 -0.664748
-48.8456 80.2377 36.9109 0.217906 -0.704725 -0.673468
-48.0546 80.661 36.6646 0.168242 -0.712581 -0.681119
-47.0511 81.4619 36.0657 0.062926 -0.678561 -0.731844
-46.3804 82.1831 35.4332 0.0513312 -0.702185 -0.710142
-45.8134 82.9066 34.7843 -0.0875896 -0.617001 -0.782073
-45.3442 83.5662 34.1954 -0.121755 -0.638117 -0.760225
-44.9091 84.2189 33.5707 -0.124093 -0.645156 -0.753895
-44.4556 84.8441 32.891 -0.115831 -0.70542 -0.699261
-43.9019 85.4806 32.1397 -0.138163 -0.703235 -0.697404
-43.2053 86.0939 31.377 -0.142305 -0.70709 -0.692656
-42.4635 86.6993 30.6022 -0.161831 -0.699838 -0.695728
-41.7821 87.2605 29.8216 -0.20854 -0.731301 -0.649392
-40.7712 87.9032 28.8431 -0.149581 -0.75089 -0.64324
-40.0268 88.4722 27.9877 -0.157778 -0.758353 -0.632461
-39.3387 88.9749 27.0604 -0.16784 -0.852904 -0.494352
-38.6447 89.4006 26.1689 -0.124013 -0.826862 -0.548561
-38.0505 89.7603 25.2506 -0.132999 -0.914592 -0.381881
-37.4483 90.1679 24.0148 -0.163256 -0.928278 -0.332104
-37.1443 90.3865 23.1764 -0.194696 -0.929577 -0.313017
-37.0753 90.4405 22.9731 -0.18176 -0.943872 -0.272064
-36.1635 90.1919 23.1895 -0.195008 -0.939344 -0.282142
-36.4721 89.9638 24.0671 -0.163056 -0.93831 -0.304937
-37.0047 89.5293 25.2108 -0.239943 -0.856454 -0.456826
-37.4446 89.2513 25.9819 -0.241265 -0.831624 -0.497522
-38.0988 88.8262 26.8918 -0.227693 -0.809392 -0.541331
-38.8278 88.3388 27.8194 -0.205298 -0.787632 -0.580937
-39.4051 87.8791 28.5427 -0.15902 -0.757879 -0.632718
-40.2154 87.3096 29.4011 -0.141287 -0.750768 -0.645279
-40.9006 86.8697 30.0606 -0.170145 -0.69172 -0.697825
-41.668 86.2269 30.8636 -0.216828 -0.671954 -0.707074
-42.2117 85.7642 31.458 -0.202761 -0.701174 -0.683552
-42.7519 85.3268 32.067 -0.172532 -0.704132 -0.688105
-43.5067 84.5518 33.0287 -0.125331 -0.71134 -0.691449
-43.919 83.9671 33.6205 -0.126785 -0.647338 -0.751584
-44.4658 83.1193 34.4254 -0.122108 -0.63326 -0.764245
-45.0407 82.3395 35.2005 -0.0617924 -0.704055 -0.707452
-45.5501 81.7415 35.864 -0.0786822 -0.70125 -0.708042
-46.0837 81.2263 36.3946 0.00459735 -0.688038 -0.721247
-46.8779 80.5414 36.995 0.0709147 -0.717421 -0.693021
-47.7397 79.9965 37.4375 0.169682 -0.710808 -0.682607
-48.9587 79.4031 37.7477 0.217902 -0.704728 -0.673466
-50.0762 79.1646 37.5988 0.229465 -0.734272 -0.638898
-51.0108 79.1541 37.1998 0.315837 -0.727888 -0.608626
-51.7815 79.2307 36.7152 0.294946 -0.766599 -0.569994
-52.5005 79.4027 36.0903 0.372405 -0.701958 -0.606844
-53.1937 79.6163 35.3957 0.410877 -0.718783 -0.558506
-53.882 79.9233 34.4059 0.446016 -0.715484 -0.537729
-54.4276 80.2544 33.4347 0.493136 -0.70736 -0.506417
-54.8564 80.6204 32.5058 0.520008 -0.699114 -0.489653
-55.1731 81.1611 31.4059 0.579258 -0.648901 -0.493342
-55.3115 81.5813 30.5224 0.629489 -0.668015 -0.396863
-55.4061 82.017 29.7047 0.662946 -0.622971 -0.414944
-55.4467 82.4797 28.9198 0.681295 -0.599727 -0.418619
-55.5127 83.2017 27.7681 0.722538 -0.567161 -0.393523
-55.5898 83.6966 26.9862 0.735281 -0.537582 -0.412756
-55.649 84.1573 26.1256 0.783364 -0.510192 -0.355028
-55.8797 84.6436 25.0073 0.773038 -0.492135 -0.400269
-56.1835 85.0875 23.8571 0.756333 -0.517225 -0.400547
-56.4737 85.5063 22.7471 0.758737 -0.523605 -0.3875
-56.7023 85.8422 21.8271 0.776002 -0.515215 -0.363635
-56.9018 86.2218 20.8126 0.762584 -0.545027 -0.348405
-57.0721 86.4989 19.7869 0.809967 -0.529824 -0.251476
-57.2188 86.7197 18.4334 0.770578 -0.61106 -0.18115
-57.1899 87.1061 17.1687 0.741326 -0.659364 -0.12518
-56.9475 87.5408 16.3297 0.741934 -0.662429 -0.100092
-56.427 88.0827 15.2067 0.586732 -0.809273 0.0257565
-55.8554 88.4553 14.3183 0.534527 -0.839504 0.0696998
-55.2218 88.7653 13.4219 0.479497 -0.875677 0.0499038
-54.4968 89.0413 12.3941 0.464361 -0.879539 0.103826
-53.9009 89.2361 11.6675 0.430335 -0.887792 0.160403
-53.1124 89.449 10.7743 0.445601 -0.878369 0.172938
-52.5284 89.6127 10.1009 0.445014 -0.87728 0.179706
-51.8629 89.706 9.37501 0.350454 -0.903414 0.247034
-51.0345 89.8608 8.52213 0.341978 -0.928896 0.141029
-50.3045 90.0175 7.83697 0.329755 -0.935019 0.130391
-49.4004 90.2207 7.0031 0.317244 -0.94621 0.0620596
-48.7198 90.4159 6.40612 0.314425 -0.948036 0.0486383
-47.7463 90.8005 5.55833 0.270494 -0.960337 -0.0671545
-46.7001 91.1779 4.67749 0.287685 -0.95079 -0.113163
-45.6316 91.5113 4.65108 0.286751 -0.948083 -0.137526
-45.0948 91.54 5.5542 0.220667 -0.966303 -0.132533
-44.5647 91.5747 6.36589 0.19712 -0.974817 -0.0939325
-43.7978 91.5904 7.31027 0.156179 -0.984669 -0.0550859
-43.0219 91.6758 8.13614 0.0820341 -0.995473 -0.0281148
-41.7237 91.7443 9.07075 0.168591 -0.978496 -0.118761
-40.5981 91.8574 9.6906 0.140227 -0.983676 -0.10908
-39.682 91.9207 10.0792 0.106886 -0.987523 -0.115644
-38.8313 91.9934 10.3739 0.190675 -0.975937 -0.105785
-37.8554 92.1595 10.6003 0.183214 -0.975568 -0.120157
-36.8712 92.2692 10.6983 0.106995 -0.979972 -0.166533
-35.7544 92.3937 10.8463 0.142393 -0.958515 -0.24001
-35.6783 92.1686 11.9518 0.0193609 -0.986913 -0.160085
-35.6378 92.0143 12.8832 0.0992747 -0.970378 -0.214288
-35.539 91.7145 13.9832 0.0614873 -0.973306 -0.202061
-35.3798 91.6075 14.9612 -0.0422153 -0.993877 -0.102112
-35.2192 91.5019 15.9226 -0.0917502 -0.98153 -0.151954
-35.1042 91.2716 17.0392 -0.147233 -0.974219 -0.170939
-35.135 91.0876 18.0033 -0.0575945 -0.977218 -0.204272
-35.2007 90.9416 18.8989 -0.166191 -0.972367 -0.157618
-35.2604 90.7733 19.8889 -0.204978 -0.961684 -0.181962
-35.479 90.6078 20.9365 -0.172379 -0.967329 -0.185161
-35.7438 90.4551 21.895 -0.193537 -0.957706 -0.212938
-35.9752 90.3246 22.6175 -0.188402 -0.947464 -0.257055
-35.1289 89.9676 23.0759 -0.298147 -0.894259 -0.333779
-34.8395 90.1932 22.1677 -0.306757 -0.914385 -0.252958
-34.551 90.3165 21.1902 -0.264274 -0.944101 -0.197059
-34.3638 90.5009 20.2307 -0.270581 -0.93653 -0.222205
-34.2363 90.701 19.0874 -0.205336 -0.962669 -0.176371
-34.1141 91.0176 17.6387 -0.142696 -0.958198 -0.24798
-34.1424 91.2498 16.4193 -0.114532 -0.974366 -0.193357
-34.3336 91.5058 15.3025 -0.105838 -0.968472 -0.224117
-34.5304 91.7248 14.1039 0.0293773 -0.986432 -0.161521
-34.6395 91.9284 13.2168 -0.0231344 -0.977019 -0.211892
-34.7064 92.1386 12.2548 -0.00188083 -0.981966 -0.18599
-34.667 92.4024 11.1971 0.120119 -0.952119 -0.280079
-34.5883 92.7547 10.0639 0.170772 -0.921415 -0.342186
-35.0367 92.8673 9.54889 0.235327 -0.903428 -0.358374
-36.3428 92.5194 9.71418 0.151786 -0.968158 -0.195342
-37.2781 92.3972 9.70999 0.141602 -0.976779 -0.160785
-38.2203 92.2286 9.56266 0.215358 -0.963654 -0.158089
-39.2526 92.0791 9.23773 0.187419 -0.962341 -0.196911
-40.4599 91.9733 8.71141 0.135802 -0.978432 -0.155655
-41.2671 91.931 8.24582 0.166732 -0.9748 -0.146928
-42.1024 91.8634 7.65567 0.18534 -0.971007 -0.150976
-42.8032 91.8273 7.01778 0.187647 -0.970811 -0.149378
-43.4581 91.8093 6.2339 0.209153 -0.96898 -0.131651
-44.0999 91.7988 5.39979 0.222108 -0.962961 -0.152303
-44.6895 91.8247 4.43011 0.227502 -0.956371 -0.183295
-45.265 91.8803 3.18042 0.306289 -0.922857 -0.233435
-46.0536 91.691 2.9012 0.295787 -0.927924 -0.226866
-46.9273 91.2455 3.58392 0.300602 -0.936158 -0.174349
-47.7001 90.9332 4.26965 0.336305 -0.939726 -0.0617626
-48.6026 90.5116 5.02026 0.417345 -0.906981 -0.0494832
-49.2391 90.2113 5.58554 0.384363 -0.922634 -0.0122089
-50.1396 89.9166 6.3844 0.345826 -0.935646 0.0705065
-50.7978 89.7025 7.03477 0.357901 -0.925445 0.11311
-51.6198 89.5196 7.81625 0.368893 -0.9154 0.160749
-52.3075 89.3638 8.52383 0.377462 -0.910816 0.167144
-53.1662 89.1678 9.52244 0.429301 -0.886431 0.173034
-53.8587 88.9742 10.2851 0.449467 -0.8743 0.182889
-54.4871 88.7986 10.9835 0.475979 -0.859379 0.181297
-55.0576 88.5984 11.71 0.517325 -0.839328 0.166891
-55.5755 88.4205 12.4565 0.550603 -0.820608 0.148112
-56.2079 88.0984 13.3831 0.591381 -0.799394 0.106007
-56.7246 87.8026 14.1493 0.599564 -0.796546 0.0739267
-57.3427 87.2011 15.3739 0.746791 -0.661905 -0.0646882
-57.6682 86.7458 16.1822 0.770004 -0.630552 -0.0974329
-57.9608 86.1767 17.5221 0.812288 -0.562697 -0.127978
-57.8162 85.9135 18.5747 0.819839 -0.518651 -0.24262
-57.6529 85.6782 19.6905 0.809931 -0.536647 -0.235846
-57.5171 85.4663 20.5621 0.785551 -0.514033 -0.3445
-57.3075 85.169 21.4836 0.781863 -0.516846 -0.3486
-57.0484 84.7494 22.5521 0.804519 -0.450455 -0.387091
-56.8229 84.4232 23.473 0.805362 -0.479776 -0.348148
-56.4832 83.9256 24.7324 0.767804 -0.495801 -0.405781
-56.2633 83.4088 25.8988 0.772388 -0.54379 -0.328191
-56.2094 82.8692 26.9201 0.772434 -0.542015 -0.330985
-56.1657 82.1996 28.0796 0.766961 -0.546766 -0.33572
-56.1476 81.73 28.8646 0.755973 -0.551104 -0.353256
-56.0815 81.2143 29.75 0.70186 -0.590992 -0.397644
-55.967 80.695 30.8251 0.732697 -0.587869 -0.342877
-55.8476 80.294 31.824 0.578732 -0.683108 -0.443866
-55.5554 79.9012 32.7482 0.546878 -0.690872 -0.472885
-55.2142 79.6234 33.5537 0.49071 -0.739654 -0.457657
-54.464 79.198 34.8882 0.452618 -0.749238 -0.483416
-53.9209 78.9786 35.656 0.419685 -0.747708 -0.513181
-53.2398 78.8055 36.4342 0.381413 -0.771339 -0.509471
-52.6161 78.6299 37.0675 0.314064 -0.765578 -0.561475
-51.6137 78.5333 37.7768 0.283391 -0.84888 -0.446197
-50.6272 78.5276 38.3306 0.241459 -0.833332 -0.497247
-49.6841 78.5883 38.6317 0.183824 -0.819904 -0.542186
-48.2801 78.9297 38.5005 0.163889 -0.786048 -0.592191
-47.3287 79.4335 38.1656 0.0631295 -0.761167 -0.645476
-46.2457 80.0226 37.6253 0.02961 -0.733187 -0.676965
-45.6331 80.4855 37.0907 -0.0392682 -0.74522 -0.665661
-44.9215 81.0953 36.3995 -0.0773723 -0.678116 -0.730836
-44.3999 81.6741 35.7852 -0.140456 -0.674984 -0.724307
-43.8706 82.3491 35.0277 -0.0966467 -0.683653 -0.722282
-43.2403 83.2075 34.067 -0.233864 -0.66202 -0.712065
-42.6438 84.1213 33.1286 -0.271777 -0.627927 -0.729218
-41.839 84.8697 32.1487 -0.259644 -0.645558 -0.718019
-41.2367 85.4055 31.4714 -0.25731 -0.635247 -0.728185
-40.5771 85.945 30.7699 -0.219471 -0.637384 -0.73836
-39.8024 86.4936 30.0432 -0.241221 -0.638999 -0.730382
-39.0925 86.9544 29.3649 -0.248382 -0.607224 -0.75149
-38.5405 87.4833 28.7257 -0.234375 -0.687547 -0.687276
-37.7696 88.0338 27.8435 -0.262908 -0.728856 -0.632177
-37.0051 88.5781 26.8041 -0.258882 -0.799705 -0.540684
-36.374 88.9857 25.8774 -0.275439 -0.810343 -0.515529
-35.7738 89.4579 24.7304 -0.286044 -0.833613 -0.471989
-35.3646 89.777 23.7971 -0.288946 -0.88077 -0.372783
-35.2721 89.8507 23.5169 -0.298147 -0.894259 -0.33378
-34.3554 89.4399 23.7761 -0.366736 -0.872215 -0.322654
-34.0597 89.6605 22.8113 -0.34914 -0.884556 -0.309294
-33.7784 89.8644 21.9097 -0.349228 -0.884672 -0.308862
-33.5333 90.0851 20.9358 -0.323932 -0.913447 -0.241019
-33.3244 90.3414 19.5934 -0.283006 -0.929642 -0.235952
-33.2097 90.5587 18.7258 -0.229113 -0.941039 -0.248826
-33.132 90.8519 17.5697 -0.221286 -0.93728 -0.268692
-33.1389 91.104 16.559 -0.155362 -0.968281 -0.195689
-33.2862 91.3693 15.441 -0.0933191 -0.964862 -0.245628
-33.4933 91.6219 14.4284 -0.0789927 -0.97708 -0.197673
-33.628 91.8988 13.4418 0.0511734 -0.960177 -0.271483
-33.7127 92.1249 12.5429 0.16383 -0.922939 -0.348343
-33.7051 92.607 11.0777 0.185636 -0.943966 -0.272887
-33.564 93.0574 9.95848 0.260876 -0.88571 -0.384007
-33.2593 93.6603 8.82223 0.29037 -0.876244 -0.383743
-32.8668 94.0798 8.12605 0.307421 -0.877747 -0.367373
-33.0653 94.1009 7.90974 0.307411 -0.877749 -0.367377
-34.1175 93.6006 8.32804 0.249309 -0.891055 -0.379297
-35.1777 93.2035 8.60909 0.241882 -0.897595 -0.368468
-36.1803 92.8663 8.78548 0.241877 -0.903972 -0.352606
-37.438 92.5284 8.77252 0.194227 -0.940006 -0.255916
-38.3458 92.3963 8.55523 0.188851 -0.962064 -0.196895
-39.5705 92.2327 8.11745 0.205967 -0.962426 -0.176954
-40.3776 92.1422 7.72193 0.141966 -0.978511 -0.149275
-41.6021 92.0843 6.84924 0.166733 -0.9748 -0.146928
-42.5621 92.071 5.86562 0.232407 -0.951342 -0.201881
-43.3386 92.0727 4.86507 0.247219 -0.949766 -0.191906
-43.8691 92.1039 4.02725 0.257896 -0.941334 -0.215914
-44.3634 92.2085 3.04385 0.274683 -0.932747 -0.233523
-44.8457 92.4094 1.75033 0.288568 -0.915973 -0.278095
-45.2372 92.7666 0.295189 0.263518 -0.90958 -0.321282
-45.5197 92.4995 0.80459 0.282971 -0.903099 -0.323015
-46.3808 91.9311 1.67504 0.29307 -0.908981 -0.296404
-46.9979 91.5138 2.33545 0.328568 -0.899624 -0.285239
-47.6523 91.1151 2.9759 0.347124 -0.918063 -0.19148
-48.3856 90.7294 3.63832 0.380852 -0.920795 -0.0685559
-49.609 90.0703 4.61955 0.417343 -0.906982 -0.0494826
-50.4978 89.7125 5.42331 0.41874 -0.906795 0.0481802
-51.2178 89.4539 6.1339 0.405518 -0.909512 0.0913382
-51.8674 89.2348 6.77729 0.374917 -0.914087 0.154543
-52.767 89.0157 7.66357 0.376644 -0.912534 0.159349
-53.3692 88.8594 8.40902 0.433573 -0.886813 0.159929
-54.0203 88.6746 9.19796 0.480966 -0.863799 0.150075
-54.7027 88.4548 9.93109 0.459372 -0.867371 0.191428
-55.3942 88.2363 10.7316 0.48209 -0.869389 0.108405
-55.8891 88.0153 11.4558 0.60888 -0.781814 0.131589
-56.6542 87.668 12.6389 0.589439 -0.794483 0.1455
-57.341 87.2266 13.6853 0.676058 -0.724386 0.13495
-57.7304 86.8387 14.4614 0.773636 -0.632937 0.0296323
-58.1995 86.1939 15.5407 0.770132 -0.630736 -0.095227
-58.465 85.6082 16.5713 0.843811 -0.510355 -0.165891
-58.4477 85.2404 17.7219 0.856748 -0.483657 -0.179049
-58.3241 85.0342 18.7381 0.820089 -0.522907 -0.232153
-58.0991 84.6654 20.2744 0.872184 -0.403512 -0.275393
-57.8032 84.2501 21.4929 0.824748 -0.429749 -0.367568
-57.6161 83.9236 22.3332 0.816917 -0.442152 -0.369622
-57.3795 83.662 23.2288 0.80884 -0.472821 -0.349597
-57.1382 83.3252 24.1967 0.77884 -0.477172 -0.407081
-56.8983 82.7192 25.5509 0.770896 -0.544759 -0.330085
-56.8397 82.1832 26.569 0.773076 -0.539497 -0.333612
-56.8191 81.7032 27.4026 0.769261 -0.549519 -0.325865
-56.7906 81.1907 28.33 0.759782 -0.553023 -0.341679
-56.7518 80.668 29.2742 0.744084 -0.573214 -0.343169
-56.6721 80.1439 30.3528 0.673167 -0.68743 -0.270244
-56.6756 79.7445 31.5072 0.634283 -0.690242 -0.335613
-56.4462 79.3549 32.4994 0.592073 -0.699003 -0.401053
-56.0559 79.028 33.5347 0.529473 -0.734832 -0.423886
-55.471 78.7195 34.687 0.452613 -0.749241 -0.483417
-54.9594 78.4799 35.5547 0.418325 -0.792673 -0.438888
-54.2799 78.2994 36.4668 0.34608 -0.822885 -0.450654
-53.7044 78.1617 37.161 0.346953 -0.823559 -0.448748
-52.8785 78.0261 37.9464 0.278632 -0.849817 -0.44741
-52.0186 77.9779 38.5762 0.262426 -0.841106 -0.471723
-50.84 77.9786 39.2514 0.252962 -0.873759 -0.415398
-49.7994 78.0306 39.5482 0.123476 -0.881118 -0.456491
-48.6819 78.2149 39.5539 0.166039 -0.887454 -0.42995
-47.7294 78.5489 39.2324 0.121832 -0.877234 -0.461074
-46.8082 78.9167 38.8294 0.0686026 -0.76477 -0.640641
-45.8854 79.2988 38.4088 -0.0603136 -0.76868 -0.63415
-45.132 79.8215 37.8035 -0.098048 -0.73532 -0.66584
-44.1846 80.5381 36.8312 -0.150067 -0.717546 -0.680152
-43.5959 81.1492 36.1185 -0.140463 -0.674983 -0.724307
-43.0302 81.9022 35.215 -0.244198 -0.677468 -0.693833
-42.6185 82.4473 34.5672 -0.236673 -0.659297 -0.713662
-42.0601 83.2201 33.6684 -0.30966 -0.595523 -0.741258
-41.4087 84.0271 32.725 -0.342692 -0.592792 -0.728807
-40.8604 84.5326 32.0729 -0.313104 -0.592824 -0.741841
-40.3141 85.0002 31.4561 -0.311233 -0.604078 -0.733637
-39.2746 85.7232 30.4879 -0.291087 -0.597932 -0.746749
-38.6537 86.1534 29.89 -0.300874 -0.615429 -0.728156
-38.0995 86.6218 29.3171 -0.256417 -0.595906 -0.761017
-37.2076 87.3062 28.448 -0.288237 -0.600717 -0.745314
-36.5154 87.8706 27.4964 -0.275933 -0.72543 -0.630565
-35.988 88.2225 26.7766 -0.299064 -0.768836 -0.56427
-35.4747 88.5349 26.0575 -0.288534 -0.78471 -0.548615
-34.9922 88.904 25.2134 -0.305426 -0.833115 -0.461124
-34.4447 89.3692 24.0114 -0.330849 -0.825587 -0.456295
-34.3847 89.4178 23.8662 -0.391714 -0.845752 -0.361084
-33.5606 88.9281 24.0689 -0.399091 -0.831631 -0.386157
-33.905 88.6513 24.8868 -0.356496 -0.818149 -0.451158
-34.291 88.3608 25.649 -0.337785 -0.777685 -0.530195
-34.7952 87.9817 26.4482 -0.314209 -0.735903 -0.599766
-35.3883 87.5736 27.2757 -0.321579 -0.743135 -0.586803
-35.9031 87.1578 27.9548 -0.321185 -0.623003 -0.713009
-36.4387 86.6946 28.6165 -0.324588 -0.607611 -0.724455
-37.2238 86.1215 29.4062 -0.309449 -0.599206 -0.738354
-37.8479 85.5997 30.0277 -0.257717 -0.591124 -0.7643
-38.6104 85.0609 30.7591 -0.290081 -0.585924 -0.756299
-39.2683 84.6189 31.3471 -0.30725 -0.574307 -0.758794
-40.0753 84.0017 32.1548 -0.314974 -0.581567 -0.750048
-40.6219 83.4742 32.8047 -0.342717 -0.596752 -0.725539
-41.2272 82.6133 33.808 -0.326201 -0.598118 -0.731763
-41.6883 82.0062 34.5221 -0.332891 -0.624024 -0.706375
-42.266 81.298 35.4509 -0.341368 -0.617569 -0.708455
-42.6596 80.7717 36.0871 -0.32991 -0.616995 -0.714477
-43.2513 80.0967 37.0014 -0.31651 -0.645142 -0.695423
-43.8394 79.69 37.6374 -0.25421 -0.667239 -0.700122
-44.6552 79.0597 38.5081 -0.177128 -0.725731 -0.664785
-45.439 78.7187 39.0977 -0.0828641 -0.80341 -0.589102
-46.4701 78.393 39.6159 0.0231189 -0.881124 -0.472319
-47.5581 78.0424 40.1515 0.0776258 -0.867011 -0.492205
-48.4288 77.7966 40.4762 0.0863012 -0.894019 -0.439243
-49.6177 77.5796 40.5309 0.156971 -0.891645 -0.424652
-50.8154 77.4944 40.2285 0.181108 -0.898574 -0.394214
-51.9208 77.5045 39.7167 0.155634 -0.926491 -0.342626
-53.1032 77.5666 38.9384 0.189326 -0.925416 -0.32827
-54.066 77.6419 38.0247 0.33145 -0.887433 -0.320318
-54.6544 77.6798 37.311 0.3392 -0.855495 -0.384536
-55.5945 77.9352 36.077 0.377196 -0.837236 -0.39077
-56.1094 78.1086 35.1698 0.442001 -0.799359 -0.407014
-56.5014 78.216 34.3493 0.542121 -0.75272 -0.366931
-56.9033 78.3984 33.523 0.551063 -0.717268 -0.426446
-57.2847 78.7621 32.2944 0.592408 -0.698605 -0.401254
-57.4068 79.1398 31.1751 0.690308 -0.684989 -0.232948
-57.3592 79.508 30.2287 0.692476 -0.682119 -0.234814
-57.398 79.8372 29.3383 0.715359 -0.64216 -0.275406
-57.4336 80.357 28.2679 0.757856 -0.561669 -0.331937
-57.4277 80.8738 27.3392 0.775344 -0.544185 -0.320472
-57.4497 81.4966 26.249 0.792272 -0.528265 -0.30351
-57.5208 82.1152 25.0338 0.807591 -0.491794 -0.325477
-57.7286 82.664 23.7484 0.81652 -0.456392 -0.353556
-58.0916 83.1452 22.2289 0.850448 -0.412648 -0.326283
-58.2685 83.4466 21.3883 0.847178 -0.411602 -0.332927
-58.5796 83.8379 19.9652 0.872188 -0.403506 -0.275388
-58.7737 84.0684 18.9591 0.860812 -0.432156 -0.268782
-58.9419 84.2824 17.9315 0.8731 -0.436138 -0.217896
-59.0507 84.5925 16.6409 0.851345 -0.494552 -0.175016
-58.8596 85.2316 15.466 0.839363 -0.538367 -0.0750443
-58.5369 85.8185 14.5832 0.804591 -0.591317 -0.00941314
-58.0426 86.3949 13.569 0.773318 -0.630899 -0.014688
-57.6196 86.8156 12.6999 0.66467 -0.741295 0.0932531
-56.9459 87.2203 11.5876 0.642359 -0.752728 0.144135
-56.3265 87.5481 10.6167 0.628081 -0.760886 0.155216
-55.7962 87.7962 9.86481 0.577498 -0.779061 0.232758
-54.9473 88.0806 8.99991 0.528254 -0.825168 0.200107
-54.3592 88.2714 8.27529 0.510054 -0.835645 0.203822
-53.5423 88.4774 7.27395 0.484976 -0.844849 0.22585
-52.8348 88.7135 6.45381 0.459068 -0.880444 0.118633
-51.978 89.041 5.59125 0.439099 -0.89154 0.111123
-51.0597 89.4076 4.63664 0.431385 -0.900775 0.0501263
-50.21 89.8141 3.85094 0.449586 -0.89162 -0.0537246
-49.2245 90.3582 2.99903 0.472831 -0.865836 -0.135416
-48.2956 91.0335 2.25699 0.428577 -0.884684 -0.183459
-47.656 91.4636 1.62472 0.351809 -0.887271 -0.297064
-47.0981 91.9105 0.990203 0.337661 -0.886334 -0.316777
-46.5502 92.4191 0.12567 0.308799 -0.896074 -0.317788
-46.1647 92.8846 -0.767966 0.256268 -0.892704 -0.370683
-45.8391 93.2671 -1.54741 0.234746 -0.912475 -0.335086
-45.6734 93.6964 -2.61164 0.119029 -0.950414 -0.287308
-45.7213 94.0736 -3.77279 0.091779 -0.940548 -0.327026
-45.7186 94.4589 -4.89283 0.0233757 -0.952151 -0.304731
-45.8335 94.7561 -5.79907 0.0163767 -0.945125 -0.326297
-45.9655 95.0657 -6.77608 -0.0145496 -0.960702 -0.275169
-46.0639 95.3246 -7.66343 -0.0445496 -0.966957 -0.251017
-46.2554 95.6712 -9.01423 -0.0282742 -0.97158 -0.235018
-46.4018 95.8855 -9.96239 -0.0716464 -0.972081 -0.217093
-46.5747 96.1539 -10.9969 -0.0984785 -0.983883 -0.142672
-46.709 96.3008 -12.2445 -0.0729941 -0.991834 -0.104468
-46.8241 96.5364 -13.5209 -0.173706 -0.971684 -0.159835
-46.8384 96.7372 -14.9967 -0.179136 -0.978988 -0.0730996
-46.6327 96.6555 -16.1177 -0.123912 -0.989391 0.0758382
-46.2935 96.4934 -17.0167 -0.138179 -0.978906 0.150495
-45.7986 96.3014 -17.8221 -0.135779 -0.979495 0.148842
-45.2374 96.0249 -18.6878 -0.218681 -0.932524 0.287323
-44.7677 95.6838 -19.4437 -0.232776 -0.917935 0.318754
-44.3481 95.2583 -20.2395 -0.156871 -0.916438 0.35739
-43.9442 94.8112 -21.0524 -0.0788882 -0.856499 0.510084
-43.584 94.1877 -22.0076 -0.0962124 -0.838125 0.536926
-43.4586 93.5257 -22.9057 -0.140781 -0.778464 0.611698
-43.5426 92.8732 -23.7047 0.0490677 -0.713203 0.699237
-43.6678 91.9321 -24.6565 0.0503904 -0.714159 0.698167
-43.7053 91.1856 -25.4191 0.0508119 -0.716179 0.696063
-42.797 90.8861 -25.8366 0.0775826 -0.729688 0.679361
-41.8733 91.2673 -25.511 0.0662943 -0.726962 0.683397
-41.0967 91.8262 -25.0065 0.0642115 -0.745403 0.662669
-40.4148 92.4571 -24.3319 0.075982 -0.766773 0.637358
-39.8481 93.0736 -23.6125 0.0665564 -0.833984 0.545445
-39.4924 93.737 -22.5389 0.0310747 -0.856892 0.514539
-39.306 94.2136 -21.7039 -0.00318397 -0.87252 0.488567
-39.1197 94.7648 -20.4547 0.00722699 -0.946736 0.321929
-39.0907 95.1115 -19.2925 -0.0424822 -0.964884 0.257076
-39.1367 95.4765 -17.8883 -0.080715 -0.972881 0.216765
-39.2227 95.6577 -16.662 -0.0295946 -0.997231 0.0682301
-39.4359 95.7596 -15.4584 -0.0453801 -0.996055 0.0740758
-39.7076 95.8307 -14.5235 -0.0457915 -0.997925 0.0389247
-40.0753 95.8633 -13.2351 -0.0442883 -0.996523 -0.0467185
-40.3549 95.7983 -12.1299 -0.0762529 -0.994667 -0.069442
-40.6608 95.7442 -11.1375 -0.0454084 -0.993318 -0.10324
-40.9777 95.6665 -10.1718 -0.0533023 -0.991041 -0.122464
-41.3166 95.5665 -9.2344 -0.027591 -0.988091 -0.149313
-41.7253 95.3791 -8.10138 -0.00775399 -0.983442 -0.18045
-42.249 95.1304 -6.84185 0.0333442 -0.982756 -0.181877
-42.5401 94.9286 -5.90953 0.0409393 -0.97461 -0.220136
-42.8832 94.6118 -4.66415 0.0457577 -0.966401 -0.252935
-43.3266 94.3421 -3.51927 0.172934 -0.967483 -0.173849
-43.7222 94.0103 -2.43326 0.223305 -0.940982 -0.254196
-43.9241 93.6792 -1.41824 0.225285 -0.936642 -0.268111
-44.0731 93.3711 -0.533225 0.249207 -0.925013 -0.286789
-44.1247 93.0625 0.370012 0.272643 -0.911264 -0.308233
-43.9462 92.7741 1.44683 0.308776 -0.906916 -0.286637
-43.5338 92.5558 2.63241 0.279284 -0.92766 -0.247402
-43.0633 92.4434 3.60909 0.281254 -0.928837 -0.240791
-42.2825 92.372 4.7216 0.253351 -0.937208 -0.234954
-41.535 92.371 5.60511 0.216009 -0.952763 -0.213343
-40.8137 92.3692 6.31328 0.208012 -0.954339 -0.214402
-40.0049 92.4119 6.87302 0.216338 -0.95021 -0.224275
-38.8766 92.5539 7.35951 0.218086 -0.95147 -0.216994
-37.9429 92.7193 7.70959 0.31002 -0.900817 -0.303999
-36.653 93.0588 7.92459 0.262105 -0.909067 -0.323881
-35.5201 93.4366 7.79608 0.256216 -0.902842 -0.345298
-34.6768 93.7676 7.54089 0.245969 -0.917532 -0.311813
-33.8307 94.1761 7.05678 0.28441 -0.902123 -0.323315
-33.053 94.6614 6.50073 0.327591 -0.882911 -0.336376
-32.4055 95.0938 6.00185 0.330503 -0.882922 -0.333454
-31.5905 95.6372 5.33807 0.318402 -0.896929 -0.306036
-30.7047 96.2589 4.38383 0.330247 -0.901113 -0.280915
-29.9488 96.7597 3.64825 0.322249 -0.901887 -0.287442
-29.3114 97.1556 3.09808 0.31683 -0.905803 -0.281318
-28.4718 97.6744 2.23638 0.271076 -0.929495 -0.250113
-27.7519 98.0772 1.46939 0.260026 -0.937448 -0.231356
-26.8093 98.5863 0.601099 0.291553 -0.922462 -0.253103
-25.7991 99.0767 -0.224631 0.22966 -0.948158 -0.219665
-24.7605 99.558 -1.07433 0.266053 -0.931341 -0.248635
-24.0572 99.8778 -1.59544 0.23271 -0.952288 -0.197471
-23.3319 100.157 -2.07477 0.210502 -0.961305 -0.171711
-22.4031 100.425 -2.62706 0.156637 -0.966328 -0.20363
-21.6843 100.671 -3.25815 0.167901 -0.966478 -0.19424
-20.8599 100.934 -4.00188 0.108717 -0.975705 -0.185405
-19.6781 101.123 -4.89212 0.0204354 -0.985622 -0.167727
-18.7959 101.24 -5.48221 0.0187042 -0.985663 -0.167684
-17.9286 101.329 -5.96966 -0.00264933 -0.984096 -0.177615
-16.8564 101.376 -6.59814 -0.158006 -0.975125 -0.1498
-16.0713 101.341 -7.09914 -0.166871 -0.967975 -0.187519
-14.9059 101.154 -7.6955 -0.29215 -0.894955 -0.321748
-13.5309 100.903 -8.33085 -0.419743 -0.809183 -0.411144
-12.7153 100.574 -8.51925 -0.330993 -0.881267 -0.291658
-11.3754 100.05 -8.35779 -0.506089 -0.859391 -0.0696606
-10.5856 99.5809 -8.03164 -0.572912 -0.812679 -0.0400104
-9.83392 99.1182 -7.60446 -0.504774 -0.855707 0.112595
-9.04416 98.703 -7.10075 -0.535593 -0.837029 0.106988
-8.05142 98.2456 -6.54506 -0.383631 -0.890353 0.24515
-7.05335 98.0248 -5.81673 -0.461429 -0.833597 0.289867
-6.36019 97.8733 -5.02817 -0.536757 -0.785876 0.3069
-6.31025 98.1187 -4.24415 -0.356604 -0.912813 0.199012
-7.1446 98.4639 -4.15576 -0.377328 -0.906893 0.185826
-8.0866 98.7825 -4.12393 -0.289257 -0.948517 0.129023
-8.95785 99.0697 -4.18744 -0.256339 -0.960417 0.0179705
-9.97798 99.447 -4.33789 -0.443944 -0.894475 -0.0531861
-11.2921 100.046 -4.3565 -0.388074 -0.920494 -0.0457072
-12.5667 100.479 -4.21484 -0.234209 -0.971287 -0.0418121
-13.8321 100.771 -3.8895 -0.235431 -0.970996 -0.0416953
-14.9569 100.927 -3.47587 -0.0799535 -0.990983 -0.107522
-16.4325 100.873 -2.63725 0.0164893 -0.991452 -0.129425
-17.2217 100.793 -2.13385 0.0473706 -0.99245 -0.111713
-18.3193 100.65 -1.31339 0.0676302 -0.988199 -0.133401
-18.9958 100.524 -0.644476 0.0848028 -0.99182 -0.0954009
-19.6249 100.388 0.0842582 0.126069 -0.97941 -0.157627
-20.4779 100.115 1.03799 0.174388 -0.965966 -0.185513
-21.2625 99.7932 1.87315 0.189821 -0.972007 -0.138455
-21.9924 99.517 2.54847 0.222519 -0.960217 -0.168312
-22.6883 99.2083 3.1149 0.262984 -0.940222 -0.216383
-23.4242 98.8934 3.57556 0.272192 -0.935766 -0.224172
-24.2136 98.5539 3.9922 0.30431 -0.924004 -0.231537
-25.2334 98.0707 4.56179 0.308559 -0.921066 -0.237485
-26.2848 97.5465 5.1604 0.319612 -0.906905 -0.2745
-27.0285 97.1626 5.57534 0.317659 -0.90622 -0.278989
-27.9123 96.7189 5.99391 0.313506 -0.906193 -0.283689
-28.9356 96.2302 6.36902 0.320405 -0.896034 -0.30735
-29.7067 95.8423 6.71076 0.323112 -0.886861 -0.329173
-30.4825 95.3829 7.11551 0.340155 -0.880604 -0.329167
-31.1585 94.908 7.65807 0.322469 -0.875513 -0.35985
-31.8191 94.3718 8.35966 0.323852 -0.862207 -0.388463
-32.2805 93.8179 9.1733 0.30385 -0.863849 -0.401797
-32.6142 93.3235 9.98991 0.270281 -0.877983 -0.394754
-32.7371 92.9515 10.8655 0.274244 -0.900078 -0.338599
-32.773 92.5621 11.8007 0.116378 -0.916441 -0.381853
-32.6955 92.1426 12.9022 0.0814502 -0.90951 -0.404322
-32.5694 91.7124 14.0683 -0.0105962 -0.954477 -0.298096
-32.3895 91.4594 14.9138 -0.0129468 -0.972397 -0.232973
-32.1873 91.1471 15.915 -0.0921771 -0.938392 -0.333052
-32.139 90.7699 17.1033 -0.20201 -0.937597 -0.282893
-32.1902 90.4869 18.0811 -0.208155 -0.926957 -0.310257
-32.3077 90.2081 19.215 -0.289743 -0.914914 -0.278897
-32.4732 89.8953 20.26 -0.292228 -0.905942 -0.306149
-32.6612 89.666 21.1546 -0.328677 -0.900734 -0.281645
-32.8783 89.4681 22.0312 -0.321718 -0.903503 -0.283162
-33.1385 89.2529 22.8717 -0.334239 -0.868715 -0.36554
-33.4255 89.0216 23.728 -0.39909 -0.831633 -0.386153
-32.6148 88.5186 23.9284 -0.329175 -0.829484 -0.45122
-33.0717 88.1604 25.0677 -0.418769 -0.788641 -0.450197
-33.4729 87.8229 25.9086 -0.340074 -0.766599 -0.54468
-33.9621 87.4885 26.6194 -0.311658 -0.73645 -0.600426
-34.5322 87.0907 27.3563 -0.30033 -0.70465 -0.642861
-35.2399 86.4985 28.2486 -0.296454 -0.634131 -0.714037
-35.818 85.9671 28.9444 -0.290941 -0.606287 -0.739901
-36.4518 85.4875 29.603 -0.299189 -0.59398 -0.746586
-37.3583 84.8058 30.4767 -0.274071 -0.587894 -0.760905
-38.019 84.3362 31.0716 -0.288213 -0.567666 -0.77116
-38.8016 83.8477 31.7388 -0.305027 -0.567766 -0.764592
-39.536 83.2558 32.4889 -0.329342 -0.586194 -0.740004
-40.0364 82.6795 33.1886 -0.335491 -0.600577 -0.725738
-40.5466 81.9016 34.0863 -0.341774 -0.607574 -0.716969
-41.1397 81.1567 35.0355 -0.316796 -0.651916 -0.688507
-41.708 80.4323 35.9509 -0.287108 -0.684993 -0.668029
-42.1662 79.7817 36.8391 -0.23322 -0.716197 -0.657777
-42.6356 79.3417 37.4848 -0.233254 -0.716306 -0.657646
-43.2419 78.98 38.1629 -0.253449 -0.797639 -0.547298
-43.994 78.496 39.0654 -0.107015 -0.772287 -0.626196
-44.6812 78.2352 39.6237 -0.232206 -0.825203 -0.514899
-45.5981 78.0188 40.1668 -0.101195 -0.838311 -0.535718
-46.3956 77.806 40.5946 -0.093552 -0.868977 -0.480188
-47.1775 77.6431 41.0108 0.0335303 -0.892969 -0.446726
-48.1724 77.3455 41.4226 0.0977 -0.908515 -0.402977
-49.0903 77.2133 41.522 0.0930666 -0.930054 -0.355434
-50.335 77.1386 41.3806 0.121104 -0.930627 -0.344501
-51.3108 77.0952 41.0884 0.144773 -0.926726 -0.346726
-52.2654 77.1014 40.6497 0.155592 -0.926392 -0.342912
-53.2591 77.1395 39.9863 0.237647 -0.906414 -0.349117
-54.0671 77.1869 39.3257 0.276669 -0.899822 -0.334366
-54.7843 77.2167 38.5172 0.315224 -0.896631 -0.310938
-55.5676 77.2593 37.5443 0.335664 -0.893076 -0.299574
-56.3058 77.4042 36.4488 0.431108 -0.828218 -0.358051
-56.823 77.541 35.5096 0.436555 -0.813789 -0.38253
-57.2221 77.6062 34.6906 0.466506 -0.835038 -0.29169
-57.5913 77.6967 33.7788 0.553909 -0.763515 -0.322604
-57.9865 78.0237 32.5492 0.619495 -0.714142 -0.318331
-58.1407 78.4051 31.1413 0.679738 -0.684435 -0.261823
-58.0523 78.8626 30.0597 0.692476 -0.682119 -0.234814
-58.0807 79.1557 29.1538 0.703571 -0.659988 -0.261678
-58.0781 79.5741 28.1615 0.712858 -0.645537 -0.274048
-58.0363 80.1603 27.1101 0.766521 -0.568092 -0.299528
-58.0238 80.7971 25.932 0.792521 -0.54546 -0.272549
-58.0519 81.2319 25.0576 0.793161 -0.525407 -0.307966
-58.1279 81.6257 24.19 0.807833 -0.501446 -0.308494
-58.2607 81.9511 23.3605 0.854572 -0.423187 -0.301029
-58.491 82.2334 22.3413 0.850158 -0.412917 -0.326697
-58.686 82.5068 21.4871 0.854584 -0.414102 -0.313378
-58.9561 82.9064 20.1953 0.858666 -0.422615 -0.289653
-59.2377 83.1707 18.9162 0.862396 -0.426294 -0.272933
-59.4276 83.3578 17.9224 0.838107 -0.481242 -0.256872
-59.6086 83.6882 16.4739 0.849411 -0.500301 -0.167929
-59.531 84.1502 15.4794 0.857254 -0.492654 -0.14969
-59.2373 84.8153 14.5221 0.815461 -0.57242 -0.0857836
-58.8437 85.4584 13.6174 0.797559 -0.601247 -0.0490053
-58.3029 86.0834 12.4814 0.734303 -0.675452 0.0675607
-57.9234 86.4034 11.707 0.682475 -0.713556 0.153013
-57.467 86.639 10.9567 0.652228 -0.744007 0.143314
-56.598 87.0964 9.67024 0.600697 -0.779822 0.176181
-56.0055 87.3722 8.91109 0.564516 -0.798615 0.208652
-55.2423 87.6669 8.06867 0.52918 -0.824895 0.198787
-54.461 87.9221 7.05656 0.471878 -0.865663 0.167209
-53.8201 88.1181 6.13988 0.500878 -0.855439 0.131704
-52.8595 88.5398 5.16628 0.471836 -0.875127 0.106999
-52.1442 88.839 4.33935 0.478124 -0.877848 0.0279327
-51.4792 89.1576 3.75531 0.45001 -0.891498 0.00234221
-50.8477 89.5242 3.15151 0.463596 -0.884883 -0.0450342
-49.9083 90.1454 2.3062 0.482231 -0.842364 -0.240574
-49.2481 90.6488 1.82496 0.486875 -0.842977 -0.227901
-48.6571 91.1575 1.27086 0.407226 -0.840337 -0.357772
-47.9852 91.7084 0.572789 0.325237 -0.838566 -0.419543
-47.5134 92.2271 -0.139523 0.25382 -0.866547 -0.429735
-47.1728 92.6914 -0.98885 0.244772 -0.897414 -0.367062
-46.8026 93.2798 -2.11974 0.203928 -0.879619 -0.429749
-46.7147 93.7368 -3.17671 0.115157 -0.938939 -0.322138
-46.7784 94.081 -4.09083 0.101519 -0.934008 -0.341995
-46.7373 94.4889 -5.06466 0.0493094 -0.936191 -0.344405
-46.865 94.8564 -6.16082 0.0278355 -0.946623 -0.32114
-46.9634 95.2307 -7.16825 -0.0107945 -0.944789 -0.324052
-47.104 95.5139 -8.24547 -0.0332559 -0.969905 -0.2412
-47.2802 95.7824 -9.22252 -0.144467 -0.938863 -0.312514
-47.4619 96.0805 -10.1519 -0.130567 -0.962936 -0.235277
-47.6106 96.3365 -11.2719 -0.114028 -0.974737 -0.192055
-47.6706 96.4705 -12.1721 -0.191044 -0.970706 -0.145712
-47.7331 96.6329 -13.1203 -0.173697 -0.971685 -0.159842
-47.8366 96.7907 -14.0245 -0.174858 -0.97481 -0.137779
-47.8037 96.8869 -15.253 -0.121317 -0.99098 -0.0569245
-47.6396 96.7562 -16.4487 -0.148601 -0.984791 0.0858684
-47.1366 96.5459 -17.621 -0.175629 -0.979253 0.101089
-46.3592 96.2601 -18.7121 -0.151274 -0.979461 0.133313
-45.7959 95.9077 -19.5098 -0.213412 -0.935254 0.282285
-45.2912 95.4224 -20.3675 -0.157461 -0.858297 0.488397
-44.9449 94.9634 -21.0626 -0.171619 -0.847056 0.502511
-44.5884 94.3444 -21.9358 -0.132324 -0.846155 0.51336
-44.4229 93.4763 -23.1905 -0.114056 -0.800017 0.587539
-44.5484 92.6846 -23.8282 0.0241611 -0.666328 0.742208
-44.6669 91.8001 -24.7113 0.0574205 -0.706036 0.705844
-44.6754 90.896 -25.6455 0.0604823 -0.722303 0.688896
-44.0048 90.1038 -26.453 0.0797457 -0.666415 0.741304
-43.11 90.0338 -26.6036 0.0858471 -0.675658 0.731959
-42.139 90.3068 -26.4844 0.0771606 -0.695169 0.714016
-41.1878 90.7664 -26.1216 0.0955198 -0.709195 0.698507
-40.2838 91.452 -25.5268 0.0971746 -0.73852 0.667161
-39.6812 92.052 -24.9068 0.0846687 -0.76926 0.633301
-39.1263 92.6744 -24.2335 0.0983282 -0.766388 0.634808
-38.6742 93.3317 -23.3347 0.0818097 -0.857061 0.508679
-38.4336 94.0185 -22.1755 0.0706134 -0.871775 0.484792
-38.2308 94.4905 -21.2341 -0.00700881 -0.940318 0.340226
-38.0554 94.903 -20.0723 -0.00599662 -0.959345 0.278156
-38.1043 95.2409 -18.693 -0.00613465 -0.978885 0.200346
-38.1891 95.4483 -17.5833 -0.105789 -0.972315 0.208358
-38.2521 95.5943 -16.5958 -0.0904641 -0.99289 0.0773664
-38.3696 95.6939 -15.6778 -0.0531254 -0.99482 0.0837557
-38.8144 95.8036 -14.2788 -0.0368584 -0.998244 0.029956
-39.0615 95.8139 -13.1423 -0.0442801 -0.996523 -0.0467185
-39.3695 95.7177 -12.0573 -0.0578059 -0.994471 -0.0843922
-39.6939 95.6849 -11.0604 -0.0707745 -0.996094 -0.0527976
-39.978 95.6171 -10.1231 -0.0387855 -0.988909 -0.14337
-40.3246 95.4873 -9.07747 -0.0633589 -0.989395 -0.130706
-40.6119 95.3797 -8.19223 -0.036166 -0.98699 -0.154455
-41.0361 95.2093 -7.21468 0.00154743 -0.986426 -0.164197
-41.4256 95.0416 -6.21059 0.0174471 -0.984592 -0.173035
-41.6667 94.8541 -5.27275 0.109359 -0.980282 -0.164581
-41.9837 94.6002 -4.09313 0.113091 -0.976427 -0.18381
-42.3217 94.4216 -3.22357 0.14642 -0.982465 -0.115432
-42.7426 94.1724 -2.20466 0.19873 -0.949414 -0.243145
-42.9795 93.8486 -1.23065 0.222477 -0.935186 -0.275557
-43.0807 93.5348 -0.26236 0.250535 -0.934431 -0.249717
-43.1078 93.2331 0.897646 0.308784 -0.906913 -0.286636
-42.8052 92.959 2.0927 0.307753 -0.908631 -0.282236
-42.3469 92.8165 3.07988 0.310374 -0.91022 -0.274166
-41.6518 92.7421 4.09705 0.283855 -0.916798 -0.280258
-41.0012 92.7306 4.83047 0.294535 -0.907512 -0.298876
-40.1274 92.7062 5.69547 0.29838 -0.900182 -0.317015
-39.1859 92.8156 6.27526 0.300174 -0.894173 -0.332189
-38.1424 93.0096 6.69965 0.304145 -0.893363 -0.330755
-37.1159 93.2467 7.00332 0.309987 -0.887985 -0.339487
-36.2293 93.5164 7.03127 0.278781 -0.899525 -0.336356
-35.1188 93.9459 6.70464 0.226595 -0.921249 -0.316156
-34.1343 94.4434 6.07728 0.304417 -0.893193 -0.330964
-33.2452 95.0131 5.38702 0.312464 -0.887594 -0.338443
-32.268 95.6266 4.63338 0.312475 -0.905596 -0.286801
-31.6166 96.0551 3.99838 0.319842 -0.90078 -0.293719
-30.9326 96.5413 3.26313 0.315161 -0.90388 -0.289133
-30.277 96.9459 2.68948 0.313914 -0.906921 -0.280984
-29.491 97.445 1.90608 0.300079 -0.920589 -0.249939
-28.9239 97.7979 1.28723 0.285582 -0.925041 -0.250022
-28.295 98.1368 0.634678 0.244605 -0.936255 -0.251252
-27.4347 98.5906 -0.130042 0.254586 -0.925869 -0.279201
-26.6991 98.9819 -0.756911 0.260158 -0.931696 -0.25189
-25.8878 99.3345 -1.40026 0.229206 -0.945991 -0.229273
-24.7263 99.8786 -2.29523 0.239836 -0.944078 -0.225165
-23.7314 100.257 -2.97411 0.211241 -0.955077 -0.207857
-22.8002 100.553 -3.57752 0.148146 -0.970049 -0.192504
-21.9512 100.833 -4.31936 0.140636 -0.968687 -0.204614
-21.15 101.097 -5.0435 0.136373 -0.971161 -0.195575
-20.096 101.272 -5.80169 0.00129152 -0.981246 -0.192366
-18.7891 101.439 -6.64944 0.012528 -0.985766 -0.167533
-17.7824 101.563 -7.18257 0.0135529 -0.977183 -0.211966
-16.9642 101.621 -7.75633 -0.105424 -0.976486 -0.178011
-15.8206 101.542 -8.29295 -0.165171 -0.961586 -0.219252
-14.6012 101.394 -8.84042 -0.172171 -0.967902 -0.182659
-13.7646 101.305 -9.21025 -0.320686 -0.918211 -0.232485
-12.6997 100.984 -9.46506 -0.402178 -0.883512 -0.229806
-11.7645 100.429 -9.44421 -0.535695 -0.819592 -0.199859
-10.7842 99.7688 -9.16394 -0.516744 -0.844796 -0.130764
-9.84711 98.9649 -8.66571 -0.578678 -0.805347 0.052252
-8.98287 98.5058 -8.1313 -0.538084 -0.830868 0.141857
-8.06403 97.9608 -7.59925 -0.470925 -0.855366 0.18456
-7.24452 97.7354 -7.09187 -0.404977 -0.87837 0.25389
-6.54101 97.4299 -6.42653 -0.542466 -0.797575 0.255654
-5.91195 97.2606 -5.77842 -0.563274 -0.759436 0.325545
-5.3455 97.2097 -4.91534 -0.564327 -0.738216 0.366577
-4.94665 97.5221 -3.81613 -0.494381 -0.778197 0.374553
-5.70793 98.1335 -3.23256 -0.378187 -0.876384 0.291286
-6.80939 98.5734 -3.18865 -0.272012 -0.937518 0.18554
-8.16243 98.8951 -3.18109 -0.320292 -0.940989 0.102369
-9.27512 99.2926 -3.28209 -0.340359 -0.931586 0.127687
-10.2063 99.5972 -3.39126 -0.305435 -0.941461 0.142689
-11.3367 100.006 -3.36504 -0.378489 -0.923557 -0.0615427
-12.3443 100.365 -3.28542 -0.261361 -0.96288 -0.0674738
-13.3386 100.602 -2.99102 -0.221345 -0.972963 -0.06593
-14.2147 100.783 -2.70156 -0.151068 -0.98184 -0.0872796
-15.3963 100.818 -2.16558 -0.0789183 -0.990818 -0.109778
-16.3055 100.753 -1.56657 0.00870193 -0.995983 -0.0891195
-17.3622 100.658 -0.850568 0.0569974 -0.994002 -0.0931784
-18.1971 100.54 -0.0447967 0.0723705 -0.9932 -0.0895022
-18.8895 100.37 0.716566 0.108447 -0.981409 -0.158355
-19.5052 100.18 1.40186 0.146735 -0.976573 -0.155343
-20.2003 99.9608 2.15736 0.1759 -0.975149 -0.133767
-21.0205 99.6525 3.03312 0.230414 -0.957054 -0.175946
-21.8683 99.2986 3.76607 0.271174 -0.937199 -0.219196
-22.6054 98.9767 4.21789 0.261981 -0.940223 -0.217591
-23.6113 98.5588 4.7411 0.292695 -0.927121 -0.234045
-24.4868 98.1528 5.2283 0.312833 -0.918821 -0.240616
-25.1811 97.7842 5.70211 0.331126 -0.908591 -0.254541
-26.0821 97.3095 6.20906 0.340026 -0.902887 -0.262754
-26.8856 96.8704 6.66461 0.319455 -0.903407 -0.286015
-27.8059 96.4263 7.03998 0.319265 -0.903534 -0.285826
-28.6121 96.0416 7.31309 0.336886 -0.896413 -0.287975
-29.5778 95.4889 7.83465 0.370921 -0.881282 -0.292847
-30.3133 95.0146 8.28085 0.391805 -0.855327 -0.338976
-31.0416 94.3653 9.01083 0.356656 -0.837321 -0.414355
-31.4348 93.7838 9.87178 0.295364 -0.861277 -0.413477
-31.6933 93.2712 10.7139 0.300566 -0.84364 -0.444894
-31.7827 92.8035 11.5792 0.172496 -0.895751 -0.407431
-31.7453 92.4372 12.4137 0.116386 -0.916442 -0.381848
-31.632 91.8221 13.6836 0.0250356 -0.923144 -0.373209
-31.3351 91.4116 14.9859 -0.0469876 -0.94656 -0.318215
-31.2088 91.0513 15.9635 -0.0570757 -0.940475 -0.334745
-31.1666 90.7179 16.8096 -0.0845296 -0.925724 -0.368632
-31.2472 90.2556 18.0852 -0.222737 -0.91428 -0.338351
-31.4101 89.8179 19.4915 -0.296852 -0.902993 -0.310617
-31.5785 89.541 20.4543 -0.29222 -0.905944 -0.30615
-31.8335 89.2729 21.5035 -0.304425 -0.901932 -0.306339
-32.0471 89.0295 22.4046 -0.341921 -0.86181 -0.374417
-32.3547 88.7476 23.3139 -0.349601 -0.854909 -0.383289
-32.368 88.7364 23.3481 -0.329171 -0.829484 -0.451223
-31.5522 88.3119 23.5396 -0.329349 -0.836995 -0.436445
-31.1182 88.7339 22.2707 -0.316398 -0.866467 -0.386171
-30.7252 89.1313 20.8426 -0.29581 -0.904906 -0.30601
-30.5217 89.4637 19.79 -0.253601 -0.917672 -0.305885
-30.3486 89.9046 18.5834 -0.170865 -0.911919 -0.371606
-30.1845 90.3261 17.4684 -0.123267 -0.907022 -0.402636
-30.1522 90.8392 16.3077 -0.062264 -0.913582 -0.40186
-30.2117 91.219 15.3842 -0.0312636 -0.94316 -0.330866
-30.4026 91.5411 14.5234 0.0375887 -0.93151 -0.361768
-30.6565 92.0751 13.4542 0.109416 -0.856529 -0.500845
-30.8158 92.7924 12.1016 0.153456 -0.854009 -0.497111
-30.7451 93.2514 11.2333 0.243449 -0.823446 -0.512513
-30.484 94.0209 10.3241 0.409065 -0.759327 -0.500433
-30.0905 94.6434 9.51862 0.418568 -0.841948 -0.340149
-29.3316 95.1933 8.97056 0.372781 -0.870693 -0.320824
-28.4445 95.7613 8.34965 0.329513 -0.893748 -0.304362
-27.4945 96.233 7.9833 0.318953 -0.899438 -0.298728
-26.2496 96.8335 7.55686 0.347763 -0.891534 -0.290221
-25.5461 97.2582 7.0568 0.344873 -0.898533 -0.271481
-24.7552 97.6623 6.67715 0.327127 -0.90719 -0.264427
-23.9785 98.0906 6.11527 0.320518 -0.91496 -0.245008
-23.045 98.5614 5.51563 0.301294 -0.930229 -0.209513
-22.0862 98.9336 5.04215 0.26355 -0.941399 -0.210499
-21.2895 99.2595 4.56458 0.254346 -0.937631 -0.236974
-20.4155 99.6326 3.89342 0.225818 -0.954215 -0.196165
-19.5764 99.9454 3.03001 0.160476 -0.978188 -0.131895
-18.8177 100.191 2.14638 0.143601 -0.981068 -0.128315
-18.2395 100.35 1.45496 0.124764 -0.984761 -0.121164
-17.3441 100.532 0.509602 0.0467399 -0.995056 -0.0871203
-16.6624 100.626 -0.122046 0.050857 -0.993922 -0.0975923
-15.7769 100.701 -0.73924 0.0254108 -0.997827 -0.0607847
-14.9509 100.695 -1.30732 -0.0987604 -0.988547 0.0132472
-14.0656 100.671 -1.70997 -0.0703875 -0.992851 -0.0964022
-13.1999 100.503 -1.97198 -0.220505 -0.973229 -0.0648282
-12.3941 100.325 -2.27222 -0.266652 -0.962703 -0.045821
-11.4511 100.143 -2.3785 -0.230655 -0.964615 0.0429206
-10.3851 99.7847 -2.43769 -0.300377 -0.945278 0.127369
-9.31299 99.4417 -2.36053 -0.344549 -0.927949 0.142114
-8.36974 99.1741 -2.30062 -0.330765 -0.896547 0.294614
-7.31411 98.8877 -2.29725 -0.180135 -0.921238 0.344723
-5.99039 98.5645 -2.14728 -0.341845 -0.890854 0.298663
-5.1412 98.2401 -2.17272 -0.406011 -0.863338 0.297364
-4.31234 97.7196 -2.42697 -0.440626 -0.843123 0.308137
-3.97284 97.1501 -3.08699 -0.567696 -0.736423 0.367971
-4.08155 96.7785 -3.91801 -0.568662 -0.71554 0.40574
-4.42001 96.5721 -4.77826 -0.583857 -0.736939 0.340474
-5.0432 96.5479 -5.93698 -0.577761 -0.746786 0.328878
-5.65394 96.7298 -6.56663 -0.563326 -0.757993 0.328802
-6.56263 97.1251 -7.6336 -0.595296 -0.771952 0.222963
-7.22215 97.4373 -8.19369 -0.409427 -0.892007 0.191553
-7.93557 97.7565 -8.60703 -0.524766 -0.846212 0.0924464
-8.6873 98.1923 -9.10345 -0.534459 -0.843425 0.0546651
-9.50303 98.6832 -9.51164 -0.53501 -0.843127 0.0538652
-10.2598 99.2225 -10.0195 -0.693124 -0.717572 0.0581143
-11.2375 100.279 -10.3338 -0.663936 -0.726891 -0.143755
-12.1787 101.003 -10.4791 -0.59192 -0.792672 -0.145768
-13.241 101.394 -10.3303 -0.347841 -0.906865 -0.237212
-14.437 101.637 -9.9631 -0.212643 -0.935172 -0.28326
-15.2998 101.695 -9.5158 -0.2359 -0.94066 -0.243947
-16.2155 101.814 -9.17623 -0.171996 -0.956709 -0.234587
-17.0625 101.886 -8.83608 -0.172472 -0.958938 -0.225146
-17.8583 101.822 -8.31985 -0.055686 -0.954654 -0.292463
-18.6824 101.687 -7.78892 0.00159562 -0.977878 -0.208958
-19.6916 101.578 -7.30558 -0.00483356 -0.97775 -0.209459
-20.588 101.449 -6.67267 0.00710332 -0.979172 -0.202907
-21.4383 101.283 -6.09069 0.0782321 -0.966671 -0.243776
-22.3498 100.966 -5.21678 0.160395 -0.960266 -0.228141
-23.2036 100.705 -4.70674 0.158902 -0.968217 -0.192854
-23.9949 100.434 -3.98991 0.171302 -0.967058 -0.188293
-24.7619 100.154 -3.50056 0.214232 -0.950277 -0.225833
-25.7103 99.7243 -2.74149 0.242311 -0.937336 -0.250374
-26.6133 99.2998 -2.05013 0.253317 -0.942533 -0.217839
-27.3677 98.9971 -1.61165 0.259608 -0.940333 -0.219791
-28.1935 98.5659 -0.788667 0.244495 -0.940764 -0.233751
-29.1013 98.0766 0.101394 0.255442 -0.930937 -0.260971
-30.1698 97.4294 1.1996 0.285918 -0.92098 -0.264663
-30.7766 97.043 1.85188 0.299691 -0.914641 -0.270261
-31.465 96.6298 2.42072 0.302461 -0.907057 -0.292857
-32.0359 96.2295 3.05473 0.309257 -0.899245 -0.309383
-32.6169 95.8278 3.61816 0.318003 -0.897888 -0.303798
-33.2901 95.4253 4.15864 0.308313 -0.907517 -0.285229
-34.1089 94.9122 4.81472 0.323179 -0.891146 -0.318457
-34.7531 94.5199 5.34782 0.280785 -0.90141 -0.329305
-35.6065 94.0744 5.92677 0.235399 -0.925936 -0.295347
-36.4319 93.7875 6.16481 0.255564 -0.911312 -0.320901
-37.57 93.4786 6.00377 0.315816 -0.882611 -0.34822
-38.4419 93.2931 5.64816 0.314496 -0.891247 -0.326446
-39.3392 93.1617 5.17716 0.301389 -0.896688 -0.324216
-40.0414 93.1407 4.55877 0.311823 -0.895375 -0.317902
-40.945 93.1531 3.60173 0.321984 -0.893798 -0.312172
-41.6388 93.2416 2.59492 0.350701 -0.888594 -0.295652
-41.97 93.385 1.7637 0.351208 -0.889919 -0.291023
-42.1845 93.6425 0.617973 0.334513 -0.918155 -0.212243
-42.0322 93.9753 -0.760972 0.29228 -0.928087 -0.223786
-41.8139 94.2986 -1.81775 0.233687 -0.95697 -0.172044
-41.3523 94.5138 -2.91574 0.11277 -0.987246 -0.112378
-40.9811 94.6941 -3.93191 0.123744 -0.977028 -0.173503
-40.7412 94.935 -5.11203 0.124017 -0.984378 -0.0999109
-40.3494 95.0539 -6.00818 0.0397096 -0.989527 -0.138781
-40.0932 95.1828 -6.8804 0.0399229 -0.990254 -0.133428
-39.7138 95.3224 -7.77666 0.0546511 -0.991696 -0.113746
-39.3663 95.455 -8.81876 0.0857665 -0.98798 -0.128591
-39.101 95.5948 -9.72672 0.0863567 -0.98815 -0.126894
-38.6518 95.6622 -11.2912 -0.0173437 -0.998966 -0.0420353
-38.2254 95.7383 -12.5057 -0.00828712 -0.996689 -0.0808906
-38.0002 95.7489 -13.4414 -0.0899179 -0.995584 -0.0269751
-37.7274 95.7453 -14.4109 -0.0546604 -0.996617 0.0613753
-37.4044 95.6587 -15.6034 -0.0305327 -0.995758 0.0813611
-37.2806 95.5415 -16.6801 -0.0239601 -0.992697 0.117322
-37.1587 95.3673 -17.8778 -0.0277922 -0.988309 0.149912
-37.0972 95.1795 -18.9048 0.00460087 -0.972349 0.233006
-37.0436 94.8862 -20.17 0.0179849 -0.97385 0.226478
-37.2432 94.5676 -21.0942 0.0469617 -0.94094 0.335299
-37.4179 94.1792 -21.9964 0.0317035 -0.873566 0.485671
-37.5774 93.7398 -22.7763 0.045131 -0.879699 0.472984
-37.7486 93.1858 -23.6715 0.0357086 -0.843442 0.536032
-38.1496 92.5486 -24.5628 0.0897482 -0.784519 0.612987
-38.588 91.9119 -25.2603 0.11882 -0.762599 0.635865
-39.2042 91.4204 -25.7207 0.105386 -0.749577 0.653474
-39.864 90.7356 -26.3528 0.116226 -0.718154 0.686109
-40.68 90.1781 -26.7786 0.112581 -0.701197 0.703451
-41.4767 89.7732 -27.0823 0.0985637 -0.688633 0.718122
-42.7816 89.3269 -27.3091 0.100701 -0.676594 0.729438
-44.0483 89.2309 -27.2385 0.0792319 -0.67364 0.734794
-44.915 89.4043 -26.9891 0.0775887 -0.671773 0.736683
-45.5659 90.1529 -26.249 0.0342027 -0.684215 0.727787
-45.7733 90.8652 -25.5889 0.0572794 -0.697359 0.713345
-45.6684 91.6101 -24.8117 0.0641405 -0.716116 0.694869
-45.5582 92.2489 -24.1782 0.0750569 -0.708642 0.701565
-45.4481 93.0284 -23.6035 -0.0290675 -0.586605 0.808878
-45.3794 93.9543 -22.6376 -0.131905 -0.782406 0.604179
-45.6137 94.5354 -21.8962 -0.143052 -0.816364 0.559198
-46.1483 95.4516 -20.599 -0.162504 -0.858596 0.486216
-46.5366 95.9883 -19.9753 -0.283356 -0.874448 0.351452
-47.1075 96.2885 -19.2937 -0.229494 -0.955457 0.180219
-47.8498 96.5711 -18.3695 -0.189319 -0.972552 0.135283
-48.3782 96.7911 -17.531 -0.193782 -0.972562 0.126814
-48.7117 96.9459 -16.6633 -0.193699 -0.977929 0.0783247
-48.8242 97.0364 -15.5075 -0.134873 -0.990811 -0.000162302
-48.797 96.9942 -14.5743 -0.168457 -0.984766 -0.0431158
-48.7975 96.9013 -13.5931 -0.162092 -0.978334 -0.124543
-48.6653 96.7371 -12.7155 -0.174356 -0.973851 -0.14565
-48.5847 96.5014 -11.4898 -0.135833 -0.970033 -0.201325
-48.4787 96.2486 -10.3524 -0.112653 -0.96752 -0.226297
-48.2705 95.8699 -9.06837 -0.132169 -0.934908 -0.329262
-47.9728 95.4362 -7.68869 -0.0398815 -0.950116 -0.299831
-47.8541 95.0021 -6.58099 -0.0058357 -0.932146 -0.362036
-47.8139 94.5864 -5.72479 0.149006 -0.918098 -0.367278
-47.7374 94.2336 -4.82262 0.148739 -0.913916 -0.377669
-47.8317 93.8184 -3.79916 0.138152 -0.929484 -0.342015
-47.7757 93.3294 -2.69616 0.215483 -0.876586 -0.430308
-47.9888 92.8451 -1.78105 0.194938 -0.896263 -0.398386
-48.2669 92.403 -0.919234 0.195921 -0.896557 -0.397239
-48.6786 91.991 -0.223103 0.235896 -0.842824 -0.477933
-49.3862 91.0102 0.618856 0.51921 -0.747857 -0.399276
-49.9688 90.4808 1.14312 0.455966 -0.844651 -0.280462
-50.799 89.7842 1.76291 0.486761 -0.842144 -0.232072
-51.4383 89.2675 2.40959 0.445317 -0.892326 -0.07381
-52.1069 88.8628 3.09745 0.490735 -0.868613 -0.0654932
-53.1135 88.3049 3.96336 0.473666 -0.880379 0.0239674
-53.7614 87.989 4.73076 0.487787 -0.866798 0.102842
-54.5565 87.6338 5.66301 0.498291 -0.861647 0.0962846
-55.1826 87.4024 6.57273 0.504062 -0.846063 0.17349
-55.7563 87.2183 7.38552 0.530174 -0.832299 0.160518
-56.3025 86.9887 8.08798 0.547963 -0.821761 0.156352
-56.9945 86.6351 8.8743 0.598977 -0.788272 0.140056
-57.5327 86.3659 9.58872 0.620439 -0.771847 0.135121
-58.0792 86.0374 10.4764 0.641854 -0.758251 0.114365
-58.5129 85.7092 11.2932 0.706949 -0.698368 0.105582
-58.9543 85.3717 12.2543 0.726814 -0.684603 0.0553222
-59.5857 84.5035 13.2568 0.806676 -0.586784 -0.0661308
-59.8701 83.98 14.2388 0.794043 -0.594261 -0.117614
-60.1468 83.2706 15.3132 0.80608 -0.566772 -0.170306
-60.2113 82.78 16.4447 0.797737 -0.561089 -0.220895
-60.0478 82.55 17.5612 0.800554 -0.550169 -0.237544
-59.729 82.2593 19.0536 0.806309 -0.506509 -0.305474
-59.4697 82.0588 20.064 0.807459 -0.496386 -0.318389
-59.2673 81.7701 20.9632 0.806802 -0.482733 -0.340646
-59.0564 81.4836 21.9294 0.812587 -0.503443 -0.293679
-58.8106 81.2531 23.0629 0.802774 -0.52151 -0.288373
-58.7098 80.8479 24.0227 0.791956 -0.526366 -0.309427
-58.631 80.4121 24.966 0.784574 -0.537773 -0.308314
-58.6085 79.9439 25.974 0.783511 -0.559978 -0.269323
-58.6952 79.3587 27.0777 0.699388 -0.651182 -0.293838
-58.8703 78.7412 28.0628 0.712856 -0.64554 -0.274048
-58.8053 78.4277 29.2909 0.679297 -0.710374 -0.184186
-58.823 78.1081 30.1864 0.653467 -0.719431 -0.235353
-58.9893 77.6551 31.0365 0.656362 -0.705987 -0.266028
-58.8127 77.4016 32.1657 0.635263 -0.728831 -0.254001
-58.6851 77.1782 33.2046 0.563114 -0.789061 -0.240015
-58.308 77.0499 34.3441 0.524951 -0.810647 -0.25938
-57.9112 77.0403 35.1969 0.497155 -0.831587 -0.246558
-57.5382 76.9843 36.0191 0.463787 -0.84274 -0.273297
-57.0431 76.9203 36.796 0.385043 -0.855621 -0.345912
-56.4709 76.8684 37.7439 0.343238 -0.898842 -0.270982
-55.5581 76.8221 38.9837 0.295996 -0.916352 -0.267607
-54.8883 76.7773 39.7567 0.269496 -0.921001 -0.281231
-54.2294 76.7227 40.4315 0.224878 -0.914661 -0.335896
-53.4094 76.7239 41.0033 0.246949 -0.910766 -0.330941
-52.4754 76.6782 41.7096 0.1719 -0.938821 -0.298438
-51.6418 76.7195 42.041 0.133135 -0.944335 -0.300842
-50.0993 76.7959 42.3857 0.093681 -0.93576 -0.339845
-49.0568 76.8603 42.4693 0.0764617 -0.935195 -0.345577
-47.5635 77.0757 42.1942 0.0640402 -0.91341 -0.401971
-46.7462 77.2081 41.8338 -0.00551388 -0.885294 -0.464999
-45.8295 77.3494 41.4124 -0.121481 -0.90004 -0.418534
-44.9569 77.5214 40.8677 -0.0594043 -0.85802 -0.510169
-43.9413 77.7904 40.1169 -0.174452 -0.859771 -0.479672
-43.2424 78.039 39.5588 -0.172208 -0.813781 -0.549552
-42.5986 78.3936 38.7224 -0.250995 -0.798906 -0.546581
-41.7028 78.9285 37.6518 -0.193049 -0.765772 -0.613453
-40.9998 79.7058 36.4692 -0.243835 -0.733355 -0.634614
-40.596 80.2811 35.6397 -0.26413 -0.719034 -0.641713
-40.1054 80.8583 34.8514 -0.283887 -0.693807 -0.661343
-39.5655 81.7005 33.8145 -0.308837 -0.621391 -0.720065
-38.9692 82.502 32.8692 -0.312291 -0.612546 -0.726128
-38.1675 83.2362 31.974 -0.267615 -0.602259 -0.752108
-37.4596 83.6024 31.4221 -0.27071 -0.580077 -0.768262
-36.5863 84.2109 30.6518 -0.274657 -0.58079 -0.76632
-35.8097 84.7555 29.9269 -0.266351 -0.59921 -0.754726
-35.1314 85.3017 29.2365 -0.273929 -0.609276 -0.744141
-34.3813 86.0865 28.2722 -0.290405 -0.6425 -0.709122
-33.848 86.5371 27.6435 -0.296191 -0.673642 -0.675594
-33.2878 86.8539 27.0118 -0.320075 -0.71814 -0.617922
-32.7427 87.272 26.2443 -0.321134 -0.745274 -0.582614
-32.2707 87.6262 25.305 -0.395753 -0.808097 -0.436302
-31.9329 87.9368 24.5051 -0.324974 -0.831943 -0.449736
-31.6416 88.2013 23.8053 -0.320226 -0.832824 -0.451479
-30.342 95.8983 5.9037 0.320145 -0.898258 -0.30101
-30.0474 96.2787 5.08196 0.320145 -0.898258 -0.301009
-29.4427 96.7019 4.4068 0.313076 -0.907075 -0.281424
-28.4697 97.2636 3.64565 0.285611 -0.914236 -0.2874
-27.7256 97.7083 2.8848 0.264117 -0.928652 -0.260474
-26.9652 98.1618 2.03625 0.267114 -0.93557 -0.230996
-26.0354 98.6611 1.22692 0.293912 -0.922099 -0.251691
-25.0919 99.1333 0.420778 0.250091 -0.948508 -0.194312
-24.3953 99.4388 -0.196452 0.244874 -0.94998 -0.193844
-23.5337 99.8474 -0.8454 0.253668 -0.934258 -0.250299
-22.7694 100.129 -1.23274 0.210503 -0.961305 -0.171711
-21.9811 100.326 -1.64138 0.15734 -0.975571 -0.153314
-21.096 100.612 -2.42161 0.11714 -0.97711 -0.167295
-20.2933 100.817 -3.20954 0.0444982 -0.981664 -0.183709
-19.4814 100.939 -3.7987 0.0362918 -0.985546 -0.164561
-18.3738 101.096 -4.55118 0.027225 -0.986278 -0.162834
-17.4701 101.171 -5.02641 -0.0024755 -0.989031 -0.147688
-16.6752 101.233 -5.56779 -0.110166 -0.989443 -0.0781207
-15.8232 101.199 -6.10076 -0.0684923 -0.996549 -0.0468963
-15.0274 101.108 -6.53933 -0.152582 -0.988008 -0.0236266
-14.2446 100.942 -6.99692 -0.195559 -0.977675 0.0768646
-13.1811 100.705 -7.40767 -0.186039 -0.980856 0.05754
-12.2819 100.441 -7.52501 -0.326632 -0.94335 0.0583209
-11.3839 100.048 -7.34905 -0.511346 -0.858208 0.0447724
-10.5527 99.5963 -6.96401 -0.468874 -0.879896 0.0770701
-9.58019 99.1059 -6.33444 -0.512141 -0.853355 0.0971817
-8.87592 98.7347 -5.918 -0.413563 -0.888086 0.161824
-8.68078 98.8545 -5.1326 -0.315825 -0.923132 0.219274
-9.55171 99.2215 -5.24989 -0.487329 -0.86772 0.0930245
-10.3569 99.6401 -5.29579 -0.466078 -0.881089 0.0802635
-11.315 100.091 -5.33663 -0.402929 -0.914812 0.0276853
-12.4212 100.481 -5.19142 -0.247981 -0.966836 -0.0562167
-13.298 100.705 -5.01934 -0.256147 -0.963446 -0.0783616
-14.2545 100.918 -4.7689 -0.176531 -0.98399 -0.0245055
-15.1147 101.026 -4.47932 -0.0375634 -0.993306 -0.109233
-16.0609 101.008 -3.99205 -0.0367165 -0.995503 -0.0833761
-16.9621 100.967 -3.42782 0.00910099 -0.994197 -0.103775
-17.9762 100.847 -2.76064 0.0384961 -0.990586 -0.131367
-18.8495 100.718 -2.15648 0.0995085 -0.984918 -0.14154
-19.619 100.549 -1.45432 0.0919403 -0.991084 -0.0961621
-20.3198 100.402 -0.671621 0.0990677 -0.990349 -0.0969267
-21.1435 100.126 0.329328 0.18742 -0.960798 -0.201904
-21.8073 99.8197 1.03312 0.209707 -0.948624 -0.236361
-22.8165 99.4178 1.92396 0.234649 -0.960023 -0.152632
-23.7287 99.0209 2.63553 0.262762 -0.947038 -0.184436
-24.7634 98.5778 3.17944 0.304413 -0.923601 -0.23301
-25.6618 98.1756 3.60884 0.297662 -0.925815 -0.232814
-26.8162 97.619 4.28502 0.313978 -0.915805 -0.250127
-27.8047 97.1151 4.83574 0.303793 -0.914688 -0.266015
-29.1289 96.499 5.38392 0.31367 -0.902079 -0.296066
-29.9542 96.1021 5.70231 0.314985 -0.899313 -0.303348
-25.1926 98.6273 2.40341 0.309522 -0.9229 -0.229022
-24.96 98.8991 1.61393 0.308829 -0.923749 -0.226522
-24.2356 99.2622 0.844403 0.237628 -0.949452 -0.205119
-23.5379 99.5604 0.271995 0.2488 -0.9462 -0.206559
-22.615 99.936 -0.244235 0.259185 -0.937419 -0.232526
-22.3355 99.9125 0.178698 0.242323 -0.943503 -0.224701
-23.3965 99.425 1.0629 0.248801 -0.9462 -0.206558
-24.4146 99.0188 1.77022 0.237315 -0.949903 -0.203387
-25.0745 98.6782 2.35789 0.309521 -0.922901 -0.229022
-14.1103 100.927 -5.82364 -0.178076 -0.982858 -0.047733
-13.3182 100.773 -6.33836 -0.214537 -0.976594 -0.0154422
-12.0906 100.378 -6.51975 -0.387474 -0.920867 0.0432086
-13.0693 100.703 -5.99685 -0.261903 -0.964165 -0.0423478
-13.8296 100.879 -5.88281 -0.196303 -0.979727 -0.0315873
-41.0965 95.8868 -12.9999 -0.0449127 -0.994899 -0.0903227
-41.3782 95.8165 -11.973 -0.0195723 -0.998555 -0.0489683
-41.7564 95.7904 -10.8895 -0.0529664 -0.994857 -0.0747094
-42.1157 95.7027 -10.0563 -0.0382579 -0.991165 -0.126995
-42.4851 95.5669 -9.12133 -0.016924 -0.985017 -0.171623
-42.8122 95.3995 -8.12112 -0.0198639 -0.984492 -0.174303
-43.1924 95.1881 -7.11529 0.0182085 -0.97185 -0.234897
-43.5988 94.9466 -6.15638 0.018443 -0.970539 -0.240235
-43.8515 94.6572 -5.01302 0.06363 -0.963576 -0.25905
-44.2061 94.377 -4.10651 0.0815912 -0.960641 -0.265541
-44.6661 94.3569 -4.20104 0.119896 -0.943944 -0.306455
-44.7425 94.6507 -5.26824 0.0835802 -0.960754 -0.264512
-44.8467 94.8857 -6.14446 0.0469223 -0.953332 -0.294749
-44.9738 95.1399 -7.01961 -0.00741986 -0.973457 -0.228751
-45.1392 95.459 -8.29604 -0.0325329 -0.968161 -0.248049
-45.3103 95.7152 -9.30999 -0.0309259 -0.970941 -0.237285
-45.4943 95.9633 -10.6429 -0.080597 -0.983577 -0.161345
-45.6789 96.168 -11.7119 -0.0984787 -0.983883 -0.142673
-45.8038 96.271 -12.6239 -0.0865343 -0.986706 -0.1329
-45.8857 96.4512 -13.8908 -0.128676 -0.985724 -0.108584
-45.795 96.5227 -15.208 -0.174721 -0.984061 -0.0144994
-45.5162 96.4962 -16.1477 -0.166285 -0.983182 0.0429018
-45.1144 96.3294 -17.0156 -0.161559 -0.978224 0.125425
-44.6735 96.1404 -17.7835 -0.158446 -0.973728 0.163547
-44.2187 95.8508 -18.5209 -0.0911207 -0.952229 0.291475
-43.7167 95.5308 -19.387 -0.0985041 -0.94709 0.305481
-43.1371 94.999 -20.5036 -0.122366 -0.88658 0.446097
-42.8234 94.5434 -21.3481 -0.046132 -0.870704 0.486675
-42.5869 94.0581 -22.1175 -0.0303584 -0.832414 0.552494
-42.4888 93.4623 -22.9548 -0.023214 -0.807597 0.588845
-42.6125 92.6176 -23.9812 -0.0345093 -0.759841 0.649193
-42.5828 91.906 -24.7617 0.0632448 -0.722838 0.687887
-41.8662 92.3792 -24.2825 0.0491119 -0.76195 0.645771
-40.9347 93.0019 -23.529 -0.0154568 -0.798402 0.601926
-40.5652 93.5245 -22.8278 0.031076 -0.856894 0.514535
-40.3437 94.0215 -22.0062 0.0325223 -0.859079 0.510808
-40.1839 94.4832 -21.228 0.00665053 -0.909234 0.406235
-40.0976 94.8344 -20.2982 -0.0905069 -0.923061 0.373855
-40.0843 95.1878 -19.2407 -0.0580151 -0.959484 0.27546
-40.097 95.4631 -18.3015 -0.0599962 -0.969088 0.237502
-40.158 95.6349 -17.3248 -0.0255805 -0.996952 0.073704
-40.2547 95.7132 -16.2997 -0.0275894 -0.997091 0.0709724
-40.5506 95.8651 -14.9952 -0.117993 -0.990652 0.0630413
-40.8833 95.9261 -13.8825 -0.110201 -0.99378 0.0160542
-41.0287 95.9114 -13.3041 -0.0464386 -0.996359 -0.0678473
-42.0092 95.9614 -13.3676 -0.0464395 -0.996359 -0.0678345
-42.2925 95.915 -12.3863 -0.0932694 -0.993371 -0.0671884
-42.5874 95.8724 -11.4793 -0.0414434 -0.993105 -0.108057
-43.1647 95.7644 -10.1937 -0.0402386 -0.989231 -0.136762
-43.7329 95.662 -9.4253 -0.0553595 -0.979875 -0.186538
-43.8015 95.3885 -8.03062 0.00518585 -0.984148 -0.177275
-44.2101 95.5471 -8.83131 -0.0527522 -0.971702 -0.230245
-44.4104 95.7437 -9.71593 -0.057967 -0.988049 -0.142826
-44.4359 95.8861 -10.6908 -0.0683844 -0.986426 -0.148797
-44.714 96.0897 -11.9562 -0.116852 -0.985982 -0.119098
-44.9073 96.2324 -13.0172 -0.093676 -0.991995 -0.0740028
-44.9357 96.3036 -13.9888 -0.178773 -0.979624 -0.0915293
-44.8136 96.3663 -15.1096 -0.181759 -0.981417 -0.0615149
-44.4565 96.3002 -16.0809 -0.190654 -0.976323 0.102127
-44.0519 96.1338 -16.8929 -0.194173 -0.975532 0.103121
-43.5208 95.9699 -17.8414 -0.123151 -0.973909 0.159434
-43.0129 95.6575 -18.74 -0.127864 -0.950513 0.282717
-42.3333 95.2132 -19.8847 -0.117759 -0.949804 0.289835
-41.9857 94.7252 -20.8485 -0.0713787 -0.892853 0.444656
-41.8012 94.2364 -21.8004 -0.0461298 -0.870701 0.486681
-41.2916 94.4654 -21.3014 -0.0177727 -0.896391 0.442909
-41.1199 95.0326 -20.0561 -0.0779754 -0.94239 0.31998
-41.0932 95.421 -18.7013 -0.117828 -0.953162 0.2783
-41.1388 95.6926 -17.4298 -0.113706 -0.989915 0.082178
-41.2226 95.8039 -16.4395 -0.110764 -0.985858 0.125762
-41.5088 95.9619 -15.0573 -0.103104 -0.99382 0.0411231
-41.8546 95.98 -13.9422 -0.0446329 -0.998056 -0.0434983
-41.8775 95.9775 -13.8622 -0.046304 -0.997937 -0.0444254
-42.7433 96.0325 -14.2351 -0.0879859 -0.994624 -0.0132536
-43.2905 96.0531 -13.0421 -0.105327 -0.988398 -0.109433
-43.8453 96.0298 -12.3121 -0.0865156 -0.989654 -0.10992
-44.0355 96.1866 -13.5062 -0.0936761 -0.991995 -0.074003
-43.9255 96.183 -14.5738 -0.141688 -0.988859 -0.0214896
-43.4866 96.1907 -15.7325 -0.147221 -0.98681 -0.067313
-42.9672 95.9624 -16.7798 -0.116814 -0.987153 0.101196
-42.3444 95.8382 -17.5789 -0.123729 -0.990182 0.0647832
-42.1695 95.8635 -16.8235 -0.116823 -0.987152 0.101196
-42.269 96.0256 -15.7337 -0.123777 -0.987714 0.0843842
-42.5198 96.0452 -14.8516 -0.049528 -0.998576 -0.0198214
-42.5854 96.0452 -14.6882 -0.0470831 -0.998316 -0.0316581
-44.6415 94.007 -3.06931 0.171437 -0.943285 -0.284295
-44.7745 93.9606 -2.99531 0.171571 -0.943156 -0.284641
-44.7639 93.9893 -3.08431 0.171433 -0.943284 -0.284299
