-46.3859 91.9817 19.882 0.0987782 -0.986191 -0.132598
-47.5844 91.8026 20.2747 0.105893 -0.986303 -0.126465
-47.893 91.5782 21.3911 0.191879 -0.959502 -0.205656
-47.4021 91.4578 22.3301 0.141988 -0.965132 -0.2156
-46.9708 91.6903 21.4653 0.099415 -0.972233 -0.211848
-46.3493 91.912 20.4013 0.0916638 -0.986078 -0.138738
-45.4826 91.9464 20.608 0.0687735 -0.988971 -0.131172
-45.8835 91.8001 21.4783 0.078219 -0.980702 -0.177885
-46.6819 91.4373 22.865 0.114974 -0.975077 -0.189751
-47.3492 91.1353 23.6673 0.153655 -0.931878 -0.327813
-48.3149 90.7562 24.2122 0.192915 -0.929715 -0.312451
-48.5296 90.9887 23.311 0.206038 -0.943325 -0.257805
-48.6656 91.1829 22.4258 0.189473 -0.950983 -0.244399
-48.7541 91.4146 21.3166 0.19921 -0.96097 -0.191967
-48.6231 91.6239 20.3676 0.185116 -0.969511 -0.155561
-48.1705 91.8446 19.2796 0.150191 -0.982045 -0.111627
-47.5252 91.9897 18.5078 0.110956 -0.991289 -0.0709635
-46.6069 92.0798 18.4796 0.0719642 -0.99561 -0.0593177
-45.7967 92.1188 18.8922 0.0582041 -0.996437 -0.0584848
-45.4452 91.9679 20.4656 0.0629427 -0.988928 -0.134227
-45.4583 91.9566 20.5439 0.0687735 -0.988971 -0.131172
-44.6318 91.9431 21.0285 0.0414017 -0.990808 -0.128784
-45.0857 91.764 21.9884 0.061152 -0.98434 -0.165336
-45.6067 91.555 22.8744 0.0953104 -0.977063 -0.19043
-46.4674 91.1181 24.0796 0.132133 -0.937577 -0.321701
-47.1326 90.7558 24.8335 0.172903 -0.928951 -0.327256
-48.07 90.2207 25.8847 0.176098 -0.917795 -0.354431
-48.6863 89.8513 26.3488 0.257508 -0.880972 -0.396962
-49.0888 90.2577 25.0537 0.238617 -0.911382 -0.334807
-49.3534 90.5585 24.0923 0.217829 -0.921891 -0.318961
-49.4989 90.794 23.2124 0.221774 -0.943329 -0.246875
-49.637 91.0539 22.0409 0.247919 -0.942744 -0.223083
-49.6978 91.2459 21.1292 0.21268 -0.96061 -0.178626
-49.5197 91.4811 20.0357 0.217941 -0.959983 -0.17588
-49.2486 91.6927 19.1647 0.150191 -0.982044 -0.111632
-48.4396 91.9087 18.0466 0.173533 -0.983521 -0.0497882
-47.4991 92.0566 17.2189 0.120562 -0.992261 -0.0297198
-46.6041 92.16 17.2872 0.0876682 -0.994043 -0.0619802
-45.5159 92.1865 17.9292 0.0310637 -0.99911 -0.0281776
-44.6914 92.1746 18.5692 0.0242516 -0.997891 -0.0602101
-44.3072 92.1123 19.7214 0.0214958 -0.997794 -0.0628121
-44.4749 92.0071 20.5849 0.0418704 -0.990878 -0.128091
-43.5701 91.9972 20.95 0.0409331 -0.990737 -0.129478
-43.265 92.1488 19.499 0.0214645 -0.997795 -0.0627999
-43.5287 92.213 18.1551 0.0155452 -0.999197 -0.0369073
-44.2577 92.2225 17.6089 0.0159951 -0.99916 -0.0377244
-45.2993 92.2185 16.9766 0.0267258 -0.999266 -0.0274445
-46.358 92.1794 16.3159 0.068937 -0.997587 0.00819666
-47.7665 92.042 16.1116 0.118886 -0.992859 -0.00955768
-48.5365 91.9434 16.7708 0.143892 -0.989209 -0.0130854
-49.1499 91.8086 17.457 0.172061 -0.984264 -0.0402462
-49.7166 91.6743 18.1613 0.208069 -0.974941 -0.0701775
-50.3299 91.3926 19.3081 0.261462 -0.955109 -0.139299
-50.5411 91.172 20.386 0.256354 -0.952382 -0.16402
-50.611 90.8946 21.6297 0.246806 -0.943131 -0.222689
-50.5358 90.6825 22.6077 0.291055 -0.923967 -0.242943
-50.3046 90.3513 23.8831 0.317753 -0.886677 -0.335751
-50.0013 89.9847 25.0926 0.297301 -0.888623 -0.349231
-49.7873 89.6027 26.129 0.298254 -0.862018 -0.409817
-49.6594 89.2269 27.0179 0.300459 -0.851681 -0.428747
-49.2393 88.7877 28.0972 0.328451 -0.814636 -0.478002
-48.6888 88.9896 28.0601 0.229728 -0.852614 -0.469177
-47.9949 89.6143 27.2348 0.228275 -0.861647 -0.453271
-47.4127 90.0577 26.5903 0.185819 -0.905219 -0.382164
-46.6415 90.4917 25.7855 0.116544 -0.935223 -0.334329
-45.789 90.9664 24.7713 0.120307 -0.932541 -0.340432
-45.0672 91.3596 23.7808 0.0581187 -0.964522 -0.257208
-44.6157 91.5959 23.0144 0.0687614 -0.964899 -0.25344
-44.1414 91.7903 22.248 0.0585193 -0.986218 -0.153407
-43.6729 91.9546 21.244 0.0412603 -0.989837 -0.135931
-42.741 91.9379 21.549 0.0138667 -0.98891 -0.14759
-42.4577 92.0581 20.6987 0.019031 -0.99211 -0.123915
-42.2847 92.1551 19.6489 0.0128753 -0.997442 -0.0703136
-42.2657 92.2249 18.4065 0.0189585 -0.999114 -0.0375627
-42.675 92.2585 17.4863 0.0437737 -0.997357 -0.0523998
-43.7896 92.2505 16.7744 0.00887248 -0.999807 -0.0175255
-45.0825 92.2272 16.0072 0.0114122 -0.999928 0.00373723
-46.3633 92.1547 15.1812 0.0531303 -0.998414 0.0127308
-47.2591 92.1007 14.8133 0.0803668 -0.996689 0.0123308
-48.2119 91.9962 15.0859 0.120556 -0.992671 -0.00837482
-49.074 91.8674 15.9523 0.167337 -0.985729 -0.0183746
-50.0294 91.6714 17.0399 0.202454 -0.977635 -0.047363
-50.6981 91.4454 17.929 0.245619 -0.966335 -0.0766072
-51.275 91.1639 19.0644 0.270294 -0.95302 -0.136726
-51.5139 90.9027 20.3624 0.267236 -0.95207 -0.148823
-51.5353 90.7177 21.253 0.355021 -0.89908 -0.254199
-51.4808 90.4564 22.1971 0.328496 -0.905944 -0.267113
-51.3677 90.1946 23.2342 0.331672 -0.90603 -0.262852
-51.1054 89.8643 24.3579 0.345302 -0.872833 -0.344862
-50.8845 89.572 25.3123 0.34487 -0.871808 -0.347873
-50.6963 89.1778 26.3692 0.337283 -0.828551 -0.442503
-50.492 88.6695 27.4231 0.384574 -0.809202 -0.444178
-50.305 88.1901 28.3824 0.328255 -0.814076 -0.479092
-50.091 87.6983 29.3308 0.280295 -0.81513 -0.506949
-49.9388 87.2468 30.1077 0.266187 -0.796375 -0.543076
-49.6916 86.8321 30.8126 0.313016 -0.750864 -0.580649
-49.0414 87.5212 30.1494 0.274891 -0.797847 -0.53654
-48.5471 88.1224 29.4986 0.263307 -0.809989 -0.524008
-47.9598 88.7601 28.8098 0.244454 -0.828489 -0.502628
-47.3399 89.3203 28.0167 0.139623 -0.864848 -0.482194
-46.762 89.7819 27.3453 0.116745 -0.875931 -0.468099
-46.0573 90.2488 26.6136 0.117147 -0.914002 -0.387063
-45.4529 90.5905 25.9116 0.0837538 -0.92833 -0.361442
-44.9011 90.8983 25.2194 0.078068 -0.933514 -0.349939
-44.1725 91.3182 24.1358 0.0501795 -0.957163 -0.285167
-43.5965 91.6079 23.1657 0.0112568 -0.966576 -0.256135
-43.1114 91.8028 22.365 0.0111573 -0.983807 -0.177241
-42.8063 91.9109 21.713 0.0192354 -0.987759 -0.1548
-41.8954 91.8685 22.0566 -0.00666373 -0.984186 -0.175029
-41.4488 92.0696 20.6659 -0.00472152 -0.989652 -0.14341
-41.292 92.1714 19.6434 0.0170647 -0.997261 -0.0719738
-41.2382 92.2421 18.4033 0.012437 -0.998691 -0.0495725
-41.4802 92.3145 17.2527 0.0177407 -0.998168 -0.0563563
-42.2175 92.3091 16.5163 0.0495287 -0.998448 -0.0254586
-43.0788 92.2777 16.0724 0.0479237 -0.998433 -0.0286615
-44.3505 92.2368 15.3782 0.0483312 -0.998248 -0.0340273
-45.2389 92.2154 14.7501 0.0508314 -0.998004 -0.0374749
-46.052 92.1764 14.2468 0.0710235 -0.997275 -0.0199455
-47.1456 92.0768 13.5367 0.0840778 -0.995278 0.0485065
-48.2258 91.9645 13.7976 0.176234 -0.981575 0.0738304
-49.1002 91.8481 14.5141 0.184661 -0.982313 0.0284173
-49.6953 91.745 15.1873 0.197854 -0.980006 0.0210165
-50.3164 91.6351 15.9103 0.222877 -0.974381 0.0143297
-51.0316 91.4305 16.8229 0.277227 -0.960374 -0.0252567
-51.6776 91.1863 17.7277 0.29674 -0.953619 -0.0505618
-52.1204 90.9943 18.5754 0.32797 -0.930968 -0.147655
-52.3859 90.6968 19.6349 0.385645 -0.908917 -0.158583
-52.4592 90.4685 20.5759 0.384523 -0.901699 -0.197688
-52.4186 90.245 21.6074 0.381926 -0.89279 -0.238869
-52.3152 90.0114 22.6075 0.391358 -0.885553 -0.25027
-52.1633 89.7345 23.5967 0.36108 -0.869899 -0.336003
-51.9762 89.4431 24.5522 0.353192 -0.871366 -0.340431
-51.6956 89.0133 25.7228 0.440043 -0.798782 -0.410255
-51.5048 88.5375 26.7683 0.439818 -0.776169 -0.45166
-51.3226 88.1138 27.6463 0.441334 -0.768221 -0.463747
-51.1538 87.6139 28.6373 0.389181 -0.781324 -0.48752
-50.8987 87.0423 29.7545 0.421072 -0.747235 -0.513745
-50.7889 86.5553 30.5173 0.380167 -0.737678 -0.556045
-50.5061 85.9747 31.425 0.345236 -0.737453 -0.580496
-49.4404 85.8151 32.2361 0.302394 -0.73824 -0.602199
-48.9018 86.5058 31.6136 0.271058 -0.756703 -0.594919
-48.4156 87.1892 30.9636 0.278536 -0.779643 -0.560067
-47.9284 87.8017 30.2993 0.272495 -0.79883 -0.5363
-47.3919 88.3854 29.6745 0.194894 -0.827959 -0.520959
-46.801 88.9347 28.8748 0.130535 -0.873099 -0.469569
-46.221 89.3844 28.2185 0.0854539 -0.876173 -0.474227
-45.4774 89.9068 27.396 0.072078 -0.869242 -0.489104
-44.8687 90.2965 26.7315 0.031406 -0.888953 -0.456921
-44.038 90.7857 25.6651 0.0642177 -0.926864 -0.369864
-43.3083 91.1917 24.598 -0.0121819 -0.952979 -0.30202
-42.8017 91.4442 23.7388 -0.00273696 -0.958453 -0.285239
-42.3073 91.7011 22.8706 0.00426005 -0.962514 -0.270687
-42.0393 91.8039 22.3731 -0.00131784 -0.979686 -0.200535
-41.0935 91.7285 22.6583 -0.022878 -0.968004 -0.24989
-40.6789 91.9289 21.5363 -0.0277831 -0.988494 -0.148686
-40.3895 92.0768 20.3849 -0.0401598 -0.992822 -0.11266
-40.274 92.2253 18.9716 -0.0447082 -0.994115 -0.0986743
-40.2742 92.2879 17.9691 0.01798 -0.997224 -0.0722517
-40.389 92.3427 16.9856 0.0151226 -0.998933 -0.0436256
-41.0142 92.3601 16.0374 0.0253745 -0.999391 -0.0239612
-41.9078 92.3488 15.5634 0.0374516 -0.998919 -0.0247099
-42.9411 92.3155 15.089 0.0463188 -0.998418 -0.0318645
-44.0311 92.2848 14.4579 0.0463641 -0.998276 -0.0359838
-44.7805 92.2695 13.9159 0.0465802 -0.998242 -0.036636
-45.6756 92.2029 13.3568 0.0726536 -0.997277 0.0126395
-46.518 92.105 12.7004 0.10172 -0.99431 0.031044
-47.3859 91.9825 12.0411 0.138607 -0.988082 0.0645514
-48.2066 91.8662 12.3791 0.174492 -0.983137 0.0547254
-48.9325 91.779 13.0171 0.176224 -0.981577 0.0738292
-49.7748 91.6708 13.8287 0.205499 -0.976008 0.0719434
-50.3947 91.5884 14.4991 0.201311 -0.978077 0.0477494
-51.0351 91.4464 15.299 0.24789 -0.968758 0.00763838
-51.6428 91.2677 16.1239 0.289492 -0.956699 -0.0303566
-52.3696 91.0012 17.0915 0.307781 -0.950146 -0.0499455
-52.9551 90.713 18.1292 0.366275 -0.926521 -0.0860279
-53.2448 90.4443 19.0322 0.376702 -0.911074 -0.167449
-53.3968 90.1095 20.3892 0.384738 -0.901599 -0.197726
-53.2929 89.8984 21.3886 0.43047 -0.852765 -0.295768
-53.1165 89.4923 22.9441 0.478978 -0.837275 -0.263726
-52.9258 89.1631 23.9569 0.475303 -0.804696 -0.355718
-52.7203 88.8581 24.8702 0.472912 -0.790369 -0.389449
-52.5105 88.5433 25.7639 0.456476 -0.794577 -0.399851
-52.3474 88.1429 26.6123 0.445077 -0.769154 -0.458595
-52.2049 87.7473 27.4138 0.439289 -0.775102 -0.453977
-52.0441 87.3433 28.2824 0.43796 -0.78139 -0.444545
-51.8123 86.678 29.5312 0.430586 -0.755918 -0.49307
-51.6285 86.033 30.5819 0.416766 -0.738332 -0.530256
-51.3576 85.4766 31.4979 0.411668 -0.70827 -0.573472
-50.978 85.0401 32.3007 0.410847 -0.688477 -0.597612
-50.3193 84.7281 33.0544 0.334749 -0.719157 -0.608898
-49.2582 84.9676 33.3016 0.267402 -0.667245 -0.69518
-48.6367 85.6305 32.8229 0.252179 -0.739673 -0.623931
-48.1483 86.3018 32.2163 0.247441 -0.763185 -0.596423
-47.612 87.0543 31.4485 0.223831 -0.769669 -0.597921
-47.1493 87.6554 30.8447 0.143056 -0.791862 -0.587875
-46.6643 88.1387 30.2105 0.0725139 -0.832137 -0.549808
-45.8088 88.9109 29.1522 0.0810731 -0.851936 -0.515777
-45.2498 89.3224 28.5007 0.0792214 -0.881128 -0.466195
-44.5839 89.7449 27.8154 0.0756506 -0.875186 -0.477647
-43.629 90.3587 26.6965 0.0320598 -0.889003 -0.456778
-42.8015 90.8851 25.4604 0.00703736 -0.923606 -0.383203
-42.0421 91.2484 24.3546 -0.0169565 -0.949085 -0.314513
-41.408 91.5615 23.2948 -0.0150845 -0.958559 -0.284495
-41.231 91.6564 22.95 -0.0228778 -0.968004 -0.249889
-40.3331 91.5169 23.344 -0.0746457 -0.958978 -0.272334
-39.9285 91.7419 22.3088 -0.0758975 -0.972482 -0.219761
-39.5451 91.9545 21.1541 -0.0523229 -0.982099 -0.176931
-39.3376 92.0943 19.856 -0.0401565 -0.99282 -0.112671
-39.2944 92.207 18.6964 -0.047567 -0.994126 -0.0972108
-39.3075 92.3021 17.7727 -0.0246612 -0.995701 -0.0838973
-39.4129 92.3534 16.8368 -0.00748564 -0.999308 -0.0326003
-39.6668 92.3833 15.8545 -0.0118138 -0.999523 -0.0280975
-40.3739 92.4051 15.2073 0.0105704 -0.999345 -0.0287008
-41.5713 92.3796 14.6493 0.0360527 -0.99915 -0.0200042
-42.5038 92.3533 14.237 0.0371909 -0.999112 -0.0197879
-43.4778 92.333 13.7078 0.00259638 -0.99975 -0.022195
-44.6128 92.2827 12.933 0.0813105 -0.996676 0.00406616
-45.5055 92.1982 12.2861 0.100097 -0.994642 0.0258475
-46.3786 92.0689 11.4281 0.13196 -0.989965 0.0479511
-47.0788 91.9486 10.8625 0.138608 -0.988082 0.0645514
-48.0204 91.805 10.9636 0.158623 -0.984293 0.077503
-48.959 91.6899 11.7144 0.191282 -0.979445 0.0640176
-49.7326 91.5848 12.4384 0.196387 -0.978766 0.0585577
-50.5194 91.4682 13.2093 0.201634 -0.977329 0.0638291
-51.4786 91.2744 14.2645 0.280946 -0.957148 0.0702633
-52.1756 91.0937 15.1586 0.326647 -0.944913 0.019156
-52.8382 90.8637 15.9948 0.324905 -0.945706 -0.00738654
-53.4607 90.618 16.971 0.373409 -0.925648 -0.0528679
-53.9335 90.36 17.7262 0.402869 -0.906738 -0.114928
-54.1671 90.1257 18.5855 0.431465 -0.895608 -0.108279
-54.3477 89.841 19.6743 0.3982 -0.89967 -0.178972
-54.2821 89.564 20.9203 0.467424 -0.834888 -0.287406
-54.0648 89.2179 22.2325 0.463131 -0.828373 -0.312
-53.8817 88.8923 23.2621 0.488946 -0.795902 -0.35703
-53.7089 88.5967 24.1599 0.491601 -0.785645 -0.375016
-53.4917 88.2713 25.0731 0.493831 -0.775525 -0.393309
-53.2293 87.8248 26.2598 0.49334 -0.768036 -0.408333
-53.0384 87.2536 27.4598 0.438249 -0.781345 -0.44434
-52.762 86.5763 28.7689 0.538495 -0.682804 -0.49082
-52.6304 86.0627 29.6035 0.493756 -0.704672 -0.509548
-52.3751 85.3684 30.7653 0.521658 -0.672492 -0.525002
-52.1317 84.8521 31.6926 0.524926 -0.67769 -0.514965
-51.6246 84.2916 32.7185 0.41085 -0.688475 -0.597612
-50.9249 83.9365 33.5565 0.419041 -0.640506 -0.64355
-49.8365 83.747 34.2651 0.258011 -0.680329 -0.68599
-48.7931 84.3149 34.1087 0.26962 -0.667062 -0.694502
-48.0607 85.1247 33.5783 0.239268 -0.693332 -0.679736
-47.5126 85.8526 32.974 0.149074 -0.738049 -0.655141
-46.9244 86.7103 32.1044 0.189672 -0.75401 -0.628883
-46.434 87.3023 31.403 0.0483275 -0.815011 -0.577203
-45.8961 87.8181 30.7374 0.0433846 -0.806352 -0.589842
-45.3214 88.3561 30.0239 0.034292 -0.821011 -0.569881
-44.5574 89.0074 29.0703 -0.0478563 -0.821832 -0.567168
-43.5727 89.6335 28.0887 0.0273441 -0.879861 -0.474342
-42.7562 90.1663 27.0879 -0.0257389 -0.886371 -0.462044
-42.1924 90.5113 26.303 -0.0216762 -0.919253 -0.393069
-41.5308 90.9088 25.3499 -0.0150021 -0.93299 -0.357056
-41.0435 91.1435 24.6047 -0.0217517 -0.949942 -0.311668
-40.5299 91.4099 23.7335 -0.0418992 -0.954468 -0.294705
-40.4955 91.4277 23.6684 -0.0614592 -0.954136 -0.292997
-39.6871 91.214 24.1725 -0.0759215 -0.947903 -0.309299
-40.349 90.8791 25.3046 -0.0400455 -0.929213 -0.364703
-41.0252 90.483 26.2783 -0.0481295 -0.916031 -0.398209
-41.6305 90.0912 27.1476 -0.0926789 -0.881254 -0.463468
-42.1506 89.7564 27.8316 -0.0245927 -0.8695 -0.492684
-43.0383 89.1413 28.7857 -0.00832339 -0.805316 -0.592787
-43.8318 88.574 29.6605 -0.0540014 -0.835322 -0.547102
-44.447 88.0943 30.4536 -0.00985308 -0.828169 -0.558488
-45.0743 87.5273 31.1736 -0.0357582 -0.790936 -0.610158
-45.7645 86.9012 32.0513 0.074785 -0.796017 -0.598643
-46.2972 86.1538 32.8226 0.0562863 -0.727825 -0.683449
-46.7463 85.4701 33.4872 0.0900337 -0.712511 -0.695514
-47.2446 84.8099 34.0416 0.136555 -0.683247 -0.717305
-47.8053 84.2045 34.495 0.15383 -0.657933 -0.737198
-48.5598 83.4935 34.9709 0.156491 -0.641415 -0.750923
-49.5748 82.922 35.1349 0.246413 -0.63443 -0.732652
-50.5405 82.9509 34.7225 0.416598 -0.604661 -0.678653
-51.288 83.1048 34.1104 0.419567 -0.615594 -0.667088
-51.9762 83.3749 33.4061 0.436228 -0.619534 -0.652559
-52.5522 83.769 32.566 0.486326 -0.636933 -0.598167
-52.93 84.3235 31.5736 0.545889 -0.667458 -0.505863
-53.1441 84.7413 30.7759 0.560305 -0.652683 -0.509732
-53.3172 85.2384 29.9689 0.562525 -0.663455 -0.492406
-53.4887 85.7779 28.9914 0.581864 -0.664521 -0.468877
-53.6518 86.3374 28.0093 0.579381 -0.657002 -0.482355
-53.8845 86.8214 27.0595 0.594712 -0.673363 -0.437507
-54.0369 87.3212 26.0288 0.616131 -0.66287 -0.425425
-54.276 87.7047 25.0096 0.640903 -0.658855 -0.393894
-54.4788 88.017 24.1573 0.620645 -0.660306 -0.421455
-54.783 88.4827 22.9446 0.491331 -0.799905 -0.344294
-54.976 88.8721 21.7377 0.481907 -0.80728 -0.340683
-55.1402 89.1136 20.6831 0.498014 -0.823889 -0.270285
-55.2434 89.3294 19.6642 0.534715 -0.824707 -0.184224
-55.1983 89.6352 18.5334 0.480227 -0.857548 -0.164381
-54.9818 89.8578 17.6633 0.434554 -0.888683 -0.146306
-54.5606 90.1788 16.6887 0.412769 -0.909504 -0.0270554
-53.9161 90.4566 15.8299 0.368007 -0.929751 -0.0115464
-53.3944 90.6637 15.0861 0.366748 -0.930318 0.00213643
-52.8429 90.8434 14.3702 0.323049 -0.946001 0.026865
-52.183 91.0127 13.5538 0.299672 -0.950587 0.0792092
-51.3427 91.2032 12.7003 0.291157 -0.955368 0.0499997
-50.6819 91.3698 12.0348 0.244844 -0.966972 0.0522596
-49.8646 91.4833 11.2592 0.192757 -0.979202 0.0632945
-48.6083 91.6423 10.1299 0.249069 -0.958506 0.138548
-47.4527 91.7912 9.47506 0.154054 -0.985513 0.0702715
-46.3814 91.9994 10.0496 0.178694 -0.983255 0.0357397
-45.6185 92.1471 10.7806 0.113377 -0.99307 0.0309376
-44.8157 92.2526 11.5778 0.100785 -0.994853 0.0104649
-43.9776 92.3266 12.2012 0.0403581 -0.999035 0.0173458
-43.1822 92.3484 12.7344 0.00324029 -0.999992 0.00231278
-42.1557 92.3692 13.3255 0.0248589 -0.999625 0.0114642
-40.9911 92.3932 13.8437 0.00837666 -0.999842 0.014055
-40.1449 92.4104 14.1934 0.0278059 -0.9992 0.0287547
-39.2738 92.419 14.6156 -0.00908881 -0.999401 -0.0325982
-38.6924 92.3792 15.5227 -0.0149397 -0.999377 -0.0319727
-38.4694 92.3403 16.4657 -0.0652789 -0.997072 -0.0397271
-38.3246 92.274 17.5251 -0.0636558 -0.993349 -0.0959466
-38.2756 92.1084 18.9974 -0.0908479 -0.988152 -0.123702
-38.3249 91.9594 20.2398 -0.090341 -0.988617 -0.120309
-38.5456 91.8223 21.2963 -0.104925 -0.977537 -0.18279
-38.841 91.6826 22.1499 -0.0895922 -0.974995 -0.203368
-39.2414 91.4638 23.2051 -0.0523816 -0.967823 -0.24612
-39.5087 91.3089 23.8351 -0.0815818 -0.946631 -0.311817
-38.707 91.0567 24.391 -0.0815817 -0.946631 -0.311818
-38.1539 91.4125 23.1751 -0.0663678 -0.957017 -0.279767
-37.7954 91.5661 22.1152 -0.142594 -0.970939 -0.191974
-37.4173 91.7474 20.9448 -0.125049 -0.978207 -0.165021
-37.3 91.8836 19.9539 -0.136781 -0.979498 -0.147558
-37.257 92.0217 18.9435 -0.0905369 -0.98815 -0.123946
-37.2975 92.1691 17.7955 -0.0905522 -0.988214 -0.123423
-37.4756 92.2707 16.6278 -0.0637464 -0.997271 -0.0372286
-37.6982 92.3314 15.454 -0.0656915 -0.996886 -0.0435821
-38.0204 92.4011 14.3147 -0.0440016 -0.998269 -0.0330892
-38.9953 92.4297 13.5833 0.0113921 -0.999574 0.0139766
-40.0114 92.3938 13.2119 0.0141288 -0.999815 0.00914104
-41.0302 92.3841 12.8091 0.00338839 -0.999957 0.00760623
-42.0064 92.3698 12.3035 0.0220036 -0.999751 0.00125389
-42.9697 92.3468 11.7316 0.0139029 -0.999845 0.000611221
-43.7956 92.3114 11.1696 0.0470333 -0.998452 0.029701
-44.5226 92.2691 10.5835 0.0854325 -0.995584 0.013802
-45.4174 92.1388 9.68123 0.120772 -0.992451 0.0211067
-46.0824 92.0055 8.94864 0.181666 -0.98226 0.0465049
-46.7068 91.8559 8.22852 0.182402 -0.982293 0.0425926
-47.9916 91.5786 8.48853 0.229606 -0.968471 0.0966667
-48.7674 91.4504 9.00346 0.25711 -0.960179 0.104288
-49.4719 91.3426 9.60667 0.267622 -0.950622 0.157151
-50.4611 91.2179 10.5616 0.262747 -0.95427 0.142595
-51.1552 91.1288 11.2371 0.292646 -0.947462 0.123044
-51.8147 90.9662 11.8417 0.323443 -0.94098 0.0997078
-52.9209 90.7143 13.0241 0.324399 -0.940332 0.102674
-53.4987 90.5848 13.7714 0.359608 -0.93134 0.0475275
-54.1659 90.3422 14.6278 0.390457 -0.919957 0.0349567
-54.7158 90.1403 15.4562 0.422408 -0.905304 0.0261193
-55.2438 89.8503 16.2449 0.449916 -0.8925 -0.0319247
-55.7543 89.5213 17.2425 0.459525 -0.88272 -0.0981905
-56.0635 89.1129 18.3343 0.608785 -0.771189 -0.186141
-56.0774 88.7839 19.5324 0.608591 -0.757705 -0.235587
-56.0234 88.5551 20.4077 0.60979 -0.758007 -0.231436
-55.8497 88.3878 21.4329 0.635462 -0.710763 -0.290147
-55.6212 88.0008 22.5612 0.630592 -0.679189 -0.375575
-55.3183 87.5747 23.6576 0.626243 -0.644313 -0.438953
-55.077 87.233 24.4963 0.642042 -0.643223 -0.415278
-54.8808 86.8252 25.5085 0.630318 -0.669433 -0.393141
-54.6476 86.3629 26.5728 0.6757 -0.587383 -0.445433
-54.5177 85.924 27.3884 0.677552 -0.604937 -0.4183
-54.3232 85.4353 28.3552 0.657679 -0.619366 -0.42877
-54.1682 84.8717 29.3713 0.606285 -0.650192 -0.45762
-54.0273 84.4275 30.2004 0.578734 -0.642759 -0.501925
-53.7311 83.7426 31.3908 0.599676 -0.609801 -0.518201
-53.416 83.1996 32.3982 0.600302 -0.611618 -0.515326
-52.8343 82.7468 33.4084 0.512506 -0.632149 -0.581142
-51.9257 82.3744 34.3757 0.430099 -0.632454 -0.64386
-51.0681 82.1187 35.1222 0.413626 -0.593726 -0.69022
-49.774 81.9989 35.8359 0.270466 -0.626952 -0.730355
-48.9144 82.2828 35.9155 0.232472 -0.651251 -0.720857
-47.9735 82.8984 35.5938 0.164352 -0.631313 -0.757913
-47.2544 83.5583 35.1749 0.148625 -0.651512 -0.743938
-46.6117 84.2729 34.6162 0.0670273 -0.68624 -0.72428
-46.0521 84.9278 34.0631 0.0428189 -0.675182 -0.736092
-45.5453 85.7003 33.2964 -0.136597 -0.697542 -0.703326
-45.0768 86.3328 32.5621 -0.139447 -0.704709 -0.695658
-44.579 86.9124 31.8985 -0.128917 -0.686365 -0.71574
-43.8787 87.5869 31.0958 0.0346169 -0.768568 -0.638831
-43.1545 88.1644 30.2357 -0.200193 -0.815459 -0.543093
-42.501 88.5839 29.4698 -0.0702116 -0.785328 -0.61439
-41.7801 89.1218 28.7514 -0.095256 -0.770324 -0.629512
-41.1911 89.5316 28.0714 -0.0922439 -0.853039 -0.51363
-40.6433 89.8799 27.3519 -0.0784201 -0.876074 -0.475367
-39.9792 90.3626 26.4013 -0.0733937 -0.876928 -0.474716
-39.4476 90.6747 25.6443 -0.0636957 -0.909868 -0.409978
-38.8577 90.9816 24.6606 -0.0907501 -0.942192 -0.322195
-38.128 90.6913 25.2532 -0.104282 -0.93697 -0.333486
-38.796 90.3091 26.2962 -0.0809708 -0.883146 -0.462056
-39.4207 89.8813 27.1857 -0.103312 -0.832941 -0.538591
-40.1326 89.278 28.165 -0.139523 -0.792904 -0.593158
-40.9399 88.6681 29.1389 -0.129736 -0.771835 -0.622446
-41.5545 88.2741 29.7472 -0.172005 -0.727036 -0.66378
-42.3861 87.7188 30.6158 -0.192128 -0.7094 -0.677597
-42.9238 87.2813 31.192 -0.180311 -0.695194 -0.69584
-43.6629 86.5899 32.0275 -0.144722 -0.680639 -0.71818
-44.204 85.9414 32.7742 -0.162274 -0.70149 -0.693959
-44.6027 85.377 33.434 -0.136597 -0.697543 -0.703325
-45.2293 84.5288 34.3738 -0.135033 -0.688906 -0.712162
-45.9672 83.6832 35.1436 -0.0623041 -0.602333 -0.795313
-46.665 82.8939 35.7552 -0.0440497 -0.664558 -0.739108
-47.2905 82.4182 36.1949 0.137692 -0.673721 -0.724871
-48.127 81.852 36.514 0.187409 -0.663554 -0.724275
-49.3047 81.309 36.6918 0.246021 -0.719672 -0.649265
-50.6349 81.2459 36.2555 0.298066 -0.715576 -0.629487
-51.5515 81.3605 35.5985 0.348185 -0.683902 -0.639712
-52.4128 81.587 34.8456 0.418366 -0.639315 -0.645171
-53.0546 81.8277 34.1754 0.426076 -0.648782 -0.630509
-53.663 82.0932 33.3436 0.556341 -0.59514 -0.579908
-54.1475 82.4697 32.41 0.600738 -0.614757 -0.511016
-54.3842 82.9258 31.5859 0.612879 -0.61269 -0.498853
-54.6568 83.3912 30.7046 0.608712 -0.5958 -0.523919
-54.848 84.0693 29.4949 0.703322 -0.588623 -0.397706
-54.9625 84.5313 28.6087 0.691601 -0.578721 -0.432169
-55.1456 85.0736 27.5846 0.697884 -0.575596 -0.4262
-55.2863 85.6158 26.5892 0.676626 -0.596159 -0.431868
-55.485 86.0089 25.7685 0.675918 -0.587499 -0.444949
-55.7681 86.5289 24.5749 0.690385 -0.601687 -0.392448
-56.0329 86.9511 23.5001 0.674149 -0.59888 -0.430722
-56.2828 87.2573 22.6513 0.699973 -0.578579 -0.418654
-56.4842 87.5624 21.7973 0.661139 -0.663873 -0.349504
-56.768 87.872 20.6853 0.635468 -0.710762 -0.290139
-56.8648 88.1521 19.5302 0.608594 -0.757697 -0.235602
-56.9083 88.3727 18.5891 0.619935 -0.759258 -0.198007
-56.7447 88.7711 17.4677 0.612286 -0.774185 -0.16045
-56.4296 89.1353 16.688 0.55732 -0.827083 -0.0709285
-56.0618 89.4331 15.9068 0.509276 -0.857866 -0.0360165
-55.5573 89.7031 15.0469 0.454349 -0.890656 0.0172729
-55.057 89.9311 14.2624 0.470828 -0.875886 0.103324
-54.1989 90.1912 13.1578 0.422429 -0.898287 0.120971
-53.5145 90.3903 12.3176 0.39927 -0.907424 0.129371
-52.6915 90.6108 11.4145 0.357596 -0.926169 0.116876
-51.9708 90.7812 10.7071 0.333554 -0.935767 0.11438
-51.304 90.8939 10.1076 0.317776 -0.9324 0.17219
-50.5391 90.9903 9.33533 0.28145 -0.947074 0.154389
-49.8764 91.0809 8.71243 0.277963 -0.950958 0.133164
-48.7517 91.3223 7.84622 0.295459 -0.946887 0.125574
-47.9201 91.4986 7.29371 0.239017 -0.969056 0.0616563
-46.9262 91.7106 6.81442 0.237161 -0.970146 0.047578
-46.2312 91.9058 7.24555 0.207877 -0.976376 0.0515921
-45.346 92.114 8.34199 0.183027 -0.982344 0.0387502
-44.7169 92.2069 9.05594 0.0845941 -0.995492 0.0428922
-44.0071 92.2933 9.76403 0.0595297 -0.997915 0.0176937
-43.2997 92.3314 10.3521 0.0526255 -0.998613 0.00154147
-42.3114 92.3637 11.0229 0.0226398 -0.999655 -0.0133212
-41.4235 92.3786 11.5773 0.0105814 -0.999898 0.00377637
-40.5809 92.3818 11.9543 0.00312729 -0.999993 0.00218903
-39.6284 92.3952 12.3383 0.0219819 -0.999656 0.014294
-38.7227 92.4197 12.6611 0.0730065 -0.994741 -0.0277177
-37.4171 92.4632 13.0284 0.0547154 -0.995232 -0.0807477
-36.9981 92.3607 13.9534 0.0189195 -0.991221 -0.130853
-36.7403 92.2966 15.0141 -0.0174508 -0.999695 -0.0174629
-36.5345 92.2542 15.9926 -0.0335486 -0.997929 -0.054891
-36.3477 92.1559 17.1393 -0.0996811 -0.987732 -0.120208
-36.2623 91.9782 18.4047 -0.157143 -0.97571 -0.152566
-36.2784 91.7759 19.6489 -0.145319 -0.977235 -0.154308
-36.4625 91.6079 20.8831 -0.167566 -0.972013 -0.16466
-36.766 91.4325 22.0429 -0.154135 -0.96823 -0.196335
-37.0775 91.2575 23.0064 -0.185033 -0.946492 -0.264416
-37.5493 91.0054 24.0989 -0.126291 -0.941086 -0.313206
-37.8776 90.8424 24.7505 -0.112378 -0.942001 -0.315584
-36.9144 90.5802 24.9402 -0.186305 -0.915972 -0.355367
-37.3781 90.3296 25.8292 -0.175748 -0.916254 -0.359807
-38.109 89.8382 26.8634 -0.196434 -0.820685 -0.536554
-38.7514 89.3294 27.7699 -0.159791 -0.794041 -0.586165
-39.2364 88.8968 28.4486 -0.159217 -0.770195 -0.617616
-39.7832 88.4528 29.1284 -0.143244 -0.74813 -0.647907
-40.7349 87.8408 30.0531 -0.146563 -0.738883 -0.657515
-41.5539 87.279 30.837 -0.172011 -0.72703 -0.663785
-42.2741 86.6906 31.6068 -0.188979 -0.68223 -0.706293
-42.8043 86.1601 32.2534 -0.186667 -0.676856 -0.712054
-43.2913 85.5859 32.92 -0.160343 -0.704716 -0.691117
-43.7627 84.9439 33.6889 -0.158405 -0.707938 -0.688282
-44.2434 84.2938 34.4162 -0.145109 -0.665319 -0.731549
-44.8514 83.5326 35.1372 -0.109902 -0.608731 -0.785727
-45.4871 82.8214 35.7502 -0.0440526 -0.664558 -0.739108
-46.2796 82.1176 36.5687 -0.0309792 -0.691546 -0.719631
-47.059 81.5959 36.9708 0.096262 -0.666914 -0.738891
-47.9216 81.1208 37.2937 0.14367 -0.680981 -0.715731
-48.7213 80.7453 37.4487 0.182494 -0.713838 -0.675666
-49.6955 80.4429 37.5043 0.229911 -0.718599 -0.655996
-50.7741 80.4838 37.0446 0.228066 -0.731573 -0.642036
-51.824 80.6167 36.3067 0.37951 -0.701548 -0.602588
-52.4898 80.748 35.7154 0.392862 -0.69667 -0.600258
-53.1741 80.9398 35.0528 0.433791 -0.675536 -0.594332
-53.7906 81.1444 34.2747 0.49021 -0.694605 -0.526514
-54.5712 81.4947 33.0859 0.523371 -0.642329 -0.555708
-54.9211 81.8205 32.2886 0.59962 -0.619827 -0.506232
-55.1844 82.3724 31.2948 0.609032 -0.621665 -0.492558
-55.3741 82.8773 30.2765 0.701135 -0.592719 -0.396352
-55.4815 83.3564 29.3817 0.703794 -0.581718 -0.407707
-55.6128 83.8163 28.5081 0.706308 -0.571043 -0.418254
-55.7547 84.2914 27.6438 0.701398 -0.57102 -0.426546
-55.8981 84.7668 26.7274 0.783368 -0.53094 -0.323167
-56.0403 85.1458 25.8968 0.77286 -0.478893 -0.416351
-56.2861 85.5846 24.8749 0.75342 -0.528602 -0.390781
-56.478 85.9296 24.0183 0.763064 -0.521946 -0.381189
-56.8908 86.4849 22.7023 0.719971 -0.538251 -0.435299
-57.1397 86.8336 21.6565 0.780833 -0.513926 -0.355216
-57.4384 87.2591 20.1078 0.787359 -0.545931 -0.2864
-57.5981 87.571 18.7538 0.784919 -0.587887 -0.195682
-57.5839 87.8273 17.7668 0.749606 -0.650425 -0.12263
-57.3437 88.2856 16.7594 0.74608 -0.655747 -0.115587
-56.9538 88.7607 15.8916 0.666828 -0.745098 0.00819541
-56.5122 89.1361 14.9561 0.637099 -0.766403 0.0594796
-56.0366 89.381 14.1956 0.483338 -0.871173 0.086268
-55.4535 89.5982 13.3368 0.458322 -0.880596 0.120384
-54.9125 89.7818 12.6219 0.460271 -0.878443 0.128389
-54.1196 90.004 11.6761 0.425593 -0.892747 0.147895
-53.4572 90.1957 10.9403 0.423605 -0.893376 0.149796
-52.7932 90.376 10.2386 0.42719 -0.881916 0.199036
-52.1202 90.5303 9.64522 0.314033 -0.933192 0.174688
-51.4589 90.6262 8.963 0.318406 -0.930554 0.180795
-50.7509 90.7236 8.26181 0.320427 -0.93296 0.161611
-49.807 90.922 7.43814 0.309651 -0.943506 0.114481
-48.8392 91.1833 6.75177 0.294483 -0.950645 0.0946817
-47.7814 91.4866 6.05296 0.303645 -0.952197 -0.0334631
-46.8479 91.7707 5.48611 0.281267 -0.953253 -0.110441
-45.8385 91.9627 6.02269 0.232073 -0.963706 -0.131958
-45.2006 92.103 7.02625 0.196866 -0.980281 -0.0171052
-44.4195 92.2172 7.98786 0.0884684 -0.996011 -0.0116765
-43.7282 92.2761 8.7117 0.0755243 -0.996353 0.0383711
-43.0237 92.3444 9.34088 0.0595377 -0.997915 0.0176904
-42.2849 92.372 9.88519 0.0314756 -0.999503 -0.00186609
-41.3522 92.4087 10.4655 0.0730427 -0.997003 -0.0254991
-40.2104 92.4156 11.063 0.00727985 -0.997298 -0.0730969
-39.2012 92.4437 11.4691 0.121229 -0.988992 -0.0836415
-38.2743 92.5413 11.7326 0.0888494 -0.991575 -0.0859154
-37.0802 92.6193 12.0089 0.112042 -0.978977 -0.167029
-36.2883 92.5453 12.6432 0.0442011 -0.983068 -0.174309
-36.0417 92.434 13.5356 0.0182451 -0.992678 -0.118782
-35.8173 92.2998 14.5626 0.0153542 -0.990926 -0.133529
-35.6065 92.2461 15.5723 -0.0335504 -0.997929 -0.0548868
-35.419 92.0896 16.6121 -0.152218 -0.978008 -0.141032
-35.2599 91.8887 17.9085 -0.167103 -0.97616 -0.13852
-35.224 91.734 18.8856 -0.163012 -0.973148 -0.162286
-35.2937 91.5925 19.7756 -0.169396 -0.971193 -0.167598
-35.534 91.4017 21.0026 -0.220302 -0.957117 -0.182444
-35.8014 91.2421 22.17 -0.175358 -0.956407 -0.229646
-36.2164 90.9672 23.4313 -0.189194 -0.945411 -0.265338
-36.6488 90.744 24.3681 -0.197821 -0.919134 -0.340401
-36.8901 90.5945 24.8906 -0.186938 -0.917005 -0.352344
-36.0381 90.2814 25.1671 -0.280571 -0.840005 -0.464161
-36.5141 89.9333 26.0644 -0.266289 -0.842601 -0.468096
-37.168 89.4726 27.0671 -0.248141 -0.787199 -0.562773
-37.9634 88.8083 28.183 -0.199073 -0.767393 -0.609489
-38.5564 88.2954 29.0031 -0.218181 -0.706475 -0.668533
-39.0922 87.8274 29.596 -0.25276 -0.637508 -0.727802
-40.0135 87.2683 30.3937 -0.257181 -0.622381 -0.73921
-40.9582 86.6216 31.2558 -0.234245 -0.655608 -0.716956
-41.5353 86.1744 31.8928 -0.3031 -0.627876 -0.71631
-42.1291 85.5015 32.6647 -0.217154 -0.642887 -0.734534
-42.5964 84.899 33.3372 -0.267038 -0.648425 -0.711062
-43.134 84.2011 34.2173 -0.298464 -0.612433 -0.731078
-43.6941 83.459 35.0132 -0.213473 -0.621938 -0.751116
-44.306 82.7088 35.6508 -0.150706 -0.537917 -0.829417
-45.0743 81.9534 36.608 -0.113669 -0.71362 -0.691249
-45.9994 81.2773 37.3118 -4.29944e-05 -0.658654 -0.752427
-46.7118 80.8652 37.6765 -0.0182957 -0.74254 -0.669437
-47.6291 80.4248 38.0748 0.10085 -0.770825 -0.629013
-48.4516 80.0534 38.2883 0.193043 -0.732251 -0.652863
-49.3159 79.7374 38.3859 0.211208 -0.716797 -0.664525
-50.4517 79.6483 38.1245 0.210058 -0.786537 -0.575866
-51.4574 79.7998 37.5156 0.383678 -0.731486 -0.563666
-52.2521 79.8679 36.9089 0.379512 -0.701556 -0.602577
-53.1284 80.0598 36.0961 0.404299 -0.692137 -0.597772
-53.7729 80.2403 35.4375 0.435966 -0.69948 -0.56497
-54.419 80.4409 34.6194 0.476894 -0.702672 -0.527513
-54.9276 80.6435 33.8507 0.513508 -0.68144 -0.521487
-55.4227 80.9242 32.9435 0.557739 -0.704963 -0.438126
-55.7243 81.2624 32.061 0.582375 -0.638251 -0.503463
-55.9 81.6896 31.1471 0.636938 -0.68882 -0.346175
-56.0431 82.1503 30.1837 0.700161 -0.594431 -0.395508
-56.125 82.5776 29.3657 0.747825 -0.561123 -0.352816
-56.2504 83.1638 28.2519 0.765659 -0.53182 -0.361829
-56.4353 83.7853 27.002 0.780951 -0.501168 -0.372755
-56.5673 84.1785 26.0718 0.786467 -0.524329 -0.326321
-56.78 84.6803 24.9913 0.801581 -0.463043 -0.378233
-57.0921 85.1712 23.8275 0.781163 -0.482576 -0.393541
-57.4481 85.6792 22.509 0.799185 -0.456726 -0.390775
-57.7184 86.0757 21.4243 0.808912 -0.465814 -0.358523
-57.8927 86.3453 20.5621 0.806844 -0.520302 -0.279801
-58.1588 86.6771 19.0972 0.814902 -0.535529 -0.217677
-58.2338 86.8936 18.0913 0.813414 -0.55752 -0.16592
-58.1914 87.1645 17.19 0.806581 -0.579119 -0.118525
-57.9223 87.7411 16.0862 0.755552 -0.645829 -0.108921
-57.4829 88.2709 15.1613 0.674291 -0.738435 0.00673831
-57.0816 88.6048 14.3671 0.644689 -0.755373 0.111374
-56.5098 88.9232 13.4336 0.616373 -0.779483 0.111759
-56.0303 89.1823 12.6262 0.614281 -0.780478 0.116248
-55.3897 89.4091 11.7909 0.459128 -0.878752 0.130368
-54.3453 89.6993 10.6414 0.428879 -0.88302 0.190605
-53.387 89.9515 9.63358 0.430922 -0.87866 0.204957
-52.5053 90.1837 8.7451 0.418322 -0.889556 0.183566
-51.5883 90.3551 7.80628 0.373503 -0.904541 0.205649
-50.8462 90.4832 7.08349 0.354658 -0.912618 0.203337
-50.0666 90.6841 6.47001 0.36308 -0.927982 0.0837968
-49.0361 91.058 5.67042 0.37391 -0.926976 0.0201136
-48.1635 91.3913 5.14957 0.360886 -0.931071 -0.032868
-47.4055 91.66 4.62052 0.311129 -0.949888 -0.0301959
-46.4907 91.9809 3.93268 0.302913 -0.943238 -0.109819
-45.6607 92.2191 4.281 0.239055 -0.965394 -0.10217
-45.2176 92.2203 5.15972 0.218042 -0.968661 -0.118971
-44.6476 92.2181 6.1817 0.189556 -0.977641 -0.067139
-44.1097 92.28 6.92059 0.0861319 -0.994408 -0.0611075
-43.0647 92.329 8.01838 0.0845016 -0.996409 -0.0018738
-42.0869 92.4332 8.87035 0.0971276 -0.994311 -0.0268205
-40.9468 92.4786 9.57888 0.0710601 -0.995666 -0.0599951
-40.0866 92.5166 10.0401 0.0822568 -0.991197 -0.103429
-39.2244 92.5405 10.4602 0.100138 -0.989276 -0.104513
-37.8792 92.6926 10.8393 0.160439 -0.97617 -0.145571
-36.4916 92.8374 11.0077 0.0775521 -0.982974 -0.166579
-35.4681 92.9574 11.1649 0.154575 -0.948271 -0.260862
-35.2592 92.7241 12.0486 0.0765626 -0.969705 -0.231969
-35.169 92.5509 12.9491 0.0217879 -0.985639 -0.164228
-34.9087 92.3375 14.2425 -0.0170578 -0.993034 -0.116584
-34.7232 92.1825 15.204 -0.0823138 -0.987118 -0.137196
-34.4996 92.0138 16.2551 -0.136714 -0.977894 -0.158099
-34.3151 91.718 17.7103 -0.128418 -0.969948 -0.206665
-34.2547 91.4596 19.2208 -0.269977 -0.94941 -0.158805
-34.3929 91.259 20.5492 -0.248186 -0.945899 -0.203951
-34.6314 91.1034 21.5669 -0.231682 -0.962904 -0.138348
-34.8876 90.927 22.4621 -0.304136 -0.907782 -0.288848
-35.2625 90.6859 23.615 -0.277888 -0.906437 -0.315791
-35.8947 90.3732 24.9039 -0.276215 -0.873207 -0.395985
-35.9638 90.333 25.0256 -0.297757 -0.839432 -0.454589
-35.1042 89.8769 25.3048 -0.297761 -0.839426 -0.454596
-34.575 90.1829 24.3769 -0.326219 -0.834958 -0.442365
-34.2475 90.4027 23.4368 -0.333695 -0.893412 -0.298774
-33.9614 90.6027 22.5061 -0.303777 -0.907675 -0.289561
-33.6424 90.8439 21.3024 -0.391472 -0.883098 -0.258195
-33.3788 91.0136 20.2147 -0.288544 -0.941409 -0.174474
-33.2899 91.1871 19.1275 -0.275227 -0.945392 -0.174599
-33.318 91.4249 18.1978 -0.230116 -0.943855 -0.237034
-33.3961 91.6905 17.1632 -0.227244 -0.948212 -0.221855
-33.5264 91.8707 16.2442 -0.159619 -0.977291 -0.139373
-33.7044 92.1012 15.0776 -0.149026 -0.971635 -0.183623
-33.9025 92.2958 14.1168 -0.00150339 -0.954462 -0.29833
-34.1875 92.5898 12.9512 0.0630933 -0.976296 -0.207042
-34.3377 92.8248 11.9316 0.0722029 -0.969322 -0.234891
-34.3597 93.1705 10.8024 0.0783971 -0.945549 -0.315896
-34.5471 93.4516 9.91441 0.154575 -0.948271 -0.260862
-35.4954 93.2036 9.99685 0.230748 -0.950994 -0.205831
-36.417 93.0017 10.0729 0.0955373 -0.983061 -0.154934
-37.5093 92.882 9.97676 0.160428 -0.976172 -0.145567
-38.8682 92.7157 9.58123 0.182382 -0.96777 -0.17228
-39.907 92.6261 9.05598 0.096082 -0.991319 -0.0884665
-40.8018 92.568 8.56089 0.118835 -0.982773 -0.131777
-41.7753 92.5011 7.90844 0.20331 -0.969353 -0.137913
-42.7243 92.4472 7.05746 0.179107 -0.967854 -0.17658
-43.3807 92.4488 6.35791 0.180667 -0.97164 -0.15256
-44.0365 92.4527 5.39654 0.215318 -0.968335 -0.126357
-44.5544 92.476 4.41849 0.265367 -0.950841 -0.159632
-45.1233 92.5917 3.13568 0.263236 -0.936562 -0.231428
-45.4137 92.7307 2.18042 0.298015 -0.920821 -0.251546
-46.1106 92.5035 2.1838 0.310171 -0.91925 -0.242431
-46.962 92.0016 3.04665 0.32172 -0.931035 -0.172252
-47.7412 91.6067 3.63242 0.352425 -0.917946 -0.182134
-48.6891 91.2057 4.2466 0.398818 -0.915982 -0.043837
-49.5377 90.8259 4.79033 0.390491 -0.920513 0.00806956
-50.4087 90.466 5.53687 0.378821 -0.923344 0.0506112
-51.2864 90.1624 6.27654 0.417747 -0.903359 0.0971021
-52.1894 89.9542 7.14582 0.373475 -0.903857 0.208707
-52.8183 89.8319 7.80932 0.467506 -0.857864 0.21329
-53.4536 89.6561 8.49819 0.458266 -0.866677 0.197136
-54.0798 89.4889 9.15024 0.430519 -0.875223 0.220539
-55.1722 89.2021 10.2974 0.51054 -0.824307 0.244675
-55.949 88.9405 11.1676 0.568286 -0.797464 0.202738
-56.6332 88.6176 12.1163 0.627798 -0.764818 0.144651
-57.4013 88.1673 13.4232 0.67301 -0.731259 0.110987
-57.9931 87.7438 14.4922 0.695684 -0.71655 0.050784
-58.342 87.3385 15.2259 0.784921 -0.619594 0.00139854
-58.669 86.8686 15.9362 0.77591 -0.614291 -0.138065
-58.8052 86.4099 16.9112 0.831273 -0.526246 -0.160061
-58.7987 86.0439 18.0351 0.853467 -0.49163 -0.1729
-58.6875 85.8295 19.0366 0.840609 -0.485701 -0.239731
-58.4387 85.602 20.3696 0.860445 -0.432636 -0.262196
-58.2116 85.2649 21.3174 0.849896 -0.398071 -0.345277
-58.0015 84.8901 22.262 0.833039 -0.406622 -0.373776
-57.7349 84.513 23.2045 0.816847 -0.424903 -0.390004
-57.4236 84.0875 24.3521 0.804712 -0.459688 -0.374352
-57.2008 83.6848 25.3149 0.802603 -0.460795 -0.37881
-57.077 83.3021 26.1825 0.808835 -0.501253 -0.307459
-56.9312 82.7899 27.3479 0.799492 -0.497533 -0.336562
-56.8041 82.1774 28.6051 0.730348 -0.592154 -0.340507
-56.7307 81.6177 29.6763 0.729188 -0.569927 -0.378739
-56.6499 81.1971 30.5151 0.720643 -0.639488 -0.267822
-56.6109 80.8336 31.4881 0.716732 -0.644842 -0.265373
-56.4234 80.4826 32.3462 0.586085 -0.675063 -0.4481
-56.0174 80.1795 33.3504 0.587236 -0.691407 -0.420845
-55.2329 79.8429 34.6385 0.497584 -0.693986 -0.520379
-54.5517 79.6149 35.6066 0.434518 -0.780157 -0.448488
-53.7593 79.4147 36.5289 0.340042 -0.807874 -0.481363
-52.9627 79.3085 37.3202 0.303802 -0.836121 -0.456735
-52.0202 79.1979 38.1206 0.284437 -0.848733 -0.445356
-51.2307 79.1484 38.6639 0.163514 -0.860717 -0.48211
-50.322 79.0813 39.0919 0.188055 -0.845522 -0.498619
-49.2937 79.1671 39.23 0.133795 -0.859918 -0.492584
-48.1 79.4524 39.084 0.181572 -0.797071 -0.566021
-47.2542 79.8248 38.8702 0.0361937 -0.758979 -0.646539
-46.2294 80.2367 38.3628 -0.0284704 -0.747135 -0.664063
-45.1587 80.8287 37.6976 -0.00561523 -0.696691 -0.715027
-44.5185 81.2119 37.103 -0.0882535 -0.684596 -0.712856
-43.8262 81.8602 36.4271 -0.222751 -0.693292 -0.685368
-43.3942 82.3881 35.7527 -0.286292 -0.681369 -0.67035
-42.932 82.9015 35.1633 -0.316184 -0.530933 -0.786218
-42.4707 83.4459 34.5721 -0.319585 -0.623895 -0.713122
-41.9931 84.0957 33.7959 -0.311213 -0.625687 -0.715305
-41.3526 84.9406 32.9264 -0.241458 -0.614412 -0.749845
-40.8953 85.4586 32.2495 -0.303098 -0.627879 -0.716309
-40.2289 86.029 31.5015 -0.287231 -0.602591 -0.74417
-39.3431 86.5961 30.7264 -0.25718 -0.622382 -0.73921
-38.537 87.0419 30.0626 -0.271048 -0.596614 -0.755047
-37.9756 87.5285 29.5005 -0.236812 -0.646013 -0.725604
-37.1821 88.3228 28.5113 -0.302095 -0.621836 -0.722346
-36.6194 88.8176 27.6575 -0.265019 -0.758419 -0.595454
-36.0803 89.2302 26.8907 -0.265582 -0.759545 -0.593766
-35.4063 89.6758 25.8641 -0.294859 -0.837405 -0.460229
-35.2142 89.8009 25.5135 -0.294856 -0.837404 -0.460234
-34.4585 89.3057 25.8596 -0.392889 -0.764216 -0.51148
-33.9162 89.6365 24.855 -0.409029 -0.79019 -0.456393
-33.5131 89.9268 23.9067 -0.423285 -0.843357 -0.327132
-33.1341 90.1426 22.8028 -0.392973 -0.87214 -0.291149
-32.7706 90.4264 21.3951 -0.394967 -0.876313 -0.275772
-32.5171 90.6364 20.3469 -0.287907 -0.915901 -0.279706
-32.3188 90.929 19.1594 -0.274101 -0.928608 -0.249012
-32.406 91.2634 17.9195 -0.242358 -0.933735 -0.261587
-32.4971 91.5678 16.8326 -0.178587 -0.956967 -0.228739
-32.638 91.8314 15.6268 -0.124847 -0.955765 -0.246744
-32.8152 92.1974 14.38 -0.0179079 -0.96132 -0.274851
-33.1795 92.6186 13.0802 -0.0139503 -0.953523 -0.300728
-33.3907 92.9988 11.7743 0.168754 -0.937576 -0.304094
-33.4189 93.4076 10.5316 0.231405 -0.905519 -0.347135
-33.2904 93.9459 9.47757 0.225662 -0.891137 -0.391449
-33.1609 94.4337 8.48303 0.279163 -0.887488 -0.364583
-32.9535 94.8083 7.69446 0.322004 -0.874942 -0.361649
-33.704 94.3089 8.35087 0.286831 -0.899881 -0.328547
-34.4472 93.8883 8.83735 0.246997 -0.901917 -0.354268
-35.4494 93.5135 9.07647 0.2387 -0.910516 -0.33677
-36.4844 93.2302 9.1575 0.227504 -0.920423 -0.317906
-37.5042 93.0754 9.04101 0.235314 -0.942457 -0.237493
-38.4917 92.9385 8.72844 0.182379 -0.967771 -0.172273
-39.6257 92.8067 8.17683 0.196277 -0.963135 -0.183972
-40.5693 92.7552 7.61566 0.151767 -0.978553 -0.139283
-41.3101 92.7214 7.04571 0.177537 -0.973953 -0.138605
-42.1074 92.7037 6.35729 0.185718 -0.956961 -0.223013
-42.7355 92.694 5.67714 0.226123 -0.959828 -0.166127
-43.4356 92.7264 4.61341 0.257708 -0.946562 -0.193924
-43.8432 92.7881 3.80653 0.271788 -0.930809 -0.244292
-44.2268 92.9226 2.84395 0.277487 -0.930126 -0.240554
-44.517 93.085 1.942 0.281067 -0.922245 -0.265453
-44.6413 93.3871 0.857134 0.266316 -0.914283 -0.303851
-44.7524 93.7981 -0.504151 0.230016 -0.923553 -0.306594
-44.6316 94.0729 -1.22326 0.228331 -0.915393 -0.331412
-44.4617 94.415 -2.05851 0.229392 -0.94953 -0.213942
-44.118 94.6944 -2.92986 0.206346 -0.956038 -0.206854
-43.6067 95.035 -3.98398 0.0822091 -0.968373 -0.214968
-43.2404 95.1873 -4.86581 0.0108049 -0.977042 -0.208827
-42.8822 95.4397 -5.84899 0.0130377 -0.970344 -0.241378
-42.5214 95.6761 -6.78423 -0.0118974 -0.971502 -0.236733
-42.1037 95.9093 -7.88255 -0.0245619 -0.980979 -0.192553
-41.5867 96.1358 -9.22962 -0.0421075 -0.984964 -0.167551
-41.2755 96.2792 -10.2068 -0.0716362 -0.990436 -0.113377
-41.0043 96.361 -11.0721 -0.0401052 -0.993504 -0.106493
-40.6948 96.4572 -12.0862 -0.0561014 -0.993745 -0.0944649
-40.3947 96.5148 -13.1025 -0.0634933 -0.995337 -0.0726138
-40.0874 96.5648 -14.1267 -0.0678189 -0.995442 -0.0670558
-39.7451 96.5585 -15.2612 -0.108616 -0.993335 0.0385629
-39.5361 96.5001 -16.1772 -0.107589 -0.993394 0.0398863
-39.4023 96.4176 -17.2389 -0.0676087 -0.992419 0.0977435
-39.3806 96.2995 -18.1322 -0.0641759 -0.989453 0.129864
-39.3392 96.1298 -19.0856 -0.0605871 -0.979955 0.189784
-39.2143 95.8037 -20.2916 -0.055836 -0.942038 0.330827
-39.2693 95.1287 -21.8437 -0.0436529 -0.88515 0.463254
-39.417 94.6209 -22.8157 -0.0265126 -0.873235 0.486554
-39.6209 93.9007 -24.1058 0.0393075 -0.836872 0.53867
-40.0218 93.2636 -24.9582 0.114355 -0.826728 0.550768
-40.4371 92.7396 -25.5625 0.103261 -0.764807 0.635931
-41.2297 91.9554 -26.3412 0.0612494 -0.72141 0.689795
-42.3273 91.2803 -26.9435 0.0643335 -0.714925 0.696234
-43.2308 91.2805 -26.8578 0.0703215 -0.718851 0.691552
-43.3381 91.9423 -26.149 0.0747365 -0.723237 0.686544
-43.307 92.7575 -25.2863 0.0594443 -0.719264 0.692189
-43.2238 93.5385 -24.4819 0.0166645 -0.740783 0.669442
-43.2487 94.0949 -23.7668 -0.16806 -0.775739 0.608264
-43.4678 94.86 -22.7925 -0.169898 -0.815434 0.553356
-43.8275 95.4684 -21.9935 -0.170104 -0.860324 0.474846
-44.3871 96.0599 -20.9622 -0.168079 -0.9097 0.37652
-45.1018 96.6231 -19.9365 -0.25417 -0.916213 0.308311
-45.6643 96.9244 -19.1947 -0.20191 -0.959555 0.196181
-46.4093 97.2574 -18.0504 -0.166222 -0.976954 0.133905
-46.9086 97.4722 -16.7443 -0.139533 -0.98806 0.0653285
-47.0238 97.5197 -15.4935 -0.149431 -0.987373 -0.052482
-46.9409 97.4032 -14.4159 -0.167676 -0.974796 -0.147166
-46.7406 97.1907 -13.0906 -0.118035 -0.98399 -0.133535
-46.5845 96.9824 -11.8753 -0.126443 -0.975782 -0.178496
-46.4132 96.7614 -10.8261 -0.120884 -0.974058 -0.191307
-46.2143 96.4928 -9.79568 -0.0672195 -0.963165 -0.259347
-46.0415 96.2023 -8.66495 -0.0507084 -0.967426 -0.247868
-45.8924 95.8886 -7.50776 -0.0470034 -0.965533 -0.256
-45.7343 95.6055 -6.59419 0.00360045 -0.960454 -0.278414
-45.6005 95.2847 -5.55508 0.0225996 -0.945529 -0.324733
-45.5738 94.9122 -4.45861 0.0345566 -0.936115 -0.3487
-45.5655 94.596 -3.46351 0.119788 -0.938756 -0.321784
-45.5291 94.3121 -2.52888 0.174249 -0.948057 -0.266129
-45.5313 94.0086 -1.64818 0.220427 -0.918719 -0.327669
-45.7015 93.6602 -0.762932 0.245737 -0.907986 -0.337006
-46.0751 93.0949 0.347656 0.283951 -0.89762 -0.335823
-46.4818 92.7057 1.11476 0.287811 -0.908006 -0.304451
-46.9917 92.3201 1.77994 0.334971 -0.889322 -0.308457
-47.7179 91.8618 2.40493 0.362716 -0.894817 -0.259265
-48.4805 91.4512 2.94613 0.368431 -0.914159 -0.169034
-49.2762 91.0023 3.41301 0.387509 -0.920384 -0.0522477
-50.0675 90.6294 3.93669 0.238974 -0.95001 -0.106036
-50.8269 90.2394 4.60548 0.45366 -0.890366 0.0379624
-51.6739 89.8847 5.40191 0.425635 -0.89924 0.100874
-52.4783 89.5884 6.19903 0.412649 -0.893995 0.162403
-53.261 89.3895 6.99351 0.469596 -0.857501 0.210173
-53.8535 89.2393 7.68549 0.476519 -0.851773 0.217364
-54.4484 89.0688 8.35418 0.487652 -0.845309 0.218286
-55.5248 88.7443 9.50055 0.508541 -0.824885 0.246882
-56.4322 88.4033 10.5177 0.62154 -0.752724 0.217011
-57.2227 88.047 11.635 0.633528 -0.748575 0.195645
-57.9772 87.5948 12.9011 0.724563 -0.681307 0.104059
-58.4305 87.2143 13.7626 0.780951 -0.622988 0.0354929
-58.8285 86.6816 14.6707 0.820949 -0.569705 -0.00384284
-59.1866 86.1464 15.4429 0.881292 -0.453526 -0.132813
-59.3157 85.6709 16.2559 0.859873 -0.489723 -0.143962
-59.3407 85.3429 17.2505 0.862748 -0.483018 -0.149122
-59.2899 85.0771 18.3233 0.880542 -0.437178 -0.176119
-59.0938 84.9299 19.2399 0.88028 -0.379578 -0.284655
-58.8674 84.7354 20.1823 0.879531 -0.370575 -0.298496
-58.6623 84.3769 21.2319 0.864714 -0.384321 -0.321886
-58.4714 84.0333 22.0893 0.847681 -0.399529 -0.349019
-58.2023 83.6323 23.2754 0.823271 -0.45254 -0.338273
-57.9878 83.3415 24.125 0.790411 -0.481287 -0.378723
-57.6975 82.8541 25.3064 0.793861 -0.495004 -0.350502
-57.5888 82.2737 26.5487 0.801567 -0.503875 -0.321446
-57.4698 81.875 27.4759 0.785376 -0.531314 -0.317633
-57.4155 81.4045 28.4576 0.783938 -0.548958 -0.289977
-57.3877 80.8822 29.4583 0.778614 -0.536608 -0.325288
-57.3583 80.3773 30.59 0.712827 -0.650195 -0.262917
-57.1771 79.8775 32.0372 0.712313 -0.609177 -0.348586
-56.9073 79.6088 33.0541 0.566873 -0.710508 -0.416654
-56.4715 79.3869 34.045 0.57944 -0.703098 -0.412193
-55.8432 79.2446 35.0051 0.492489 -0.729344 -0.471043
-55.1106 79.0249 36.1647 0.403938 -0.797923 -0.445843
-54.4375 78.8436 37.0083 0.35982 -0.801285 -0.477518
-53.7507 78.7941 37.7136 0.367627 -0.848105 -0.379203
-52.945 78.7247 38.4737 0.274066 -0.873715 -0.401652
-51.8371 78.6532 39.3377 0.263135 -0.875963 -0.404249
-50.8621 78.5869 39.8212 0.167671 -0.870909 -0.461957
-49.9311 78.5801 40.096 0.121275 -0.866633 -0.483984
-48.9707 78.7178 40.1109 0.139939 -0.85214 -0.503668
-47.6584 79.0626 39.8712 0.126257 -0.843592 -0.521931
-46.7426 79.2414 39.6118 -0.000164107 -0.832818 -0.553051
-45.6591 79.6728 39.0109 -0.08408 -0.805937 -0.578026
-44.6977 80.1252 38.3223 -0.133405 -0.704496 -0.697057
-43.879 80.6455 37.66 -0.191534 -0.680768 -0.703337
-43.2787 81.0798 37.002 -0.273122 -0.667238 -0.692878
-42.6786 81.707 36.0665 -0.321396 -0.658713 -0.679195
-42.0127 82.4733 35.0827 -0.304567 -0.589453 -0.744646
-41.5869 83.0477 34.4684 -0.360022 -0.558936 -0.746977
-41.0889 83.6934 33.7374 -0.374694 -0.568705 -0.732095
-40.552 84.3691 32.9624 -0.360078 -0.545537 -0.756792
-39.8784 85.113 32.1224 -0.343652 -0.545834 -0.764178
-39.2477 85.588 31.4883 -0.298961 -0.582365 -0.755532
-38.5018 85.985 30.8742 -0.295571 -0.556452 -0.77653
-37.8482 86.4058 30.3238 -0.288765 -0.58302 -0.758705
-37.2787 86.8727 29.7533 -0.277952 -0.58497 -0.76194
-36.5407 87.5937 28.8587 -0.317602 -0.620933 -0.716639
-35.8224 88.2877 27.8492 -0.349732 -0.694744 -0.628263
-35.2621 88.726 27.0399 -0.359154 -0.676233 -0.643209
-34.724 89.1402 26.2909 -0.322591 -0.766722 -0.553157
-34.4838 89.2914 25.9003 -0.392892 -0.764217 -0.511476
-33.6379 88.7736 26.0242 -0.392898 -0.7642 -0.511497
-34.154 88.3896 26.8113 -0.300679 -0.687224 -0.661298
-34.771 87.9162 27.6646 -0.336837 -0.725124 -0.600613
-35.3756 87.4266 28.506 -0.317292 -0.641618 -0.698322
-35.8543 86.9185 29.1759 -0.29389 -0.604114 -0.739019
-36.4713 86.3082 29.8567 -0.296814 -0.566925 -0.768414
-37.0768 85.7709 30.4915 -0.302202 -0.565528 -0.767367
-37.8954 85.2258 31.1883 -0.284183 -0.569923 -0.770903
-38.7322 84.7992 31.8388 -0.327429 -0.543354 -0.773018
-39.4519 84.17 32.6042 -0.344138 -0.546347 -0.763592
-40.0198 83.4809 33.363 -0.352941 -0.571549 -0.740414
-40.6896 82.6963 34.3323 -0.352787 -0.575307 -0.737622
-41.2604 81.883 35.2542 -0.322997 -0.610223 -0.723395
-41.6863 81.3838 35.8997 -0.34845 -0.618349 -0.704434
-42.2647 80.7458 36.8543 -0.329566 -0.68756 -0.64703
-42.7217 80.3083 37.542 -0.302484 -0.679872 -0.667365
-43.3091 79.8958 38.1583 -0.258845 -0.66798 -0.697712
-44.3727 79.3895 39.1013 -0.173186 -0.746548 -0.642396
-45.2587 79.0208 39.7686 -0.178874 -0.790532 -0.585716
-46.3245 78.7351 40.4202 -0.0011373 -0.860355 -0.509695
-47.2022 78.6023 40.6461 -0.0229243 -0.878627 -0.474832
-48.0632 78.4391 40.929 0.115242 -0.908688 -0.401255
-49.5191 78.1657 41.089 0.135447 -0.901554 -0.410919
-50.4488 78.092 40.9486 0.119318 -0.906836 -0.403884
-51.6818 78.1167 40.4192 0.17785 -0.920405 -0.348172
-52.6948 78.1934 39.7832 0.263444 -0.878239 -0.399116
-53.4217 78.2579 39.164 0.274058 -0.873719 -0.401648
-54.1674 78.2996 38.4953 0.306452 -0.866662 -0.39368
-55.1038 78.2899 37.5033 0.406509 -0.852448 -0.328758
-55.6722 78.411 36.7555 0.398095 -0.79859 -0.451413
-56.2199 78.5661 35.9744 0.45209 -0.805182 -0.379931
-56.8347 78.6643 34.8715 0.501055 -0.794381 -0.343369
-57.3201 78.7222 34.0222 0.550958 -0.72369 -0.415503
-57.6899 78.959 33.1317 0.583542 -0.72492 -0.359552
-57.8925 79.1737 32.1879 0.618016 -0.719248 -0.316554
-58.0223 79.5433 30.8852 0.695034 -0.6876 -0.210082
-58.0403 79.9092 29.8306 0.72883 -0.642937 -0.235457
-58.0315 80.3224 28.8408 0.781271 -0.542788 -0.307636
-58.0229 80.9631 27.6811 0.776134 -0.553323 -0.302408
-58.0767 81.3409 26.7783 0.793952 -0.529523 -0.295847
-58.2087 81.8306 25.664 0.81075 -0.493619 -0.314683
-58.3091 82.2457 24.8149 0.822712 -0.442408 -0.351465
-58.4902 82.6157 23.8369 0.857707 -0.407779 -0.313137
-58.7575 82.9092 22.7184 0.856052 -0.412901 -0.310903
-58.9611 83.2224 21.7997 0.864988 -0.382773 -0.32447
-59.1372 83.5676 20.8978 0.868956 -0.394261 -0.299123
-59.4097 84.0122 19.541 0.8629 -0.407296 -0.298932
-59.733 84.2113 18.0961 0.866811 -0.449779 -0.21526
-59.8657 84.493 16.9789 0.862915 -0.468848 -0.184619
-59.8746 84.7534 16.0873 0.858391 -0.490501 -0.150187
-59.7596 85.187 15.2501 0.85467 -0.501228 -0.135314
-59.4628 85.8091 14.3816 0.821833 -0.568562 -0.0364358
-59.1486 86.3022 13.6668 0.798726 -0.600595 -0.0150362
-58.7635 86.7184 12.9212 0.776652 -0.62686 0.0621112
-58.2971 87.108 12.0205 0.719874 -0.679481 0.141732
-57.71 87.4554 11.0373 0.670996 -0.715273 0.195319
-57.0683 87.7723 10.088 0.6172 -0.765998 0.179756
-56.2762 88.135 9.10901 0.594977 -0.771502 0.225359
-55.5683 88.3977 8.38916 0.525911 -0.823776 0.211684
-54.7813 88.6487 7.48154 0.490375 -0.842288 0.223794
-53.9827 88.875 6.51628 0.497419 -0.844915 0.196706
-53.328 89.097 5.7917 0.478206 -0.871787 0.106327
-52.3182 89.4912 4.74227 0.444066 -0.892139 0.0737664
-51.6438 89.8187 4.08166 0.496985 -0.867602 0.0165148
-50.9705 90.1927 3.4707 0.467549 -0.883115 -0.00318312
-50.2852 90.731 2.91735 0.555199 -0.82653 -0.0916909
-49.5026 91.0712 2.4148 0.438774 -0.867932 -0.232749
-48.5502 91.6798 1.80586 0.383146 -0.885379 -0.263256
-47.9018 92.0957 1.32996 0.357179 -0.888217 -0.28643
-47.3734 92.5589 0.677024 0.334968 -0.889323 -0.308456
-46.9431 93.0875 -0.231254 0.284207 -0.871089 -0.400538
-46.7152 93.5108 -1.11211 0.234288 -0.892004 -0.385991
-46.5804 93.9635 -2.14948 0.176029 -0.924208 -0.3389
-46.588 94.3745 -3.22747 0.065438 -0.932703 -0.354659
-46.6054 94.7313 -4.1405 0.0615505 -0.924072 -0.377231
-46.582 95.2459 -5.50392 0.0202577 -0.944691 -0.327336
-46.803 95.7022 -6.83333 -0.0402309 -0.945153 -0.323854
-46.9758 96.1717 -8.37961 -0.0552708 -0.965642 -0.253931
-47.0962 96.4094 -9.25729 -0.0960076 -0.950828 -0.289121
-47.3579 96.8615 -10.7385 -0.100063 -0.965657 -0.23474
-47.5205 97.1055 -11.9006 -0.126579 -0.9741 -0.187201
-47.6948 97.3535 -13.1726 -0.186629 -0.969794 -0.157066
-47.8561 97.5465 -14.3227 -0.171175 -0.974988 -0.141618
-47.9481 97.6487 -15.2587 -0.167061 -0.983493 -0.0695113
-47.9772 97.7076 -16.4345 -0.174519 -0.98464 -0.00525657
-47.6939 97.5088 -17.571 -0.147913 -0.95904 0.241588
-47.3087 97.3534 -18.4659 -0.142283 -0.981741 0.123429
-46.6794 97.075 -19.4469 -0.171836 -0.967922 0.183299
-46.0038 96.732 -20.2901 -0.228521 -0.927019 0.297346
-45.3694 96.2783 -21.1487 -0.285373 -0.876371 0.38178
-44.9574 95.7539 -21.879 -0.237528 -0.870234 0.427329
-44.518 95.0559 -22.8263 -0.162994 -0.82148 0.546324
-44.2556 94.4594 -23.5691 -0.158975 -0.786342 0.596987
-44.1813 93.7474 -24.3352 -0.0412299 -0.626564 0.778278
-44.2964 92.7304 -25.2564 0.0283954 -0.713384 0.700197
-44.3286 91.6505 -26.3409 0.0568907 -0.714573 0.696647
-44.339 90.9277 -27.0991 0.0680645 -0.678759 0.728585
-43.5866 90.3427 -27.6995 0.119733 -0.669493 0.733105
-42.6725 90.3597 -27.8144 0.102328 -0.672185 0.733278
-41.5311 90.8112 -27.4975 0.0715754 -0.718854 0.691386
-40.8234 91.2616 -27.1067 0.105535 -0.716733 0.688831
-40.2057 91.7906 -26.6525 0.113972 -0.727065 0.676892
-39.4862 92.5626 -25.9061 0.113253 -0.752277 0.648634
-39.0816 93.1396 -25.2903 0.0741032 -0.82097 0.566142
-38.6935 93.7147 -24.4752 0.0432445 -0.844637 0.53359
-38.5006 94.2226 -23.6151 0.0641874 -0.874038 0.481155
-38.3857 94.7995 -22.5662 0.0714716 -0.898464 0.43319
-38.2294 95.4206 -21.3508 0.0092283 -0.920173 0.379873
-38.2444 95.7816 -20.1909 -0.0375339 -0.94838 0.313853
-38.3625 96.0535 -19.1437 -0.0678421 -0.978247 0.196035
-38.4242 96.2772 -17.7631 -0.0858406 -0.989555 0.115812
-38.4948 96.3961 -16.6032 -0.0738272 -0.9955 0.058592
-38.719 96.465 -15.5602 -0.0767627 -0.995874 0.0484007
-38.9724 96.5318 -14.5232 -0.0508061 -0.996746 -0.0167944
-39.3677 96.466 -13.3321 -0.0642544 -0.995121 -0.0742178
-39.5935 96.3986 -12.3329 -0.0698 -0.99417 -0.0821799
-39.8807 96.3392 -11.3705 -0.0667299 -0.994939 -0.074687
-40.1802 96.2605 -10.4996 -0.0122999 -0.993776 -0.110712
-40.4215 96.1614 -9.60303 -0.0440747 -0.985991 -0.160715
-40.8718 95.9664 -8.31489 -0.0253784 -0.986998 -0.158718
-41.3386 95.7667 -7.241 0.00288757 -0.985128 -0.168968
-41.7626 95.533 -6.03018 0.0480783 -0.982205 -0.181557
-42.0992 95.3274 -5.20874 0.067558 -0.972114 -0.224565
-42.43 95.1205 -4.3543 0.056297 -0.981444 -0.179969
-42.8445 94.9635 -3.32867 0.0449968 -0.991534 -0.1218
-43.248 94.7419 -2.47695 0.126635 -0.968919 -0.212509
-43.5259 94.4871 -1.60898 0.200057 -0.915329 -0.349245
-43.647 94.0263 -0.363679 0.208771 -0.937259 -0.279213
-43.7058 93.6582 0.828595 0.295878 -0.920686 -0.254547
-43.4943 93.3566 2.10101 0.294447 -0.914504 -0.277459
-43.002 93.1198 3.46289 0.266089 -0.931491 -0.248035
-42.4552 93.0114 4.52483 0.245401 -0.946826 -0.20729
-41.682 92.9679 5.52829 0.229614 -0.953455 -0.193399
-40.5347 92.9898 6.53912 0.211997 -0.951012 -0.22502
-39.7807 93.0257 7.06137 0.221475 -0.945838 -0.236993
-38.341 93.1868 7.80944 0.231659 -0.939534 -0.252197
-37.1741 93.3748 8.19428 0.266238 -0.916294 -0.293689
-36.3022 93.6135 8.25278 0.245725 -0.897664 -0.365813
-35.1226 94.0118 8.06974 0.243584 -0.899927 -0.361609
-34.2301 94.4561 7.56455 0.247848 -0.899347 -0.360203
-33.5123 94.939 6.83182 0.319647 -0.884546 -0.339713
-33.0405 95.3603 6.18835 0.330115 -0.884545 -0.329454
-32.4422 95.874 5.38681 0.32195 -0.892657 -0.315222
-31.6737 96.4286 4.52737 0.31501 -0.902111 -0.294898
-30.9465 96.9078 3.87403 0.335436 -0.896324 -0.2899
-30.2744 97.3572 3.24574 0.32919 -0.898079 -0.291699
-29.7386 97.784 2.48733 0.32095 -0.906309 -0.274945
-29.1777 98.1628 1.74491 0.258349 -0.932906 -0.250883
-28.4632 98.5492 1.06134 0.276626 -0.926058 -0.256655
-27.632 98.9859 0.390418 0.274694 -0.92578 -0.259759
-26.7565 99.4526 -0.301728 0.29746 -0.92283 -0.244537
-25.8689 99.9265 -1.10793 0.270621 -0.932401 -0.239376
-25.1973 100.276 -1.67194 0.277382 -0.929527 -0.242962
-24.4686 100.607 -2.20301 0.244919 -0.943606 -0.222409
-23.5112 100.994 -2.84148 0.233592 -0.945786 -0.225664
-22.8338 101.232 -3.42061 0.169287 -0.969778 -0.17532
-21.7252 101.575 -4.15439 0.182636 -0.961002 -0.207651
-20.9785 101.825 -4.66883 0.184642 -0.955983 -0.228043
-19.9575 102.175 -5.63687 0.0267246 -0.980062 -0.193959
-19.0649 102.314 -6.4038 0.0163424 -0.980611 -0.193569
-18.2073 102.447 -6.92659 0.0180763 -0.975597 -0.218824
-17.3172 102.573 -7.38697 0.0372058 -0.961934 -0.270737
-16.2859 102.667 -8.03226 -0.14547 -0.965017 -0.218129
-15.2109 102.64 -8.6922 -0.170753 -0.962297 -0.211725
-14.048 102.52 -9.21235 -0.220661 -0.946606 -0.235046
-12.8065 102.262 -9.61381 -0.321721 -0.920454 -0.221946
-11.6805 101.847 -9.7539 -0.401913 -0.8913 -0.209881
-10.5392 101.122 -9.72522 -0.62902 -0.766546 -0.12939
-9.80085 100.546 -9.54507 -0.637528 -0.76922 -0.0431135
-9.04926 99.9381 -9.27692 -0.535264 -0.841931 0.0652492
-8.18955 99.4381 -8.95893 -0.510401 -0.8568 0.0721155
-7.25979 98.9333 -8.3566 -0.493696 -0.855291 0.141682
-6.20442 98.5378 -7.67155 -0.427495 -0.885951 0.178778
-5.40231 98.1601 -7.05543 -0.606323 -0.761548 0.228949
-4.74049 97.9551 -6.34242 -0.553136 -0.767797 0.323309
-4.12284 97.8888 -5.42934 -0.300661 -0.801568 0.429166
-4.02568 98.1785 -4.49645 -0.658126 -0.627322 0.369095
-5.02339 98.7165 -4.25071 -0.340097 -0.898083 0.278894
-6.04096 99.1294 -4.31841 -0.378011 -0.906793 0.18664
-7.10367 99.4838 -4.31909 -0.22038 -0.956229 0.192509
-7.98816 99.7591 -4.26168 -0.346708 -0.925318 0.153559
-8.90519 100.114 -4.2743 -0.425391 -0.904387 0.000497004
-9.80203 100.556 -4.27363 -0.431286 -0.896226 -0.10378
-10.6981 100.979 -4.19903 -0.368347 -0.922114 -0.096661
-11.795 101.314 -4.00488 -0.309764 -0.94582 -0.09691
-12.6684 101.542 -3.86835 -0.251905 -0.962588 -0.0998369
-14.1017 101.775 -3.39692 -0.162827 -0.976744 -0.139496
-14.9325 101.851 -2.95589 -0.0655656 -0.980793 -0.155013
-15.8648 101.683 -2.07091 0.0206321 -0.992408 -0.11701
-16.6231 101.591 -1.47698 0.0456963 -0.992749 -0.111179
-17.2554 101.496 -0.826658 0.0384012 -0.994253 -0.0999357
-17.901 101.394 -0.078485 0.0396289 -0.993927 -0.102663
-18.5226 101.203 0.642604 0.171447 -0.97202 -0.160568
-19.2572 100.943 1.4806 0.162426 -0.972161 -0.168884
-19.9757 100.704 2.15686 0.230681 -0.964615 -0.127688
-20.7926 100.399 2.79659 0.251809 -0.954522 -0.159622
-21.7234 100.016 3.54555 0.262572 -0.938925 -0.222433
-22.6594 99.5779 4.28624 0.263179 -0.93839 -0.223967
-23.5406 99.2309 4.62773 0.31365 -0.923636 -0.21988
-24.5648 98.7908 5.07512 0.324408 -0.921898 -0.211036
-25.4137 98.3325 5.55743 0.343515 -0.902775 -0.258832
-26.4025 97.8089 6.06807 0.331893 -0.904971 -0.265847
-27.4095 97.3265 6.45968 0.320161 -0.905443 -0.27858
-28.2251 96.9564 6.73276 0.316262 -0.904256 -0.286879
-29.3494 96.3925 7.15315 0.331105 -0.894597 -0.299904
-30.119 96.0089 7.44793 0.328235 -0.892753 -0.308633
-31.1138 95.3709 7.98809 0.35873 -0.865007 -0.349378
-31.8136 94.8605 8.56387 0.315133 -0.864435 -0.391719
-32.2799 94.313 9.40977 0.299277 -0.869078 -0.393729
-32.4791 93.6976 10.5889 0.293511 -0.872305 -0.390957
-32.4689 93.2689 11.579 0.250896 -0.876383 -0.408063
-32.3413 92.9311 12.4246 0.0912275 -0.935895 -0.340261
-32.1011 92.6235 13.2439 0.0747696 -0.917982 -0.38951
-31.8649 92.2694 14.0496 -0.0561609 -0.933958 -0.347334
-31.6682 91.8922 15.2707 -0.053649 -0.950945 -0.304084
-31.5918 91.469 16.5012 -0.124838 -0.955764 -0.246756
-31.5112 91.1754 17.4992 -0.226953 -0.93019 -0.288513
-31.3766 90.815 18.5256 -0.236881 -0.916855 -0.314132
-31.3712 90.5227 19.5403 -0.289381 -0.912986 -0.286498
-31.7326 90.2046 20.8745 -0.317582 -0.900601 -0.296747
-32.0656 89.8513 22.408 -0.342566 -0.883754 -0.31452
-32.558 89.5016 23.6584 -0.338797 -0.848186 -0.407181
-32.97 89.2027 24.7321 -0.424457 -0.78518 -0.450919
-33.3564 88.9425 25.571 -0.364147 -0.800679 -0.471118
-33.4713 88.8709 25.7509 -0.368781 -0.769854 -0.520226
-32.7798 88.289 26.1534 -0.344664 -0.775508 -0.528955
-33.37 87.885 27.0511 -0.299623 -0.745001 -0.595986
-33.8303 87.4751 27.7546 -0.268723 -0.715232 -0.644218
-34.4862 86.9736 28.5374 -0.288726 -0.670971 -0.68296
-35.1946 86.192 29.4529 -0.284006 -0.559348 -0.778647
-35.8788 85.5427 30.1916 -0.300633 -0.567899 -0.766231
-36.7647 84.83 31.0705 -0.290617 -0.57881 -0.761871
-37.3768 84.4289 31.5897 -0.265309 -0.564591 -0.781568
-38.2032 84.0108 32.1722 -0.265336 -0.56452 -0.78161
-39.0115 83.2091 33.1271 -0.313647 -0.571615 -0.758209
-39.5516 82.6232 33.8327 -0.336781 -0.62086 -0.707892
-40.0864 81.9365 34.6599 -0.345091 -0.595979 -0.725029
-40.5023 81.3092 35.3832 -0.32816 -0.655465 -0.675988
-40.9201 80.8766 36.0626 -0.282287 -0.710494 -0.644602
-41.4159 80.2754 36.9436 -0.289866 -0.714395 -0.636799
-41.7763 79.8141 37.6197 -0.296602 -0.666705 -0.683762
-42.4177 79.3668 38.3341 -0.277725 -0.66734 -0.690739
-43.2583 78.9395 39.3125 -0.285986 -0.779386 -0.557269
-44.0217 78.7351 39.8071 -0.154699 -0.79755 -0.583079
-44.7846 78.4702 40.5137 -0.183619 -0.843094 -0.505052
-45.5841 78.2583 41.1015 -0.137578 -0.842346 -0.521082
-46.5874 78.192 41.4213 -0.0371279 -0.905489 -0.422742
-47.8194 77.9845 41.8636 0.0280271 -0.900475 -0.434003
-48.8739 77.8514 42.0199 0.138199 -0.911314 -0.387823
-50.1699 77.7087 41.975 0.0899348 -0.937637 -0.335295
-51.4457 77.7016 41.5831 0.105368 -0.925831 -0.361024
-52.6028 77.7558 40.9209 0.164146 -0.926134 -0.339606
-53.4374 77.7735 40.3155 0.225017 -0.910804 -0.345039
-54.1572 77.8457 39.645 0.293924 -0.903995 -0.310023
-55.1991 77.825 38.7221 0.328004 -0.896291 -0.297874
-55.7691 77.8345 38.0209 0.32959 -0.901613 -0.280115
-56.2837 77.8618 37.2731 0.348303 -0.864541 -0.351647
-57.0584 78.0112 36.0945 0.481534 -0.818204 -0.313879
-57.5993 78.0194 35.1794 0.513484 -0.812219 -0.27683
-58.0249 78.0531 34.2912 0.536288 -0.789234 -0.296748
-58.3375 78.2705 33.4627 0.599603 -0.717925 -0.344622
-58.6182 78.5345 32.1852 0.653223 -0.698398 -0.292472
-58.7142 78.7624 31.2436 0.668967 -0.71075 -0.217527
-58.7272 79.1893 29.7667 0.688478 -0.688298 -0.225938
-58.7177 79.5191 28.9067 0.706861 -0.666648 -0.236191
-58.7221 79.9712 27.8578 0.720548 -0.619382 -0.311732
-58.6548 80.4951 26.881 0.775107 -0.565847 -0.281117
-58.724 81.0109 25.625 0.795001 -0.529672 -0.292288
-58.831 81.4164 24.7083 0.811463 -0.496156 -0.308798
-58.9267 81.8895 23.6602 0.835174 -0.471934 -0.282308
-59.2422 82.0671 22.5321 0.848506 -0.422373 -0.318808
-59.4339 82.4023 21.5799 0.848302 -0.422065 -0.319757
-59.6577 82.8555 20.3874 0.835642 -0.453119 -0.31046
-59.8323 83.134 19.511 0.848154 -0.428318 -0.310496
-60.1232 83.2847 18.3979 0.804346 -0.526005 -0.276309
-60.3246 83.4069 17.5142 0.822491 -0.522346 -0.22379
-60.4102 83.677 16.5061 0.862911 -0.468854 -0.184623
-60.4615 83.9927 15.4468 0.837878 -0.509435 -0.196052
-60.2869 84.4675 14.7139 0.832247 -0.537513 -0.13581
-59.8243 85.3541 13.5322 0.815757 -0.575463 -0.0581558
-59.4196 85.9447 12.6874 0.742223 -0.669517 0.029186
-58.8888 86.4631 11.6546 0.705002 -0.701931 0.0827518
-58.3138 86.8262 10.5737 0.658604 -0.744727 0.107233
-57.8166 87.1087 9.76416 0.606379 -0.775304 0.176658
-57.1527 87.4535 8.93823 0.582827 -0.795055 0.165086
-56.5781 87.7067 8.27632 0.557001 -0.811057 0.178654
-55.9333 87.9741 7.54769 0.521857 -0.832314 0.186863
-55.3666 88.1372 6.83674 0.494142 -0.848725 0.183931
-54.5817 88.4175 5.92207 0.477411 -0.865016 0.154355
-54.0272 88.6449 5.19219 0.480149 -0.87135 0.100793
-53.4118 88.9029 4.54799 0.478618 -0.873499 0.0875361
-52.6945 89.2444 3.77478 0.488593 -0.870049 0.0655107
-51.659 89.8538 2.80679 0.506673 -0.857631 -0.0880397
-50.9761 90.3576 2.09945 0.555197 -0.826532 -0.0916908
-50.0792 90.9952 1.61028 0.535965 -0.81876 -0.180122
-49.0485 91.8062 0.952224 0.349342 -0.802834 -0.483134
-48.2528 92.4659 0.279068 0.246234 -0.868367 -0.430109
-47.9205 92.9784 -0.602814 0.209205 -0.889658 -0.405883
-47.7263 93.401 -1.4374 0.225363 -0.886142 -0.404924
-47.6023 94.072 -2.82011 0.205157 -0.886962 -0.413774
-47.6131 94.4578 -3.64435 0.143013 -0.896702 -0.417768
-47.6424 94.8205 -4.49838 0.091714 -0.915455 -0.389335
-47.6249 95.2468 -5.57536 0.00325629 -0.937618 -0.347652
-47.8311 95.6537 -6.61522 -0.00558548 -0.926599 -0.376011
-47.9123 96.0477 -7.74858 -0.039879 -0.961247 -0.272789
-48.0783 96.4194 -8.87199 -0.136744 -0.936015 -0.324311
-48.2094 96.8171 -10.1178 -0.133983 -0.960021 -0.244836
-48.3188 97.0507 -11.0425 -0.119644 -0.965846 -0.229839
-48.5179 97.2559 -11.9459 -0.141426 -0.969639 -0.199496
-48.6269 97.4984 -13.0179 -0.160068 -0.971429 -0.171497
-48.7189 97.6432 -13.9469 -0.161423 -0.977666 -0.134551
-48.8105 97.7706 -14.845 -0.1758 -0.982089 -0.0677909
-48.9371 97.8764 -16.3182 -0.16133 -0.986356 -0.0238819
-48.8697 97.7559 -17.3259 -0.154973 -0.9578 0.242081
-48.5941 97.567 -18.1968 -0.191112 -0.977961 0.0801934
-48.171 97.4351 -19.0412 -0.180015 -0.976051 0.113117
-47.269 97.0588 -20.2065 -0.20535 -0.965349 0.161035
-46.702 96.7039 -20.8868 -0.216083 -0.926688 0.307503
-45.9629 96.0019 -21.9287 -0.257518 -0.821929 0.507147
-45.5488 95.3552 -22.7831 -0.245331 -0.816861 0.522065
-45.2683 94.6823 -23.5203 -0.166631 -0.763708 0.6223
-45.118 94.0778 -24.1928 -0.136819 -0.580552 0.802025
-45.2254 93.3516 -24.7713 -0.0640816 -0.553985 0.824842
-45.3262 92.3418 -25.5888 0.0652889 -0.716034 0.695005
-45.3369 91.3935 -26.5441 0.0628431 -0.699632 0.711735
-45.295 90.4054 -27.5034 0.0306524 -0.665106 0.744395
-44.7913 89.765 -28.0416 0.0316195 -0.685645 0.725265
-43.8264 89.5342 -28.4106 0.116152 -0.685422 0.718822
-42.7583 89.5906 -28.5115 0.103767 -0.676303 0.729277
-41.8109 89.7561 -28.4938 0.0861743 -0.677668 0.730071
-40.8471 90.3895 -27.9938 0.0996816 -0.691398 0.714598
-39.9971 90.9609 -27.5732 0.134126 -0.714424 0.686738
-39.1768 91.6646 -26.9745 0.115217 -0.735619 0.667525
-38.5508 92.3912 -26.285 0.116786 -0.733629 0.669439
-38.0069 93.1552 -25.3843 0.0454724 -0.827799 0.559178
-37.7068 93.7559 -24.4924 0.045087 -0.84513 0.532656
-37.5344 94.2371 -23.7193 0.0418197 -0.858602 0.510934
-37.3325 94.8984 -22.4876 -0.0112233 -0.906721 0.421582
-37.265 95.4598 -21.1591 -0.0440232 -0.942625 0.328399
-37.2848 95.7582 -20.2002 -0.0429351 -0.963512 0.260668
-37.3563 95.9652 -19.3111 -0.047596 -0.978058 0.202822
-37.4377 96.1449 -18.2494 -0.0702216 -0.993118 0.0937342
-37.4652 96.2643 -17.2088 -0.0797478 -0.990998 0.10731
-37.6857 96.3802 -15.9312 -0.0495929 -0.996986 0.0596589
-38.011 96.4748 -14.553 -0.0550184 -0.996844 0.0572349
-38.3723 96.3984 -13.3594 -0.0700763 -0.993986 -0.0841513
-38.5953 96.3384 -12.2449 -0.0196599 -0.996117 -0.0858169
-38.9683 96.2614 -11.0242 -0.0127697 -0.998252 -0.0577061
-39.4164 96.1101 -9.53522 -0.0390766 -0.9854 -0.165707
-39.7386 95.9578 -8.52856 -0.0131631 -0.990913 -0.125216
-40.1142 95.8357 -7.54788 0.0223128 -0.989308 -0.144101
-40.5901 95.6383 -6.36253 0.0320753 -0.983301 -0.179136
-40.9943 95.4743 -5.38215 0.0953197 -0.982994 -0.151032
-41.3605 95.2735 -4.55537 0.123781 -0.975474 -0.182011
-41.8215 95.017 -3.20126 0.0982748 -0.988547 -0.114532
-42.2559 94.8451 -2.20635 0.178103 -0.972278 -0.15055
-42.519 94.5803 -1.30094 0.23524 -0.923419 -0.296273
-42.6197 94.3308 -0.343665 0.309727 -0.929242 -0.200701
-42.7116 94.0734 0.598243 0.332832 -0.903152 -0.271181
-42.6204 93.7531 1.7715 0.337144 -0.898448 -0.280688
-42.2716 93.6082 2.68481 0.324605 -0.904558 -0.276292
-41.9846 93.4334 3.56611 0.315919 -0.904272 -0.287095
-41.2174 93.3239 4.7904 0.316237 -0.910877 -0.265137
-39.9615 93.3351 5.88264 0.264168 -0.905697 -0.331554
-39.0944 93.3957 6.4473 0.283064 -0.901129 -0.328392
-37.8745 93.5632 7.06977 0.29994 -0.894228 -0.332233
-36.7144 93.8448 7.3217 0.273341 -0.902035 -0.334091
-35.7519 94.1386 7.30591 0.265995 -0.907799 -0.32426
-34.7778 94.6083 6.74245 0.257306 -0.917887 -0.301241
-34.2082 95.0029 6.01957 0.280423 -0.908921 -0.307575
-33.7533 95.4151 5.33227 0.320328 -0.888931 -0.3274
-32.8297 96.0866 4.3454 0.312464 -0.902245 -0.297184
-32.0022 96.6919 3.37268 0.316454 -0.901442 -0.295344
-31.2346 97.2044 2.64266 0.320628 -0.900506 -0.293745
-30.5162 97.7125 1.83376 0.312285 -0.905767 -0.28647
-29.9434 98.1139 1.14275 0.285264 -0.922344 -0.258797
-29.0766 98.5857 0.309785 0.26176 -0.9285 -0.263382
-28.1089 99.0971 -0.52149 0.277515 -0.92713 -0.251823
-27.2358 99.5378 -1.1698 0.27645 -0.926374 -0.255665
-26.2805 100.058 -2.08141 0.270424 -0.93203 -0.241103
-25.4196 100.466 -2.70879 0.260017 -0.939113 -0.224627
-24.6994 100.797 -3.20731 0.220989 -0.946691 -0.234395
-24.0115 101.081 -3.73431 0.184274 -0.960173 -0.208617
-23.3134 101.318 -4.3058 0.164675 -0.962108 -0.216858
-22.583 101.571 -4.82512 0.168114 -0.958508 -0.230216
-21.7952 101.804 -5.23082 0.172641 -0.958713 -0.225251
-21.0696 102.113 -5.93193 0.177828 -0.955831 -0.234017
-20.3925 102.326 -6.54347 0.0720185 -0.983262 -0.153337
-19.5773 102.457 -7.25242 0.0177531 -0.984392 -0.175095
-18.8117 102.592 -7.71798 0.0480947 -0.967616 -0.247802
-17.7337 102.789 -8.25385 0.0557778 -0.965783 -0.253282
-16.671 102.88 -8.88482 -0.0977567 -0.987732 -0.121774
-15.8477 102.888 -9.38058 -0.1702 -0.968563 -0.181431
-14.9397 102.877 -9.91272 -0.117864 -0.962732 -0.243425
-13.899 102.79 -10.3167 -0.261097 -0.934707 -0.241144
-12.9014 102.544 -10.6251 -0.325719 -0.917378 -0.228745
-11.9474 102.156 -10.7121 -0.489729 -0.839066 -0.207398
-10.6331 101.38 -10.7072 -0.614659 -0.777626 -0.12981
-9.66824 100.426 -10.4808 -0.697675 -0.706234 -0.0601309
-8.5178 99.5504 -10.0526 -0.541747 -0.839456 0.0427088
-7.38241 98.8779 -9.586 -0.540882 -0.837987 0.0722738
-6.459 98.4006 -8.88641 -0.484907 -0.84687 0.218349
-5.44123 97.8735 -8.17257 -0.600891 -0.772624 0.204729
-4.41412 97.3609 -7.14227 -0.583564 -0.762007 0.273378
-3.86642 97.2626 -6.43251 -0.568304 -0.75179 0.334428
-3.34284 97.2012 -5.61391 -0.588364 -0.736049 0.334753
-2.8881 97.4139 -4.4557 -0.522738 -0.78254 0.328413
-3.20921 97.9126 -3.51534 -0.531214 -0.800479 0.272311
-3.86294 98.6327 -3.25912 -0.252105 -0.920649 0.298073
-5.12699 99.0586 -3.35253 -0.357277 -0.876669 0.322187
-6.22919 99.5049 -3.32444 -0.302045 -0.916742 0.237897
-7.70535 99.8223 -3.32645 -0.213144 -0.95631 0.199835
-8.99703 100.293 -3.32013 -0.346341 -0.925532 0.153095
-10.0073 100.637 -3.31873 -0.309526 -0.935831 0.168567
-10.9071 100.957 -3.25568 -0.307552 -0.94767 -0.0855095
-12.1081 101.323 -2.95025 -0.309681 -0.947344 -0.0814655
-13.1417 101.577 -2.75481 -0.219861 -0.972413 -0.0779364
-13.9797 101.661 -2.34413 -0.146284 -0.986907 -0.0679395
-14.8041 101.696 -1.82546 0.0128061 -0.990312 -0.134581
-15.3599 101.585 -1.07963 -0.00305867 -0.99537 -0.0960731
-16.1232 101.515 -0.518784 0.046838 -0.994274 -0.0960535
-17.0587 101.375 0.415182 0.0441378 -0.993452 -0.10523
-17.8489 101.181 1.36231 0.130547 -0.975705 -0.175944
-18.4288 101.004 2.03798 0.17123 -0.975835 -0.135741
-19.1083 100.79 2.6848 0.176105 -0.973743 -0.144263
-19.8131 100.551 3.25313 0.203534 -0.959446 -0.195029
-20.5886 100.26 3.8768 0.213227 -0.956747 -0.197661
-21.2147 99.9529 4.49703 0.2719 -0.942051 -0.196496
-22.2334 99.4867 5.20687 0.282846 -0.935966 -0.209659
-23.23 99.1063 5.6152 0.268538 -0.938456 -0.217226
-24.1754 98.6785 5.97595 0.35659 -0.894625 -0.269239
-25.2172 98.1147 6.56136 0.340822 -0.900884 -0.268787
-25.9698 97.7335 6.88137 0.343944 -0.899177 -0.270508
-26.8223 97.2913 7.26808 0.327524 -0.903239 -0.277286
-27.8234 96.8006 7.67572 0.333777 -0.896165 -0.291958
-28.5823 96.4125 8.01163 0.338371 -0.898923 -0.278285
-29.5405 95.9379 8.32543 0.376685 -0.881997 -0.283177
-30.3299 95.4391 8.7177 0.384772 -0.860547 -0.333782
-31.2138 94.7762 9.39208 0.391886 -0.855987 -0.337211
-31.5327 94.1145 10.4785 0.379184 -0.836365 -0.395869
-31.5251 93.6418 11.2781 0.208121 -0.876665 -0.433755
-31.4024 93.2004 12.2436 0.208189 -0.883452 -0.419725
-31.0255 92.6444 13.2398 0.110963 -0.848406 -0.517586
-30.7677 92.0556 14.584 -0.0477281 -0.955504 -0.29109
-30.6257 91.5794 16.0415 -0.0615556 -0.936868 -0.342742
-30.6176 91.2341 16.9226 -0.0858191 -0.932099 -0.35189
-30.4356 90.9006 17.8166 -0.173733 -0.928907 -0.323556
-30.4285 90.3231 19.2573 -0.198767 -0.914142 -0.353096
-30.5156 90.0457 20.1123 -0.298656 -0.902867 -0.309251
-30.7847 89.7919 21.1396 -0.316237 -0.906246 -0.280558
-31.1363 89.4876 22.363 -0.343583 -0.872123 -0.348357
-31.4737 89.2928 23.1848 -0.343416 -0.852033 -0.392114
-31.8542 88.9709 24.1404 -0.368517 -0.832699 -0.413289
-32.216 88.6754 25.0461 -0.383623 -0.825852 -0.413281
-32.6327 88.3742 25.9326 -0.344661 -0.775509 -0.528956
-32.2344 95.1027 7.62271 0.322691 -0.874854 -0.361249
-31.5104 95.6367 6.98108 0.343185 -0.878966 -0.331125
-30.4117 96.2279 6.50501 0.330032 -0.891937 -0.309069
-29.5271 96.6821 6.12031 0.322217 -0.895657 -0.306552
-28.7574 97.0648 5.81465 0.311174 -0.901913 -0.298913
-27.9183 97.4229 5.57923 0.312724 -0.907618 -0.280058
-26.6295 98.0111 5.12849 0.319696 -0.907484 -0.272519
-25.4338 98.6057 4.47829 0.325528 -0.916998 -0.2294
-24.5239 99.0486 3.99099 0.313649 -0.923636 -0.21988
-23.4716 99.5345 3.51372 0.291458 -0.928702 -0.22729
-22.6114 99.9004 2.98563 0.262423 -0.93897 -0.222419
-21.7334 100.27 2.29457 0.208915 -0.963159 -0.168625
-20.9238 100.574 1.69079 0.227189 -0.944012 -0.238522
-20.2725 100.858 1.12544 0.122698 -0.977612 -0.17094
-19.5809 101.085 0.351673 0.155515 -0.974436 -0.161826
-18.9288 101.293 -0.3333 0.160028 -0.974365 -0.157668
-18.2752 101.471 -1.1893 0.0707101 -0.994757 -0.0738838
-17.5201 101.62 -1.96725 0.0592925 -0.98678 -0.146676
-16.7254 101.734 -2.64039 0.0357454 -0.985969 -0.160927
-15.7579 101.941 -3.61081 0.0212453 -0.983957 -0.177135
-14.5131 101.977 -4.26789 -0.157247 -0.973483 -0.166145
-13.5488 101.839 -4.61505 -0.237134 -0.966872 -0.0944814
-12.5342 101.611 -4.8718 -0.255222 -0.961905 -0.0979075
-11.341 101.278 -5.045 -0.314122 -0.943638 -0.104279
-10.1439 100.764 -5.21854 -0.463805 -0.885895 -0.00799497
-9.25821 100.303 -5.20852 -0.458318 -0.888751 -0.00687903
-8.24427 99.8243 -5.19342 -0.385246 -0.922584 -0.0205942
-6.79628 99.2832 -5.26342 -0.41355 -0.89627 0.160216
-5.965 98.8947 -5.30473 -0.384623 -0.903652 0.188206
-5.23768 98.5324 -5.50776 -0.397079 -0.899817 0.180058
-5.92283 98.6808 -6.38111 -0.41086 -0.894724 0.174515
-7.01993 99.0525 -7.12977 -0.41879 -0.893746 0.157888
-7.92973 99.4064 -7.7288 -0.501874 -0.860388 0.0886321
-8.67539 99.7996 -8.13354 -0.501869 -0.860729 0.0852085
-9.76392 100.473 -8.53466 -0.542621 -0.838508 0.0371757
-10.6337 101.071 -8.73819 -0.539612 -0.827992 -0.152475
-11.5699 101.568 -8.78918 -0.399963 -0.90929 -0.114984
-12.8977 102.029 -8.58938 -0.303675 -0.920147 -0.247205
-13.928 102.252 -8.24762 -0.216594 -0.946455 -0.239322
-15.3426 102.398 -7.53067 -0.188235 -0.955702 -0.224653
-16.3011 102.404 -6.89077 -0.165315 -0.965083 -0.198737
-17.3759 102.333 -6.25758 0.0386176 -0.98812 -0.148754
-18.4188 102.195 -5.63736 0.0307374 -0.987037 -0.157523
-19.4197 102.005 -4.78028 0.0600336 -0.978207 -0.19658
-20.1576 101.834 -4.12219 0.0826995 -0.9786 -0.187539
-20.9637 101.569 -3.47838 0.179372 -0.962658 -0.202769
-22.1361 101.209 -2.66523 0.160824 -0.971869 -0.172065
-23.2216 100.839 -1.87915 0.222006 -0.948314 -0.226748
-24.0061 100.524 -1.34157 0.244919 -0.943606 -0.22241
-25.1258 99.9669 -0.433829 0.256836 -0.937045 -0.236067
-25.8529 99.5941 0.263127 0.287862 -0.927373 -0.237744
-26.571 99.2129 0.786128 0.297654 -0.920614 -0.252713
-27.2527 98.8441 1.3481 0.296643 -0.92371 -0.242409
-27.9971 98.448 1.96645 0.289397 -0.926444 -0.240729
-28.5731 98.0945 2.62163 0.274072 -0.928885 -0.24857
-29.0509 97.7399 3.36264 0.285247 -0.917062 -0.278624
-29.6272 97.3518 4.00738 0.314869 -0.903971 -0.288765
-30.2445 96.9565 4.53563 0.335438 -0.896326 -0.289891
-30.9774 96.4357 5.26578 0.337004 -0.892589 -0.299509
-31.6181 95.9466 6.01236 0.324422 -0.895946 -0.303109
-32.224 95.4563 6.73559 0.32968 -0.881878 -0.337049
-32.4532 95.1487 7.31662 0.325807 -0.878439 -0.349307
-28.2709 97.58 4.68244 0.299371 -0.909452 -0.288547
-27.161 98.0471 4.34157 0.304566 -0.915653 -0.262335
-25.9741 98.6292 3.70962 0.309827 -0.918121 -0.247102
-25.1808 99.0249 3.23703 0.309734 -0.917844 -0.24825
-24.1545 99.505 2.74346 0.290757 -0.930621 -0.219109
-22.9786 99.9947 2.02048 0.280636 -0.941306 -0.187564
-22.2647 100.312 1.48595 0.241258 -0.951989 -0.184241
-21.3997 100.67 0.819647 0.244989 -0.9402 -0.236653
-20.7058 100.971 0.160496 0.123827 -0.978333 -0.165928
-20.0411 101.168 -0.547542 0.129644 -0.978591 -0.159446
-19.2986 101.382 -1.39596 0.109015 -0.987228 -0.116178
-18.4684 101.611 -2.47459 0.0929325 -0.983327 -0.156304
-17.7436 101.766 -3.06473 0.0357433 -0.98597 -0.160921
-16.7234 101.977 -3.93502 0.0430026 -0.983575 -0.175097
-16.077 102.036 -4.55999 -0.0245985 -0.99005 -0.115675
-15.0295 102.071 -5.11493 -0.0722181 -0.996891 -0.0303029
-14.0286 102.002 -5.43297 -0.148935 -0.985431 -0.0334799
-12.6441 101.702 -5.84759 -0.234124 -0.97129 -0.0413363
-11.5318 101.398 -5.99454 -0.305188 -0.95229 -0.00194767
-10.5001 100.963 -6.17317 -0.472292 -0.880835 0.0165449
-9.63221 100.486 -6.24739 -0.482964 -0.874426 0.0458054
-8.83725 100.046 -6.15482 -0.393139 -0.913037 0.028179
-7.94951 99.5601 -6.5145 -0.414474 -0.891548 0.181239
-8.74251 99.9281 -7.11087 -0.480478 -0.87398 0.0728008
-9.6918 100.435 -7.52809 -0.515243 -0.855291 0.0388733
-10.6105 100.968 -7.76579 -0.489204 -0.872002 0.0170884
-11.8148 101.533 -7.75303 -0.388816 -0.912033 -0.130449
-12.9117 101.892 -7.57428 -0.251481 -0.962181 -0.104711
-13.7955 102.089 -7.26688 -0.179962 -0.976003 -0.0982876
-14.6899 102.144 -6.80114 -0.111348 -0.989948 -0.0870057
-15.5944 102.192 -6.1978 -0.0989698 -0.992071 -0.0774567
-16.6285 102.246 -5.56889 -0.131778 -0.982902 -0.117402
-17.8845 102.073 -4.76851 0.0378088 -0.986625 -0.158401
-18.6319 101.943 -4.19289 0.0369695 -0.983407 -0.177608
-19.3255 101.803 -3.60258 0.0889521 -0.974364 -0.206615
-20.1569 101.577 -2.90067 0.0814774 -0.975682 -0.203289
-20.8602 101.363 -2.29686 0.154429 -0.969094 -0.192376
-21.9508 101.039 -1.54188 0.15326 -0.974453 -0.161066
-23.1736 100.585 -0.751825 0.223516 -0.9494 -0.220637
-23.8642 100.267 -0.218444 0.25421 -0.934411 -0.2493
-24.799 99.8056 0.614656 0.249735 -0.942336 -0.22279
-25.5013 99.4485 1.2233 0.305204 -0.919973 -0.245902
-26.6592 98.8394 2.10296 0.301349 -0.923053 -0.239086
-27.4745 98.3705 2.8639 0.284793 -0.924355 -0.253892
-28.0712 97.8541 3.99597 0.290111 -0.915259 -0.279529
-28.2016 97.6091 4.66276 0.291749 -0.912888 -0.285329
-24.7263 99.5174 1.95557 0.309175 -0.920976 -0.237093
-23.6119 99.987 1.20823 0.255867 -0.942148 -0.21654
-22.8631 100.314 0.675623 0.257655 -0.940906 -0.219772
-22.5479 100.533 0.11812 0.254485 -0.941298 -0.221756
-23.6938 100.043 0.869303 0.255867 -0.942148 -0.216539
-24.3686 99.7149 1.50182 0.254298 -0.94341 -0.212829
-24.7337 99.5183 1.94229 0.309171 -0.920977 -0.237096
-22.084 100.754 -0.317145 0.246753 -0.945923 -0.210575
-21.9759 100.797 -0.381927 0.246672 -0.945842 -0.211033
-42.7662 96.0959 -8.77998 -0.0222541 -0.982953 -0.182459
-42.4225 96.277 -9.84955 -0.0403914 -0.986549 -0.158098
-41.9729 96.4484 -11.1059 -0.0522154 -0.986332 -0.15553
-41.6089 96.537 -12.4299 -0.0569534 -0.996068 -0.0678635
-41.1751 96.6131 -13.7902 -0.064552 -0.994097 -0.0858021
-40.7392 96.6727 -15.12 -0.0874207 -0.994548 -0.0126318
-40.5114 96.6102 -16.0445 -0.101419 -0.992146 0.0679534
-40.3751 96.5031 -17.0261 -0.0845434 -0.992967 0.0808392
-40.3479 96.4006 -17.9446 -0.137561 -0.985025 0.103937
-40.3324 96.2344 -18.8377 -0.0899534 -0.970375 0.219067
-40.2588 96.0467 -19.7694 -0.0507415 -0.979825 0.193308
-40.1766 95.6698 -20.9383 -0.0744299 -0.907496 0.403369
-40.2559 95.1071 -21.978 -0.0345964 -0.88033 0.47289
-40.4168 94.5419 -23.012 -0.0265127 -0.873235 0.486554
-40.6126 93.9188 -23.9017 0.106095 -0.802784 0.586756
-41.0206 93.2495 -24.7801 0.108824 -0.831808 0.544292
-41.6278 92.5863 -25.6261 0.0249548 -0.784954 0.619052
-42.3335 92.8385 -25.2778 0.0230249 -0.778954 0.626582
-42.2477 93.7483 -24.1951 -0.0180968 -0.784188 0.619211
-42.3323 94.293 -23.4525 -0.0132734 -0.807828 0.589269
-42.4731 94.8128 -22.6574 -0.0172492 -0.850835 0.52515
-43.0468 95.6047 -21.4001 -0.111279 -0.907129 0.405874
-43.5749 96.0786 -20.5063 -0.164611 -0.929045 0.331329
-44.2701 96.5839 -19.4903 -0.193981 -0.939281 0.271907
-45.0119 96.9408 -18.4746 -0.191948 -0.965939 0.170485
-45.7083 97.2555 -17.2128 -0.175888 -0.974733 0.137166
-45.9832 97.3704 -16.1242 -0.152119 -0.987272 0.0464132
-46.0354 97.3471 -15.2235 -0.172919 -0.981611 -0.0808682
-45.8832 97.1893 -13.9741 -0.134092 -0.982257 -0.130664
-45.739 97.0275 -12.8084 -0.133672 -0.983661 -0.120587
-45.6049 96.8434 -11.8224 -0.129873 -0.974983 -0.180389
-45.4304 96.6407 -10.872 -0.0978046 -0.979481 -0.172576
-45.2252 96.426 -9.72919 -0.0668164 -0.976563 -0.204596
-45.0857 96.1875 -8.75983 -0.0349038 -0.968607 -0.246133
-44.9279 95.8804 -7.61491 -0.0296883 -0.964828 -0.261201
-44.7026 95.5328 -6.32195 0.0178235 -0.963248 -0.267575
-44.5102 95.2771 -5.33781 0.0476176 -0.956375 -0.285919
-44.1907 95.2172 -5.02811 0.0822076 -0.968375 -0.214958
-43.8178 95.5238 -6.22616 0.00854018 -0.967301 -0.253466
-43.2876 95.8649 -7.52725 0.0109209 -0.969133 -0.24621
-42.8497 96.0555 -8.55782 -0.0207568 -0.982275 -0.186291
-43.8306 96.067 -8.53771 -0.03567 -0.976219 -0.210906
-44.1707 96.3259 -9.59151 -0.0644187 -0.976973 -0.203405
-44.2728 96.4461 -10.1422 -0.066629 -0.984874 -0.15994
-44.4602 96.6281 -11.1925 -0.0652611 -0.985112 -0.159044
-44.7576 96.8251 -12.3346 -0.0985515 -0.980561 -0.166009
-44.8539 96.9585 -13.2442 -0.143403 -0.982648 -0.11764
-44.9678 97.092 -14.3049 -0.15051 -0.985037 -0.0839156
-45.0395 97.2152 -15.657 -0.181846 -0.981066 -0.0388463
-44.8469 97.1461 -16.6294 -0.185855 -0.980977 0.0560508
-44.4611 96.9588 -17.5358 -0.200709 -0.971316 0.127521
-43.8636 96.7458 -18.473 -0.130025 -0.963662 0.233344
-43.2477 96.4641 -19.3545 -0.107398 -0.948094 0.289493
-42.7103 96.0898 -20.1459 -0.0685899 -0.933988 0.347621
-42.1536 95.7001 -21.0622 -0.026868 -0.886846 0.461283
-41.3613 95.2054 -21.9235 -0.0628073 -0.87227 0.484974
-41.1889 95.1772 -21.9518 -0.0629391 -0.871786 0.485827
-41.1533 95.7909 -20.8184 -0.0465746 -0.921925 0.371972
-41.2861 96.1369 -19.717 -0.108568 -0.953911 0.277443
-41.3145 96.4614 -18.4607 -0.112117 -0.966136 0.231674
-41.3257 96.5781 -17.3765 -0.112167 -0.989659 0.0894066
-41.4344 96.6766 -16.3736 -0.113919 -0.990196 0.0808322
-41.7079 96.7336 -15.3045 -0.060902 -0.998107 0.00859257
-42.0028 96.7303 -14.352 -0.0807587 -0.993185 -0.0822645
-42.4776 96.6269 -12.947 -0.0957512 -0.990382 -0.0974658
-42.7588 96.5812 -11.894 -0.0692169 -0.994634 -0.0744341
-43.2389 96.4531 -10.6222 -0.0668707 -0.984582 -0.161629
-43.5516 96.2694 -9.50899 -0.0581328 -0.976312 -0.208412
-43.9022 96.1962 -9.05352 -0.0627909 -0.973582 -0.21895
-43.7167 96.7399 -12.62 -0.118881 -0.987978 -0.0988227
-43.4369 96.7911 -13.4589 -0.116262 -0.988311 -0.0985937
-42.8745 96.8396 -14.6412 -0.124684 -0.989789 -0.0566264
-42.4355 96.8227 -16.0138 -0.109198 -0.992129 0.0265455
-42.2976 96.7297 -17.0951 -0.126606 -0.990033 0.0616957
-42.4071 96.6791 -17.9967 -0.121607 -0.97876 0.147836
-42.6255 96.5573 -18.6415 -0.103264 -0.970686 0.217039
-43.4698 96.8765 -17.2653 -0.0942428 -0.989675 0.107985
-44.0715 97.0042 -15.7755 -0.112336 -0.99367 0.000395116
-44.0945 96.9601 -14.3359 -0.151821 -0.984659 -0.086002
-43.9607 96.8501 -13.4274 -0.131142 -0.985313 -0.108231
-43.6354 96.7645 -12.9632 -0.118881 -0.987978 -0.0988227
