-46.9729 92.5373 21.1313 0.0831671 -0.979959 -0.177921
-47.7028 92.5186 20.5647 0.141655 -0.978588 -0.143691
-48.1062 92.2446 21.6713 0.192162 -0.961927 -0.193237
-47.9684 92.0858 22.5047 0.156118 -0.962683 -0.221061
-47.1432 92.3966 21.6825 0.142761 -0.968102 -0.205906
-47.0059 92.5166 21.2132 0.123157 -0.970848 -0.204677
-46.2276 92.4944 21.7159 0.083167 -0.979959 -0.177922
-45.9536 92.6958 20.5254 0.0704371 -0.98772 -0.138546
-46.6088 92.7369 19.789 0.0977419 -0.987928 -0.118393
-47.6169 92.6679 19.3591 0.115571 -0.986697 -0.114332
-48.4952 92.4675 19.9363 0.164406 -0.979165 -0.119189
-48.8636 92.2638 20.745 0.188165 -0.96688 -0.172447
-48.9542 92.0431 21.7926 0.197015 -0.957031 -0.212783
-48.9095 91.8554 22.6766 0.207915 -0.950304 -0.230712
-48.7191 91.5969 23.7779 0.212766 -0.937577 -0.275099
-48.5352 91.3229 24.7579 0.194937 -0.926833 -0.320294
-47.7988 91.6342 24.2641 0.170171 -0.930682 -0.323842
-47.0986 92.0056 23.3651 0.13753 -0.957186 -0.254715
-46.5728 92.3045 22.449 0.104693 -0.973904 -0.201358
-46.3676 92.416 22.0199 0.103553 -0.973594 -0.203448
-45.5689 92.4073 22.464 0.0854933 -0.976854 -0.195829
-46.0727 92.1372 23.5323 0.134395 -0.964716 -0.223128
-46.6041 91.7955 24.3547 0.135513 -0.937015 -0.32193
-47.0969 91.4855 25.0432 0.137266 -0.935986 -0.324173
-47.6514 91.1577 25.7024 0.176617 -0.927819 -0.32857
-48.2415 90.8125 26.3579 0.176603 -0.927506 -0.329461
-49.1132 90.5726 26.3452 0.257252 -0.886817 -0.383897
-49.3949 90.972 25.1726 0.26381 -0.901611 -0.342785
-49.5843 91.2693 24.2015 0.214972 -0.92992 -0.297977
-49.7582 91.5031 23.2538 0.231186 -0.942042 -0.243125
-49.8141 91.7199 22.3299 0.238956 -0.94577 -0.219748
-49.8505 91.9601 21.197 0.237098 -0.948791 -0.208758
-49.6269 92.227 20.0423 0.207864 -0.96084 -0.183246
-48.8281 92.5475 18.7483 0.17471 -0.978575 -0.10894
-47.9937 92.7303 18.0434 0.157969 -0.986229 -0.0489658
-46.9523 92.8241 18.409 0.0800554 -0.994718 -0.0642445
-46.097 92.8578 18.9722 0.0843472 -0.994433 -0.0631601
-45.3693 92.8563 19.5364 0.0409702 -0.992706 -0.110821
-44.8522 92.7518 20.6635 0.0409704 -0.992706 -0.110821
-45.0953 92.6049 21.5265 0.0705311 -0.984785 -0.158818
-45.4044 92.4852 22.1316 0.0737016 -0.981655 -0.175037
-44.4453 92.5226 22.3257 0.0736928 -0.981656 -0.175038
-43.8747 92.7357 21.0954 0.0380892 -0.988511 -0.146274
-43.6909 92.8597 20.0253 0.0347359 -0.995627 -0.0856696
-44.0735 92.9139 19.2223 0.023452 -0.996913 -0.074842
-44.9991 92.9381 18.5704 0.016707 -0.997918 -0.0622909
-45.9073 92.9403 17.9273 0.0597645 -0.996309 -0.0560216
-46.8466 92.8881 17.3344 0.089658 -0.995409 -0.0334983
-47.7584 92.8087 16.7379 0.125462 -0.991512 -0.0253477
-48.8424 92.6292 17.3324 0.154416 -0.987735 -0.0229906
-49.4942 92.4695 18.0318 0.1884 -0.980859 -0.0491999
-50.112 92.2804 18.8746 0.231336 -0.969158 -0.0849502
-50.5562 92.0594 19.7244 0.26701 -0.952104 -0.14901
-50.7785 91.8449 20.5861 0.251932 -0.951284 -0.177732
-50.7434 91.6584 21.5442 0.244861 -0.947612 -0.205123
-50.6652 91.4048 22.7044 0.293863 -0.924778 -0.241724
-50.5905 91.1447 23.7289 0.300841 -0.913918 -0.272485
-50.4089 90.8406 24.7343 0.266184 -0.901142 -0.342183
-50.1784 90.5545 25.6522 0.329339 -0.874801 -0.355141
-49.9247 90.0956 26.8586 0.298797 -0.867755 -0.397142
-49.6707 89.7415 27.7702 0.29413 -0.854719 -0.427718
-48.956 89.5881 28.4726 0.234133 -0.847505 -0.476357
-48.208 90.1929 27.7232 0.218035 -0.862979 -0.454622
-47.5485 90.6795 27.0628 0.115144 -0.905692 -0.404244
-46.946 91.0088 26.3985 0.117066 -0.927988 -0.353743
-46.2441 91.4277 25.5433 0.120077 -0.926042 -0.357808
-45.6436 91.7997 24.7052 0.0840893 -0.942827 -0.322501
-45.166 92.1047 23.8986 0.0624963 -0.950595 -0.304079
-44.7172 92.3907 22.8912 0.0768556 -0.978525 -0.191263
-44.66 92.4175 22.7768 0.0768556 -0.978525 -0.191263
-43.8572 92.3246 23.2506 0.0640593 -0.964714 -0.25539
-43.4097 92.5618 22.3462 0.0247238 -0.976295 -0.215026
-42.9625 92.7294 21.3848 0.012082 -0.990937 -0.13378
-42.6804 92.8462 20.4272 0.00958602 -0.996317 -0.0852078
-42.7737 92.9441 19.2265 0.0234607 -0.996913 -0.0748387
-43.7044 92.9862 18.276 0.0284108 -0.997515 -0.0644708
-44.4817 92.9943 17.8088 0.0225616 -0.997717 -0.0633816
-45.5064 92.9851 17.1088 0.0331606 -0.999022 -0.0292623
-46.6737 92.9209 16.2535 0.083497 -0.996388 0.0043934
-47.5582 92.8306 15.612 0.10572 -0.994375 0.00642407
-48.511 92.7203 15.6305 0.15739 -0.987326 -0.02027
-49.2523 92.5873 16.3085 0.156817 -0.987376 -0.0223048
-49.9813 92.4222 17.099 0.188473 -0.980938 -0.0473152
-50.6532 92.2332 17.9389 0.246128 -0.965321 -0.0856895
-51.2584 91.9856 18.867 0.260919 -0.961484 -0.086431
-51.5864 91.767 19.7018 0.280243 -0.94928 -0.142548
-51.7366 91.5601 20.7056 0.284361 -0.944274 -0.165789
-51.6606 91.2933 21.8757 0.308178 -0.914471 -0.26224
-51.5642 91.0757 22.8574 0.336602 -0.903799 -0.260188
-51.4652 90.7663 23.8512 0.376148 -0.8723 -0.312419
-51.2858 90.4372 24.9142 0.329346 -0.8748 -0.355139
-51.0685 90.1594 25.8234 0.324125 -0.880301 -0.34643
-50.8823 89.8389 26.7097 0.287682 -0.868967 -0.402661
-50.611 89.3213 27.87 0.344384 -0.810193 -0.474328
-50.4185 88.9024 28.7181 0.338376 -0.804425 -0.488264
-50.0673 88.3691 29.8325 0.351047 -0.799276 -0.487773
-49.5493 88.0459 30.6154 0.267189 -0.813832 -0.516031
-49.0435 88.5836 30.0292 0.266443 -0.813177 -0.517444
-48.2977 89.3572 29.1959 0.264548 -0.812853 -0.518924
-47.5212 90.0059 28.3421 0.190352 -0.861633 -0.470483
-46.8879 90.4215 27.7285 0.113222 -0.883395 -0.454746
-46.2792 90.8323 27.082 0.115145 -0.905691 -0.404245
-45.615 91.2291 26.2685 0.119608 -0.926626 -0.356448
-45.06 91.5595 25.5299 0.084222 -0.934272 -0.346471
-44.4423 91.9373 24.5638 0.0540536 -0.95178 -0.301983
-43.9317 92.2772 23.4112 0.0362316 -0.967094 -0.250217
-43.9292 92.2788 23.4056 0.0640595 -0.964714 -0.25539
-43.1301 92.1762 23.9011 -0.00710653 -0.957205 -0.289322
-43.4845 91.9315 24.7088 0.0115828 -0.949556 -0.312642
-43.923 91.6278 25.5253 0.032343 -0.933961 -0.355909
-44.4897 91.2681 26.3742 0.0557875 -0.920171 -0.386933
-45.1775 90.8401 27.2389 0.0588232 -0.911476 -0.407118
-46.0433 90.277 28.223 0.099349 -0.886031 -0.452591
-46.8722 89.725 29.0363 0.110102 -0.87011 -0.480402
-47.5511 89.1513 29.8209 0.150113 -0.86069 -0.486496
-48.1786 88.511 30.5583 0.245478 -0.817976 -0.520246
-48.8921 87.7061 31.4093 0.28259 -0.767525 -0.575329
-49.4251 87.1451 31.8842 0.295034 -0.74287 -0.600915
-50.2104 87.0376 31.6333 0.316305 -0.746322 -0.584696
-50.7019 87.5182 30.6788 0.349088 -0.753408 -0.557238
-51.0107 87.9668 29.8127 0.358783 -0.78716 -0.501264
-51.3247 88.5113 28.6965 0.424294 -0.77341 -0.470935
-51.5474 88.9943 27.657 0.395429 -0.796169 -0.457866
-51.795 89.5275 26.4954 0.43748 -0.783147 -0.441918
-52.0461 89.8894 25.5547 0.345217 -0.872256 -0.346403
-52.3286 90.2733 24.3048 0.345585 -0.872422 -0.345616
-52.4825 90.5879 23.2334 0.365144 -0.895087 -0.255908
-52.5378 90.8635 22.2613 0.368582 -0.884071 -0.287343
-52.6058 91.1066 21.3398 0.392301 -0.889304 -0.235027
-52.6462 91.2879 20.439 0.375901 -0.912756 -0.15992
-52.355 91.6427 18.9503 0.303931 -0.942573 -0.138503
-51.7914 91.9138 17.8903 0.282953 -0.957074 -0.06283
-51.1741 92.1525 17.038 0.283251 -0.956909 -0.0639838
-50.4886 92.3592 16.212 0.206401 -0.977989 -0.0293538
-49.7401 92.5284 15.3752 0.175832 -0.984138 -0.0146229
-48.7439 92.6805 14.4558 0.137891 -0.990398 0.00984313
-47.8802 92.7985 14.2257 0.121081 -0.992472 0.00381384
-46.9544 92.8774 14.8278 0.0622445 -0.997568 0.0313706
-46.1749 92.9381 15.4536 0.0532756 -0.998272 0.0248026
-44.8905 93.0036 16.4143 0.0133671 -0.999837 0.0055174
-43.6826 93.0146 17.1637 0.0134711 -0.9999 -0.00419648
-42.8047 93.0152 17.6476 0.00552914 -0.999828 -0.0177164
-41.8295 93.0028 18.552 0.00458329 -0.999773 -0.0207884
-41.6075 92.9405 19.5606 0.0175638 -0.996876 -0.0770091
-41.6694 92.8484 20.5707 0.00152446 -0.993073 -0.112846
-41.9331 92.7252 21.4384 -0.00681528 -0.988599 -0.15042
-42.4066 92.5375 22.4741 -0.00568677 -0.974654 -0.22359
-42.8263 92.3565 23.2941 -0.00930502 -0.966699 -0.253379
-42.9455 92.2904 23.519 -0.00844403 -0.957547 -0.288147
-42.1053 92.1424 23.9843 -0.0097816 -0.957888 -0.286976
-41.6502 92.3974 23.0654 -0.00569167 -0.974653 -0.223596
-41.1532 92.6009 22.1644 -0.0565212 -0.975778 -0.210022
-40.7384 92.7593 21.0669 -0.0223462 -0.990038 -0.1389
-40.5576 92.9278 19.6513 -0.0286486 -0.995133 -0.0928145
-40.6902 93.003 18.6935 -0.0109828 -0.998554 -0.0446314
-41.266 93.0401 17.508 0.0218116 -0.998696 -0.0424182
-42.5684 93.0341 16.6455 0.0133236 -0.999802 -0.00986825
-43.4911 93.0209 16.1785 0.0127292 -0.999914 -0.00319575
-44.4408 93.0074 15.5758 0.0465164 -0.998802 -0.0152152
-45.1783 92.9812 15.0383 0.0425514 -0.99844 -0.0318464
-46.062 92.9286 14.3054 0.0916275 -0.995401 -0.0278378
-46.8085 92.8882 13.708 0.0876901 -0.995197 0.0107731
-47.7482 92.7528 12.977 0.135078 -0.988992 0.05201
-48.9365 92.5715 13.3052 0.159737 -0.985182 0.0618021
-49.9554 92.463 14.2388 0.18381 -0.98 0.0762549
-50.712 92.3272 14.9998 0.251229 -0.967539 0.0178364
-51.3791 92.1502 15.736 0.256035 -0.966652 -0.00443498
-51.9433 91.9602 16.4402 0.288601 -0.956038 -0.0519693
-52.7638 91.6247 17.6373 0.283994 -0.954916 -0.0865088
-53.2101 91.4176 18.4587 0.337698 -0.931201 -0.119532
-53.4559 91.1638 19.311 0.390176 -0.905788 -0.165263
-53.5614 90.9408 20.269 0.37518 -0.911488 -0.168389
-53.4782 90.7629 21.1838 0.39617 -0.890107 -0.225041
-53.4001 90.4086 22.5549 0.381831 -0.883214 -0.271497
-53.3015 90.0771 23.5108 0.453878 -0.824762 -0.337287
-53.1412 89.7279 24.6243 0.476267 -0.824458 -0.305678
-52.8325 89.3362 25.7975 0.461428 -0.772884 -0.435585
-52.59 88.9736 26.69 0.437481 -0.783148 -0.441915
-52.4266 88.6008 27.4961 0.451261 -0.769902 -0.451236
-52.2658 88.2006 28.3497 0.452117 -0.772936 -0.445151
-52.0881 87.7907 29.1873 0.428133 -0.758648 -0.490651
-51.7714 87.3363 30.1344 0.435823 -0.747694 -0.50101
-51.4519 86.8545 31.0913 0.413334 -0.737949 -0.533467
-50.9432 86.3795 32.04 0.347153 -0.741456 -0.574219
-49.943 86.0236 33.0508 0.286985 -0.758804 -0.584685
-49.1612 86.3672 32.9885 0.263015 -0.756257 -0.598438
-48.5952 86.9372 32.5287 0.26199 -0.745616 -0.612714
-47.9471 87.7327 31.8135 0.252784 -0.756122 -0.603638
-47.2946 88.4562 31.0066 0.0915493 -0.833484 -0.544907
-46.6176 89.0726 30.1854 0.0954377 -0.829691 -0.550003
-46.0872 89.5139 29.5801 0.0744288 -0.861938 -0.501235
-45.315 90.0187 28.81 0.0738703 -0.874347 -0.479481
-44.4907 90.571 27.876 0.050392 -0.881174 -0.470099
-43.9488 90.9041 27.2174 0.0292305 -0.902087 -0.430564
-43.3743 91.285 26.4741 0.0368569 -0.921817 -0.384604
-42.927 91.5808 25.7388 0.0109636 -0.934214 -0.355925
-42.5048 91.8711 24.8831 -0.00542907 -0.953879 -0.300142
-42.2369 92.0615 24.2587 -0.0084477 -0.957545 -0.288153
-41.2873 91.9423 24.6041 -0.0227554 -0.952621 -0.303001
-40.8563 92.1818 23.7833 -0.0286736 -0.958729 -0.282659
-40.4605 92.393 22.8927 -0.049851 -0.970558 -0.23561
-40.0292 92.5533 22.0252 -0.0639749 -0.979945 -0.188719
-39.7021 92.7027 21.1491 -0.060727 -0.978932 -0.194949
-39.5162 92.8373 20.0891 -0.0958255 -0.991146 -0.0919103
-39.5668 92.9346 19.1767 -0.0653871 -0.993013 -0.0956691
-39.7116 93.0125 18.2386 -0.0109828 -0.998554 -0.0446314
-40.1831 93.0688 17.0714 0.00149181 -0.998798 -0.0489987
-41.2412 93.0843 16.2661 0.0395774 -0.998333 -0.0420139
-42.2973 93.056 15.7195 0.054919 -0.998114 -0.027447
-43.1537 93.0394 15.2698 0.0078421 -0.999429 -0.0318453
-43.9576 93.0425 14.7494 0.0425608 -0.99844 -0.0318491
-44.9279 93.0399 14.0292 0.0645113 -0.996763 -0.0392936
-45.8378 92.9673 13.2584 0.0946853 -0.994721 0.0348515
-46.9033 92.8074 12.3144 0.103497 -0.993288 0.0516485
-47.6124 92.6961 11.7361 0.10847 -0.992247 0.0606702
-48.4738 92.5785 11.7282 0.149672 -0.987375 0.0497179
-49.2712 92.4638 12.2814 0.177602 -0.982984 0.0469014
-50.0254 92.3596 12.9522 0.176008 -0.982738 0.0561938
-50.6941 92.2533 13.6273 0.259515 -0.962895 0.0740682
-51.3726 92.1199 14.324 0.262812 -0.962317 0.0698334
-52.0569 91.9729 15.0578 0.287557 -0.956241 0.0283504
-52.7233 91.749 15.861 0.305999 -0.950511 -0.0537859
-53.3011 91.5177 16.6908 0.304081 -0.951278 -0.0510381
-53.8789 91.274 17.6399 0.351589 -0.927884 -0.106775
-54.3226 90.8652 18.9028 0.385361 -0.907544 -0.166443
-54.4578 90.5447 20.1776 0.420197 -0.889476 -0.17963
-54.334 90.2976 21.3735 0.463679 -0.84295 -0.272828
-54.2955 89.9957 22.3504 0.456551 -0.844007 -0.281447
-54.1851 89.6728 23.314 0.463386 -0.812952 -0.352006
-54.0554 89.349 24.2495 0.488759 -0.806486 -0.332708
-53.8251 89.0466 25.2065 0.508419 -0.770602 -0.384294
-53.5543 88.6448 26.2604 0.460822 -0.773733 -0.434718
-53.3282 88.2321 27.2202 0.456158 -0.76931 -0.447306
-53.1172 87.7251 28.2587 0.54663 -0.686392 -0.479648
-52.8749 87.1702 29.3415 0.549515 -0.690909 -0.469763
-52.5482 86.7172 30.3259 0.52634 -0.675571 -0.516304
-52.2811 86.2705 31.2001 0.491661 -0.690586 -0.52822
-51.8737 85.8321 32.0744 0.455812 -0.692755 -0.558861
-51.2783 85.5318 32.8473 0.381388 -0.713782 -0.587417
-50.4314 85.2709 33.684 0.354522 -0.713212 -0.604684
-49.3079 85.2943 34.1757 0.250944 -0.677816 -0.690658
-48.3433 86.1269 33.6038 0.252332 -0.744377 -0.618009
-47.797 86.751 33.0966 0.257685 -0.749085 -0.610274
-47.2273 87.3758 32.4973 0.110202 -0.780418 -0.614977
-46.7125 87.9622 31.8128 0.0874217 -0.801553 -0.591086
-46.0762 88.5496 31.0684 0.0851865 -0.823862 -0.560029
-45.5857 89.02 30.4301 0.0841475 -0.831991 -0.54837
-44.9272 89.5167 29.7267 0.0479323 -0.855029 -0.516003
-44.2662 89.9568 29.0175 0.0195573 -0.86967 -0.493246
-43.5732 90.4172 28.2386 0.0228358 -0.874783 -0.483759
-42.9157 90.8788 27.4007 -0.00280535 -0.884714 -0.465641
-42.2234 91.2829 26.4871 -0.0231755 -0.909958 -0.414053
-41.7568 91.6024 25.6348 -0.0165171 -0.937754 -0.346907
-41.5106 91.7944 25.0657 -0.0219918 -0.947866 -0.31789
-40.5649 91.6536 25.4127 -0.0260303 -0.948097 -0.316914
-41.0583 91.2979 26.3866 -0.0274239 -0.913398 -0.406047
-41.5037 90.9679 27.1391 -0.0227857 -0.909613 -0.414829
-42.0935 90.5976 27.9014 -0.0275742 -0.890007 -0.455112
-42.6181 90.2403 28.6034 0.0228349 -0.874786 -0.483754
-43.4508 89.7118 29.4818 0.0240313 -0.868934 -0.494323
-44.4751 89.0061 30.5275 -0.00807704 -0.821257 -0.570501
-45.1076 88.4462 31.263 0.0308402 -0.810033 -0.585397
-45.6102 87.9856 31.8952 0.0224111 -0.813786 -0.580655
-46.1029 87.4876 32.535 0.0991438 -0.794978 -0.598482
-46.7017 86.8031 33.2685 0.0927565 -0.718263 -0.689562
-47.3391 86.0467 33.9531 0.107497 -0.704538 -0.701478
-47.8344 85.4745 34.4488 0.156157 -0.686245 -0.710091
-48.4782 84.8569 34.8785 0.179443 -0.672403 -0.718042
-49.7727 84.3377 34.8968 0.269103 -0.654787 -0.706284
-50.6838 84.4641 34.3735 0.36308 -0.650224 -0.667369
-51.3508 84.6778 33.7731 0.432986 -0.633011 -0.641681
-52.0069 84.8781 33.1054 0.426026 -0.680504 -0.596168
-52.6324 85.1808 32.2647 0.454887 -0.694149 -0.557884
-53.1299 85.6486 31.1604 0.535524 -0.679644 -0.501131
-53.3788 86.072 30.3233 0.547398 -0.678271 -0.488985
-53.6285 86.5311 29.3387 0.56965 -0.666467 -0.480373
-53.8672 87.0747 28.3272 0.55445 -0.683397 -0.474925
-54.1021 87.6121 27.3579 0.519618 -0.66313 -0.538754
-54.3326 88.0624 26.3494 0.603021 -0.714715 -0.354329
-54.6065 88.4957 25.2209 0.565503 -0.681976 -0.463804
-54.8495 88.8207 24.2997 0.509143 -0.771985 -0.380544
-55.0145 89.1998 23.2611 0.545468 -0.761149 -0.350881
-55.1313 89.5027 22.4213 0.547477 -0.767702 -0.332522
-55.2033 89.8097 21.4037 0.463672 -0.842953 -0.27283
-55.3486 90.0662 20.3127 0.4993 -0.834013 -0.234362
-55.26 90.4619 18.857 0.397559 -0.899202 -0.182193
-54.734 90.9877 17.2822 0.385361 -0.907544 -0.166444
-54.0479 91.2906 16.115 0.340331 -0.939558 -0.0374805
-53.377 91.5178 15.1473 0.341966 -0.939316 0.0272887
-52.7241 91.7038 14.3632 0.322819 -0.944503 0.0604327
-52.0598 91.8649 13.6575 0.302473 -0.950078 0.076558
-51.1559 92.0643 12.724 0.257117 -0.96438 0.0621464
-50.3067 92.215 11.8998 0.226332 -0.970277 0.0856564
-49.274 92.3551 11.0695 0.219621 -0.966298 0.134296
-48.3499 92.476 10.4595 0.169313 -0.978826 0.114671
-47.2218 92.6876 10.6679 0.142057 -0.986198 0.0725634
-46.2544 92.8366 11.6062 0.113383 -0.992293 0.0481334
-45.5234 92.9476 12.2528 0.10284 -0.993358 0.0516198
-44.6456 93.0668 13.0367 0.0500568 -0.997997 0.0094165
-43.8363 93.0737 13.6594 0.00964039 -0.999736 -0.0208415
-42.9797 93.0776 14.2721 0.0234939 -0.999603 -0.0155609
-42.1341 93.0897 14.7204 0.0558729 -0.998158 -0.0236209
-41.3073 93.1271 15.0971 0.0322004 -0.998962 -0.00187629
-40.2201 93.1094 15.7143 0.00081631 -0.999665 -0.0244297
-39.3566 93.0906 16.3363 -0.0493512 -0.998745 -0.00311983
-38.952 93.0559 17.1635 -0.0331102 -0.998558 -0.0341689
-38.7279 92.9834 18.0786 -0.0467734 -0.993293 -0.105742
-38.5585 92.8252 19.4919 -0.0707913 -0.990585 -0.117179
-38.5458 92.708 20.4647 -0.133112 -0.983242 -0.124458
-38.769 92.5663 21.5437 -0.0869635 -0.980334 -0.173925
-39.1042 92.4224 22.3719 -0.0767753 -0.974586 -0.210446
-39.5285 92.2506 23.2566 -0.0732189 -0.969665 -0.233212
-39.929 92.0528 24.1106 -0.0365102 -0.960699 -0.275181
-40.3957 91.7652 25.0648 -0.0260304 -0.948097 -0.316913
-39.5185 91.5835 25.454 -0.0821299 -0.948273 -0.306647
-39.9024 91.3229 26.2358 -0.0661995 -0.912032 -0.404741
-40.3855 90.8953 27.1329 -0.0619593 -0.869209 -0.490547
-41.0861 90.3971 28.1611 -0.088065 -0.883134 -0.460782
-41.7041 90.0006 28.8618 -0.0842732 -0.779421 -0.62068
-42.2407 89.5851 29.4577 -0.107428 -0.785809 -0.609068
-42.9822 89.1218 30.2574 -0.132618 -0.819524 -0.557488
-43.5715 88.7561 30.8613 -0.0177934 -0.805249 -0.59267
-44.1198 88.3328 31.4396 -0.00593233 -0.803204 -0.595656
-44.8835 87.6468 32.3825 -0.0742046 -0.737028 -0.661198
-45.4237 87.0399 33.0725 -0.0264772 -0.739193 -0.672973
-45.9214 86.4255 33.7193 -0.0020996 -0.713709 -0.700439
-46.3773 85.8655 34.2929 0.0524996 -0.722907 -0.686766
-47.0293 85.1046 34.9659 0.136117 -0.693174 -0.707801
-47.6866 84.455 35.4479 0.142064 -0.647487 -0.747034
-48.5208 83.8472 35.756 0.219167 -0.641938 -0.734767
-49.7135 83.5247 35.6846 0.2161 -0.643312 -0.734473
-50.7201 83.5968 35.2007 0.392433 -0.631072 -0.669137
-51.6259 83.8126 34.4294 0.430128 -0.619132 -0.657012
-52.3245 84.0421 33.7382 0.44139 -0.633347 -0.635632
-52.9746 84.29 33.0369 0.488581 -0.642157 -0.586969
-53.4641 84.6186 32.1542 0.52938 -0.658178 -0.535273
-53.8161 84.9392 31.3493 0.569175 -0.655761 -0.496001
-54.1735 85.4631 30.0924 0.648123 -0.627668 -0.427511
-54.3964 85.9748 29.1326 0.66205 -0.589294 -0.463032
-54.5959 86.4731 28.2241 0.670301 -0.5756 -0.468381
-54.768 86.8881 27.4394 0.670556 -0.596836 -0.440548
-54.9882 87.3458 26.4652 0.668845 -0.610055 -0.424829
-55.2972 87.8201 25.2886 0.659863 -0.62476 -0.417439
-55.5842 88.2092 24.2619 0.657152 -0.623147 -0.424074
-55.8185 88.6736 23.1478 0.598257 -0.710351 -0.363692
-55.9295 89.0365 22.1832 0.54748 -0.767701 -0.332522
-56.0794 89.3666 21.0557 0.564631 -0.771748 -0.292568
-56.2006 89.5992 20.1597 0.499302 -0.834013 -0.23436
-56.1558 89.8858 18.9608 0.566734 -0.806937 -0.166327
-56.0053 90.2569 17.9871 0.493428 -0.845665 -0.184824
-55.654 90.5335 17.0914 0.460479 -0.883553 -0.0854013
-55.1587 90.8283 16.182 0.415653 -0.909508 -0.00530165
-54.6746 91.0339 15.3789 0.383975 -0.922652 0.0315176
-54.1521 91.2121 14.6214 0.366358 -0.929401 0.0438937
-53.4947 91.3999 13.8075 0.330046 -0.942111 0.0591325
-52.8499 91.5612 13.1287 0.31453 -0.944503 0.094479
-51.9912 91.7618 12.2366 0.316568 -0.945233 0.0794934
-51.3698 91.9092 11.5886 0.316096 -0.939756 0.127907
-50.6872 91.9984 10.9718 0.238729 -0.960617 0.141816
-49.9013 92.11 10.3316 0.232209 -0.963344 0.133718
-49.0104 92.2438 9.70076 0.235423 -0.965916 0.107619
-48.1666 92.3533 9.15266 0.185167 -0.978554 0.0902564
-47.0988 92.5758 9.34848 0.187896 -0.978717 0.0819425
-46.3771 92.7665 10.0761 0.147746 -0.98643 0.0586936
-45.53 92.8946 10.9629 0.110748 -0.993153 0.0371866
-44.8274 92.9922 11.5615 0.108413 -0.993352 0.0385515
-44.1532 93.0528 12.1771 -0.0248623 -0.999621 0.0118212
-43.4146 93.0629 12.7878 -0.0110473 -0.99888 0.0459971
-42.5636 93.089 13.3969 0.00309701 -0.99992 0.0122342
-41.5556 93.1027 13.9467 0.00879732 -0.999833 0.0160249
-40.5632 93.1144 14.4037 -0.00282435 -0.999929 0.00542933
-39.5168 93.1211 14.8958 -0.0130124 -0.999274 -0.02108
-38.5394 93.0571 15.6559 -0.0608049 -0.996923 -0.0402724
-38.003 93.0133 16.7617 -0.0646755 -0.99779 -0.0129317
-37.7186 92.9257 18.0562 -0.0637066 -0.992872 -0.100731
-37.606 92.7364 19.3066 -0.112189 -0.982345 -0.149709
-37.5479 92.6053 20.2092 -0.133121 -0.983241 -0.124454
-37.6337 92.5053 21.1274 -0.119846 -0.983178 -0.136266
-38.0488 92.3434 22.3166 -0.116673 -0.975537 -0.186318
-38.5482 92.1457 23.3851 -0.0762229 -0.968463 -0.237156
-39.0917 91.8471 24.5588 -0.0822886 -0.943263 -0.32169
-39.4189 91.6396 25.2539 -0.0821294 -0.948273 -0.306647
-38.6058 91.4158 25.6856 -0.0934633 -0.941206 -0.324645
-38.0775 91.753 24.5676 -0.0919583 -0.939945 -0.328705
-37.5553 92.0212 23.4638 -0.157023 -0.959549 -0.233687
-37.1167 92.1626 22.551 -0.157932 -0.964874 -0.209827
-36.7492 92.2822 21.703 -0.166207 -0.968182 -0.185911
-36.5624 92.4384 20.4176 -0.148815 -0.981496 -0.120497
-36.6024 92.5905 19.4525 -0.14285 -0.977 -0.158316
-36.6946 92.7559 18.4881 -0.124251 -0.982873 -0.135321
-36.7884 92.8914 17.5565 -0.137282 -0.982088 -0.129064
-37.1137 92.9591 16.3412 -0.069821 -0.997378 -0.0190523
-37.4319 92.99 15.4752 -0.0595561 -0.998137 -0.01324
-38.0056 93.0493 14.6005 -0.0893844 -0.995278 -0.0378507
-39.4503 93.1097 13.8465 0.00631659 -0.999226 0.0388282
-40.5188 93.0924 13.3906 -0.0112991 -0.999625 0.0249405
-41.5278 93.0862 12.9065 0.0059493 -0.999877 0.0141337
-42.3209 93.0538 12.3796 0.0167284 -0.998622 0.0497456
-43.1861 93.0255 11.7271 -0.00548589 -0.999826 -0.00404753
-43.9068 93.0389 11.1072 0.00664445 -0.998785 0.0298148
-44.6075 92.9684 10.5059 0.0668721 -0.99605 0.0584084
-45.4823 92.8486 9.70269 0.0993949 -0.993513 0.0535554
-46.298 92.6771 8.73128 0.195797 -0.977592 0.0773064
-46.9164 92.5056 7.9617 0.191965 -0.980108 0.0503682
-48.4859 92.1596 8.20729 0.218162 -0.969001 0.109599
-49.3426 92.0209 8.76356 0.26519 -0.951711 0.154658
-50.4653 91.8315 9.56936 0.274902 -0.947623 0.16223
-51.4759 91.6887 10.4166 0.298661 -0.941091 0.15809
-52.2761 91.5474 11.1698 0.316098 -0.939755 0.127902
-53.1534 91.3194 12.122 0.369222 -0.919476 0.133064
-54.1379 91.1063 13.1392 0.384198 -0.910073 0.152665
-54.9543 90.8537 14.136 0.431716 -0.894361 0.117212
-55.6452 90.5983 15.2614 0.473853 -0.878889 0.0318
-56.0849 90.3376 16.0353 0.508624 -0.860984 -0.00285012
-56.5741 90.0216 16.9695 0.553118 -0.821634 -0.110544
-56.8187 89.6721 17.7773 0.609121 -0.778312 -0.152321
-56.9797 89.3473 18.7183 0.625476 -0.75813 -0.181954
-56.9525 89.0784 19.8499 0.649074 -0.737174 -0.18782
-56.8616 88.8032 20.885 0.643986 -0.705343 -0.296266
-56.6734 88.4394 22.0613 0.667631 -0.65131 -0.360624
-56.5429 88.0611 22.9755 0.657605 -0.655397 -0.371283
-56.3162 87.593 24.0595 0.644853 -0.62832 -0.435176
-56.0444 87.1984 25.004 0.69605 -0.573678 -0.430981
-55.7354 86.7862 26.0559 0.685241 -0.601384 -0.410832
-55.5253 86.3409 27.0158 0.702972 -0.578142 -0.411889
-55.3429 85.88 27.8839 0.66744 -0.582641 -0.463653
-55.0207 85.0419 29.4273 0.662051 -0.589291 -0.463034
-54.8784 84.6962 30.2529 0.636722 -0.666433 -0.387882
-54.6429 84.3705 31.1525 0.579555 -0.630081 -0.515711
-54.2988 84.0099 31.9387 0.58994 -0.604401 -0.535416
-53.856 83.6741 32.822 0.593814 -0.607696 -0.527342
-53.3556 83.469 33.5782 0.519412 -0.602393 -0.600216
-52.356 83.095 34.6239 0.438439 -0.615838 -0.654611
-51.6262 82.8794 35.3119 0.433675 -0.62034 -0.653532
-50.8286 82.7712 35.8954 0.379591 -0.614151 -0.691903
-49.931 82.7086 36.3122 0.228737 -0.635484 -0.73736
-48.4829 82.9802 36.501 0.188001 -0.637325 -0.74731
-47.6509 83.4163 36.3173 0.0908969 -0.642228 -0.761105
-46.9712 83.942 35.9613 0.0778391 -0.639565 -0.764332
-46.149 84.7495 35.3283 0.0542759 -0.63715 -0.768655
-45.5124 85.5836 34.571 -0.123847 -0.67217 -0.727966
-44.9259 86.2642 33.7732 -0.173146 -0.681468 -0.711071
-44.4406 86.8105 33.1197 -0.177086 -0.694202 -0.697559
-43.8224 87.4448 32.3616 -0.14157 -0.668054 -0.730521
-43.3021 87.9812 31.7613 -0.159844 -0.656165 -0.736969
-42.6723 88.4226 31.1166 -0.168095 -0.778806 -0.604322
-42.0497 88.79 30.471 -0.167972 -0.777405 -0.606158
-41.3834 89.2331 29.7738 -0.109669 -0.761544 -0.638186
-40.8111 89.6663 29.1416 -0.111736 -0.786005 -0.607659
-40.1893 90.0768 28.4608 -0.124762 -0.794581 -0.594197
-39.6023 90.5532 27.6432 -0.058844 -0.869364 -0.490656
-39.026 91.0954 26.578 -0.0757585 -0.87902 -0.470728
-38.635 91.3989 25.7432 -0.0946726 -0.941263 -0.324131
-37.7261 91.2357 25.8952 -0.147612 -0.924918 -0.350339
-37.2825 91.4871 25.0132 -0.165083 -0.927808 -0.33419
-36.816 91.7047 24.1107 -0.18054 -0.941918 -0.283189
-36.3596 91.8844 23.2218 -0.168779 -0.950733 -0.258442
-35.8995 92.0242 22.2193 -0.197241 -0.953606 -0.227267
-35.6258 92.1496 21.283 -0.17786 -0.969565 -0.168255
-35.5804 92.3532 20.0189 -0.177559 -0.971482 -0.157149
-35.6597 92.5261 18.9992 -0.148711 -0.978219 -0.143983
-35.8179 92.7281 17.662 -0.156055 -0.979032 -0.130916
-35.9944 92.8841 16.6489 -0.107778 -0.989001 -0.0709406
-36.2924 92.9227 15.7376 -0.0547333 -0.996637 -0.0537149
-36.6849 92.9876 14.6587 -0.00848365 -0.99937 -0.0344562
-37.4416 93.0512 13.5635 -0.0232219 -0.996144 -0.0566192
-38.4817 93.1074 13.1593 0.00391162 -0.999799 0.0196583
-39.8218 93.0661 12.6511 0.0266753 -0.998939 0.0375495
-41.087 93.0714 12.0557 -0.00656643 -0.999762 0.017439
-42.1272 93.0413 11.2872 0.0202782 -0.999664 0.001428
-43.0736 93.0151 10.5581 -0.00165499 -0.997833 0.0657766
-43.7404 92.9766 9.94475 0.0263395 -0.998448 0.0472235
-44.5291 92.9008 9.30788 0.0744052 -0.995505 0.0585916
-45.2957 92.7936 8.50714 0.0974344 -0.994494 0.0253213
-45.8895 92.6932 7.68194 0.194286 -0.979742 0.0485683
-46.4456 92.5508 6.84127 0.226086 -0.972576 0.0367043
-47.2699 92.308 6.50179 0.244514 -0.966807 0.0695466
-48.3549 92.0983 7.01668 0.268689 -0.958539 0.0850988
-49.2464 91.8663 7.59523 0.307842 -0.946703 0.094795
-50.1436 91.7003 8.16548 0.289634 -0.942818 0.162905
-51.261 91.4998 9.00481 0.328142 -0.926762 0.181223
-52.1594 91.3539 9.79694 0.336214 -0.917253 0.213516
-52.8291 91.2323 10.4496 0.362416 -0.919997 0.146558
-53.7829 90.9753 11.4536 0.383401 -0.915298 0.123006
-54.4966 90.7851 12.2138 0.411112 -0.89872 0.152607
-55.108 90.6161 12.8892 0.431727 -0.894357 0.11721
-55.6734 90.4354 13.5951 0.432019 -0.894223 0.117157
-56.1611 90.2869 14.3407 0.473854 -0.878889 0.0317993
-56.694 89.9819 15.356 0.507419 -0.861679 0.00161515
-57.2495 89.5163 16.5139 0.654486 -0.75417 -0.0536171
-57.5316 89.1598 17.3393 0.651195 -0.750268 -0.114206
-57.708 88.8409 18.1929 0.664198 -0.724414 -0.184568
-57.7244 88.5392 19.3177 0.654047 -0.731889 -0.190692
-57.6394 88.2944 20.351 0.658016 -0.703 -0.269827
-57.476 87.9307 21.4877 0.668551 -0.652378 -0.35699
-57.3156 87.5749 22.4292 0.693622 -0.600795 -0.392393
-57.0286 87.0216 23.609 0.7196 -0.536369 -0.441003
-56.7302 86.6138 24.6181 0.727795 -0.537168 -0.425228
-56.3735 86.0231 25.9686 0.746437 -0.526512 -0.40696
-56.1598 85.5574 26.9608 0.739241 -0.543918 -0.396118
-55.9437 84.9777 28.0969 0.749097 -0.522934 -0.406685
-55.7789 84.4926 29.0696 0.703982 -0.587653 -0.392416
-55.5947 84.0132 30.0943 0.667923 -0.629727 -0.395964
-55.3514 83.6416 31.0894 0.690544 -0.60235 -0.400403
-55.0449 83.2964 31.9136 0.630387 -0.588493 -0.504824
-54.51 82.9115 32.9598 0.590559 -0.602704 -0.535811
-53.5992 82.6113 34.2149 0.568761 -0.618266 -0.541972
-52.6883 82.2666 35.2241 0.42578 -0.650971 -0.62845
-51.8674 82.0693 36.0108 0.386633 -0.651488 -0.65095
-50.9388 81.9892 36.6238 0.374189 -0.703915 -0.603728
-49.4486 81.9278 37.1548 0.229901 -0.699029 -0.67317
-47.9089 82.403 37.2087 0.236661 -0.68886 -0.685174
-47.043 82.8198 36.8576 0.049893 -0.670208 -0.736716
-46.2123 83.436 36.3661 -0.0575608 -0.635515 -0.769924
-45.4393 84.1429 35.7304 -0.0919998 -0.603029 -0.79229
-44.8984 84.8143 35.1405 -0.0990512 -0.624782 -0.774225
-44.3904 85.4413 34.4702 -0.151615 -0.703737 -0.694095
-43.9341 86.0177 33.7998 -0.135931 -0.713725 -0.68711
-43.4957 86.5227 33.1885 -0.201569 -0.712541 -0.668582
-42.9238 87.0511 32.5074 -0.159834 -0.656162 -0.736973
-42.2535 87.684 31.8334 -0.166316 -0.694515 -0.69621
-41.4346 88.2376 30.9429 -0.20402 -0.730118 -0.652023
-40.7988 88.6783 30.3066 -0.0999559 -0.723502 -0.681223
-40.1463 89.1331 29.6872 -0.0864948 -0.757403 -0.647193
-39.5354 89.5494 29.0287 -0.127638 -0.788785 -0.60127
-38.8257 90.1517 28.071 -0.154534 -0.794914 -0.586045
-38.2727 90.7278 27.1346 -0.12921 -0.830422 -0.534794
-37.9075 91.0895 26.3578 -0.147609 -0.924917 -0.350343
-37.0956 90.7409 26.7642 -0.235577 -0.826703 -0.506948
-36.699 91.0273 25.9505 -0.171994 -0.922751 -0.34489
-36.285 91.2653 25.1096 -0.171495 -0.922062 -0.346975
-35.6467 91.5373 23.86 -0.205204 -0.936435 -0.284567
-35.2424 91.6926 23.0538 -0.204229 -0.94539 -0.251839
-34.7168 91.8771 21.8482 -0.276585 -0.929289 -0.22847
-34.5991 92.1161 20.3753 -0.178466 -0.97053 -0.161857
-34.6401 92.2777 19.4566 -0.167649 -0.971896 -0.165265
-34.7381 92.4235 18.4992 -0.166856 -0.980331 -0.105401
-34.8566 92.58 17.4984 -0.1719 -0.971577 -0.162755
-35.0513 92.7758 16.3009 -0.138231 -0.984104 -0.111493
-35.4647 92.9218 15.1789 -0.0567279 -0.994979 -0.0824582
-35.7804 93.0107 14.2622 -0.0344325 -0.995401 -0.0805805
-36.3651 93.1536 12.9125 0.000838086 -0.992831 -0.100785
-37.1847 93.1381 12.5116 0.0584726 -0.992721 -0.104571
-38.3218 93.1304 12.2014 0.0593068 -0.993271 -0.0935244
-39.2031 93.0889 11.8634 0.0663892 -0.995535 -0.0671035
-40.0942 93.0611 11.4521 0.061233 -0.99567 -0.0699403
-41.1568 93.0479 10.8217 0.00412674 -0.999969 0.0067395
-42.1555 93.018 10.0677 0.0353486 -0.999217 0.0177927
-42.9424 92.9987 9.38982 0.0289446 -0.999567 -0.00522494
-43.5989 92.939 8.77654 0.0480727 -0.997333 0.0466571
-44.3741 92.8629 8.06874 0.0700488 -0.997413 0.016117
-45.0296 92.8243 7.21047 0.0798882 -0.996354 0.000947199
-45.5769 92.7138 6.43689 0.213823 -0.976777 -0.0136761
-46.1859 92.6332 5.43026 0.288515 -0.955061 -0.0679588
-46.8973 92.4494 4.99265 0.273298 -0.960014 -0.0576063
-47.7779 92.1711 5.55379 0.282371 -0.958723 -0.0334192
-48.8012 91.8583 6.21292 0.373709 -0.926037 0.0528949
-49.69 91.6255 6.77028 0.337935 -0.931165 0.134164
-50.574 91.409 7.35654 0.315909 -0.930534 0.185223
-51.3089 91.2636 7.88381 0.328146 -0.926758 0.181232
-52.2692 91.0456 8.64964 0.341772 -0.918721 0.196791
-52.9403 90.9436 9.30134 0.366442 -0.904168 0.219548
-53.5864 90.7957 9.95964 0.434226 -0.881666 0.184286
-54.2332 90.6075 10.6352 0.426194 -0.887287 0.175881
-54.9825 90.415 11.4135 0.417228 -0.892707 0.170004
-55.8965 90.1281 12.4299 0.46349 -0.874757 0.14134
-56.5619 89.8907 13.3564 0.600098 -0.793141 0.103967
-57.2187 89.5526 14.601 0.601291 -0.792886 0.0988995
-57.8992 88.996 16.0242 0.643143 -0.762751 -0.0676654
-58.2655 88.4604 17.1778 0.751224 -0.649294 -0.118655
-58.4344 87.996 18.2298 0.787611 -0.586012 -0.189992
-58.3231 87.6964 19.6191 0.804119 -0.559742 -0.200207
-58.1509 87.3596 20.7633 0.797545 -0.531586 -0.285199
-58.026 87.0747 21.6146 0.812527 -0.484886 -0.323551
-57.8443 86.6877 22.5542 0.798488 -0.464785 -0.382366
-57.5961 86.2028 23.5456 0.774002 -0.430324 -0.462975
-57.3212 85.897 24.3445 0.840628 -0.434561 -0.323267
-57.0461 85.4162 25.52 0.761788 -0.49659 -0.414594
-56.8336 85.0398 26.3272 0.778207 -0.477147 -0.407933
-56.6967 84.6264 27.126 0.783937 -0.4889 -0.382649
-56.5371 84.1704 28.064 0.745763 -0.535134 -0.396824
-56.345 83.64 29.1711 0.743034 -0.552673 -0.377251
-56.1629 83.1858 30.2346 0.753582 -0.560268 -0.343823
-55.9707 82.897 31.119 0.766091 -0.498188 -0.402243
-55.6298 82.523 32.0842 0.703928 -0.533337 -0.461619
-54.9957 82.0689 33.3721 0.590563 -0.6027 -0.535811
-54.1982 81.8212 34.5225 0.566791 -0.634302 -0.525746
-53.4596 81.5488 35.4218 0.485611 -0.643573 -0.590714
-52.8158 81.4141 36.0581 0.430961 -0.674545 -0.599385
-52.1138 81.3482 36.6446 0.373069 -0.705591 -0.602462
-51.0488 81.2627 37.3602 0.291497 -0.718324 -0.628056
-50.0464 81.1701 37.799 0.176996 -0.714272 -0.677117
-48.4431 81.4394 38.0049 0.233484 -0.697872 -0.677097
-47.3975 81.7798 37.8751 -0.0852852 -0.681741 -0.725459
-46.617 82.115 37.5163 0.00983632 -0.663833 -0.747816
-45.7781 82.6319 37.0035 -0.0652005 -0.714516 -0.696574
-44.9782 83.2995 36.3524 -0.104743 -0.637393 -0.763321
-44.342 83.9517 35.7425 -0.0970592 -0.61334 -0.783833
-43.8139 84.6566 35.0522 -0.284334 -0.625603 -0.725736
-43.3631 85.2327 34.4016 -0.312355 -0.574175 -0.756807
-42.8725 85.8261 33.6946 -0.267204 -0.711359 -0.650055
-42.4113 86.3039 33.0467 -0.213716 -0.664058 -0.716486
-41.735 86.9277 32.346 -0.178313 -0.600392 -0.779573
-41.1 87.4377 31.6608 -0.328118 -0.599337 -0.73016
-40.3867 87.9767 30.9732 -0.137838 -0.73063 -0.668715
-39.7052 88.4518 30.3515 -0.113421 -0.689606 -0.715248
-39.0656 88.8776 29.7797 -0.222455 -0.691898 -0.678365
-38.4242 89.3201 29.0269 -0.18737 -0.768757 -0.611478
-37.9652 89.765 28.3153 -0.191733 -0.779598 -0.596209
-37.514 90.2468 27.5626 -0.132412 -0.795636 -0.591126
-37.2549 90.5603 27.0826 -0.171429 -0.798527 -0.575492
-36.4553 90.1156 27.4186 -0.210458 -0.801418 -0.559854
-35.9441 90.5898 26.3867 -0.275408 -0.847936 -0.452681
-35.4316 90.9358 25.4086 -0.284661 -0.872845 -0.390844
-34.9475 91.1315 24.4713 -0.280483 -0.901818 -0.328691
-34.4552 91.292 23.6031 -0.282579 -0.901485 -0.327831
-33.9846 91.4206 22.519 -0.361017 -0.905681 -0.22228
-33.6651 91.5829 21.632 -0.305161 -0.920986 -0.236335
-33.6245 91.8189 20.3725 -0.304235 -0.934484 -0.184881
-33.6737 92.0201 19.3241 -0.304874 -0.941273 -0.145108
-33.8196 92.2171 18.1909 -0.247179 -0.955436 -0.147796
-33.9542 92.5206 16.8392 -0.197005 -0.96575 -0.168864
-34.2072 92.6978 15.5696 -0.181041 -0.973223 -0.127393
-34.6873 92.9388 14.3845 -0.0596362 -0.995832 -0.0677383
-35.0932 93.0779 13.1843 0.0121425 -0.986843 -0.161066
-35.4125 93.2236 12.2302 0.0178358 -0.987468 -0.156805
-36.2449 93.3083 11.6421 0.0903946 -0.981264 -0.170085
-37.5244 93.2438 11.4467 0.0424795 -0.99243 -0.114818
-38.394 93.199 11.1761 0.0858815 -0.993665 -0.0724881
-39.5622 93.1441 10.6449 0.0653894 -0.99679 -0.0461986
-40.6884 93.0791 9.95352 0.0886813 -0.995701 -0.026725
-41.5327 93.0338 9.34238 0.0433851 -0.997247 -0.0436015
-42.3988 93.0177 8.60629 0.0906598 -0.99561 -0.0199718
-43.1197 92.9715 7.94233 0.0792357 -0.996716 -0.0166977
-43.9123 92.8806 7.15718 0.0924065 -0.995402 0.00903765
-44.5701 92.8953 6.27863 0.0626525 -0.995888 -0.0654328
-45.1705 92.8702 5.24741 0.177301 -0.977859 -0.11116
-45.6762 92.9208 3.99791 0.271124 -0.953174 -0.123444
-46.3319 92.7988 3.35161 0.294801 -0.94334 -0.152323
-47.0983 92.4559 3.895 0.311916 -0.933881 -0.174856
-48.0774 92.102 4.60342 0.325242 -0.944742 -0.00581372
-48.7933 91.8267 5.08764 0.361141 -0.932487 0.00660857
-49.6546 91.4872 5.65806 0.364879 -0.928666 0.0480758
-50.6164 91.1907 6.25712 0.374316 -0.922387 0.0892578
-51.4709 90.9632 6.8346 0.365102 -0.90597 0.214287
-52.4582 90.728 7.60077 0.377836 -0.900993 0.213149
-53.1278 90.6075 8.23195 0.403743 -0.87919 0.247583
-53.9358 90.4243 9.08364 0.452672 -0.864946 0.216694
-54.6639 90.2166 9.83084 0.487635 -0.84527 0.217194
-55.4071 90.0056 10.5957 0.485745 -0.840445 0.240215
-56.0106 89.8179 11.2514 0.527013 -0.823057 0.211494
-56.6372 89.5907 11.9686 0.565349 -0.802251 0.186522
-57.2022 89.3271 12.8317 0.609994 -0.782503 0.124886
-57.6791 89.1012 13.7815 0.600696 -0.793012 0.101435
-58.0894 88.8198 14.6134 0.730192 -0.678199 0.0828615
-58.4922 88.4619 15.4515 0.745522 -0.663166 -0.0164744
-58.7544 88.0558 16.2305 0.753898 -0.648118 -0.107611
-58.983 87.6543 17.0471 0.752566 -0.6487 -0.113137
-59.0356 87.1788 18.0732 0.842707 -0.506451 -0.180704
-58.9342 86.9613 19.156 0.821902 -0.534029 -0.198218
-58.7693 86.7339 20.0939 0.839904 -0.468808 -0.27346
-58.5983 86.4241 21.0668 0.850292 -0.427066 -0.306075
-58.4779 86.0849 21.9562 0.863876 -0.40027 -0.303814
-58.2889 85.6483 22.8151 0.819709 -0.415665 -0.394082
-57.9555 85.223 23.7809 0.788219 -0.390347 -0.475324
-57.6442 84.7995 24.9324 0.846519 -0.409823 -0.33978
-57.4682 84.379 25.8896 0.778207 -0.47715 -0.407929
-57.2619 83.7808 27.1442 0.798768 -0.511953 -0.311165
-57.1248 83.2794 28.1906 0.737309 -0.560512 -0.377097
-56.9756 82.8591 29.0971 0.734653 -0.559333 -0.383962
-56.7999 82.4563 30.0189 0.733324 -0.55874 -0.387356
-56.5187 81.9911 31.293 0.686695 -0.64153 -0.341891
-56.3261 81.6665 32.2262 0.684601 -0.620953 -0.381757
-55.9237 81.4243 33.1188 0.581648 -0.675173 -0.453682
-55.3819 81.2588 33.9836 0.530587 -0.662597 -0.528624
-54.8648 81.0926 34.711 0.525015 -0.674303 -0.519051
-54.1635 80.8819 35.6284 0.403378 -0.743724 -0.533067
-53.081 80.68 36.7421 0.384709 -0.773988 -0.502933
-51.9654 80.618 37.5965 0.327899 -0.770962 -0.545985
-51.0919 80.5551 38.1742 0.299021 -0.742039 -0.599971
-50.1459 80.4961 38.6101 0.152248 -0.781687 -0.604564
-48.9677 80.5588 38.7518 0.119807 -0.748057 -0.650195
-47.6128 80.9553 38.6699 0.185233 -0.6958 -0.692034
-46.6271 81.2218 38.3217 -0.111067 -0.702204 -0.703259
-45.4883 81.8715 37.7473 0.00695509 -0.65786 -0.753061
-44.807 82.2539 37.2525 -0.163275 -0.672582 -0.721786
-44.2311 82.743 36.6757 -0.174815 -0.590258 -0.788058
-43.6523 83.2532 36.0678 -0.386036 -0.561094 -0.723182
-42.9555 84.1452 35.1567 -0.284329 -0.625604 -0.725737
-42.5142 84.7328 34.4305 -0.305498 -0.609606 -0.730093
-42.0913 85.3074 33.7982 -0.286937 -0.601605 -0.745479
-41.5517 85.8783 33.1459 -0.277082 -0.588586 -0.759468
-40.9226 86.4097 32.4545 -0.305506 -0.640303 -0.704754
-40.2895 86.9129 31.7651 -0.268699 -0.610108 -0.745265
-39.5413 87.4986 31.0648 -0.278928 -0.539747 -0.793758
-38.915 87.9145 30.5286 -0.319775 -0.565558 -0.76019
-38.2925 88.3139 29.9732 -0.294754 -0.584727 -0.755562
-37.6181 88.8209 29.3121 -0.301511 -0.62608 -0.717688
-37.1307 89.3612 28.5614 -0.289089 -0.703524 -0.649216
-36.6832 89.8627 27.8116 -0.308035 -0.701917 -0.642204
-36.4634 90.1062 27.4351 -0.210453 -0.801417 -0.559857
-35.6392 89.6582 27.5341 -0.324387 -0.703574 -0.631976
-36.07 89.145 28.3014 -0.307938 -0.701626 -0.642569
-36.485 88.66 28.9784 -0.311513 -0.602719 -0.734008
-36.9677 88.1416 29.5733 -0.286338 -0.586615 -0.757495
-37.5287 87.6877 30.1317 -0.289394 -0.579772 -0.761654
-38.4893 87.0879 30.9419 -0.298854 -0.554344 -0.776781
-39.1139 86.5813 31.5583 -0.324389 -0.5794 -0.747432
-39.9673 85.9753 32.4347 -0.344346 -0.557153 -0.754871
-40.5754 85.5008 33.0592 -0.306579 -0.58976 -0.747123
-41.1881 84.9267 33.7578 -0.295771 -0.583576 -0.75594
-41.6748 84.2578 34.4448 -0.304609 -0.565552 -0.766397
-42.1931 83.4402 35.3424 -0.342286 -0.513953 -0.785662
-42.6993 82.8185 35.9239 -0.297351 -0.568977 -0.761825
-43.3434 82.2827 36.8236 -0.298617 -0.613518 -0.716548
-44.0552 81.6669 37.6161 -0.2559 -0.64476 -0.720277
-44.7734 81.2467 38.2055 -0.107064 -0.656117 -0.743346
-45.8673 80.7167 38.7728 -0.0792431 -0.783916 -0.609811
-46.7444 80.4924 39.2845 -0.037824 -0.795035 -0.599984
-47.8641 80.1675 39.506 0.192438 -0.744742 -0.639005
-48.7943 79.937 39.574 0.0986763 -0.868714 -0.485211
-49.721 79.8765 39.4862 0.104245 -0.768672 -0.629714
-50.8165 79.9065 39.2838 0.0803569 -0.814765 -0.574196
-51.6249 79.9468 38.7786 0.268512 -0.843268 -0.465618
-52.3684 80.0008 38.2525 0.302256 -0.85125 -0.427153
-53.3573 80.0373 37.5199 0.371212 -0.766335 -0.523698
-54.2777 80.1086 36.6565 0.418308 -0.763906 -0.491393
-55.0022 80.2563 35.7721 0.550878 -0.698717 -0.456429
-55.7094 80.4317 34.7398 0.489201 -0.705407 -0.511652
-56.2666 80.6446 33.8501 0.588258 -0.701497 -0.401214
-56.9197 80.8308 32.695 0.616105 -0.676631 -0.398656
-57.1153 81.1011 31.7894 0.667321 -0.667571 -0.32769
-57.3181 81.4457 30.5763 0.722852 -0.623322 -0.298253
-57.5177 81.8433 29.544 0.727495 -0.570644 -0.380652
-57.6301 82.3712 28.2833 0.82175 -0.510491 -0.253231
-57.7675 82.9822 26.9751 0.845776 -0.440391 -0.301196
-57.8801 83.3916 26.1192 0.836869 -0.414054 -0.355124
-58.0248 83.8345 25.1522 0.832073 -0.437241 -0.338199
-58.2732 84.2134 24.1974 0.798455 -0.457305 -0.391589
-58.5167 84.4887 23.3725 0.813479 -0.340617 -0.471415
-58.847 85.0349 22.1773 0.879348 -0.350287 -0.322562
-58.9822 85.4476 21.3606 0.880129 -0.349586 -0.321186
-59.2107 85.811 20.3202 0.83915 -0.44976 -0.303749
-59.4771 86.1482 19.0956 0.821131 -0.506276 -0.255652
-59.5636 86.3966 17.7129 0.89648 -0.419831 -0.140298
-59.522 86.7759 16.8468 0.867076 -0.473809 -0.153898
-59.3307 87.2669 15.9199 0.841928 -0.535469 -0.0665399
-58.9983 87.7904 14.9475 0.823159 -0.564982 0.0566061
-58.5752 88.2127 13.9635 0.732915 -0.674274 0.0904977
-58.1365 88.5428 12.9211 0.73026 -0.676103 0.0980114
-57.4829 88.8818 11.7519 0.632904 -0.743946 0.214423
-56.8535 89.1961 10.9744 0.59751 -0.76805 0.224502
-56.1896 89.4262 10.221 0.541803 -0.806098 0.23638
-55.5569 89.6373 9.54635 0.508044 -0.830416 0.224989
-54.8934 89.8559 8.87311 0.526349 -0.81067 0.25646
-54.2328 89.9972 8.16977 0.468223 -0.83747 0.2818
-53.4703 90.1585 7.31976 0.444801 -0.864596 0.233678
-52.6996 90.3525 6.60166 0.429409 -0.871016 0.23862
-51.9572 90.5741 6.07448 0.423395 -0.884853 0.186667
-51.1981 90.8611 5.55321 0.414056 -0.904204 0.104751
-50.0096 91.3389 4.76352 0.367746 -0.928803 -0.0457037
-49.2377 91.6864 4.25387 0.361984 -0.926832 -0.0888882
-48.5144 91.9851 3.74747 0.320416 -0.942177 -0.0981671
-47.5304 92.4732 3.00468 0.357474 -0.91805 -0.17001
-46.6512 93.0039 2.05103 0.300002 -0.925282 -0.23206
-46.1377 93.4373 1.18455 0.298617 -0.90863 -0.291924
-45.6706 93.8646 0.347466 0.296969 -0.900072 -0.318873
-45.3792 93.8713 0.599835 0.296208 -0.905058 -0.304807
-45.3367 93.6013 1.48813 0.293757 -0.910274 -0.291725
-45.0888 93.3544 2.61236 0.277893 -0.930773 -0.237566
-44.8564 93.2026 3.47707 0.277536 -0.930774 -0.237978
-44.4043 93.1084 4.70171 0.214377 -0.966032 -0.14426
-43.8795 93.081 5.68443 0.216592 -0.966743 -0.135775
-43.2608 93.0664 6.47242 0.122791 -0.980477 -0.153584
-42.5747 93.0547 7.19013 0.182784 -0.966164 -0.179786
-41.6545 93.109 7.96647 0.143866 -0.982635 -0.0876944
-40.6024 93.1957 8.80949 0.148094 -0.985764 -0.0796075
-39.6574 93.2192 9.44738 0.146234 -0.979578 -0.131828
-38.8481 93.2722 9.93082 0.1363 -0.986767 -0.0878264
-37.6879 93.3568 10.4296 0.104937 -0.985988 -0.129597
-36.5241 93.4589 10.6339 0.0976415 -0.983513 -0.150425
-35.1958 93.6216 10.6184 0.163142 -0.928281 -0.334103
-34.5659 93.494 11.3809 0.156794 -0.949417 -0.27207
-34.3811 93.2558 12.3189 0.144632 -0.946681 -0.287213
-34.1057 93.0989 13.1989 0.109964 -0.97495 -0.19334
-33.7718 92.9657 14.0607 0.0159882 -0.955759 -0.26752
-33.3995 92.6922 14.8479 -0.170687 -0.966937 -0.189469
-33.125 92.4859 15.7722 -0.164604 -0.97895 -0.120675
-32.993 92.342 16.7784 -0.172783 -0.96449 -0.185692
-32.8759 92.0612 17.8811 -0.224393 -0.951798 -0.209114
-32.7594 91.8124 18.8015 -0.229831 -0.944642 -0.234156
-32.6912 91.4761 20.3448 -0.334392 -0.915224 -0.224824
-32.7684 91.2191 21.5037 -0.39829 -0.8762 -0.271365
-33.0849 91.034 22.6211 -0.42246 -0.87362 -0.241485
-33.4849 90.9095 23.5866 -0.438903 -0.840705 -0.317141
-34.0095 90.764 24.672 -0.446934 -0.829832 -0.334111
-34.5323 90.4988 25.6462 -0.291376 -0.844215 -0.44989
-35.1602 90.137 26.7293 -0.315376 -0.774408 -0.536721
-35.5253 89.7889 27.3237 -0.340639 -0.70493 -0.622124
-34.7552 89.2873 27.4587 -0.354167 -0.683354 -0.63815
-34.3011 89.6725 26.7677 -0.379192 -0.694022 -0.612002
-33.7151 89.9516 25.9068 -0.418705 -0.77877 -0.467112
-33.3194 90.2086 25.1284 -0.43146 -0.804526 -0.401455
-32.8641 90.3141 24.276 -0.440426 -0.82935 -0.343808
-32.4697 90.4904 23.2949 -0.437566 -0.840905 -0.318457
-32.0395 90.7076 22.1562 -0.352674 -0.894107 -0.27603
-31.7718 91.035 20.7861 -0.341693 -0.894509 -0.288269
-31.7781 91.268 19.8467 -0.309016 -0.919389 -0.24192
-31.7783 91.5288 18.9038 -0.288397 -0.924647 -0.248707
-31.9013 91.829 17.8922 -0.227111 -0.948221 -0.221632
-31.9888 92.1246 16.8308 -0.191893 -0.947758 -0.254818
-32.0637 92.3048 15.8663 -0.0931368 -0.972554 -0.190439
-32.2626 92.5569 14.9895 -0.0367698 -0.959615 -0.278904
-32.7494 92.9719 13.8101 -0.0779887 -0.936567 -0.3417
-33.3 93.294 12.6731 0.121219 -0.959448 -0.247846
-33.5324 93.5747 11.6949 0.144623 -0.946683 -0.28721
-33.6283 93.9461 10.5157 0.1713 -0.928847 -0.328449
-33.6709 94.5178 9.26097 0.275512 -0.867185 -0.414829
-34.5019 94.1096 9.6564 0.201289 -0.902216 -0.381431
-35.6083 93.8643 9.69789 0.202543 -0.938807 -0.278599
-37.0136 93.621 9.60763 0.165336 -0.945896 -0.279188
-38.178 93.4867 9.18023 0.185174 -0.959399 -0.203685
-39.2303 93.4305 8.54225 0.185716 -0.972672 -0.139353
-40.2364 93.3463 7.91773 0.182201 -0.961771 -0.197148
-41.169 93.3136 7.25347 0.166392 -0.973548 -0.155338
-41.9013 93.3121 6.58102 0.179919 -0.961562 -0.20743
-42.5208 93.3245 5.9223 0.198981 -0.961993 -0.186928
-43.1658 93.3384 5.14277 0.2192 -0.961022 -0.166511
-43.6219 93.3819 4.21755 0.275947 -0.933584 -0.228634
-44.1162 93.5959 2.78418 0.268182 -0.93389 -0.236489
-44.3237 93.8059 1.82694 0.26811 -0.918431 -0.290864
-44.3409 94.1835 0.532244 0.233774 -0.933662 -0.270781
-44.2454 94.543 -0.551286 0.22273 -0.930409 -0.291085
-44.0746 95.0456 -1.86728 0.324963 -0.89056 -0.318279
-43.624 95.5466 -3.0572 0.249467 -0.948155 -0.122104
-43.1147 95.5607 -4.08852 -0.00302721 -0.987857 -0.105151
-42.6309 95.853 -5.24783 0.0255103 -0.969202 -0.244941
-42.2082 96.1041 -6.2711 -0.0114901 -0.968375 -0.249063
-41.8658 96.3043 -7.08729 -0.00567253 -0.970135 -0.242497
-41.5409 96.4832 -7.94099 -0.0320813 -0.980125 -0.195772
-41.1742 96.6472 -8.85803 -0.0202675 -0.985784 -0.16638
-40.7737 96.7836 -9.78103 -0.0211557 -0.987517 -0.156087
-40.3548 96.9687 -11.0347 -0.0396038 -0.991666 -0.117243
-39.9361 97.0426 -12.2048 -0.0698888 -0.994819 -0.0732988
-39.6563 97.0797 -13.0619 -0.0789883 -0.993775 -0.0779377
-39.2981 97.1773 -14.4296 -0.0733581 -0.992977 -0.0928169
-39.0812 97.2032 -15.3747 -0.0992936 -0.995053 -0.003281
-38.6226 97.1275 -16.8877 -0.0933034 -0.994236 0.0521902
-38.3881 96.9973 -18.4001 -0.108674 -0.988595 0.10144
-38.2129 96.8222 -19.6093 -0.131236 -0.976339 0.168916
-38.1528 96.5137 -20.7483 -0.0897858 -0.94567 0.312485
-38.2262 96.1995 -21.6263 -0.079855 -0.927931 0.36299
-38.2582 95.7636 -22.521 -0.00443371 -0.885601 0.462274
-38.2964 95.253 -23.5832 0.043578 -0.887697 0.457103
-38.4906 94.6679 -24.6002 0.0506642 -0.867833 0.494266
-38.7403 94.0763 -25.4971 0.0596532 -0.838664 0.541356
-39.1605 93.5038 -26.2847 0.0620876 -0.81805 0.571639
-39.8086 92.9107 -26.9949 0.121592 -0.731865 0.670514
-40.3545 92.3068 -27.5696 0.0988385 -0.721883 0.684421
-41.186 91.5956 -28.1603 0.0847294 -0.708407 0.700454
-42.2395 90.936 -28.7012 0.0742702 -0.691931 0.718133
-43.1615 90.5927 -28.9198 0.0970074 -0.680553 0.726249
-43.9851 90.7431 -28.6346 0.128021 -0.66814 0.732939
-44.1191 91.5037 -27.9106 0.112347 -0.688749 0.716242
-44.1549 92.2742 -27.1717 0.0436505 -0.692909 0.718606
-44.1698 92.9689 -26.4685 0.0500613 -0.70832 0.704115
-44.1631 93.6907 -25.7428 0.0356456 -0.728427 0.683435
-44.1989 94.4096 -25.0627 -0.074262 -0.652119 0.754471
-44.3834 95.1757 -24.2569 -0.124517 -0.797332 0.590557
-44.781 95.9643 -23.2425 -0.183015 -0.787013 0.585978
-45.2161 96.6112 -22.6018 -0.245613 -0.830182 0.477602
-45.6867 97.0274 -21.8873 -0.270817 -0.894608 0.355436
-46.2444 97.5311 -21.0445 -0.279782 -0.905648 0.315838
-47.0903 97.9283 -20.2838 -0.197337 -0.959162 0.196274
-47.9002 98.1445 -19.4714 -0.149269 -0.984378 0.0933721
-48.1842 98.371 -17.9598 -0.182612 -0.974575 0.126848
-48.0412 98.4448 -16.9982 -0.198193 -0.97936 0.039673
-47.8332 98.3901 -15.8428 -0.188401 -0.981325 -0.0388228
-47.7666 98.275 -14.5449 -0.181456 -0.975258 -0.126278
-47.652 98.0952 -13.4434 -0.148336 -0.976049 -0.159135
-47.5395 97.8821 -12.3962 -0.1499 -0.96726 -0.204786
-47.3834 97.6672 -11.4268 -0.112475 -0.969144 -0.219337
-47.1611 97.3738 -10.3076 -0.124875 -0.963368 -0.237337
-46.9237 97.0955 -9.3743 -0.102733 -0.955022 -0.277919
-46.5691 96.6608 -7.96297 -0.0293398 -0.957045 -0.287344
-46.4609 96.3445 -7.00842 -0.0189782 -0.952873 -0.302472
-46.3274 96.0786 -6.14951 0.0214181 -0.947228 -0.319844
-46.1407 95.7596 -5.21905 0.0125756 -0.94115 -0.337755
-46.0635 95.438 -4.32099 0.0399547 -0.952569 -0.296672
-46.0753 95.0911 -3.3375 0.0854582 -0.938168 -0.335173
-46.1604 94.789 -2.44615 0.186415 -0.937233 -0.294694
-46.325 94.1971 -0.976869 0.22921 -0.907081 -0.352806
-46.6675 93.6848 0.0330406 0.272135 -0.888185 -0.370229
-47.1299 93.1975 1.00029 0.263998 -0.913788 -0.308702
-47.5641 92.7399 1.6872 0.366222 -0.887623 -0.268105
-48.5091 92.183 2.57332 0.35581 -0.914645 -0.191896
-49.5501 91.6293 3.33819 0.359042 -0.920103 -0.156521
-50.6591 91.0405 4.07618 0.4877 -0.872996 0.00517561
-51.4975 90.6162 4.62354 0.430562 -0.895877 0.108026
-52.3483 90.2531 5.14522 0.432228 -0.893118 0.123005
-53.3365 89.8833 5.92661 0.459559 -0.872646 0.16303
-54.0631 89.6647 6.63858 0.443432 -0.871806 0.205847
-54.6366 89.5295 7.33093 0.474296 -0.854735 0.210881
-55.3862 89.3315 8.22828 0.526132 -0.810599 0.257127
-56.0447 89.1175 8.90286 0.543655 -0.800832 0.250378
-56.6619 88.8874 9.57266 0.560735 -0.790928 0.244966
-57.3388 88.6204 10.3628 0.635914 -0.74602 0.197655
-57.8917 88.3242 11.0239 0.634409 -0.744982 0.206041
-58.4114 88.0562 11.8157 0.682468 -0.703461 0.198444
-58.8777 87.7275 12.8197 0.730852 -0.674753 0.102667
-59.2302 87.4024 13.8262 0.803871 -0.593096 0.0450465
-59.5434 86.9943 14.6202 0.814487 -0.580164 0.0045962
-59.8485 86.4758 15.5301 0.87948 -0.470896 -0.0690792
-59.9841 85.9963 16.3868 0.895124 -0.421716 -0.144595
-60.0322 85.545 17.3474 0.892221 -0.422627 -0.159149
-59.9005 85.3212 18.6236 0.920372 -0.338509 -0.195773
-59.7117 85.0645 19.7386 0.887951 -0.34958 -0.298776
-59.4317 84.5994 21.0476 0.880593 -0.348111 -0.321514
-59.2532 84.1303 22.051 0.87731 -0.360759 -0.316248
-59.0367 83.7272 22.9626 0.853913 -0.364569 -0.371379
-58.7667 83.4149 24.1006 0.86461 -0.406 -0.295582
-58.5539 83.0577 24.9991 0.795754 -0.467973 -0.384419
-58.3795 82.6653 25.8833 0.795158 -0.510268 -0.327643
-58.2449 81.98 27.2641 0.791764 -0.511484 -0.333908
-58.1868 81.3635 28.6442 0.795102 -0.548463 -0.258844
-58.1176 80.9244 29.6693 0.79241 -0.529118 -0.303514
-57.981 80.664 30.6715 0.71001 -0.648488 -0.274294
-57.7737 80.333 31.9064 0.686514 -0.661907 -0.300076
-57.5765 80.1454 32.81 0.654035 -0.669274 -0.346883
-57.0556 79.9855 33.8458 0.58826 -0.701496 -0.401211
-56.5478 79.8472 34.8154 0.447362 -0.755348 -0.476277
-56.0348 79.694 35.5993 0.435758 -0.785888 -0.438743
-55.1604 79.5397 36.8548 0.466075 -0.781028 -0.415656
-54.5689 79.4397 37.5283 0.377696 -0.822905 -0.42175
-53.7291 79.4599 38.284 0.340401 -0.850261 -0.401476
-52.7527 79.4579 39.0285 0.275485 -0.846422 -0.455717
-51.7682 79.3858 39.7336 0.259456 -0.864316 -0.429721
-50.8198 79.3508 40.1837 0.0923454 -0.874061 -0.476803
-49.8989 79.335 40.4089 0.10773 -0.87015 -0.480867
-48.7281 79.4328 40.4822 0.0860486 -0.86836 -0.488413
-47.7674 79.6086 40.3934 0.0648234 -0.828164 -0.549203
-46.8967 79.7723 40.1476 0.00584612 -0.79212 -0.609471
-45.972 79.9872 39.8438 -0.133692 -0.784373 -0.605649
-45.0022 80.2477 39.2632 -0.0792431 -0.783916 -0.609811
-44.0703 80.6406 38.6063 -0.222807 -0.698451 -0.68009
-43.387 81.0267 37.9517 -0.246598 -0.67662 -0.692451
-42.8012 81.4755 37.3007 -0.357634 -0.644557 -0.675754
-42.1875 81.9867 36.4679 -0.320175 -0.655563 -0.681599
-41.5045 82.6151 35.6072 -0.358716 -0.593259 -0.719866
-41.14 83.2233 34.9945 -0.336468 -0.552625 -0.762493
-40.6729 84.0624 34.1561 -0.37765 -0.545366 -0.748302
-39.9979 84.7362 33.3255 -0.37682 -0.544604 -0.749276
-39.2112 85.431 32.466 -0.348649 -0.528877 -0.773778
-38.5921 85.8348 31.911 -0.344342 -0.557156 -0.754871
-37.9585 86.3205 31.2853 -0.303795 -0.563852 -0.767844
-37.1814 86.8163 30.649 -0.282189 -0.550891 -0.785422
-36.4351 87.3758 29.9558 -0.284547 -0.579367 -0.763784
-35.9088 87.8907 29.3655 -0.311518 -0.602714 -0.734011
-35.3688 88.5014 28.5922 -0.337474 -0.640048 -0.689104
-34.8233 89.2031 27.5827 -0.357459 -0.669762 -0.650878
-33.8867 88.8086 27.5387 -0.295042 -0.707688 -0.641972
-33.3151 89.1955 26.7448 -0.391455 -0.737459 -0.546181
-32.6584 89.504 25.6906 -0.446804 -0.751434 -0.485503
-32.2233 89.7373 24.8625 -0.423527 -0.836843 -0.346868
-31.6953 90.0296 23.6251 -0.380963 -0.854593 -0.351564
-31.3238 90.1884 22.7572 -0.38088 -0.869187 -0.315347
-31.03 90.4452 21.7747 -0.318521 -0.89389 -0.313985
-30.8396 90.8304 20.3596 -0.297101 -0.913979 -0.275523
-30.8166 91.134 19.253 -0.283785 -0.922212 -0.262627
-30.9053 91.6163 17.9574 -0.162915 -0.930952 -0.326782
-31.0009 91.9509 16.7802 -0.171312 -0.9523 -0.252543
-31.0944 92.2669 15.8628 -0.0524503 -0.961913 -0.268277
-31.1748 92.5201 14.9722 -0.137303 -0.927628 -0.329095
-31.4773 92.8962 13.966 0.0124728 -0.936331 -0.350898
-31.9239 93.1863 13.203 0.006043 -0.932667 -0.360689
-32.4077 93.599 12.3701 0.197597 -0.887555 -0.4023
-32.5838 93.9053 11.4295 0.283859 -0.886123 -0.365657
-32.7022 94.3294 10.3432 0.306924 -0.872483 -0.379571
-32.4118 94.9483 9.24683 0.325724 -0.864109 -0.382526
-31.8486 95.4793 8.47308 0.35727 -0.855701 -0.372863
-30.924 95.9949 8.12159 0.371487 -0.863732 -0.339803
-29.7801 96.6465 7.67999 0.371972 -0.882948 -0.286427
-28.6128 97.198 7.31108 0.333187 -0.894681 -0.297545
-27.4862 97.6996 7.04606 0.325254 -0.900542 -0.288502
-26.59 98.1354 6.71571 0.33169 -0.902856 -0.273558
-25.3533 98.7848 6.09547 0.349026 -0.898113 -0.267506
-24.5158 99.1916 5.79463 0.347202 -0.901417 -0.258625
-23.3514 99.6938 5.41455 0.314126 -0.929884 -0.191419
-22.5325 100.029 5.1002 0.311784 -0.925617 -0.214533
-21.3646 100.55 4.51026 0.280758 -0.937342 -0.205153
-20.6649 100.849 4.00975 0.255113 -0.947913 -0.190231
-19.6656 101.275 3.20502 0.2491 -0.94651 -0.205104
-18.9212 101.547 2.63738 0.190111 -0.969791 -0.152853
-17.8796 101.905 1.58968 0.178087 -0.971182 -0.157981
-17.0883 102.167 0.748343 0.0892265 -0.987859 -0.126957
-16.5124 102.305 0.0336399 0.0692437 -0.991025 -0.112443
-15.9024 102.415 -0.687014 0.0498585 -0.991904 -0.116792
-15.149 102.588 -1.39826 0.0487931 -0.969831 -0.222267
-14.4762 102.762 -2.10383 -0.0819737 -0.96666 -0.23468
-13.7389 102.774 -2.67016 -0.155783 -0.966409 -0.203732
-12.6661 102.644 -3.465 -0.269872 -0.959665 -0.0788148
-11.5475 102.366 -4.02886 -0.273173 -0.955969 -0.107237
-10.688 102.092 -4.28865 -0.363967 -0.92823 -0.0769196
-9.66662 101.696 -4.44921 -0.413681 -0.908108 -0.0392329
-8.53961 101.098 -4.52204 -0.451474 -0.889245 0.0383353
-7.65371 100.68 -4.46767 -0.510052 -0.853679 0.105263
-6.65789 100.435 -4.50127 -0.172265 -0.980663 0.092864
-5.76086 100.104 -4.56411 -0.358321 -0.905864 0.225024
-4.4109 99.621 -4.42735 -0.354633 -0.901311 0.248745
-3.48806 99.32 -4.27153 -0.332058 -0.90742 0.257538
-2.372 98.8192 -4.22174 -0.532595 -0.831963 0.1555
-1.73018 98.1528 -4.80615 -0.560615 -0.742022 0.367579
-1.87835 97.7797 -5.78548 -0.565021 -0.742427 0.359827
-2.27071 97.6551 -6.6828 -0.569525 -0.742698 0.352195
-2.85472 97.7837 -7.4359 -0.555673 -0.772999 0.306104
-3.65422 98.123 -8.15891 -0.585851 -0.780825 0.216969
-4.40958 98.5298 -8.85281 -0.602017 -0.778333 0.178241
-5.28131 99.0571 -9.52977 -0.562593 -0.807571 0.168013
-6.29206 99.6182 -10.2161 -0.576836 -0.814244 0.0649911
-7.10749 100.136 -10.6268 -0.542402 -0.83568 0.0862544
-7.96793 100.678 -10.7907 -0.551522 -0.829045 0.0914049
-8.78044 101.479 -11.2238 -0.684539 -0.719172 -0.116746
-9.49689 102.189 -11.3957 -0.678797 -0.713547 -0.173451
-10.2487 102.784 -11.455 -0.511956 -0.826993 -0.232344
-11.0227 103.243 -11.3839 -0.439012 -0.871082 -0.200517
-12.1497 103.586 -11.0039 -0.327886 -0.921364 -0.208755
-13.267 103.826 -10.5986 -0.248584 -0.931182 -0.266656
-14.0916 103.84 -10.2147 -0.159117 -0.9665 -0.201393
-15.255 103.87 -9.57821 -0.109055 -0.975254 -0.191588
-16.0873 103.874 -9.04858 -0.0840154 -0.980322 -0.175261
-17.1341 103.765 -8.43195 0.00912325 -0.976625 -0.214756
-17.9786 103.631 -7.91052 0.0243337 -0.978571 -0.204467
-19.1414 103.399 -7.13885 0.108089 -0.97692 -0.183974
-20.2287 103.098 -6.37304 0.197401 -0.963547 -0.180387
-21.0178 102.848 -5.85673 0.167527 -0.969149 -0.179037
-21.9191 102.524 -5.14458 0.199266 -0.948633 -0.245743
-22.8194 102.217 -4.51335 0.14494 -0.966357 -0.212477
-23.4258 101.966 -3.89809 0.20665 -0.952669 -0.222975
-24.2718 101.599 -3.28664 0.249118 -0.940811 -0.229815
-24.9617 101.28 -2.78029 0.272905 -0.929461 -0.248243
-25.8452 100.811 -2.04352 0.289825 -0.92354 -0.251127
-26.8691 100.269 -1.21487 0.290254 -0.921864 -0.256594
-27.9151 99.6775 -0.312509 0.291177 -0.919458 -0.264221
-28.8883 99.1724 0.430293 0.259386 -0.929416 -0.262436
-29.6513 98.7503 1.15817 0.256543 -0.92905 -0.266547
-30.4794 98.1963 2.16494 0.310555 -0.909689 -0.275567
-31.2669 97.6353 3.09543 0.327578 -0.899291 -0.289774
-31.7179 97.233 3.83164 0.330637 -0.893575 -0.3033
-32.2731 96.8043 4.46252 0.324965 -0.89497 -0.305468
-32.843 96.281 5.4308 0.319543 -0.893186 -0.315899
-33.1176 95.8329 6.37839 0.329711 -0.887214 -0.32271
-33.3518 95.4193 7.22689 0.333186 -0.878429 -0.342563
-33.9179 94.8673 8.19073 0.258636 -0.898234 -0.355362
-34.6442 94.4364 8.76355 0.237915 -0.904719 -0.353303
-35.6355 94.1736 8.77735 0.237594 -0.906666 -0.348576
-36.5857 93.9646 8.67492 0.203036 -0.928754 -0.305565
-37.6522 93.827 8.33653 0.235409 -0.940529 -0.24462
-38.9714 93.698 7.60695 0.215227 -0.943679 -0.250479
-40.241 93.6001 6.89362 0.217273 -0.947216 -0.235742
-41.2119 93.5833 6.05708 0.21752 -0.947653 -0.233752
-41.8342 93.5991 5.37999 0.232521 -0.947489 -0.219081
-42.3897 93.6258 4.63114 0.241372 -0.94124 -0.235393
-42.8427 93.7538 3.62066 0.266403 -0.936977 -0.226062
-43.1371 93.897 2.78065 0.289702 -0.920485 -0.262261
-43.4218 94.142 1.65103 0.329558 -0.904424 -0.269071
-43.3701 94.4255 0.643213 0.313295 -0.922336 -0.224085
-43.2134 94.7352 -0.346755 0.232705 -0.928692 -0.288754
-43.1852 95.1203 -1.33203 0.218526 -0.912857 -0.3442
-42.9633 95.4763 -2.23439 0.206902 -0.936958 -0.281606
-42.3664 95.5161 -3.38636 0.0172791 -0.996859 -0.00817367
-41.997 95.6559 -4.19772 0.104562 -0.973919 -0.201367
-41.6103 95.8764 -5.08113 0.0983156 -0.974008 -0.203764
-41.2006 96.0798 -5.88181 0.0597795 -0.985738 -0.157312
-40.9027 96.2355 -6.74418 0.0442133 -0.986777 -0.15514
-40.56 96.3884 -7.58862 -0.0107282 -0.980743 -0.195007
-40.2526 96.5599 -8.46393 -0.0165464 -0.983286 -0.180053
-39.8822 96.6891 -9.31445 -0.0197611 -0.986483 -0.16255
-39.6066 96.8464 -10.3087 -0.0106233 -0.987511 -0.157188
-39.284 96.93 -11.3104 -0.0550048 -0.9947 -0.0868737
-38.9366 96.9783 -12.1628 -0.0481389 -0.997006 -0.0605085
-38.5561 97.0501 -13.3788 -0.0313362 -0.996032 -0.0831894
-38.3057 97.118 -14.3263 -0.027332 -0.996271 -0.081754
-38.1248 97.1356 -15.2461 -0.0282913 -0.999313 0.0239428
-37.6918 97.0658 -16.5994 -0.0629222 -0.996155 0.0609252
-37.5296 96.9928 -17.6015 -0.0668428 -0.995277 0.0698376
-37.3756 96.848 -18.8201 -0.0446538 -0.990169 0.132557
-37.2506 96.6894 -19.7724 -0.00579734 -0.972487 0.232887
-37.1584 96.4025 -20.8037 -0.0630817 -0.943069 0.326169
-37.2182 96.0496 -21.8034 -0.0499955 -0.94086 0.335085
-37.1932 95.5937 -22.7844 -0.0266751 -0.908407 0.413566
-37.3494 95.2384 -23.6397 0.00758991 -0.899132 0.43366
-37.53 94.5795 -24.8218 0.00313214 -0.853095 0.520388
-37.8947 93.8592 -25.9034 0.0268094 -0.84195 0.538376
-38.3238 93.2157 -26.7758 0.0494777 -0.803706 0.592966
-39.0198 92.5953 -27.4764 0.121155 -0.728211 0.674539
-39.7793 91.7264 -28.2665 0.124572 -0.716909 0.685946
-40.888 90.8922 -28.9039 0.131487 -0.691961 0.709807
-41.6714 90.3355 -29.3498 0.0856027 -0.699143 0.709839
-42.4554 89.9198 -29.6539 0.0966692 -0.689587 0.717698
-43.7933 89.7103 -29.6644 0.102201 -0.690227 0.716339
-44.7495 89.9507 -29.2987 0.0802029 -0.725242 0.683807
-45.0611 90.5832 -28.631 0.0763972 -0.675257 0.733615
-45.0163 91.6713 -27.6319 0.0825825 -0.672492 0.735447
-45.0872 92.4193 -26.9474 0.072597 -0.672477 0.736549
-45.0748 93.5261 -25.8779 0.0147017 -0.713345 0.700659
-45.0859 94.2922 -25.3377 -0.11465 -0.595557 0.790987
-45.3281 95.1291 -24.5445 -0.143024 -0.801789 0.580239
-45.4606 95.8005 -23.9188 -0.555066 -0.592623 0.57511
-45.9246 96.5188 -23.2467 -0.555139 -0.747022 0.365758
-46.3932 97.0069 -22.5794 -0.340075 -0.881533 0.327467
-46.8648 97.4508 -21.8818 -0.30121 -0.901096 0.308062
-47.4604 97.7747 -21.2887 -0.232852 -0.943791 0.234605
-48.1672 98.0471 -20.6566 -0.181781 -0.973389 0.139534
-48.8918 98.2947 -19.8941 -0.209651 -0.971116 0.113934
-49.1477 98.5052 -18.6339 -0.230461 -0.965294 0.122762
-49.0886 98.6027 -17.726 -0.233503 -0.965063 0.118873
-48.9713 98.6195 -16.7836 -0.177797 -0.984046 0.00646472
-48.837 98.5749 -15.7815 -0.181437 -0.98281 -0.0341302
-48.7774 98.5005 -14.8451 -0.169158 -0.978202 -0.119735
-48.6782 98.3284 -13.7783 -0.172577 -0.970208 -0.170038
-48.5169 98.1256 -12.8144 -0.159174 -0.968327 -0.192142
-48.3106 97.8069 -11.4961 -0.14959 -0.964931 -0.215708
-48.0499 97.4204 -10.0589 -0.140998 -0.956029 -0.257085
-47.8622 97.1503 -9.17082 -0.150487 -0.942474 -0.295963
-47.616 96.732 -7.97412 -0.0826484 -0.950446 -0.299701
-47.4782 96.4187 -7.05832 -0.0699656 -0.94957 -0.305651
-47.3455 96.0902 -6.22889 -0.0151839 -0.938055 -0.344584
-47.1673 95.793 -5.34975 0.00703966 -0.946326 -0.32313
-47.15 95.3537 -4.26628 0.0581344 -0.927239 -0.36993
-47.11 94.9859 -3.30814 0.0880397 -0.918292 -0.385992
-47.1226 94.5672 -2.38065 0.152503 -0.909075 -0.385771
-47.1927 94.2142 -1.49916 0.19775 -0.898862 -0.388275
-47.6086 93.5732 -0.341728 0.232825 -0.888787 -0.394779
-48.0334 92.9598 0.671893 0.303499 -0.868658 -0.391563
-48.4695 92.5083 1.33554 0.315537 -0.861383 -0.397767
-49.4177 91.9191 2.0231 0.380883 -0.907408 -0.17759
-50.1065 91.5449 2.55814 0.438984 -0.880779 -0.153548
-50.7859 91.0439 3.0165 0.490101 -0.863116 -0.108414
-51.878 90.3765 3.76438 0.477915 -0.875755 -0.0157583
-52.6303 90.0262 4.18555 0.442787 -0.896063 0.0306429
-53.6745 89.5444 4.92643 0.458245 -0.881043 0.117364
-54.4189 89.2531 5.68328 0.488212 -0.849268 0.200731
-55.1149 89.0179 6.42324 0.496915 -0.844708 0.198857
-55.6312 88.9017 7.15624 0.505059 -0.836907 0.210956
-56.5731 88.6078 8.3544 0.54062 -0.815182 0.207863
-57.2553 88.3365 9.06024 0.580621 -0.785243 0.209148
-58.1418 87.8962 10.1673 0.627062 -0.754949 0.191948
-58.6941 87.5414 10.8336 0.674059 -0.721574 0.158039
-59.1781 87.2363 11.81 0.731301 -0.675086 0.0960426
-59.5281 86.9785 12.6001 0.73644 -0.667763 0.108393
-59.8784 86.5384 13.8073 0.80833 -0.58799 -0.0218017
-60.2441 85.8635 14.7633 0.877431 -0.472577 -0.0823757
-60.4482 85.2501 15.8149 0.854595 -0.497882 -0.147584
-60.5296 84.7833 16.8642 0.859116 -0.486513 -0.158806
-60.3181 84.4966 18.3566 0.879077 -0.416023 -0.232224
-60.1895 84.2435 19.3439 0.876841 -0.391996 -0.273666
-59.963 83.8432 20.4246 0.870076 -0.371986 -0.323362
-59.793 83.4785 21.3194 0.873715 -0.372633 -0.312676
-59.6277 83.1082 22.1383 0.873077 -0.346599 -0.342936
-59.3703 82.7395 23.2844 0.858313 -0.422237 -0.291542
-59.2122 82.4197 24.2192 0.851016 -0.416795 -0.317994
-58.8829 81.9709 25.6663 0.831328 -0.465942 -0.302827
-58.8166 81.4148 26.7303 0.815781 -0.506533 -0.274465
-58.8156 80.9152 27.7319 0.772458 -0.563592 -0.2927
-58.7829 80.4872 28.7206 0.71701 -0.626322 -0.30597
-58.8048 80.1075 29.664 0.707107 -0.67058 -0.224326
-58.7275 79.8797 30.555 0.701748 -0.666607 -0.248921
-58.5126 79.7068 31.7465 0.663339 -0.702244 -0.25487
-58.1358 79.4208 33.239 0.613501 -0.711679 -0.339075
-57.6291 79.3125 34.2931 0.580452 -0.736168 -0.347675
-57.1739 79.1909 35.3098 0.577546 -0.745356 -0.332994
-56.405 79.077 36.4305 0.454811 -0.821899 -0.342453
-55.8705 78.9637 37.2619 0.394067 -0.837894 -0.377685
-55.2242 78.9187 38.0964 0.334773 -0.873207 -0.354171
-54.4789 78.9221 38.7925 0.337343 -0.879694 -0.33452
-53.4105 78.9565 39.6732 0.340263 -0.861263 -0.377421
-52.1718 78.8822 40.5754 0.232701 -0.886927 -0.399013
-51.1828 78.8401 41.0724 0.0824476 -0.878279 -0.470986
-49.8974 78.8527 41.3495 0.102784 -0.905342 -0.41152
-48.9293 78.9468 41.3897 0.0763266 -0.898521 -0.431905
-47.5108 79.123 41.2038 0.00732503 -0.888555 -0.458589
-46.4036 79.2631 40.9266 -0.0541806 -0.873406 -0.479791
-45.5297 79.3537 40.5606 -0.128069 -0.781009 -0.611247
-44.6734 79.5924 40.0607 -0.185667 -0.786232 -0.587413
-43.7266 79.8559 39.3832 -0.192703 -0.766163 -0.613074
-43.1323 80.1511 38.7652 -0.284486 -0.686305 -0.669347
-42.5225 80.5091 38.1446 -0.297227 -0.685592 -0.664353
-41.6725 81.1762 37.0437 -0.310281 -0.687001 -0.657081
-41.1392 81.5395 36.372 -0.339464 -0.687269 -0.642204
-40.6305 82.0781 35.6359 -0.326825 -0.585127 -0.742166
-40.2237 82.7057 34.9351 -0.373595 -0.575116 -0.727473
-39.9346 83.3313 34.3167 -0.377453 -0.54571 -0.748151
-39.3158 84.0873 33.4783 -0.348158 -0.547825 -0.760634
-38.4643 84.8927 32.5178 -0.325302 -0.543128 -0.774
-37.7724 85.3577 31.9118 -0.315211 -0.544236 -0.777463
-36.9714 85.8435 31.237 -0.307493 -0.540776 -0.782838
-36.347 86.2504 30.7239 -0.302828 -0.530929 -0.791459
-35.4072 87.0694 29.78 -0.306282 -0.564428 -0.766558
-34.6526 87.8983 28.8275 -0.285977 -0.652844 -0.701435
-34.2442 88.3878 28.1668 -0.304239 -0.685471 -0.660785
-34.1912 88.4552 28.0682 -0.295042 -0.707688 -0.641972
-31.5043 96.0948 7.30342 0.32829 -0.887695 -0.322837
-32.1198 96.0732 6.7303 0.325922 -0.892222 -0.312284
-31.5952 96.7305 5.40017 0.315348 -0.897142 -0.309188
-31.0354 97.24 4.54886 0.340015 -0.888412 -0.308406
-30.5481 97.6848 3.75169 0.324888 -0.898772 -0.294376
-30.0407 98.0734 3.09879 0.299374 -0.915106 -0.269733
-29.346 98.4732 2.45493 0.257497 -0.934389 -0.246198
-28.4542 99.013 1.44154 0.296471 -0.920084 -0.256028
-27.5266 99.5569 0.556299 0.295072 -0.92083 -0.254961
-26.7401 99.9907 -0.089971 0.29947 -0.918977 -0.256512
-25.9328 100.442 -0.763508 0.295323 -0.92189 -0.250677
-25.1531 100.854 -1.39561 0.293648 -0.924092 -0.244573
-24.4655 101.213 -1.96165 0.290814 -0.929445 -0.227064
-23.6974 101.557 -2.49562 0.247859 -0.94076 -0.23138
-22.9962 101.842 -2.98632 0.196618 -0.955724 -0.218745
-22.2139 102.139 -3.69733 0.155823 -0.968146 -0.19599
-21.188 102.504 -4.46089 0.203139 -0.948908 -0.24147
-20.4636 102.782 -5.00844 0.171698 -0.961349 -0.215238
-19.7339 103.025 -5.51242 0.12401 -0.966108 -0.221188
-18.757 103.249 -6.20582 0.0680794 -0.975609 -0.20869
-18.0161 103.385 -6.74645 0.023291 -0.978203 -0.206341
-17.0163 103.541 -7.39913 0.00891018 -0.977975 -0.208492
-16.1498 103.655 -7.88402 -0.0518472 -0.974129 -0.210839
-14.9688 103.654 -8.60775 -0.123996 -0.974731 -0.185809
-13.649 103.605 -9.37674 -0.146885 -0.973618 -0.174622
-12.588 103.452 -9.87481 -0.23892 -0.944883 -0.223859
-11.473 103.142 -10.2701 -0.36026 -0.893376 -0.268499
-10.215 102.537 -10.4742 -0.526436 -0.840046 -0.131102
-9.39556 101.905 -10.3772 -0.676839 -0.729699 -0.0970958
-8.76574 101.304 -10.0561 -0.560693 -0.82532 0.0654058
-8.03383 100.838 -9.80443 -0.560644 -0.822408 0.0965569
-7.2462 100.334 -9.58172 -0.557022 -0.826868 0.0747916
-6.25991 99.7196 -9.14031 -0.5569 -0.820681 0.127846
-5.2345 99.2536 -8.46845 -0.541653 -0.816548 0.18691
-4.5095 98.8435 -7.8872 -0.580377 -0.785042 0.216264
-3.86242 98.5236 -7.26636 -0.627489 -0.746536 0.216403
-3.31263 98.2609 -6.58685 -0.0445154 -0.830864 0.554692
-2.78977 98.5673 -5.50736 -0.542403 -0.768706 0.338954
-3.52915 99.1359 -5.19957 -0.181928 -0.980547 -0.0736873
-4.54507 99.4522 -5.33926 -0.380039 -0.915823 0.129764
-5.8172 99.9492 -5.45449 -0.381338 -0.910739 0.156658
-6.91128 100.443 -5.45454 -0.360149 -0.923797 0.0952057
-7.93964 100.774 -5.45388 -0.391912 -0.913609 -0.0203084
-9.05419 101.393 -5.4656 -0.471179 -0.881578 -0.000752082
-9.93785 101.862 -5.40331 -0.457863 -0.887323 -0.050087
-11.0149 102.31 -5.15518 -0.369539 -0.923127 -0.10619
-11.9642 102.57 -4.84851 -0.270441 -0.958125 -0.0941217
-12.7698 102.747 -4.4612 -0.231598 -0.968983 -0.0799302
-13.5524 102.923 -3.94687 -0.168254 -0.980488 -0.0476338
-14.5694 102.928 -3.29306 -0.0315627 -0.994363 -0.101219
-15.6795 102.684 -2.33083 0.135534 -0.981666 -0.134027
-16.4957 102.473 -1.45831 0.0458799 -0.992267 -0.115221
-17.4566 102.238 -0.325211 0.117182 -0.982055 -0.140611
-18.0844 102.065 0.386306 0.18925 -0.969883 -0.153337
-18.9093 101.768 1.29295 0.16427 -0.971892 -0.168477
-19.7886 101.466 2.12569 0.197192 -0.963757 -0.177045
-20.515 101.163 2.70057 0.244461 -0.946609 -0.210168
-21.2431 100.853 3.25982 0.242153 -0.945283 -0.218639
-22.2517 100.434 3.885 0.280277 -0.929329 -0.239407
-23.5585 99.8461 4.45251 0.308531 -0.920224 -0.240267
-24.3655 99.5179 4.72615 0.316922 -0.921845 -0.222265
-25.5885 98.9541 5.15523 0.34171 -0.907582 -0.243785
-26.5959 98.4362 5.6813 0.339941 -0.904242 -0.258431
-27.4075 98.0513 6.0058 0.322725 -0.907296 -0.269489
-28.4472 97.5873 6.29713 0.315946 -0.907174 -0.277583
-29.4049 97.1574 6.55776 0.328762 -0.892923 -0.307578
-30.3148 96.6952 6.89562 0.346563 -0.881438 -0.320874
-31.4383 96.126 7.28481 0.328285 -0.887696 -0.322838
-30.5588 97.0649 5.57882 0.331969 -0.889975 -0.312637
-30.0105 97.5398 4.76535 0.305812 -0.905797 -0.293144
-29.4498 97.9824 3.99107 0.292611 -0.910198 -0.292889
-28.7866 98.3931 3.33698 0.285432 -0.916822 -0.27914
-28.1523 98.7831 2.61538 0.288131 -0.925254 -0.24675
-27.5483 99.167 1.9265 0.299239 -0.917557 -0.261746
-26.7645 99.6349 1.16576 0.298107 -0.920122 -0.253984
-25.6725 100.239 0.269106 0.314653 -0.918969 -0.237677
-24.7164 100.764 -0.540829 0.278903 -0.925834 -0.255037
-23.5638 101.321 -1.41877 0.249991 -0.937486 -0.242126
-22.739 101.671 -1.97165 0.199294 -0.957772 -0.207175
-21.9979 101.952 -2.54515 0.18966 -0.963684 -0.1865
-21.0879 102.25 -3.31716 0.177681 -0.969554 -0.168486
-20.3048 102.539 -3.88219 0.21148 -0.954203 -0.211595
-19.1495 102.894 -4.73401 0.09649 -0.975682 -0.196813
-18.3669 103.084 -5.28748 0.0794438 -0.981915 -0.168365
-17.2739 103.261 -6.06548 0.0251594 -0.990152 -0.132752
-16.1631 103.419 -6.76954 -0.0393511 -0.979368 -0.186747
-15.3006 103.43 -7.28534 -0.104287 -0.975173 -0.195352
-14.4728 103.438 -7.8044 -0.12765 -0.980963 -0.14434
-13.5532 103.411 -8.33313 -0.175065 -0.973125 -0.137632
-12.6671 103.257 -8.80359 -0.281911 -0.947816 -0.133426
-11.5106 102.876 -9.30248 -0.380849 -0.915252 -0.131104
-10.3615 102.47 -9.48116 -0.445124 -0.873029 -0.16739
-9.58395 101.948 -9.38195 -0.608194 -0.779924 -0.118801
-8.84599 101.441 -9.07191 -0.572052 -0.817489 0.0668437
-8.05848 100.935 -8.78128 -0.557146 -0.828702 0.0508757
-7.05951 100.34 -8.52414 -0.500035 -0.859661 0.0863432
-6.22851 99.8823 -8.09576 -0.4588 -0.872417 0.168496
-5.39311 99.5588 -7.49643 -0.455931 -0.881809 0.073145
-4.5436 99.3013 -6.31704 -0.580377 -0.785042 0.216264
-5.28455 99.5918 -6.43421 -0.35785 -0.929903 0.0849961
-6.22745 99.9595 -6.39377 -0.381338 -0.910739 0.156658
-7.43815 100.568 -6.40138 -0.454141 -0.890565 -0.0252029
-8.69818 101.232 -6.41595 -0.477885 -0.877583 -0.0356098
-9.71775 101.804 -6.39291 -0.483338 -0.874064 -0.048103
-10.8357 102.337 -6.17199 -0.420427 -0.906988 -0.0169057
-11.7824 102.613 -5.89265 -0.280256 -0.955067 -0.096457
-12.6605 102.838 -5.57277 -0.251912 -0.96272 -0.0940336
-13.4933 102.961 -5.11819 -0.0620826 -0.99756 -0.0149966
-14.6861 103.017 -4.34558 -0.0436988 -0.999025 0.00624776
-15.5145 102.924 -3.80436 0.0147568 -0.973465 -0.228361
-16.2974 102.741 -3.12798 0.0445154 -0.975618 -0.210392
-16.9028 102.592 -2.47794 0.045116 -0.986777 -0.154121
-17.6044 102.453 -1.63827 0.0568406 -0.989512 -0.129865
-18.4205 102.196 -0.693563 0.119375 -0.976332 -0.180348
-19.1854 101.914 0.184123 0.139411 -0.970666 -0.195887
-19.8218 101.687 0.871504 0.164272 -0.971891 -0.16848
-20.8196 101.299 1.73971 0.235386 -0.948484 -0.209237
-21.4971 101.009 2.25977 0.256388 -0.948858 -0.184211
-22.4523 100.616 2.87121 0.269656 -0.936987 -0.222127
-23.5712 100.125 3.42926 0.31714 -0.913887 -0.253442
-24.4995 99.7013 3.76157 0.334277 -0.911092 -0.240719
-25.3232 99.338 4.03622 0.32814 -0.916639 -0.228249
-26.1024 98.9808 4.3793 0.327914 -0.909667 -0.25491
-26.8826 98.5987 4.74906 0.318254 -0.912624 -0.256574
-27.8009 98.1777 5.10437 0.318463 -0.911105 -0.261621
-28.7446 97.77 5.3886 0.304516 -0.909638 -0.282541
-30.1184 97.1559 5.78764 0.331969 -0.889975 -0.312637
-28.0829 98.4356 3.90559 0.287902 -0.916256 -0.278452
-27.3025 98.8554 3.31802 0.316149 -0.912668 -0.25901
-26.9324 99.1885 2.57922 0.310543 -0.91671 -0.251408
-26.2537 99.5807 2.02963 0.334303 -0.912106 -0.237285
-25.5724 99.982 1.41544 0.314112 -0.920844 -0.231043
-24.8985 100.349 0.856567 0.263681 -0.935578 -0.23436
-24.188 100.718 0.231508 0.265354 -0.931376 -0.249249
-23.4353 101.072 -0.329968 0.24788 -0.937216 -0.245317
-22.6481 101.419 -0.863192 0.253422 -0.936026 -0.244199
-21.7 101.817 -1.58383 0.206337 -0.960603 -0.186189
-20.7062 102.159 -2.38149 0.180228 -0.969161 -0.168059
-19.844 102.444 -2.99353 0.160973 -0.962215 -0.213569
-18.8584 102.726 -3.75564 0.103483 -0.972952 -0.206184
-17.6927 103.001 -4.54506 0.0978308 -0.975557 -0.196767
-16.9665 103.14 -5.13631 -0.0107516 -0.992028 -0.125561
-15.73 103.202 -5.90886 -0.0921443 -0.979617 -0.177219
-14.7234 103.231 -6.50312 -0.0505152 -0.982947 -0.176395
-13.5789 103.247 -7.20887 -0.130078 -0.984148 -0.120551
-12.6662 103.067 -7.70274 -0.339994 -0.93103 -0.128923
-11.8163 102.838 -8.17599 -0.355775 -0.922869 -0.145733
-10.847 102.462 -8.39197 -0.389062 -0.911925 -0.130471
-9.54629 101.83 -8.32998 -0.474861 -0.875028 -0.0939856
-8.56442 101.255 -7.7758 -0.47937 -0.874729 -0.0680275
-8.57025 101.224 -7.33978 -0.479371 -0.874727 -0.0680349
-10.1036 102.015 -7.22905 -0.471475 -0.880478 -0.0331501
-11.0863 102.455 -7.05658 -0.407108 -0.913358 -0.00637433
-11.905 102.72 -6.81285 -0.295589 -0.953997 -0.0501647
-12.9732 102.99 -6.4179 -0.223564 -0.970375 -0.0916018
-13.9882 103.105 -5.95964 -0.0449095 -0.985636 -0.162805
-14.8659 103.044 -5.3432 -0.0463119 -0.985407 -0.163785
-16.0157 103.085 -4.59114 -0.0382612 -0.993467 -0.0877023
-17.0468 102.881 -3.75407 0.049887 -0.967653 -0.246395
-17.7592 102.659 -3.07597 0.0588215 -0.973039 -0.2217
-18.445 102.432 -2.04296 0.102911 -0.983564 -0.145066
-19.112 102.23 -1.34936 0.128981 -0.976012 -0.17503
-19.7809 101.994 -0.621272 0.134719 -0.970847 -0.19826
-20.7235 101.595 0.403995 0.209204 -0.954927 -0.21059
-21.3954 101.31 1.00252 0.265867 -0.938166 -0.221721
-22.1608 100.962 1.57621 0.255118 -0.949233 -0.184037
-23.0815 100.616 2.08145 0.282025 -0.940676 -0.186991
-24.1005 100.17 2.60166 0.306889 -0.921361 -0.237706
-24.8673 99.8008 2.91115 0.340413 -0.905546 -0.253189
-25.9595 99.3215 3.25538 0.298242 -0.923357 -0.241616
-26.9338 98.8734 3.70681 0.31766 -0.912922 -0.256254
-27.5321 98.5982 3.94469 0.304481 -0.914965 -0.264314
-23.7655 100.563 1.29275 0.282197 -0.936008 -0.209103
-23.6892 100.657 0.992841 0.256736 -0.934131 -0.247793
-23.7602 100.618 1.06141 0.26368 -0.935578 -0.23436
-22.7944 101.017 0.572195 0.271626 -0.935095 -0.227633
-22.0499 101.309 0.232733 0.261529 -0.938701 -0.224596
-20.9321 101.816 -0.768489 0.197023 -0.954568 -0.223568
-21.5695 101.601 -0.412088 0.229921 -0.945873 -0.226484
-22.5035 101.109 0.541531 0.26658 -0.936897 -0.226115
-7.83281 100.804 -7.39576 -0.482717 -0.874096 -0.0470609
-7.1935 100.476 -7.62148 -0.452615 -0.889182 0.0670493
-7.8224 100.823 -7.70901 -0.531221 -0.844545 -0.0148987
-39.7374 97.2511 -16.511 -0.115225 -0.992598 0.0383735
-39.4783 97.1501 -17.628 -0.0564601 -0.992549 0.106681
-39.306 97.0442 -18.6857 -0.0698684 -0.994574 0.0718415
-39.1658 96.9143 -19.7341 -0.0576676 -0.979099 0.186507
-39.1395 96.6286 -20.6797 -0.0856164 -0.945804 0.313249
-39.2461 96.144 -21.9102 -0.0360724 -0.901038 0.427103
-39.2366 95.4861 -23.0753 -0.0273077 -0.872106 0.488534
-39.3475 95.0059 -23.9429 -0.0304014 -0.872647 0.487405
-39.5332 94.4775 -24.751 0.0700723 -0.819843 0.566873
-39.8448 93.9334 -25.5496 0.0859935 -0.847898 0.523139
-40.4469 93.3707 -26.3627 0.0678156 -0.832307 0.54902
-40.9591 92.8401 -26.8904 0.095163 -0.739959 0.665886
-41.9517 92.0175 -27.6522 0.0797701 -0.717944 0.691515
-43.101 91.7209 -27.8162 0.0920619 -0.712071 0.696046
-43.2443 92.6259 -26.8868 0.0597318 -0.711646 0.699995
-43.2411 93.3257 -26.1756 0.0549034 -0.70998 0.702056
-43.2339 94.0022 -25.4207 0.0212147 -0.748532 0.662759
-43.3668 94.9316 -24.374 -0.116553 -0.795946 0.593988
-43.6958 95.7127 -23.3462 -0.139762 -0.815509 0.561616
-44.0764 96.2778 -22.6203 -0.177364 -0.846632 0.494897
-44.513 96.6793 -21.9004 -0.258717 -0.901543 0.346822
-44.9603 97.0771 -21.2086 -0.279782 -0.905648 0.315838
-45.5333 97.4836 -20.4587 -0.288746 -0.91669 0.276235
-46.1336 97.8041 -19.8462 -0.212727 -0.96343 0.162941
-46.9829 98.074 -18.9036 -0.126829 -0.985231 0.114872
-47.1651 98.2327 -17.7986 -0.132629 -0.984371 0.115505
-47.0035 98.2537 -16.5304 -0.198305 -0.979339 0.0396356
-46.8044 98.1629 -15.0954 -0.166608 -0.985251 -0.0300884
-46.7467 98.0417 -14.1883 -0.178276 -0.976185 -0.123616
-46.6791 97.8986 -13.2288 -0.162333 -0.979114 -0.120413
-46.5698 97.7157 -12.2479 -0.14256 -0.971692 -0.188392
-46.3524 97.443 -10.9556 -0.133856 -0.97605 -0.171488
-46.1341 97.1898 -10.0169 -0.0700574 -0.9658 -0.249583
-45.8578 96.9164 -9.01356 -0.0648452 -0.96755 -0.244217
-45.574 96.6248 -7.94439 -0.0293397 -0.957045 -0.287344
-45.4542 96.2876 -6.85519 -0.00911441 -0.956409 -0.291883
-45.2206 95.9306 -5.67195 0.00188406 -0.949403 -0.312824
-45.0304 95.6496 -4.82631 0.0730065 -0.964289 -0.254591
-44.851 95.4078 -3.85901 0.0861966 -0.950532 -0.295056
-45.2318 95.0678 -2.91364 0.12134 -0.95265 -0.278809
-45.2192 94.7957 -1.95496 0.154762 -0.929392 -0.335082
-44.9852 94.9311 -2.27485 0.148835 -0.954565 -0.258172
-44.5078 95.297 -3.35258 0.243362 -0.931963 -0.250426
-44.1049 95.5353 -4.17954 0.0370431 -0.965567 -0.257504
-43.6186 95.8902 -5.48692 0.0206942 -0.968955 -0.246368
-43.2672 96.1226 -6.31442 0.0187472 -0.963975 -0.265332
-42.9034 96.3674 -7.28332 -0.0157856 -0.970471 -0.2407
-42.5529 96.5544 -8.17229 -0.0350345 -0.983186 -0.179216
-42.1324 96.7095 -9.10538 -0.0399777 -0.981212 -0.188442
-41.7619 96.8411 -9.93618 -0.0580664 -0.982213 -0.178565
-41.3172 97.0115 -11.1713 -0.099915 -0.98569 -0.135767
-40.94 97.1102 -12.2614 -0.0744207 -0.993253 -0.0876454
-40.6388 97.1708 -13.1582 -0.0884159 -0.991901 -0.0911573
-40.3151 97.2461 -14.3152 -0.0848745 -0.993826 -0.0677807
-40.0385 97.2724 -15.4472 -0.0843321 -0.995524 -0.0426593
-39.8534 97.2795 -16.1247 -0.0952282 -0.994801 0.0101961
-40.7071 97.3623 -16.5719 -0.137614 -0.989877 -0.00453853
-40.4949 97.2648 -17.4769 -0.18523 -0.979808 0.0752725
-40.2998 97.1641 -18.4866 -0.184807 -0.98137 0.052521
-40.1189 96.9429 -19.7148 -0.0254476 -0.972462 0.231667
-40.1229 96.6257 -20.7961 -0.0190845 -0.936164 0.351045
-40.2025 96.2666 -21.7324 -0.0360717 -0.901039 0.427101
-40.2281 95.79 -22.5904 -0.0238407 -0.871906 0.489075
-40.339 95.1027 -23.8314 -0.0294918 -0.873389 0.486126
-40.4945 94.5222 -24.6386 0.00334515 -0.809285 0.587406
-40.8189 94.0329 -25.3218 0.00407957 -0.826794 0.561945
-41.3531 93.5864 -25.9594 0.0984255 -0.776308 0.622622
-42.0456 93.0059 -26.5487 0.0868001 -0.74436 0.662026
-42.321 93.403 -26.0859 -0.00985097 -0.746531 0.665278
-42.2712 94.1742 -25.2211 -0.042378 -0.771806 0.632188
-42.3647 94.8092 -24.3728 -0.0674748 -0.810882 0.581306
-42.5995 95.4933 -23.4439 -0.0983735 -0.84356 0.527948
-43.1226 96.14 -22.424 -0.214962 -0.877755 0.42818
-43.6244 96.6607 -21.5546 -0.172241 -0.910991 0.374549
-44.1276 97.0591 -20.7973 -0.159122 -0.926274 0.34014
-44.6295 97.3905 -20.0992 -0.181797 -0.925115 0.333336
-45.3669 97.7363 -19.2616 -0.199799 -0.965757 0.165233
-45.9703 97.9796 -18.4698 -0.179599 -0.977031 0.114694
-46.1901 98.1269 -17.5064 -0.127544 -0.988605 0.0465067
-46.0404 98.0886 -16.4435 -0.12402 -0.991838 -0.0282873
-45.8424 98.0242 -15.1321 -0.148077 -0.982901 -0.0874179
-45.7482 97.8447 -13.9934 -0.132834 -0.984292 -0.115361
-45.6664 97.6787 -12.7998 -0.15397 -0.972877 -0.172637
-45.5389 97.5002 -11.9166 -0.138205 -0.973872 -0.179939
-45.3232 97.2837 -10.7425 -0.0963525 -0.98218 -0.161365
-45.0568 97.0276 -9.66597 -0.0765714 -0.968417 -0.236768
-44.6548 96.6566 -8.24636 -0.0462742 -0.969841 -0.239305
-44.5937 96.4513 -7.52309 -0.0517372 -0.959065 -0.278419
-44.2164 96.2558 -6.79425 -0.0119227 -0.959168 -0.282587
-43.8139 96.5264 -7.86769 -0.0126271 -0.970418 -0.241082
-43.3153 96.7268 -8.92242 -0.0449209 -0.979239 -0.197668
-42.8984 96.8896 -9.82347 -0.0523589 -0.980651 -0.188244
-42.3519 97.0961 -11.0756 -0.07422 -0.977509 -0.197401
-41.9123 97.2109 -12.4207 -0.0890082 -0.991473 -0.0951804
-41.5933 97.2734 -13.3631 -0.0867924 -0.991916 -0.0925778
-41.2827 97.327 -14.3903 -0.104888 -0.992546 -0.0557524
-40.9891 97.3636 -15.5224 -0.13112 -0.989612 -0.0584987
-40.8155 97.3651 -16.2062 -0.149412 -0.988089 -0.0368258
-41.7639 97.5086 -16.284 -0.13987 -0.989193 -0.0192813
-41.5375 97.4511 -17.1658 -0.135322 -0.990351 0.0283013
-41.3316 97.3776 -18.1295 -0.133323 -0.980237 0.119343
-41.1428 97.1576 -19.2032 -0.0818356 -0.979104 0.186167
-41.0464 96.8554 -20.2398 -0.0998756 -0.953779 0.28338
-41.1577 96.5021 -21.3485 -0.120239 -0.940858 0.316746
-41.2206 96.0181 -22.2954 -0.0688819 -0.870552 0.487231
-42.0053 95.936 -22.5567 -0.11041 -0.866934 0.485322
-42.6169 96.6142 -21.3919 -0.102353 -0.882268 0.459485
-43.2732 97.0971 -20.3107 -0.0927644 -0.93776 0.330187
-43.8112 97.4066 -19.5542 -0.12746 -0.962892 0.229585
-44.5498 97.66 -18.7604 -0.192755 -0.968212 0.159344
-45.0785 97.8831 -17.9634 -0.164902 -0.977986 0.127866
-45.1611 97.9784 -17.0211 -0.166336 -0.98532 0.0384183
-45.0336 97.9477 -16.065 -0.132715 -0.990309 -0.0400192
-44.8826 97.847 -14.8447 -0.155958 -0.983002 -0.0968701
-44.808 97.7146 -13.8726 -0.135977 -0.981483 -0.133583
-44.6984 97.5661 -12.8445 -0.122135 -0.982408 -0.1371
-44.4948 97.2799 -11.23 -0.101893 -0.98225 -0.157491
-44.0114 97.1441 -10.6067 -0.0694822 -0.982261 -0.170542
-43.3995 97.1792 -11.0584 -0.0694872 -0.982262 -0.170534
-43.0708 97.275 -11.9819 -0.0946761 -0.990704 -0.097685
-42.6281 97.3662 -13.2881 -0.102067 -0.989244 -0.104687
-42.3139 97.4399 -14.3154 -0.103756 -0.990511 -0.0889427
-41.9573 97.4799 -15.3581 -0.119015 -0.990324 -0.0703489
-41.7999 97.496 -15.9869 -0.139492 -0.988477 -0.0587868
-42.7576 97.632 -16 -0.139492 -0.988477 -0.0587742
-42.6146 97.6166 -16.8991 -0.14254 -0.989473 0.024546
-42.3146 97.4867 -18.2406 -0.104145 -0.991093 0.0829948
-42.0834 97.2123 -19.395 -0.13203 -0.963697 0.229041
-42.7689 97.3379 -19.2094 -0.106674 -0.960689 0.256314
-43.6245 97.6251 -18.2988 -0.0733957 -0.983122 0.167582
-44.1355 97.7961 -17.4267 -0.133992 -0.988752 0.0601991
-44.1203 97.8388 -16.4724 -0.147986 -0.987744 0.0496107
-44.0404 97.7852 -15.5735 -0.148263 -0.986068 -0.0699615
-43.881 97.677 -14.6836 -0.144738 -0.985335 -0.0903693
-43.3884 97.5333 -14.1202 -0.149005 -0.977934 -0.146431
-43.0758 97.5979 -15.0875 -0.136755 -0.985962 -0.0957978
-42.7959 97.6326 -15.927 -0.136906 -0.988482 -0.0644958
-42.76 97.6316 -15.9881 -0.139496 -0.988477 -0.0587782
-43.4511 97.5242 -13.9953 -0.126254 -0.983732 -0.12351
-43.8221 97.5308 -13.6613 -0.146275 -0.980966 -0.126359
-43.8299 97.5427 -13.7336 -0.150229 -0.977936 -0.145151
-41.2914 95.6714 -22.916 -0.0660437 -0.864165 0.498856
-41.2873 95.531 -23.1587 -0.0602583 -0.869367 0.490344
-45.3424 94.353 -0.784024 0.188756 -0.92997 -0.312855
-45.3365 94.1938 -0.27068 0.259836 -0.915169 -0.305218
-45.4302 94.2683 -0.579988 0.222728 -0.930407 -0.291091
