-18.2979 103.457 -3.02135 0.150914 -0.970084 -0.189146
-18.2069 103.564 -3.47911 0.127801 -0.964574 -0.22827
-18.3139 103.523 -3.38665 0.165255 -0.963585 -0.208622
-18.7472 103.374 -2.99968 0.169614 -0.968274 -0.183514
-19.531 103.124 -2.44644 0.180654 -0.965161 -0.189273
-20.4089 102.84 -1.87238 0.190025 -0.962924 -0.191489
-21.196 102.532 -1.21948 0.226341 -0.951126 -0.210068
-22.2868 102.084 -0.479721 0.245476 -0.939629 -0.238408
-22.9421 101.766 0.0791411 0.256852 -0.935768 -0.241508
-23.692 101.382 0.788479 0.257539 -0.93715 -0.235423
-24.3345 100.991 1.46633 0.294901 -0.923293 -0.245839
-24.9316 100.589 2.24084 0.325001 -0.913863 -0.243369
-23.9694 101.04 1.73206 0.294051 -0.926436 -0.235052
-23.6623 101.335 1.00931 0.276647 -0.92865 -0.246019
-22.8372 101.524 1.18369 0.281005 -0.933332 -0.223444
-21.9278 101.945 0.500126 0.253478 -0.942711 -0.216898
-21.1278 102.245 0.130543 0.242048 -0.945512 -0.217424
-20.1469 102.65 -0.702221 0.217675 -0.95759 -0.188783
-19.539 102.995 -1.80658 0.18156 -0.96461 -0.191215
-18.7599 103.26 -2.40771 0.174684 -0.966991 -0.185426
-18.4919 103.358 -2.67863 0.169621 -0.968272 -0.183516
-17.743 103.303 -1.90137 0.127587 -0.971138 -0.201527
-18.3625 103.047 -1.19344 0.132287 -0.962855 -0.235395
-18.9804 102.787 -0.447833 0.122754 -0.975332 -0.183464
-19.629 102.565 0.314968 0.161529 -0.972582 -0.164409
-20.3691 102.254 0.930772 0.246566 -0.950373 -0.189728
-21.2876 101.876 1.51859 0.238602 -0.942088 -0.235669
-22.0968 101.549 2.02178 0.263685 -0.939449 -0.218164
-23.1038 101.108 2.59845 0.288471 -0.931444 -0.221803
-24.3809 100.537 3.13505 0.345614 -0.90252 -0.255758
-25.5195 99.9929 3.45054 0.32282 -0.900306 -0.29191
-26.5821 99.5715 3.65461 0.305841 -0.920504 -0.243175
-27.5297 99.1634 3.95717 0.3208 -0.913967 -0.248497
-28.384 98.8571 4.07915 0.296224 -0.913691 -0.278244
-27.7409 99.2916 3.28445 0.28904 -0.920955 -0.261124
-27.1671 99.6648 2.61035 0.320362 -0.910199 -0.261814
-26.5899 100.057 1.9991 0.332171 -0.911581 -0.241319
-25.9784 100.424 1.37613 0.333889 -0.915824 -0.222967
-25.1545 100.915 0.693917 0.350328 -0.903521 -0.246819
-24.4675 101.326 0.0694916 0.327607 -0.913357 -0.241749
-23.5561 101.829 -0.792095 0.25205 -0.936729 -0.242827
-22.7187 102.233 -1.53184 0.260019 -0.93697 -0.233024
-21.9683 102.561 -2.09798 0.210952 -0.95243 -0.218752
-21.1183 102.872 -2.71877 0.196565 -0.960654 -0.196001
-20.0708 103.267 -3.50913 0.201002 -0.95233 -0.229492
-19.2537 103.536 -4.04736 0.155605 -0.95729 -0.243347
-18.4367 103.804 -4.62198 0.1278 -0.964576 -0.22826
-17.4517 104.015 -5.26322 0.0853708 -0.979566 -0.182102
-16.2497 104.24 -6.06727 0.0645396 -0.988056 -0.139927
-15.2869 104.375 -6.63683 -0.00331263 -0.985856 -0.157083
-14.2256 104.428 -7.31188 -0.0556844 -0.983791 -0.170454
-13.2725 104.388 -7.98455 -0.215614 -0.967808 -0.124552
-12.2653 104.26 -8.54454 -0.212682 -0.963787 -0.160877
-11.2556 103.995 -9.09136 -0.315353 -0.935454 -0.156267
-10.4151 103.765 -9.46282 -0.363871 -0.911736 -0.19062
-9.51423 103.27 -9.55914 -0.579985 -0.806606 -0.111504
-8.58483 102.604 -9.32843 -0.578991 -0.809767 -0.0926968
-7.76994 102.088 -9.09629 -0.526289 -0.849903 -0.0248722
-6.61081 101.367 -8.67182 -0.524087 -0.851655 -0.00402647
-5.50732 100.769 -8.24508 -0.43101 -0.902123 0.0201103
-4.63709 100.394 -7.97291 -0.400774 -0.904051 0.0845248
-4.78857 100.45 -7.61491 -0.310805 -0.950339 0.0160133
-5.56225 100.802 -7.82131 -0.435603 -0.900093 0.00905366
-6.46552 101.274 -8.00126 -0.521537 -0.853194 -0.00653949
-7.56226 101.939 -7.84936 -0.51288 -0.855296 -0.0562172
-8.37536 102.407 -7.79879 -0.49964 -0.857071 -0.125654
-9.53086 103.009 -7.62398 -0.45528 -0.874098 -0.169328
-10.4854 103.433 -7.45148 -0.370734 -0.91593 -0.153715
-11.4525 103.794 -7.08049 -0.327371 -0.936374 -0.120112
-12.2949 103.996 -6.67471 -0.2951 -0.947269 -0.123008
-13.2839 104.133 -6.10936 -0.0895598 -0.981165 -0.171158
-14.3596 104.148 -5.52209 -0.0847969 -0.985161 -0.146593
-15.2383 104.08 -4.92018 -0.00454069 -0.985034 -0.172284
-16.0102 103.943 -4.10167 0.0474612 -0.982658 -0.171298
-16.5731 103.747 -3.36243 0.160598 -0.978013 -0.133035
-17.163 103.525 -2.60297 0.144686 -0.968183 -0.203428
-17.3623 103.446 -2.34897 0.127587 -0.971138 -0.201527
-16.4854 103.371 -1.68273 0.0290139 -0.993222 -0.112552
-17.0358 103.231 -0.970342 0.211345 -0.963409 -0.164852
-17.878 102.877 0.00299829 0.190811 -0.968781 -0.155701
-18.6583 102.612 0.988897 0.161529 -0.972582 -0.164409
-19.4698 102.323 1.69437 0.223299 -0.950625 -0.209522
-20.3955 101.909 2.30751 0.267475 -0.939336 -0.214294
-21.3686 101.521 2.95115 0.239749 -0.946083 -0.217653
-22.1864 101.195 3.42585 0.267709 -0.937219 -0.222492
-23.1482 100.781 3.86028 0.321445 -0.916483 -0.237791
-24.0978 100.345 4.20211 0.326827 -0.917486 -0.226378
-25.161 99.8587 4.48788 0.364053 -0.904854 -0.220692
-26.2631 99.3968 4.75252 0.331601 -0.914079 -0.232837
-27.3912 98.9105 5.03275 0.320041 -0.909204 -0.26631
-28.4099 98.4667 5.35196 0.29824 -0.915113 -0.271333
-29.4127 98.1089 5.42243 0.324193 -0.901579 -0.286012
-30.1332 98.1224 4.65874 0.30219 -0.886532 -0.350346
-29.5926 98.6441 3.58204 0.27237 -0.927939 -0.254447
-28.6608 99.1855 2.61889 0.276812 -0.925837 -0.257297
-27.8988 99.6509 1.81975 0.30173 -0.915832 -0.264974
-27.2627 100.063 1.10438 0.29622 -0.919325 -0.259025
-26.2136 100.689 0.106359 0.307857 -0.91201 -0.270855
-25.3123 101.217 -0.654336 0.315792 -0.915647 -0.24838
-24.6239 101.62 -1.28854 0.300813 -0.925141 -0.231552
-23.6811 102.128 -2.18317 0.260019 -0.93697 -0.233025
-22.5578 102.657 -3.03699 0.222768 -0.946392 -0.229903
-21.7843 102.943 -3.60412 0.182441 -0.954144 -0.237327
-20.8479 103.314 -4.35088 0.190477 -0.951977 -0.239706
-19.9008 103.656 -4.97114 0.181614 -0.95442 -0.236853
-19.1137 103.902 -5.42919 0.139067 -0.962279 -0.233837
-18.321 104.105 -6.00545 0.0557198 -0.980885 -0.185122
-17.5741 104.234 -6.52901 0.0532156 -0.985218 -0.162814
-16.2081 104.473 -7.3287 0.0404363 -0.974001 -0.221571
-15.3197 104.584 -7.94982 -0.0328024 -0.9877 -0.152483
-14.1667 104.694 -8.75872 -0.0153935 -0.977785 -0.209045
-13.294 104.605 -9.25291 -0.212944 -0.963669 -0.161233
-12.3423 104.492 -9.70311 -0.323189 -0.924202 -0.203468
-11.4889 104.306 -10.2134 -0.329701 -0.921386 -0.20564
-10.673 104.086 -10.5648 -0.353704 -0.916444 -0.184978
-9.77267 103.687 -10.7145 -0.618605 -0.763692 -0.184671
-9.05238 103.097 -10.6869 -0.627306 -0.758709 -0.175086
-8.36831 102.56 -10.4464 -0.595105 -0.7993 -0.0834798
-7.65238 102.058 -10.1954 -0.585884 -0.805943 0.00518347
-6.95031 101.473 -9.99333 -0.58105 -0.80703 0.0646718
-5.84254 100.838 -9.58514 -0.518571 -0.849634 0.0956882
-4.83121 100.278 -9.29468 -0.492607 -0.858005 0.145463
-3.80563 99.7047 -8.75826 -0.570922 -0.79508 0.204685
-3.03188 99.2982 -8.13757 -0.571764 -0.779764 0.249769
-2.16323 99.0944 -7.04013 -0.578604 -0.751979 0.315825
-2.40196 99.5833 -6.31292 -0.300322 -0.796996 0.442083
-3.55033 99.9447 -6.41206 -0.661786 -0.716085 0.221949
-4.32383 100.358 -6.44619 -0.284537 -0.956239 0.0681644
-5.18434 100.692 -6.49211 -0.377438 -0.91928 0.104323
-6.21478 101.118 -6.80718 -0.437622 -0.89914 -0.00205275
-7.05949 101.535 -6.78529 -0.433442 -0.900843 -0.0169182
-7.98864 102.032 -6.71022 -0.485035 -0.87229 -0.0620624
-8.82226 102.499 -6.64818 -0.47141 -0.871519 -0.131115
-9.9893 103.112 -6.46538 -0.47582 -0.878391 -0.0450095
-10.8638 103.474 -6.15293 -0.327456 -0.938001 -0.113692
-11.8517 103.749 -5.64785 -0.251057 -0.953727 -0.151763
-12.6704 103.863 -5.19237 -0.188536 -0.981379 -0.0367353
-13.7292 103.966 -4.62317 -0.0838611 -0.992297 -0.0911809
-14.4561 103.968 -4.06619 0.0210285 -0.993508 -0.1118
-15.2105 103.868 -3.19758 0.0115901 -0.996085 -0.0876351
-15.9501 103.61 -2.30573 0.00322735 -0.920001 -0.391904
-16.4108 103.385 -1.7814 0.0161313 -0.956613 -0.252224
-15.6833 103.296 -0.904776 0.130476 -0.971124 -0.155137
-14.8951 103.674 -1.80157 0.240445 -0.95517 -0.172732
-14.1477 103.826 -2.65529 -0.0236225 -0.995476 -0.0920273
-13.4612 103.845 -3.43365 -0.067762 -0.995843 -0.0608758
-12.3347 103.718 -4.1239 -0.27215 -0.959245 -0.0676429
-11.3567 103.496 -4.61272 -0.29865 -0.949601 -0.0891098
-10.37 103.196 -5.16893 -0.344229 -0.934564 -0.087565
-9.59251 102.85 -5.41704 -0.46977 -0.882097 -0.0349299
-8.75356 102.394 -5.46709 -0.498151 -0.866106 -0.0412931
-7.75155 101.827 -5.54764 -0.455086 -0.889048 -0.0330845
-6.80384 101.373 -5.60478 -0.424279 -0.904971 -0.031863
-5.95329 101.094 -5.55649 -0.342765 -0.931825 0.119225
-5.10814 100.761 -5.43762 -0.41211 -0.906735 0.0894205
-4.18315 100.392 -5.41132 -0.286202 -0.955244 0.0748165
-3.1153 100.117 -5.37033 -0.167206 -0.985761 0.0177888
-2.03065 99.8858 -5.23026 -0.368004 -0.855916 0.224815
-1.14019 99.2475 -5.25193 -0.546694 -0.71334 0.438488
-0.67155 98.4966 -5.95582 -0.537225 -0.761401 0.362848
-1.01292 98.2416 -7.04907 -0.552396 -0.761749 0.338523
-1.70653 98.3735 -8.03501 -0.578914 -0.774441 0.254628
-2.31306 98.5576 -8.81911 -0.582629 -0.778042 0.233378
-3.36055 99.1682 -9.61305 -0.599116 -0.780478 0.178574
-4.14402 99.6405 -10.1468 -0.582166 -0.795478 0.166583
-5.02189 100.178 -10.4922 -0.561433 -0.817957 0.116094
-5.89646 100.769 -10.7754 -0.546141 -0.835035 0.0548299
-6.64718 101.211 -11.0487 -0.524959 -0.850341 0.0353093
-7.71444 101.98 -11.3608 -0.649694 -0.751828 0.112485
-8.34413 102.668 -11.6918 -0.746138 -0.663393 0.0564628
-9.10844 103.404 -11.8695 -0.635013 -0.761406 -0.123154
-9.86315 103.982 -11.8002 -0.398997 -0.899371 -0.175891
-10.979 104.412 -11.5784 -0.387366 -0.8988 -0.205198
-11.8263 104.645 -11.2436 -0.31629 -0.927217 -0.200293
-12.8229 104.869 -10.6594 -0.270316 -0.940962 -0.197019
-14.1199 104.933 -10.0668 -0.127193 -0.978 -0.165341
-14.9626 104.878 -9.54196 -0.0188468 -0.976337 -0.215432
-15.954 104.749 -8.88022 -0.0230888 -0.981146 -0.189822
-16.8937 104.652 -8.20429 0.0262838 -0.974132 -0.220528
-17.7785 104.475 -7.698 0.0605456 -0.964374 -0.257102
-18.5211 104.3 -7.20797 0.0473771 -0.983993 -0.171794
-19.6944 104.011 -6.36846 0.170274 -0.963365 -0.207204
-20.595 103.731 -5.8543 0.18267 -0.95881 -0.217518
-21.5268 103.394 -5.19815 0.191226 -0.950739 -0.243983
-22.2712 103.091 -4.60764 0.199254 -0.954638 -0.221277
-22.9758 102.802 -4.05487 0.236779 -0.939839 -0.245936
-23.848 102.4 -3.40951 0.240787 -0.935945 -0.256962
-24.5331 102.059 -2.82828 0.261051 -0.930053 -0.258421
-25.6378 101.437 -1.80568 0.290897 -0.918628 -0.26733
-26.434 100.972 -1.09877 0.306913 -0.912395 -0.270462
-27.2788 100.514 -0.474776 0.295693 -0.915703 -0.27213
-27.8671 100.149 0.110817 0.296054 -0.91705 -0.267099
-28.6804 99.6462 0.991479 0.276241 -0.924767 -0.261646
-29.3418 99.2752 1.59378 0.274094 -0.924 -0.266639
-29.9336 98.8721 2.38667 0.2736 -0.924227 -0.266357
-30.5845 98.5106 2.98468 0.313032 -0.911624 -0.263367
-31.1718 97.9791 3.97509 0.34651 -0.88976 -0.296379
-31.2941 97.617 4.84353 0.330412 -0.886265 -0.324595
-31.4614 97.2454 5.68779 0.334061 -0.888751 -0.313666
-30.7607 97.2575 6.43401 0.337727 -0.891229 -0.302738
-29.5095 97.6881 6.61186 0.350184 -0.886178 -0.303413
-28.4856 98.0797 6.51796 0.310269 -0.907076 -0.28451
-27.4858 98.5209 6.24576 0.322775 -0.908915 -0.263988
-26.6017 98.8924 6.08515 0.348009 -0.901034 -0.258865
-25.6798 99.2896 5.93538 0.341738 -0.905433 -0.251702
-24.7659 99.7392 5.56628 0.363347 -0.895582 -0.256734
-23.6641 100.251 5.23036 0.312626 -0.921444 -0.230663
-22.6663 100.68 4.87295 0.314828 -0.921588 -0.227065
-21.5686 101.148 4.36413 0.272967 -0.941564 -0.197351
-20.4093 101.62 3.66827 0.260167 -0.945249 -0.197024
-19.648 101.929 3.2059 0.266728 -0.94255 -0.201136
-18.7473 102.28 2.6149 0.192478 -0.962454 -0.191186
-18.032 102.536 2.00468 0.183785 -0.966033 -0.181569
-17.3891 102.776 1.27606 0.163903 -0.974361 -0.154134
-16.7854 103.01 0.571637 0.174492 -0.965145 -0.195058
-16.0622 103.226 -0.352434 0.0122422 -0.992928 -0.118088
-15.6966 103.294 -0.887132 0.0122429 -0.992927 -0.118092
