-48.2631 92.7025 22.8937 0.172298 -0.950732 -0.257549
-47.3473 92.9783 22.3524 0.157378 -0.963461 -0.216738
-47.4744 93.1233 21.5818 0.157386 -0.972737 -0.167856
-48.2738 92.945 21.7455 0.176195 -0.964179 -0.198276
-48.3822 92.7286 22.7014 0.196199 -0.957056 -0.211925
-48.3602 92.6839 22.8939 0.187211 -0.947209 -0.260189
-49.1705 92.5347 22.7625 0.216202 -0.949931 -0.225582
-49.0527 92.2734 23.8766 0.194018 -0.946297 -0.258611
-48.6783 91.8963 25.2937 0.20832 -0.92355 -0.321959
-48.054 92.2027 24.7473 0.171089 -0.930193 -0.324761
-47.2704 92.6267 23.8221 0.147088 -0.954212 -0.259824
-46.5781 92.958 22.925 0.114597 -0.966765 -0.227696
-46.1251 93.2004 21.967 0.0953309 -0.982058 -0.162709
-46.4924 93.3062 21.1079 0.098985 -0.982667 -0.156741
-47.4851 93.2944 20.4305 0.141369 -0.980224 -0.13818
-48.3358 93.222 20.0329 0.160424 -0.978772 -0.126436
-48.9919 92.967 20.8816 0.210504 -0.962591 -0.170289
-49.1814 92.5972 22.4891 0.216195 -0.949933 -0.225583
-50.04 92.4359 22.3672 0.218528 -0.951412 -0.216505
-49.9974 92.2105 23.2695 0.256351 -0.93154 -0.257911
-49.9023 91.966 24.2047 0.249378 -0.928304 -0.275795
-49.7185 91.6066 25.4115 0.233363 -0.911768 -0.337966
-49.4736 91.3377 26.2817 0.235089 -0.894511 -0.38024
-49.0435 91.1618 26.9587 0.230103 -0.894198 -0.384007
-48.0889 91.6762 26.2433 0.173958 -0.91725 -0.358316
-47.4419 92.0604 25.5027 0.168086 -0.932738 -0.318673
-46.9303 92.3742 24.8312 0.141487 -0.940784 -0.30752
-46.1585 92.7542 23.9078 0.119017 -0.959165 -0.256118
-45.4352 93.1214 22.7597 0.066091 -0.972709 -0.220024
-45.0554 93.405 21.3043 0.0750829 -0.985449 -0.151946
-45.7504 93.4657 20.4797 0.0848421 -0.989969 -0.112856
-46.5842 93.4628 19.9164 0.0863391 -0.990554 -0.106106
-47.708 93.4047 19.2425 0.128064 -0.986193 -0.104986
-48.7695 93.2783 18.8781 0.172624 -0.979922 -0.0997727
-49.4243 93.0994 19.406 0.180557 -0.977249 -0.111282
-49.8795 92.8396 20.5406 0.207187 -0.961588 -0.180059
-50.0243 92.5786 21.7252 0.227083 -0.951858 -0.205914
-50.042 92.5283 21.9383 0.227084 -0.951856 -0.20592
-50.9397 92.3277 21.8058 0.248147 -0.947245 -0.202816
-50.9046 92.1123 22.7066 0.263448 -0.930939 -0.252879
-50.8601 91.8635 23.6653 0.259692 -0.931173 -0.255852
-50.74 91.5806 24.6738 0.266835 -0.912742 -0.309357
-50.5871 91.2785 25.6236 0.296274 -0.883685 -0.362384
-50.2217 90.8321 26.9479 0.277926 -0.878397 -0.388814
-49.8263 90.4373 28.0261 0.286869 -0.856123 -0.429837
-49.1674 90.3673 28.5503 0.246931 -0.86411 -0.438565
-48.5757 90.8098 27.9889 0.229334 -0.875218 -0.42591
-47.968 91.2295 27.4455 0.202031 -0.905724 -0.371161
-46.9796 91.8107 26.3979 0.149137 -0.918153 -0.367088
-46.3571 92.1977 25.6079 0.108172 -0.930625 -0.348502
-45.7795 92.4866 24.9148 0.0730191 -0.943441 -0.323398
-45.0716 92.8423 23.9479 0.062634 -0.960785 -0.270128
-44.6122 93.0802 23.1891 0.0660917 -0.972709 -0.220024
-44.1603 93.3113 22.1451 0.0579353 -0.979522 -0.19282
-43.9158 93.5103 21.1174 0.0578024 -0.985659 -0.157393
-44.6692 93.6058 20.0884 0.0679896 -0.987591 -0.141567
-45.73 93.5923 19.3849 0.0848428 -0.98997 -0.112847
-46.5003 93.5703 18.8937 0.0870514 -0.994238 -0.0625463
-47.5781 93.5033 18.2749 0.113328 -0.991793 -0.0591932
-48.647 93.397 17.687 0.163083 -0.985572 -0.0366744
-49.4858 93.2322 17.8405 0.174059 -0.983131 -0.0561888
-50.1903 93.0119 18.7651 0.217243 -0.970397 -0.105524
-50.6947 92.7334 20.0017 0.246876 -0.959057 -0.13879
-50.878 92.4911 21.1086 0.250504 -0.947279 -0.199775
-50.9138 92.4003 21.4942 0.250509 -0.947279 -0.199769
-51.7943 92.2148 21.1601 0.283345 -0.940103 -0.189459
-51.6916 92.4207 20.2743 0.286468 -0.940001 -0.185297
-51.4917 92.6055 19.4157 0.262244 -0.954982 -0.138699
-51.003 92.8646 18.2977 0.249645 -0.965932 -0.0682093
-50.4305 93.0789 17.3989 0.230515 -0.970918 -0.0575939
-49.6041 93.2772 16.511 0.168383 -0.985029 -0.0345855
-48.6494 93.4275 16.455 0.141529 -0.989643 -0.0239198
-47.5055 93.5688 17.2565 0.139551 -0.989903 -0.0248647
-46.1927 93.652 18.0236 0.0892927 -0.994203 -0.0597846
-45.3221 93.6838 18.5417 0.0679767 -0.996147 -0.0554164
-44.2101 93.6814 19.2284 0.0207734 -0.997425 -0.0686457
-43.1289 93.6509 20.0177 0.0217561 -0.996249 -0.0824925
-42.8659 93.5529 20.9339 0.00399464 -0.993976 -0.109525
-43.2045 93.3297 22.3374 0.0298864 -0.985326 -0.167005
-43.7241 93.0424 23.4788 0.0256736 -0.971905 -0.233967
-44.2176 92.7863 24.3453 0.0488377 -0.962182 -0.267623
-44.8157 92.453 25.2217 0.070064 -0.941258 -0.330341
-45.6521 92.0158 26.2528 0.0804273 -0.932885 -0.351081
-46.4748 91.5542 27.2023 0.103018 -0.911667 -0.397808
-47.1407 91.1439 27.9043 0.138109 -0.891496 -0.431463
-47.8022 90.7034 28.55 0.190181 -0.868228 -0.458186
-48.3989 90.2424 29.1619 0.189788 -0.864195 -0.465991
-48.9455 89.7241 29.7826 0.259576 -0.817096 -0.514756
-49.4269 89.2046 30.3646 0.262061 -0.818447 -0.51132
-50.1586 89.2186 29.9319 0.278827 -0.821814 -0.496867
-50.4633 89.7086 28.9524 0.327764 -0.815879 -0.476353
-50.7006 90.0849 28.1446 0.307315 -0.836003 -0.453091
-51.0486 90.4322 27.1742 0.325607 -0.849057 -0.416031
-51.3337 90.7363 26.2892 0.340652 -0.86298 -0.372614
-51.5674 91.1125 25.1442 0.339243 -0.873157 -0.350016
-51.693 91.3909 24.2604 0.328325 -0.892067 -0.310515
-51.7791 91.705 23.229 0.335354 -0.893905 -0.297424
-51.8353 91.9124 22.3468 0.316305 -0.917383 -0.24049
-51.8404 92.0773 21.761 0.292706 -0.928096 -0.227029
-52.7041 91.8145 21.6064 0.3492 -0.907493 -0.233318
-52.6316 92.093 20.408 0.319409 -0.930085 -0.181439
-52.4051 92.3616 19.2758 0.296674 -0.946387 -0.127815
-52.094 92.5754 18.4004 0.259875 -0.959975 -0.0990908
-51.2845 92.9009 16.9828 0.230509 -0.970918 -0.0576081
-50.3485 93.1458 15.8681 0.218788 -0.975295 -0.0305097
-49.4418 93.3291 15.1558 0.19079 -0.981619 -0.00482173
-48.283 93.5048 15.4274 0.14153 -0.989643 -0.0239266
-47.12 93.6219 16.3715 0.100926 -0.99484 -0.0103365
-46.1133 93.7044 16.99 0.0865649 -0.995713 -0.0293367
-45.2551 93.7367 17.5009 0.0220501 -0.999604 -0.0174858
-44.1415 93.7381 18.1432 0.00241992 -0.999715 -0.0237674
-43.2665 93.7375 18.6653 0.0186346 -0.998384 -0.0519726
-42.4283 93.7163 19.2181 0.0252396 -0.997875 -0.0600726
-41.8385 93.6236 20.4163 -0.0016331 -0.992106 -0.124116
-42.0226 93.4227 21.7868 -0.0119969 -0.985285 -0.170262
-42.3966 93.2094 22.8628 0.00414047 -0.972864 -0.231342
-42.7983 92.9907 23.7531 -0.00834464 -0.963676 -0.266378
-43.3863 92.6803 24.7679 0.014723 -0.957539 -0.287927
-44.1563 92.2353 25.938 0.0480738 -0.939001 -0.340538
-44.8872 91.8576 26.8034 0.0534073 -0.927305 -0.370476
-45.5851 91.4808 27.6009 0.0983505 -0.902299 -0.419073
-46.196 91.1104 28.2219 0.0936736 -0.892935 -0.440333
-46.9133 90.6362 28.9604 0.11658 -0.874261 -0.471249
-47.5756 90.1381 29.6497 0.156353 -0.859533 -0.486577
-48.3337 89.4477 30.5417 0.223122 -0.826252 -0.51547
-48.9554 88.7761 31.2984 0.266778 -0.817591 -0.510269
-49.5473 88.2519 31.769 0.282208 -0.751211 -0.596602
-50.4382 88.3139 31.2126 0.30112 -0.788847 -0.535767
-50.8984 88.6463 30.4154 0.363122 -0.787137 -0.498132
-51.1693 89.008 29.6226 0.360028 -0.80365 -0.473629
-51.4617 89.4996 28.5439 0.372218 -0.798975 -0.472327
-51.9108 90.0561 27.2671 0.347231 -0.822936 -0.447302
-52.2534 90.4179 26.1429 0.368234 -0.846562 -0.384365
-52.4596 90.7537 25.1518 0.369378 -0.857153 -0.358954
-52.6151 91.2527 23.6404 0.337982 -0.893537 -0.295565
-52.675 91.5558 22.6172 0.32629 -0.910985 -0.251168
-52.7012 91.7079 22.0096 0.347393 -0.90599 -0.241868
-53.5512 91.3833 22.0047 0.362787 -0.895027 -0.258239
-53.5131 91.0582 23.1038 0.373476 -0.882606 -0.28528
-53.4194 90.6474 24.3122 0.405937 -0.846606 -0.344199
-53.3136 90.3555 25.1639 0.406975 -0.847838 -0.339915
-53.1201 90.0084 26.1143 0.447545 -0.782179 -0.433467
-52.837 89.6653 27.0229 0.44558 -0.782769 -0.434432
-52.536 89.3507 27.8731 0.442556 -0.776629 -0.448321
-52.2635 89.0319 28.6857 0.437277 -0.768807 -0.466508
-52.072 88.6485 29.4865 0.429066 -0.770505 -0.471407
-51.8327 88.2465 30.3209 0.421917 -0.756487 -0.499713
-51.3605 87.8144 31.3035 0.381917 -0.74684 -0.544398
-50.5008 87.4335 32.2999 0.320045 -0.72818 -0.606073
-49.6934 87.3314 32.8617 0.297431 -0.753268 -0.586312
-48.8626 87.8323 32.608 0.27681 -0.759434 -0.588758
-48.2114 88.5865 31.903 0.207978 -0.803722 -0.55629
-47.6641 89.18 31.2004 0.17763 -0.823759 -0.538094
-47.0567 89.7377 30.4792 0.153544 -0.846225 -0.510223
-46.4643 90.2263 29.8167 0.0905104 -0.857468 -0.50596
-45.8327 90.6689 29.1398 0.068472 -0.875575 -0.477667
-44.9501 91.2118 28.2053 0.0449532 -0.885239 -0.462937
-44.2047 91.6359 27.4567 0.0471837 -0.906788 -0.415914
-43.5524 91.9627 26.7174 0.046385 -0.92972 -0.365335
-42.8352 92.3833 25.6784 0.00719881 -0.935365 -0.35361
-42.2048 92.7326 24.6225 -0.00336752 -0.95929 -0.282404
-41.6036 93.065 23.4023 -0.0147444 -0.968084 -0.250187
-41.1837 93.3227 22.2887 -0.0280995 -0.980868 -0.190226
-40.8794 93.5148 21.1036 -0.0174055 -0.986091 -0.165259
-40.9067 93.681 19.8021 -0.0329888 -0.991513 -0.125754
-41.6016 93.7682 18.5835 0.00980948 -0.998601 -0.0519669
-42.6165 93.7784 17.9283 -0.000198829 -0.99985 -0.0173458
-43.7762 93.775 17.2554 0.0305713 -0.998932 -0.0346578
-44.8834 93.7574 16.6262 0.0214254 -0.999722 -0.00983549
-46.0252 93.7153 15.9395 0.0513341 -0.998652 0.00763815
-47.2231 93.6179 15.0697 0.0947145 -0.995429 0.0122982
-47.899 93.5426 14.4783 0.12144 -0.992158 0.0295766
-48.6869 93.4286 13.8893 0.132022 -0.990863 0.0250273
-49.8279 93.2551 14.101 0.206246 -0.97549 0.0709034
-50.5731 93.0948 14.7718 0.234727 -0.971727 0.025502
-51.3069 92.9265 15.5288 0.244882 -0.969389 -0.000761142
-51.9412 92.7468 16.2797 0.283914 -0.957813 -0.0445813
-52.6216 92.4868 17.3182 0.288914 -0.955477 -0.0599358
-53.1323 92.225 18.4643 0.316088 -0.94357 -0.0988139
-53.4675 91.9155 19.8203 0.379234 -0.9123 -0.154567
-53.5641 91.6094 21.0927 0.351008 -0.908996 -0.224765
-53.558 91.4557 21.7238 0.3492 -0.907493 -0.233318
-54.3905 90.9768 21.9802 0.442562 -0.854605 -0.271302
-54.3587 90.7093 22.9194 0.471174 -0.82768 -0.299888
-54.2693 90.2493 24.1465 0.500218 -0.799837 -0.331728
-54.1535 89.9411 25.0257 0.497754 -0.791672 -0.354255
-53.8496 89.4216 26.4165 0.449513 -0.781588 -0.432501
-53.5353 89.0182 27.4578 0.451969 -0.770955 -0.448677
-53.2029 88.6778 28.3675 0.446053 -0.769601 -0.45686
-52.911 88.1291 29.5611 0.477072 -0.733953 -0.480882
-52.6431 87.6995 30.4118 0.449485 -0.722797 -0.524907
-52.1833 87.2429 31.4114 0.436194 -0.720589 -0.538899
-51.7133 86.9875 32.1415 0.415108 -0.718835 -0.556783
-51.0814 86.7752 32.8265 0.314121 -0.74839 -0.584145
-49.8345 86.6036 33.7251 0.297436 -0.753262 -0.586316
-48.9671 86.8117 33.8509 0.245962 -0.715454 -0.653933
-48.276 87.4343 33.3973 0.22028 -0.762507 -0.605455
-47.6733 88.142 32.685 0.145629 -0.786216 -0.59949
-46.8992 88.958 31.7089 0.128691 -0.80936 -0.573041
-46.3889 89.4294 31.0994 0.0999934 -0.834018 -0.542415
-45.8426 89.8841 30.4753 0.0922114 -0.845335 -0.526219
-44.9447 90.538 29.4885 0.0721548 -0.885123 -0.459729
-44.0102 91.0961 28.5169 0.046062 -0.890007 -0.453579
-43.3811 91.4415 27.9064 0.0104442 -0.897847 -0.440184
-42.5164 91.9108 26.9093 0.0153707 -0.92953 -0.368332
-41.8809 92.3237 25.8555 -0.00860004 -0.940309 -0.339517
-41.3203 92.6202 24.922 -0.0370025 -0.953885 -0.297653
-40.9142 92.8432 24.1337 -0.0483851 -0.954285 -0.294956
-40.4157 93.1436 22.9463 -0.053225 -0.974358 -0.218307
-40.098 93.3458 21.9573 -0.0703864 -0.97432 -0.213719
-39.9008 93.4808 21.0691 -0.0648784 -0.985988 -0.153683
-39.8607 93.6282 19.9847 -0.0505227 -0.992282 -0.10922
-40.08 93.7184 19.0842 -0.0369704 -0.998375 -0.0431201
-40.5857 93.7812 18.1316 -0.0292507 -0.999014 -0.0237572
-41.3731 93.7866 17.5092 0.00789902 -0.999859 -0.0122773
-42.4868 93.7962 16.9004 0.00101613 -0.999873 -0.0157963
-43.5603 93.7959 16.3231 0.0264187 -0.999547 -0.0141012
-44.8189 93.769 15.5818 0.024872 -0.999625 -0.0108424
-45.6111 93.7337 15.0755 0.0503255 -0.99873 -0.00235517
-46.5144 93.6767 14.4276 0.0935898 -0.995528 0.0128245
-47.3085 93.5891 13.7331 0.0995679 -0.994032 0.0433579
-48.114 93.4598 12.9897 0.131169 -0.989542 0.0574226
-48.9759 93.3081 12.6141 0.165067 -0.98386 0.0653573
-50.0925 93.1242 13.077 0.182752 -0.980606 0.0701108
-51.2448 92.9157 14.132 0.234255 -0.970999 0.04406
-51.8723 92.7669 14.7645 0.256805 -0.966236 0.020969
-52.6958 92.5384 15.7178 0.301843 -0.952912 -0.0259503
-53.3461 92.292 16.6977 0.301689 -0.952573 -0.039861
-53.8131 92.0837 17.653 0.325445 -0.94272 -0.0732464
-54.1767 91.8035 18.7963 0.375406 -0.911424 -0.168451
-54.3492 91.5547 19.7867 0.388358 -0.906335 -0.1658
-54.4342 91.2094 21.2131 0.413114 -0.874515 -0.249774
-54.4284 91.1782 21.316 0.437166 -0.853459 -0.283714
-55.2808 90.7682 21.1981 0.481807 -0.833052 -0.27182
-55.1905 90.4709 22.2695 0.459488 -0.843255 -0.277766
-55.1389 90.0621 23.3217 0.475122 -0.811793 -0.339486
-55.0238 89.6139 24.5698 0.456315 -0.821045 -0.343018
-54.8222 89.1855 25.6533 0.561121 -0.742082 -0.366686
-54.614 88.8667 26.607 0.508378 -0.758285 -0.403021
-54.3194 88.5316 27.4829 0.588431 -0.652633 -0.477304
-54.0219 88.2109 28.2893 0.59038 -0.65766 -0.467845
-53.7282 87.6895 29.3459 0.508654 -0.700798 -0.500154
-53.4419 87.1541 30.3776 0.508794 -0.694583 -0.508588
-53.1627 86.7706 31.1758 0.50829 -0.689629 -0.515771
-52.5454 86.4132 32.2475 0.469544 -0.707236 -0.526916
-51.8589 86.1848 33.0387 0.397391 -0.720783 -0.567937
-51.1381 86.0238 33.7174 0.377849 -0.717712 -0.58491
-50.3804 85.9077 34.2811 0.286056 -0.712075 -0.641187
-49.1017 85.9313 34.7666 0.243679 -0.718571 -0.651365
-48.2846 86.3717 34.5889 0.213277 -0.721552 -0.657841
-47.5034 87.1874 33.9053 0.172368 -0.746813 -0.641654
-46.8801 87.9333 33.1506 0.116271 -0.761823 -0.635303
-46.2261 88.6058 32.3296 0.0363073 -0.794684 -0.605852
-45.5998 89.1684 31.5744 0.0361717 -0.81833 -0.573609
-45.069 89.6301 30.9399 0.0336252 -0.829577 -0.557164
-44.492 90.0807 30.2947 0.0446181 -0.83487 -0.548637
-43.9138 90.5074 29.6766 0.00175126 -0.865806 -0.499755
-43.2791 90.8498 29.0491 0.00110762 -0.878266 -0.47817
-42.6041 91.2022 28.4096 0.00724833 -0.887 -0.4612
-41.6129 91.7781 27.2225 -0.0172104 -0.911772 -0.40936
-40.9529 92.2183 26.0982 -0.0293638 -0.936705 -0.347867
-40.2992 92.5769 24.9581 -0.0325263 -0.951315 -0.306498
-39.7008 92.9127 23.6842 -0.0679825 -0.968977 -0.237387
-39.3626 93.1083 22.7926 -0.0710907 -0.970338 -0.230699
-39.1009 93.2738 21.9308 -0.0760258 -0.975247 -0.207639
-38.8698 93.4557 20.6918 -0.097546 -0.987723 -0.122017
-38.8774 93.5747 19.7135 -0.111863 -0.98837 -0.103012
-39.1639 93.7087 18.6098 -0.0549866 -0.995385 -0.0700539
-39.7057 93.7681 17.6108 -0.0363953 -0.998485 -0.0411081
-40.4258 93.8007 16.9513 -0.000564334 -0.999185 -0.0403623
-41.2406 93.8192 16.4482 0.0133907 -0.999101 -0.0402348
-42.1766 93.805 15.9836 0.0232599 -0.999387 -0.00870169
-43.3244 93.8076 15.3714 0.00293218 -0.999992 -0.0026895
-44.1392 93.7935 14.8903 0.0199583 -0.999553 -0.0185491
-45.3185 93.7596 14.1358 0.0636235 -0.997871 -0.0143697
-46.2701 93.67 13.3901 0.0964978 -0.994624 0.0370185
-47.1107 93.5563 12.6041 0.108756 -0.992914 0.0478976
-47.7494 93.4467 11.971 0.14686 -0.987334 0.0600324
-48.6839 93.2638 11.5358 0.174712 -0.978485 0.109738
-49.7036 93.0884 11.7316 0.198333 -0.974197 0.107718
-50.5265 92.9488 12.1903 0.229742 -0.969902 0.080677
-51.3385 92.8079 12.8789 0.256889 -0.96387 0.067185
-51.974 92.6713 13.5431 0.277304 -0.958358 0.0682169
-52.7885 92.5023 14.3834 0.293584 -0.952598 0.0768568
-53.3743 92.318 15.0921 0.347069 -0.937664 0.018128
-54.0753 92.0804 16.1157 0.340621 -0.940117 0.012508
-54.4979 91.9066 16.8904 0.345176 -0.935001 -0.0784219
-54.9212 91.6316 18.0923 0.367796 -0.920114 -0.127127
-55.1506 91.3076 19.2136 0.409448 -0.893718 -0.18336
-55.2657 91.0809 20.1026 0.410354 -0.895752 -0.170993
-55.2998 90.9022 20.754 0.485626 -0.834576 -0.259787
-56.1367 90.3804 20.8339 0.521586 -0.812699 -0.259227
-56.0722 90.8044 19.5501 0.541448 -0.812845 -0.210728
-55.8175 91.2409 17.9799 0.424799 -0.88886 -0.171677
-55.5322 91.4762 17.0966 0.394063 -0.914051 -0.0916897
-55.002 91.7319 15.8971 0.379417 -0.925224 -0.00192493
-54.3635 91.9557 14.8981 0.338136 -0.940893 0.0196223
-53.7703 92.1525 14.1132 0.342609 -0.939276 0.0188751
-53.1606 92.2973 13.4541 0.320982 -0.942604 0.0920273
-52.5377 92.4431 12.804 0.304932 -0.947076 0.0995077
-51.9218 92.5638 12.1471 0.292847 -0.950941 0.0997562
-50.9805 92.7316 11.3065 0.258657 -0.957777 0.125309
-50.1781 92.8774 10.8612 0.22248 -0.965495 0.135362
-49.2333 93.0482 10.527 0.223547 -0.965532 0.1333
-47.9381 93.2839 10.4403 0.181224 -0.978738 0.0960689
-47.2811 93.4398 11.0534 0.110804 -0.989289 0.092056
-46.6224 93.5591 11.7928 0.0972133 -0.992647 0.0721069
-45.9405 93.6653 12.4564 0.0881608 -0.994481 0.0568807
-44.8845 93.7783 13.3146 0.0346225 -0.998089 0.051186
-43.9065 93.8144 13.9539 -0.00948312 -0.999941 -0.00528517
-43.0984 93.8098 14.4129 0.00217834 -0.999997 0.00138136
-42.3033 93.812 14.8444 0.02326 -0.999387 -0.0087016
-41.1223 93.8618 15.4303 0.0305811 -0.998947 -0.0258298
-40.3023 93.8384 15.8426 -0.0362268 -0.999298 0.00959808
-39.3296 93.8 16.5676 -0.0476891 -0.998325 -0.0220876
-38.5708 93.7317 17.5274 -0.0417248 -0.99832 -0.0395665
-38.1141 93.6135 18.6306 -0.0751915 -0.988554 -0.130793
-37.9116 93.4602 19.7606 -0.112109 -0.988305 -0.103365
-37.8974 93.3559 20.6788 -0.111802 -0.985418 -0.127782
-38.0283 93.2495 21.5708 -0.114983 -0.97997 -0.160464
-38.3287 93.0506 22.6783 -0.080292 -0.973284 -0.215035
-38.6716 92.8548 23.6671 -0.0694803 -0.971373 -0.226817
-39.0661 92.6262 24.5968 -0.0686673 -0.95694 -0.282047
-39.5158 92.3855 25.4369 -0.0526383 -0.946091 -0.319339
-40.0134 92.0984 26.3082 -0.0407139 -0.930388 -0.364165
-40.5292 91.7499 27.2298 -0.0329288 -0.902256 -0.425409
-41.1527 91.2993 28.1442 -0.0642335 -0.880818 -0.469078
-41.9675 90.8446 29.0416 -0.0787835 -0.857352 -0.508666
-42.7074 90.4934 29.7049 0.0017603 -0.865804 -0.499758
-43.5855 89.9319 30.5842 -0.106648 -0.794281 -0.597368
-44.1504 89.46 31.2374 0.0384522 -0.81787 -0.574066
-44.7415 88.937 31.957 0.00885782 -0.792068 -0.607933
-45.2824 88.4325 32.6071 0.0295897 -0.799511 -0.599922
-45.8703 87.8576 33.3078 0.0412691 -0.76935 -0.637493
-46.4693 87.1981 34.0522 0.0686451 -0.744929 -0.663327
-46.9856 86.538 34.713 0.108257 -0.72301 -0.681095
-47.6839 85.8405 35.2509 0.146605 -0.669028 -0.728635
-48.4758 85.3641 35.573 0.169924 -0.69254 -0.698521
-49.5328 85.1363 35.4524 0.232781 -0.687633 -0.687659
-50.5008 85.1764 34.9945 0.342608 -0.654497 -0.673983
-51.3889 85.2787 34.3732 0.43104 -0.647268 -0.628642
-52.4113 85.4761 33.4459 0.44762 -0.65816 -0.605154
-53.2201 85.7236 32.5053 0.488076 -0.664692 -0.565656
-53.8195 86.063 31.4731 0.502389 -0.694034 -0.515606
-54.2199 86.5557 30.3625 0.583415 -0.650444 -0.486364
-54.4858 87.1634 29.1899 0.598834 -0.651867 -0.465151
-54.7887 87.6431 28.1249 0.587296 -0.655798 -0.474355
-55.1712 88.0671 27.0679 0.608434 -0.653867 -0.448359
-55.4062 88.3774 26.2311 0.644869 -0.642578 -0.413246
-55.7025 88.843 25.0087 0.621594 -0.68141 -0.386395
-55.8757 89.274 23.9657 0.622756 -0.682328 -0.382889
-56.001 89.7335 22.8405 0.506636 -0.801682 -0.317215
-56.0663 90.0567 21.89 0.508492 -0.811898 -0.286805
-56.1169 90.2716 21.192 0.516571 -0.808968 -0.280374
-56.931 89.8153 20.9756 0.583045 -0.757501 -0.283532
-56.8435 89.4736 21.9937 0.642612 -0.697637 -0.315771
-56.7002 88.9736 23.2512 0.598116 -0.70019 -0.388964
-56.5323 88.4334 24.3958 0.609963 -0.68516 -0.397633
-56.29 87.9988 25.4099 0.649988 -0.626078 -0.430747
-56.017 87.6219 26.4081 0.668863 -0.61445 -0.417917
-55.7454 87.3142 27.2592 0.664677 -0.588766 -0.459955
-55.3556 86.8523 28.3999 0.680107 -0.591021 -0.43144
-55.1131 86.3007 29.5668 0.605138 -0.646698 -0.464285
-54.9337 85.7909 30.5052 0.645977 -0.607017 -0.462604
-54.5567 85.3903 31.5243 0.579069 -0.652416 -0.488876
-53.9839 85.0633 32.5796 0.555689 -0.625576 -0.546408
-53.3499 84.8525 33.4003 0.528424 -0.627918 -0.571388
-52.4509 84.6462 34.2913 0.446581 -0.645087 -0.619979
-51.7498 84.5294 34.8898 0.427958 -0.643586 -0.634547
-50.6145 84.4257 35.675 0.348856 -0.660852 -0.664511
-49.655 84.3746 36.159 0.227518 -0.663832 -0.711895
-48.6238 84.5083 36.3469 0.177972 -0.651166 -0.736702
-47.6928 84.8826 36.1581 0.110449 -0.683395 -0.721645
-46.7666 85.5025 35.6922 0.0401776 -0.655872 -0.753802
-46.1115 86.2421 35.048 0.0052878 -0.685146 -0.728387
-45.3913 87.1646 34.0558 -0.0556066 -0.739153 -0.671238
-44.7313 87.8492 33.2807 -0.0906794 -0.725084 -0.682665
-44.2157 88.33 32.6601 -0.0418651 -0.775482 -0.629075
-43.4557 89.0521 31.7526 -0.115414 -0.759932 -0.63907
-42.7757 89.5469 30.9515 -0.106653 -0.794278 -0.59737
-42.181 89.9675 30.3359 -0.083785 -0.780672 -0.619299
-41.5212 90.33 29.7851 -0.0875763 -0.783049 -0.615763
-40.6976 90.7692 28.9885 -0.0819435 -0.849609 -0.520746
-40.1433 91.1464 28.2938 -0.0469694 -0.852107 -0.520261
-39.4753 91.7072 27.233 -0.0442944 -0.871889 -0.487537
-38.916 92.0735 26.2216 -0.0541813 -0.937077 -0.344511
-38.3971 92.3189 25.3686 -0.100965 -0.939712 -0.326722
-37.9287 92.5852 24.4064 -0.0888412 -0.953611 -0.287633
-37.5167 92.8501 23.2007 -0.108934 -0.965093 -0.238177
-37.2475 93.0018 22.3516 -0.149349 -0.967967 -0.201827
-36.995 93.1636 21.2882 -0.116445 -0.983815 -0.136192
-36.9325 93.3233 19.9402 -0.12797 -0.985261 -0.113511
-37.0658 93.4769 18.8281 -0.111727 -0.982681 -0.147836
-37.3146 93.65 17.859 -0.116073 -0.987835 -0.0878828
-37.8162 93.7104 16.8804 -0.0643563 -0.997648 -0.0235924
-38.3694 93.7449 16.1059 -0.0555781 -0.998454 0.000101671
-39.0658 93.7811 15.468 -0.0494166 -0.998732 0.00966061
-40.0573 93.8202 14.8719 -0.0293992 -0.999191 0.02296
-40.9232 93.8249 14.4629 -0.0225741 -0.999085 0.0363175
-41.8375 93.8073 14.0189 -0.00373364 -0.999986 0.00371146
-42.8341 93.8091 13.4897 -0.00078069 -0.999991 0.00254761
-43.6391 93.7912 13.0155 0.00816215 -0.999014 0.043642
-44.6215 93.7433 12.3695 0.0316262 -0.998629 0.0417052
-45.388 93.6708 11.6956 0.0918398 -0.993642 0.0645532
-46.0346 93.5583 11.0045 0.103977 -0.992903 0.0541757
-46.7322 93.4406 10.2239 0.146694 -0.987312 0.0542327
-47.4597 93.2701 9.42268 0.173747 -0.983441 0.0515297
-48.5911 93.0246 9.30359 0.218517 -0.966787 0.132562
-49.4747 92.8626 9.57474 0.221378 -0.966158 0.132361
-50.4095 92.6888 9.8952 0.246057 -0.95769 0.146713
-51.4062 92.4838 10.4184 0.278048 -0.947466 0.158107
-52.1492 92.3567 11.0569 0.302962 -0.943463 0.134508
-53.1315 92.1698 12.1039 0.327993 -0.935984 0.124652
-53.7936 92.0168 12.7885 0.329727 -0.939579 0.0915772
-54.5179 91.8353 13.6133 0.350189 -0.933687 0.0710429
-55.0862 91.6501 14.375 0.395101 -0.917047 0.0540413
-55.6645 91.4447 15.2423 0.403644 -0.913658 0.0479582
-56.0867 91.2645 16.0474 0.458822 -0.888061 -0.0288062
-56.4595 91.0158 17.0675 0.469152 -0.881415 -0.0548162
-56.7251 90.7349 18.0087 0.598473 -0.780876 -0.173534
-56.8408 90.3811 19.0276 0.569619 -0.798664 -0.193185
-56.9595 90.0179 20.3038 0.541447 -0.812846 -0.210728
-56.9646 89.9642 20.473 0.521578 -0.812703 -0.259231
-57.6816 89.4181 20.1844 0.671026 -0.693521 -0.262209
-57.6591 89.6954 19.2653 0.648824 -0.737313 -0.188142
-57.4997 90.1117 18.0013 0.618045 -0.773878 -0.138323
-57.2016 90.5541 16.6912 0.610879 -0.784833 -0.104225
-56.7851 90.9007 15.5048 0.476721 -0.878821 0.0202804
-56.1933 91.1533 14.4097 0.436696 -0.897854 0.0561763
-55.4377 91.4031 13.3667 0.433383 -0.890264 0.140032
-54.5783 91.6233 12.344 0.394401 -0.904476 0.162394
-53.9084 91.808 11.6198 0.369209 -0.917584 0.143683
-53.2338 91.9542 10.8863 0.352655 -0.928015 0.120098
-52.4071 92.0964 10.02 0.323619 -0.922578 0.210049
-51.5299 92.2668 9.32725 0.313038 -0.934635 0.164371
-50.6823 92.4498 8.9459 0.267496 -0.94981 0.162196
-49.7123 92.67 8.62925 0.251305 -0.954356 0.160377
-48.3674 92.924 8.19285 0.226367 -0.962697 0.147168
-47.0455 93.2305 8.38475 0.212518 -0.972004 0.100224
-46.3271 93.4303 9.28256 0.110103 -0.991859 0.063684
-45.4694 93.5936 10.2406 0.0769197 -0.994267 0.0659229
-44.7236 93.6765 11.0257 0.0351089 -0.997575 0.0593198
-43.6524 93.7467 11.8781 0.0251746 -0.998597 0.0465902
-42.4586 93.7977 12.6182 0.00525184 -0.999692 0.0200713
-41.5481 93.7984 13.1098 -0.0093529 -0.999844 0.0144142
-40.5504 93.7942 13.5903 -0.0110337 -0.999751 0.0194176
-39.1167 93.8028 14.2546 -0.0125588 -0.999415 -0.00808
-38.1159 93.7455 14.9654 -0.0549106 -0.997347 -0.0443023
-37.3304 93.6838 15.8361 -0.0622123 -0.998036 0.00738595
-36.617 93.6004 17.0492 -0.0889987 -0.994725 -0.0509944
-36.2294 93.4752 18.1461 -0.13183 -0.980643 -0.144314
-35.9819 93.2035 19.738 -0.15276 -0.979709 -0.128315
-35.9597 93.0897 20.6652 -0.18848 -0.970917 -0.147634
-36.1581 92.9078 21.9351 -0.16227 -0.969267 -0.184903
-36.4946 92.7387 23.0392 -0.175026 -0.961509 -0.211818
-36.8234 92.5293 24.0932 -0.190871 -0.938621 -0.28733
-37.2861 92.2185 25.3152 -0.159977 -0.931606 -0.326369
-37.7252 91.9994 26.081 -0.105329 -0.929779 -0.351616
-38.3615 91.6256 27.1083 -0.0796971 -0.906273 -0.415111
-38.8984 91.2203 28.0201 -0.0635235 -0.868694 -0.491259
-39.451 90.7338 28.8745 -0.0393249 -0.83611 -0.547151
-40.1954 90.2041 29.7057 -0.112763 -0.757887 -0.642567
-40.8906 89.828 30.3031 -0.157159 -0.771569 -0.616427
-41.5936 89.432 30.8974 -0.159003 -0.698008 -0.698214
-42.4227 88.8335 31.7885 -0.220844 -0.744411 -0.630143
-43.0406 88.3155 32.5375 -0.109775 -0.716772 -0.686853
-43.6006 87.7546 33.1677 -0.125274 -0.68325 -0.719358
-44.1839 87.1941 33.8644 -0.166612 -0.686602 -0.707458
-44.6721 86.6721 34.4804 -0.184172 -0.679039 -0.710625
-45.1432 86.0616 35.1887 -0.138672 -0.670701 -0.726795
-45.6026 85.4481 35.7853 -0.0890976 -0.639806 -0.762983
-46.322 84.7416 36.3581 0.0167524 -0.664765 -0.745979
-47.2355 84.272 36.8063 0.054125 -0.685763 -0.723614
-48.5131 83.7607 37.0427 0.180194 -0.665326 -0.723137
-49.581 83.567 36.8948 0.217354 -0.646217 -0.731547
-50.6805 83.6553 36.3914 0.30512 -0.61252 -0.729192
-51.7807 83.7458 35.6141 0.467767 -0.627549 -0.622395
-52.6386 83.8312 34.9395 0.431405 -0.613613 -0.661338
-53.4931 84.0115 34.1882 0.489753 -0.633203 -0.597543
-54.0977 84.1618 33.4663 0.544826 -0.611457 -0.573395
-54.7198 84.367 32.5658 0.608822 -0.59741 -0.521955
-55.2468 84.684 31.5665 0.64035 -0.603019 -0.47479
-55.6571 85.135 30.3558 0.645977 -0.607017 -0.462604
-55.8107 85.6502 29.3922 0.72568 -0.559365 -0.399885
-56.0329 86.1797 28.2536 0.680104 -0.591024 -0.431439
-56.3183 86.522 27.4314 0.713187 -0.542178 -0.440098
-56.5621 86.8472 26.5324 0.769816 -0.50687 -0.387899
-56.8739 87.2432 25.4605 0.752558 -0.493456 -0.43607
-57.1004 87.6305 24.5414 0.709852 -0.562029 -0.423717
-57.2995 88.0802 23.6698 0.686655 -0.589027 -0.424094
-57.4941 88.6378 22.3965 0.683884 -0.632067 -0.364408
-57.6138 89.0461 21.3419 0.656235 -0.701242 -0.277666
-57.6459 89.1978 20.8583 0.671027 -0.69352 -0.262207
-58.2983 88.4708 20.9468 0.719807 -0.643157 -0.261204
-58.183 88.0691 22.0128 0.718066 -0.603352 -0.346911
-57.9892 87.5436 23.1887 0.761323 -0.496796 -0.416147
-57.7518 87.0602 24.1504 0.748014 -0.510937 -0.423064
-57.4683 86.5333 25.2737 0.726927 -0.521979 -0.446224
-57.1522 86.165 26.2866 0.806985 -0.482343 -0.330756
-56.893 85.7982 27.2746 0.770228 -0.479742 -0.418666
-56.5876 85.275 28.4943 0.804615 -0.489739 -0.335783
-56.4173 84.799 29.5025 0.734179 -0.561877 -0.381046
-56.2827 84.3841 30.3605 0.737789 -0.554376 -0.38514
-56.0681 84.0862 31.1975 0.69311 -0.584395 -0.41743
-55.7343 83.8068 31.9873 0.631791 -0.59147 -0.501003
-55.019 83.4861 33.201 0.606834 -0.584435 -0.538691
-54.2122 83.3002 34.2495 0.561039 -0.594598 -0.575918
-53.6149 83.1916 34.9226 0.418442 -0.637071 -0.647339
-52.8034 83.0486 35.613 0.438172 -0.671817 -0.597216
-51.9227 83.0072 36.2956 0.429881 -0.67344 -0.601399
-51.1521 82.9405 36.8234 0.271504 -0.669436 -0.691382
-50.2426 82.7609 37.3653 0.281594 -0.664049 -0.692636
-49.1152 82.8343 37.6933 0.214542 -0.66812 -0.712451
-48.1423 83.1282 37.7171 0.180201 -0.665324 -0.723137
-47.1392 83.4729 37.4982 0.0344654 -0.643448 -0.764714
-46.0151 83.8501 37.0834 -0.0642121 -0.608292 -0.790938
-45.3146 84.3908 36.5978 -0.0834238 -0.613594 -0.785138
-44.6287 85.1802 35.8926 -0.178864 -0.609954 -0.76622
-44.1992 85.7871 35.2079 -0.18442 -0.683819 -0.705961
-43.4124 86.6874 34.1542 -0.172686 -0.673785 -0.718466
-42.7025 87.412 33.2597 -0.269456 -0.585888 -0.764283
-41.9991 88.0992 32.4583 -0.211259 -0.625648 -0.750955
-41.3421 88.6135 31.6858 -0.202537 -0.741313 -0.63987
-40.7263 89.0262 31.1139 -0.134948 -0.696222 -0.705027
-39.888 89.4976 30.4791 -0.146058 -0.717144 -0.679332
-39.1797 89.9134 29.8516 -0.147914 -0.762204 -0.629679
-38.5915 90.3821 29.1041 -0.166712 -0.773953 -0.61088
-38.1666 90.8042 28.4323 -0.168569 -0.784689 -0.59648
-37.6925 91.2166 27.7278 -0.199718 -0.814649 -0.544481
-37.0126 91.6395 26.6814 -0.187256 -0.907345 -0.376377
-36.5223 91.8986 25.8113 -0.187722 -0.907748 -0.375172
-36.14 92.1414 24.8969 -0.191679 -0.936996 -0.292057
-35.7665 92.3957 23.8192 -0.194535 -0.939682 -0.281344
-35.4536 92.5827 22.8872 -0.17606 -0.961799 -0.209616
-35.1418 92.7441 21.8114 -0.238012 -0.953137 -0.186756
-34.985 92.9194 20.526 -0.193656 -0.969953 -0.147271
-35.098 93.1649 19.0936 -0.158726 -0.976928 -0.142891
-35.2488 93.3112 18.0755 -0.208602 -0.972597 -0.101575
-35.4755 93.4382 17.2155 -0.181159 -0.980801 -0.072186
-36.0415 93.6002 16.0481 -0.0779564 -0.996231 -0.0220895
-36.6931 93.6483 14.9864 -0.054022 -0.99747 -0.0429465
-37.4488 93.7429 14.196 -0.0549102 -0.997347 -0.0443135
-38.2846 93.7915 13.591 -0.0284421 -0.999183 0.0138887
-39.2794 93.7793 13.1055 -1.91446e-05 -0.999578 0.0290464
-40.664 93.772 12.4948 -0.020216 -0.999203 0.0344237
-41.6097 93.7747 12.0175 -0.0157861 -0.998409 0.0512559
-42.5708 93.7424 11.4421 -0.00555646 -0.997524 0.070104
-43.6986 93.6835 10.6538 0.0266622 -0.998144 0.0547427
-44.4405 93.6218 9.97975 0.0433006 -0.997074 0.0629896
-45.2216 93.5348 9.12739 0.0420921 -0.996924 0.066084
-46.0699 93.3898 8.09595 0.149221 -0.984327 0.08136
-46.5605 93.2299 7.26727 0.200941 -0.9784 0.0485366
-47.1888 93.037 6.50765 0.243119 -0.967312 0.0695449
-48.2272 92.8312 7.10008 0.216236 -0.970328 0.108189
-49.3485 92.5661 7.49453 0.249278 -0.958981 0.13004
-50.4765 92.3281 7.87319 0.268782 -0.950145 0.158051
-51.5108 92.0512 8.23243 0.366157 -0.905292 0.214934
-52.3409 91.8527 8.75219 0.352721 -0.913812 0.199443
-53.1826 91.6924 9.54241 0.383712 -0.901334 0.200901
-53.9568 91.5555 10.413 0.384986 -0.901322 0.198505
-54.7099 91.3706 11.1996 0.421747 -0.88992 0.173699
-55.3987 91.1912 11.9532 0.423611 -0.889096 0.173375
-55.9855 91.0213 12.6656 0.440261 -0.88667 0.141373
-56.7818 90.7764 13.7281 0.458036 -0.880979 0.118655
-57.2733 90.5519 14.5856 0.594258 -0.801514 0.0589999
-57.6568 90.2982 15.4791 0.611602 -0.791158 -0.0035212
-57.9953 90.0324 16.4263 0.591675 -0.80099 -0.0643527
-58.1709 89.7061 17.3316 0.606919 -0.777228 -0.166031
-58.3787 89.2293 18.6769 0.701019 -0.674966 -0.21106
-58.3772 88.8071 19.9013 0.73771 -0.634969 -0.225725
-58.3624 88.7192 20.1584 0.719807 -0.643155 -0.261205
-58.9824 87.9528 20.2282 0.817654 -0.517144 -0.245307
-59.0101 88.3149 19.0089 0.758901 -0.617147 -0.206922
-58.9837 88.7686 17.8529 0.765987 -0.604486 -0.218771
-58.8304 89.1566 16.9201 0.754262 -0.645955 -0.117609
-58.4737 89.6202 15.5403 0.658179 -0.752796 -0.0080994
-57.9934 89.9705 14.2473 0.618385 -0.780353 0.0900114
-57.4924 90.2157 13.3155 0.571634 -0.808897 0.13741
-56.8987 90.4915 12.4623 0.582541 -0.802406 0.129582
-56.0663 90.7651 11.4075 0.425467 -0.888274 0.173051
-55.0071 91.0251 10.2644 0.441027 -0.86587 0.236146
-54.3203 91.1963 9.59297 0.448451 -0.868193 0.212367
-53.6307 91.3064 8.74123 0.395167 -0.891914 0.219845
-52.969 91.4252 8.08657 0.389801 -0.890727 0.233796
-51.892 91.6954 7.35642 0.374425 -0.904432 0.204471
-50.5721 92.0982 6.92361 0.32183 -0.934292 0.153373
-49.4411 92.417 6.49521 0.320715 -0.934684 0.153325
-48.4916 92.6642 6.13109 0.240476 -0.964864 0.102773
-47.5118 92.9376 5.4746 0.277603 -0.960043 -0.0354166
-46.4506 93.2758 5.04797 0.273253 -0.960189 -0.0529607
-45.9594 93.3102 6.27585 0.160729 -0.985193 -0.0572153
-45.5101 93.4029 7.21428 0.11586 -0.991591 0.0576574
-44.8321 93.4832 8.12189 0.0526193 -0.995913 0.0725471
-44.2277 93.557 8.83002 0.0420919 -0.996924 0.0660838
-43.5225 93.624 9.55699 0.021404 -0.998106 0.0576792
-42.7797 93.6764 10.1797 0.00387824 -0.998471 0.0517878
-41.8991 93.6899 10.7482 -0.00969683 -0.998206 0.0575844
-40.8764 93.7216 11.3622 -0.0113523 -0.997615 0.0680895
-39.9725 93.7333 11.7793 -0.00812018 -0.999291 0.0347083
-38.8306 93.7549 12.2644 0.00197 -0.999479 0.0320247
-37.957 93.7599 12.6785 -0.0100237 -0.99947 0.0309601
-37.144 93.7457 13.1181 -0.00128151 -0.99999 -0.00428839
-36.2268 93.6815 13.9342 -0.0612532 -0.996015 -0.0648226
-35.6655 93.6086 14.75 -0.0841596 -0.995229 -0.0299713
-34.9354 93.4403 15.9688 -0.167983 -0.982308 -0.0827841
-34.5219 93.2813 16.9114 -0.203049 -0.971437 -0.122802
-34.3049 93.117 17.8719 -0.216976 -0.971322 -0.0965892
-34.1841 92.9886 18.8196 -0.284407 -0.953609 -0.0987072
-34.0755 92.831 19.8009 -0.284867 -0.946537 -0.151073
-34.0606 92.6207 21.0082 -0.280273 -0.945314 -0.166818
-34.1947 92.4865 21.9193 -0.238004 -0.953139 -0.186754
-34.5264 92.3113 23.038 -0.308507 -0.913183 -0.266181
-34.8769 92.0892 24.031 -0.271949 -0.908202 -0.31814
-35.3616 91.7999 25.3711 -0.224888 -0.915836 -0.331709
-35.8053 91.5033 26.4088 -0.206392 -0.907472 -0.365309
-36.4174 91.1661 27.3726 -0.197837 -0.841145 -0.499308
-37.0033 90.7625 28.1544 -0.188186 -0.81451 -0.548643
-37.7084 90.0637 29.2451 -0.180479 -0.760613 -0.623615
-38.467 89.3843 30.2073 -0.237284 -0.648648 -0.723127
-39.1574 88.9746 30.8098 -0.20213 -0.666268 -0.716627
-40.037 88.506 31.4635 -0.184147 -0.627079 -0.753504
-40.6731 88.0451 31.9953 -0.32126 -0.617498 -0.717976
-41.3651 87.4739 32.7866 -0.271404 -0.613559 -0.739939
-41.9879 86.8306 33.477 -0.205508 -0.599398 -0.773621
-42.5338 86.2504 34.1853 -0.254083 -0.695926 -0.671662
-43.1128 85.6466 34.9489 -0.26788 -0.602847 -0.751433
-43.6863 84.8267 35.834 -0.274044 -0.604115 -0.748254
-44.3127 84.0456 36.6547 -0.31218 -0.555119 -0.770811
-45.1965 83.2634 37.4365 -0.0904901 -0.595185 -0.798477
-46.0354 82.9035 37.8562 -0.0944897 -0.648752 -0.755111
-46.9827 82.7055 38.1481 -0.0799775 -0.658912 -0.747546
-47.9449 82.4178 38.4101 0.0187344 -0.68853 -0.724966
-49.0242 82.0905 38.4137 0.181776 -0.694173 -0.694788
-50.1674 81.991 38.1751 0.216635 -0.783898 -0.581871
-51.1809 82.1393 37.5959 0.261415 -0.674832 -0.690119
-52.1014 82.2791 36.9804 0.429207 -0.672078 -0.603401
-52.9096 82.3005 36.3676 0.456531 -0.682566 -0.568747
-53.797 82.3911 35.6119 0.493022 -0.643718 -0.583074
-54.6433 82.5362 34.6489 0.534368 -0.626855 -0.567014
-55.2426 82.6296 33.8791 0.609788 -0.601659 -0.515912
-55.7698 82.7727 33.1047 0.651297 -0.56671 -0.50463
-56.3442 83.034 32.0728 0.697889 -0.545017 -0.459297
-56.7226 83.3615 30.9555 0.748975 -0.527444 -0.401048
-56.9498 83.8348 29.781 0.799787 -0.502474 -0.328422
-57.0648 84.2451 28.8749 0.799195 -0.501852 -0.330805
-57.2201 84.6843 27.8402 0.794662 -0.46886 -0.382103
-57.5162 85.1922 26.7967 0.765882 -0.46207 -0.447121
-57.7953 85.5914 25.6152 0.802399 -0.382915 -0.452278
-58.1202 85.909 24.7069 0.842106 -0.335525 -0.422221
-58.3366 86.396 23.8569 0.841895 -0.354169 -0.407158
-58.6181 86.942 22.6774 0.837777 -0.419495 -0.349506
-58.797 87.4219 21.6758 0.834436 -0.449078 -0.316029
-58.9502 87.8809 20.4345 0.827645 -0.481251 -0.288586
-59.4811 87.1242 20.1989 0.822579 -0.484526 -0.297655
-59.596 87.4269 19.1758 0.798533 -0.55892 -0.223503
-59.6257 87.8636 17.9803 0.798535 -0.558612 -0.224264
-59.5431 88.2601 17.0996 0.835353 -0.541861 -0.0652356
-59.2973 88.688 15.9693 0.80115 -0.596246 -0.0514646
-58.9762 89.1901 14.6492 0.811755 -0.581709 0.0106752
-58.4806 89.4682 13.5393 0.646686 -0.755184 0.107217
-57.9975 89.7059 12.6374 0.6239 -0.76573 0.156225
-57.2034 90.0665 11.5645 0.607933 -0.75789 0.236687
-56.4207 90.2945 10.5976 0.504493 -0.825045 0.251119
-55.6576 90.5355 9.68417 0.478139 -0.848221 0.223745
-54.907 90.7429 8.97808 0.448451 -0.868191 0.212378
-54.312 90.8448 8.22739 0.459111 -0.839617 0.290268
-53.6237 90.9732 7.51701 0.428056 -0.860676 0.272739
-52.8936 91.1321 6.88252 0.404426 -0.884188 0.233778
-52.0647 91.3836 6.43044 0.394416 -0.892603 0.217415
-51.1273 91.7494 6.15149 0.379861 -0.903511 0.196004
-49.7168 92.1704 5.56835 0.337037 -0.925303 0.171942
-48.698 92.5633 5.09475 0.366407 -0.930455 -0.000279157
-47.6706 92.9208 4.45889 0.33645 -0.940799 -0.0256877
-46.8265 93.2553 3.76353 0.348403 -0.929179 -0.107002
-46.0545 93.5492 3.31328 0.256634 -0.951505 -0.169378
-45.7107 93.477 4.18831 0.229262 -0.964345 -0.112116
-45.4117 93.462 5.07133 0.174415 -0.981813 -0.0705847
-45.0014 93.4564 6.24947 0.148626 -0.986482 -0.0690206
-44.395 93.4927 7.19566 0.050625 -0.998686 -0.00799374
-43.6861 93.5483 8.01127 0.0705923 -0.997 0.0317394
-42.8845 93.6211 8.84555 0.0645438 -0.997915 0.000353147
-42.0759 93.6589 9.50798 0.0316846 -0.999265 -0.0114078
-41.2905 93.6888 10.0229 0.0425906 -0.999032 0.0109818
-39.9136 93.7379 10.7752 0.0337092 -0.999364 -0.0115916
-38.9169 93.7858 11.1652 0.0470484 -0.998091 -0.0394973
-37.8573 93.802 11.6665 0.0123717 -0.997439 -0.0704463
-36.9352 93.8216 12.0971 0.0528233 -0.989589 -0.125402
-35.9826 93.7461 12.6804 0.00781057 -0.993844 -0.0798716
-35.3367 93.6487 13.4784 -0.0775363 -0.995075 -0.0617591
-34.8403 93.5333 14.2873 -0.111005 -0.990392 -0.0824706
-34.2416 93.3869 15.1945 -0.179096 -0.980389 -0.0814505
-33.7923 93.2349 15.9851 -0.19558 -0.976944 -0.0852648
-33.5211 93.0325 16.9339 -0.183182 -0.962551 -0.199852
-33.3325 92.8306 18.0474 -0.263558 -0.957378 -0.118169
-33.2246 92.6861 18.9772 -0.273984 -0.955493 -0.108443
-33.1267 92.5225 19.8618 -0.324729 -0.933503 -0.152064
-33.1099 92.3304 20.762 -0.356014 -0.910352 -0.2093
-33.2131 92.1807 21.678 -0.374675 -0.907354 -0.190597
-33.4618 92.0389 22.7325 -0.343039 -0.908348 -0.235494
-33.796 91.8538 23.736 -0.361619 -0.880685 -0.298818
-34.1157 91.6828 24.5623 -0.375825 -0.865374 -0.331487
-34.4921 91.4605 25.5374 -0.369809 -0.850756 -0.373042
-34.9659 91.1295 26.6304 -0.275289 -0.86166 -0.42563
-35.4756 90.8129 27.4348 -0.331505 -0.751645 -0.570206
-36.031 90.4638 28.1318 -0.273595 -0.718409 -0.639191
-36.7258 89.8417 29.1299 -0.299795 -0.716889 -0.629439
-37.3486 89.1374 30.0144 -0.311588 -0.592053 -0.743227
-37.9462 88.6424 30.5879 -0.348354 -0.497134 -0.794674
-38.6873 88.2419 31.1657 -0.347898 -0.503607 -0.790789
-39.5451 87.7777 31.8415 -0.350593 -0.504536 -0.789005
-40.5442 86.9693 32.8525 -0.317659 -0.611462 -0.724712
-41.1397 86.3842 33.6106 -0.271186 -0.617007 -0.73474
-41.6436 85.8287 34.2832 -0.298994 -0.590556 -0.737843
-42.2915 85.0899 35.0582 -0.377362 -0.512686 -0.77115
-42.7972 84.3555 35.7906 -0.371923 -0.526057 -0.764661
-43.2076 83.7956 36.3935 -0.342305 -0.540338 -0.767775
-43.771 83.1551 37.1145 -0.242446 -0.66336 -0.707936
-44.4787 82.6026 37.8204 -0.197233 -0.578597 -0.79136
-45.4943 82.2091 38.3744 -0.224273 -0.636381 -0.73366
-46.3338 82.0328 38.66 -0.103384 -0.663565 -0.74094
-47.2809 81.8272 38.9325 -0.0565706 -0.654263 -0.754148
-48.3828 81.5485 39.1516 0.155867 -0.72607 -0.669722
-49.5822 81.3289 39.1247 0.121321 -0.754238 -0.644202
-50.7343 81.3598 38.7697 0.278472 -0.775866 -0.565699
-51.6707 81.5072 38.1558 0.313367 -0.729582 -0.604295
-52.5247 81.5929 37.5079 0.395916 -0.71745 -0.573163
-53.643 81.6102 36.6499 0.463452 -0.709512 -0.530852
-54.4931 81.6793 35.7722 0.485534 -0.714715 -0.503427
-55.083 81.7857 35.052 0.598202 -0.613566 -0.515184
-55.927 81.8958 33.9557 0.586616 -0.625471 -0.514459
-56.518 82.0983 32.9554 0.623185 -0.622351 -0.473348
-56.9774 82.2418 32.0013 0.702935 -0.581228 -0.409947
-57.281 82.5478 30.8759 0.767554 -0.546075 -0.32859
-57.4661 82.9046 29.95 0.79917 -0.503874 -0.327779
-57.5736 83.2992 29.0815 0.799479 -0.503173 -0.328101
-57.6879 83.6763 28.2655 0.779799 -0.517968 -0.351601
-57.9567 84.2888 26.9592 0.816725 -0.422917 -0.383924
-58.1472 84.7452 25.8962 0.751944 -0.567282 -0.0665207
-58.4293 84.9191 24.8787 0.815395 -0.421191 -0.385423
-58.7283 85.4921 23.8332 0.841346 -0.344587 -0.416201
-59.021 85.9764 22.7865 0.85472 -0.340377 -0.391584
-59.213 86.4168 21.8869 0.86048 -0.375397 -0.340452
-59.3543 86.821 21.043 0.827645 -0.481252 -0.288585
-59.4419 87.0365 20.4499 0.822579 -0.484527 -0.297654
-59.8893 86.2255 20.1887 0.887053 -0.360574 -0.288311
-59.6889 85.7749 21.2518 0.884031 -0.330976 -0.330066
-59.5008 85.2234 22.3273 0.885161 -0.336726 -0.3211
-59.3016 84.8145 23.1648 0.859824 -0.356893 -0.365143
-59.0533 84.3639 24.1899 0.836254 -0.369892 -0.402196
-58.8241 84.0431 25.0131 0.827558 -0.424595 -0.367029
-58.5614 83.8465 25.896 0.857746 -0.398297 -0.32501
-58.4067 83.4759 26.7584 0.853383 -0.415474 -0.314145
-58.2734 83.0786 27.6772 0.829928 -0.439213 -0.343965
-58.1648 82.4505 28.9844 0.8111 -0.530711 -0.245891
-58.0093 82.0242 30.079 0.759634 -0.574756 -0.303881
-57.8178 81.6599 31.3162 0.75839 -0.586647 -0.283844
-57.5548 81.437 32.2401 0.692104 -0.618552 -0.372002
-56.9695 81.2837 33.411 0.635788 -0.614012 -0.46772
-56.4422 81.1525 34.3411 0.558121 -0.696643 -0.450759
-55.8476 81.0907 35.1693 0.550933 -0.69237 -0.465652
-55.0881 80.9988 36.1643 0.515702 -0.700721 -0.491732
-54.2402 80.9171 37.0274 0.472308 -0.700151 -0.53545
-53.1809 80.9347 37.8598 0.422201 -0.756545 -0.483698
-52.1952 80.861 38.7099 0.333586 -0.813057 -0.477136
-51.2234 80.7505 39.3986 0.2758 -0.789681 -0.548027
-50.3396 80.6993 39.7842 0.157543 -0.772044 -0.613722
-49.2926 80.7489 39.9335 0.132556 -0.791722 -0.596326
-48.3871 80.8526 39.9042 0.107328 -0.761557 -0.63536
-47.2738 81.1403 39.6893 -0.00286418 -0.729252 -0.684239
-45.8743 81.3351 39.2368 -0.121123 -0.716714 -0.682907
-45.0066 81.509 38.9133 -0.243499 -0.692344 -0.679241
-44.1256 81.7334 38.3687 -0.22427 -0.636383 -0.73366
-43.4209 82.2186 37.8274 -0.291298 -0.611084 -0.728546
-42.6201 82.9563 36.7228 -0.381891 -0.570414 -0.726781
-42.1227 83.62 35.9765 -0.372181 -0.548207 -0.748835
-41.6841 84.2855 35.3037 -0.378619 -0.519656 -0.765902
-41.189 84.8464 34.6827 -0.357905 -0.495336 -0.791133
-40.6033 85.5957 33.9524 -0.40339 -0.49407 -0.76965
-39.9555 86.274 33.1323 -0.379183 -0.563675 -0.730945
-39.3493 86.8182 32.4272 -0.327374 -0.578087 -0.747423
-38.6678 87.2914 31.7627 -0.338982 -0.541311 -0.768215
-37.6198 87.7388 31.0679 -0.275648 -0.558791 -0.782158
-36.9385 88.1719 30.4953 -0.296998 -0.531387 -0.79336
-36.382 88.774 29.8837 -0.283379 -0.530706 -0.798645
-35.7495 89.5721 28.9674 -0.319674 -0.622775 -0.713706
-35.044 90.0891 28.0783 -0.356495 -0.676889 -0.643599
-34.4516 90.4886 27.2249 -0.372584 -0.724217 -0.580251
-33.8207 90.9199 26.1049 -0.36981 -0.850756 -0.373042
-33.3083 91.2278 24.8347 -0.378512 -0.858403 -0.345847
-32.9834 91.3705 23.9835 -0.415166 -0.862158 -0.290379
-32.5445 91.5866 22.8163 -0.420974 -0.850432 -0.315508
-32.3123 91.7998 21.6739 -0.39336 -0.878871 -0.267615
-32.1519 91.9665 20.8025 -0.337348 -0.913352 -0.228001
-32.1882 92.2091 19.7816 -0.317615 -0.934147 -0.162281
-32.3324 92.4368 18.8067 -0.301119 -0.942051 -0.144768
-32.4242 92.667 17.6249 -0.194749 -0.954154 -0.227293
-32.6283 92.9377 16.5724 -0.191187 -0.960135 -0.203722
-33.0324 93.1465 15.2947 -0.135695 -0.963617 -0.206585
-33.5822 93.4494 14.4032 -0.0858275 -0.959339 -0.268892
-34.1235 93.6162 13.678 0.0786219 -0.98376 -0.161356
-34.6368 93.759 12.6559 0.0575644 -0.977595 -0.20247
-35.3168 93.8916 11.9075 0.0335278 -0.986955 -0.157467
-36.1105 93.9367 11.4556 0.0252153 -0.987327 -0.156461
-36.9713 93.922 11.0319 0.0945384 -0.985286 -0.142385
-37.9517 93.8737 10.6182 0.0967666 -0.989053 -0.101167
-38.7753 93.8428 10.2511 0.099772 -0.993958 -0.0457515
-39.7636 93.7815 9.81301 0.141288 -0.978023 -0.146969
-40.5952 93.7441 9.34414 0.0842096 -0.991881 -0.0952958
-41.6862 93.6985 8.57464 0.0475521 -0.998503 -0.014676
-42.5817 93.6312 7.77511 0.0746109 -0.996867 0.0230899
-43.3815 93.6149 6.98559 0.131851 -0.974781 -0.179842
-44.0305 93.6543 6.08113 0.164384 -0.979872 -0.113264
-44.3654 93.6659 5.19204 0.22764 -0.970226 -0.0827103
-44.8134 93.7392 4.03738 0.260298 -0.953675 -0.150825
-45.0338 93.8773 3.06772 0.270401 -0.928148 -0.255784
-45.1727 94.1353 1.9879 0.276003 -0.922257 -0.270189
-45.235 94.3922 1.09195 0.275278 -0.914918 -0.294797
-45.4417 94.6553 0.130436 0.262389 -0.918069 -0.296926
-45.1343 95.0002 -0.701899 0.234555 -0.922341 -0.305492
-45.057 95.3258 -1.59474 0.2159 -0.924072 -0.315328
-44.7096 95.6862 -2.55125 0.178322 -0.959306 -0.218935
-44.3663 95.9738 -3.36153 0.250484 -0.948425 -0.113509
-43.6986 96.1312 -4.26151 0.0255647 -0.969477 -0.24373
-43.2074 96.3592 -5.11047 0.0186266 -0.968853 -0.246937
-42.7767 96.6171 -6.07369 0.0192713 -0.967567 -0.251878
-42.3593 96.8878 -7.11643 -0.0248764 -0.973905 -0.225589
-42.0382 97.0827 -7.98454 -0.0134655 -0.976298 -0.215412
-41.7586 97.2331 -8.82826 -0.0505537 -0.979921 -0.192872
-41.4571 97.3969 -9.76881 -0.0671786 -0.985304 -0.157047
-41.1254 97.5328 -10.7549 -0.0724595 -0.984205 -0.161515
-40.503 97.6917 -12.2154 -0.070194 -0.99238 -0.10083
-40.0803 97.755 -13.218 -0.0770798 -0.993233 -0.0863782
-39.617 97.8114 -14.2954 -0.0629667 -0.994531 -0.0833226
-39.2243 97.8473 -15.3779 -0.0723374 -0.995919 -0.0539667
-39.0088 97.8654 -16.3827 -0.115382 -0.993219 -0.0142361
-38.8588 97.8245 -17.5761 -0.137145 -0.989503 0.045547
-38.5881 97.711 -18.9282 -0.102492 -0.993753 0.0441525
-38.365 97.559 -19.959 -0.153618 -0.965774 0.209001
-38.2673 97.1749 -21.2132 -0.0831173 -0.923995 0.373263
-38.2388 96.7304 -22.3229 -0.0569182 -0.91322 0.400824
-38.1641 96.0663 -23.7164 -0.0255725 -0.906778 0.420832
-38.2948 95.6633 -24.5103 0.0121784 -0.880252 0.47392
-38.6464 94.9952 -25.5984 0.0472987 -0.842502 0.536613
-38.8673 94.4708 -26.393 0.0511758 -0.834512 0.548607
-39.3429 93.7782 -27.323 0.0466662 -0.757893 0.65068
-39.8421 93.1953 -27.9708 0.0795952 -0.730308 0.676447
-40.5073 92.3378 -28.7169 0.113536 -0.705953 0.699021
-41.1483 91.8002 -29.1713 0.0570693 -0.729144 0.67986
-42.1139 91.2588 -29.7581 0.00688695 -0.73731 0.67552
-42.9723 90.8636 -30.0899 0.0893019 -0.688678 0.719547
-43.7978 91.2661 -29.582 0.110177 -0.697656 0.707911
-43.8686 92.0138 -28.8315 0.066586 -0.735075 0.67138
-43.7718 92.9859 -27.8065 -0.00306365 -0.709745 0.704452
-43.7176 93.6347 -27.1846 0.0660193 -0.702265 0.70733
-43.9659 94.5609 -26.3083 -0.0289021 -0.706101 0.705234
-44.1844 95.4166 -25.4898 -0.121997 -0.747844 0.646387
-44.5522 96.1531 -24.5561 -0.140426 -0.803948 0.577883
-44.9034 96.9416 -24.0093 -0.541549 -0.537921 0.533658
-45.5299 97.4999 -23.247 -0.366022 -0.877253 0.310572
-46.1474 97.9833 -22.3537 -0.236645 -0.926091 0.293859
-46.83 98.4094 -21.5627 -0.223855 -0.933968 0.27763
-47.4857 98.7264 -20.9484 -0.167499 -0.947103 0.269971
-48.1399 99.0174 -20.1932 -0.216817 -0.974379 0.059795
-48.2136 99.1068 -19.0377 -0.229325 -0.97005 0.0790898
-48.1052 99.1827 -17.962 -0.192606 -0.98086 0.0262402
-47.9566 99.1703 -17.0237 -0.194003 -0.980667 -0.00693689
-47.8086 99.1112 -16.1011 -0.20024 -0.979246 -0.0313048
-47.6251 99.0156 -15.1913 -0.16973 -0.982756 -0.0733594
-47.3784 98.8145 -13.9338 -0.18167 -0.969673 -0.163495
-47.2174 98.6319 -13.0553 -0.160288 -0.963813 -0.213009
-47.0508 98.417 -12.1253 -0.140061 -0.971618 -0.190623
-46.8617 98.1414 -11.0112 -0.147742 -0.95664 -0.251024
-46.7565 97.8889 -10.0133 -0.0940832 -0.969853 -0.224796
-46.5374 97.5426 -8.8391 -0.100483 -0.948747 -0.299637
-46.2327 97.1821 -7.73184 -0.0759614 -0.959191 -0.272366
-46.0056 96.8665 -6.79852 -0.0533695 -0.944084 -0.325081
-45.7824 96.4076 -5.46037 -0.0189197 -0.956219 -0.289111
-45.7253 96.0811 -4.39466 0.0167241 -0.937437 -0.347753
-45.5924 95.7547 -3.35976 0.118396 -0.951863 -0.282734
-45.4198 95.525 -2.42316 0.199819 -0.940504 -0.26875
-45.5113 95.1171 -1.28171 0.210478 -0.926449 -0.312075
-45.7691 94.6697 -0.173278 0.234005 -0.913952 -0.330543
-46.1307 94.2839 0.558383 0.323797 -0.898339 -0.296888
-46.4004 93.9335 1.34858 0.305792 -0.916242 -0.258826
-46.8121 93.5226 2.31677 0.305304 -0.916236 -0.259422
-47.5992 93.0579 3.14569 0.365641 -0.916078 -0.164642
-48.3443 92.718 3.74928 0.342549 -0.937758 -0.057189
-49.4171 92.2808 4.35346 0.347029 -0.933957 -0.0854097
-50.5667 91.8234 4.90454 0.36384 -0.929543 0.0597489
-51.5763 91.371 5.27177 0.439032 -0.889019 0.105358
-52.9221 90.8417 5.83131 0.444997 -0.880446 0.163683
-53.8709 90.5571 6.59894 0.464131 -0.850862 0.246204
-54.6009 90.3949 7.38308 0.459115 -0.839613 0.290274
-55.246 90.2959 8.13648 0.499417 -0.8189 0.280771
-55.8802 90.0976 8.79252 0.530363 -0.8051 0.265574
-56.6428 89.8519 9.59245 0.53562 -0.803679 0.259252
-57.5953 89.525 10.8422 0.605018 -0.766152 0.216713
-58.1433 89.2958 11.5298 0.627181 -0.747866 0.215725
-58.874 88.9003 12.7997 0.732364 -0.652856 0.193447
-59.3373 88.5914 13.9594 0.795682 -0.593553 0.101742
-59.8194 88.0287 15.4791 0.81176 -0.581702 0.0106714
-59.9918 87.539 16.6107 0.869554 -0.487477 -0.079006
-60.1174 87.1443 17.5218 0.870905 -0.481423 -0.0987744
-60.1804 86.8026 18.3682 0.913258 -0.366479 -0.167771
-60.0281 86.4779 19.4165 0.898009 -0.362226 -0.249746
-59.932 86.3048 19.9581 0.887053 -0.360576 -0.28831
-60.3288 85.4251 19.832 0.890757 -0.35122 -0.288292
-60.498 85.6562 18.8482 0.911289 -0.345971 -0.223287
-60.5502 86.1647 17.5523 0.915222 -0.386996 -0.112261
-60.4972 86.6325 16.5933 0.886495 -0.443215 -0.122908
-60.3777 87.0492 15.4865 0.877175 -0.473153 -0.0817586
-60.2139 87.3948 14.6428 0.841126 -0.537391 0.0108039
-59.893 87.7819 13.8625 0.81043 -0.584462 0.0152833
-59.5615 88.1331 12.8779 0.732255 -0.673197 0.102997
-59.2635 88.2955 12.016 0.696661 -0.702708 0.144447
-58.5343 88.7698 10.8441 0.659046 -0.726246 0.187608
-57.9419 89.0143 10.0042 0.613734 -0.758568 0.218558
-57.2946 89.2427 9.15538 0.567307 -0.789887 0.232896
-56.7053 89.4663 8.50347 0.513466 -0.821571 0.247735
-55.8868 89.7362 7.69368 0.491753 -0.840659 0.226872
-55.3275 89.8809 6.99316 0.492165 -0.84489 0.208643
-54.5742 90.0619 6.08827 0.440558 -0.869947 0.221585
-53.7478 90.336 5.36951 0.452181 -0.876785 0.163534
-52.7434 90.7206 4.70139 0.449773 -0.883911 0.118941
-51.938 91.1245 4.3417 0.488665 -0.870199 0.0629273
-51.1297 91.5498 4.07635 0.397773 -0.914109 -0.0088936
-50.2985 91.9915 3.58467 0.431707 -0.898675 -0.0775369
-49.2297 92.4487 3.15226 0.32566 -0.943218 -0.0654637
-48.3177 92.914 2.49874 0.34562 -0.916535 -0.20127
-47.7526 93.264 1.87566 0.35933 -0.903992 -0.229249
-47.3485 93.6734 1.04268 0.373891 -0.891545 -0.255634
-47.0513 94.1059 0.273426 0.264146 -0.885982 -0.381135
-46.6983 94.5338 -0.519302 0.257782 -0.905602 -0.336799
-46.4692 95.1077 -1.82426 0.189139 -0.921329 -0.339675
-46.4945 95.4516 -2.78574 0.149246 -0.939634 -0.30666
-46.6808 95.9194 -4.03585 0.0286629 -0.928884 -0.369261
-46.7794 96.3208 -5.10347 0.0205514 -0.942571 -0.33314
-46.9398 96.7218 -6.2765 -5.63654e-05 -0.937207 -0.34772
-47.1602 97.1374 -7.36582 -0.0294551 -0.935399 -0.352285
-47.4134 97.4516 -8.24543 -0.104599 -0.950637 -0.292144
-47.6544 97.7804 -9.21518 -0.0959103 -0.951585 -0.291888
-47.7963 98.0851 -10.2859 -0.134932 -0.960182 -0.244628
-47.8893 98.3708 -11.2947 -0.136148 -0.963669 -0.226943
-48.0526 98.653 -12.5161 -0.16223 -0.962918 -0.215554
-48.2482 98.9271 -13.6552 -0.166708 -0.968609 -0.18335
-48.5488 99.1778 -14.9285 -0.182737 -0.976617 -0.109226
-48.7893 99.3104 -16.0902 -0.199323 -0.979406 -0.0321652
-48.934 99.3727 -17.3136 -0.215016 -0.976329 -0.000674509
-49.0797 99.3925 -18.2256 -0.232866 -0.970255 0.053988
-49.2544 99.322 -19.4164 -0.229325 -0.97005 0.0790897
-49.2175 99.2008 -20.3968 -0.206214 -0.954419 0.207611
-48.6422 98.8222 -21.2563 -0.245395 -0.939966 0.23672
-47.798 98.4935 -21.9501 -0.160887 -0.961925 0.220943
-47.2069 98.1692 -22.6235 -0.237112 -0.926292 0.29285
-46.6879 97.818 -23.3194 -0.236199 -0.927551 0.289584
-46.0833 97.3916 -24.176 -0.26275 -0.87949 0.387016
-45.5944 96.8976 -24.7549 -0.54155 -0.537922 0.53365
-45.3692 96.0063 -24.9564 -0.356465 -0.659671 0.60703
-45.1398 95.4468 -25.6496 -0.160743 -0.703625 0.692152
-44.8817 94.5943 -26.3305 -0.06573 -0.593659 0.802028
-44.7052 93.8619 -26.945 -0.000758733 -0.673343 0.73933
-44.8094 92.575 -28.1311 0.0943195 -0.710415 0.697434
-44.8237 91.8876 -28.7756 0.139733 -0.690074 0.709819
-44.7965 91.2342 -29.4412 0.134823 -0.720833 0.679286
-44.6273 90.3612 -30.3657 0.084272 -0.707348 0.701824
-43.7871 90.0336 -30.7827 0.0891751 -0.688208 0.720012
-42.6227 90.1396 -30.8133 0.0545006 -0.683417 0.727942
-41.4062 90.7843 -30.2829 0.0478382 -0.68982 0.722369
-40.2923 91.537 -29.5821 0.113739 -0.714437 0.690393
-39.6742 92.0331 -29.1722 0.117553 -0.712443 0.691813
-39.1216 92.7275 -28.551 0.107956 -0.711824 0.693942
-38.4256 93.5731 -27.6657 0.0940695 -0.764588 0.637617
-38.0687 94.1159 -27.0117 0.049842 -0.812789 0.578138
-37.6368 94.8772 -25.8726 0.0188044 -0.853837 0.518997
-37.3964 95.4742 -24.8338 -0.0105317 -0.867085 0.49805
-37.24 95.9203 -24.0131 0.00974038 -0.908538 0.417688
-37.2045 96.3377 -23.1059 -0.017715 -0.915649 0.400204
-37.3142 96.7679 -22.0482 -0.040174 -0.931044 0.362688
-37.3015 97.1663 -20.9071 -0.134916 -0.935486 0.326594
-37.4145 97.4688 -19.8867 -0.100002 -0.975187 0.197509
-37.583 97.648 -18.9819 -0.0694213 -0.988747 0.107816
-37.7961 97.7024 -17.9334 -0.0242159 -0.998349 0.0515307
-37.9681 97.763 -16.9813 -0.0404381 -0.998067 0.0408543
-38.1393 97.7883 -15.9274 -0.0717133 -0.997304 0.0155397
-38.4662 97.7793 -14.7128 -0.0281344 -0.998259 -0.0518418
-38.8396 97.7214 -13.7253 -0.0509545 -0.995898 -0.0747757
-39.2231 97.6575 -12.7976 -0.0549663 -0.993389 -0.100156
-39.56 97.5965 -11.9072 -0.0606138 -0.994372 -0.0867406
-39.9786 97.5225 -11.035 -0.0315151 -0.991172 -0.128783
-40.3003 97.4035 -10.1025 -0.0272275 -0.988251 -0.150397
-40.5952 97.2355 -9.04196 -0.0172113 -0.986344 -0.163795
-40.9283 97.0799 -8.10643 -0.0249437 -0.978577 -0.204365
-41.2447 96.8984 -7.19877 -0.0134701 -0.976297 -0.215417
-41.7905 96.6193 -5.93839 0.03668 -0.973745 -0.221141
-42.1918 96.3629 -5.00555 0.0590655 -0.974357 -0.216919
-42.6744 96.1333 -4.07492 0.0501384 -0.975406 -0.214639
-43.3256 96.1344 -3.26672 0.0681083 -0.993948 0.0142162
-43.8188 95.9249 -2.33878 0.348756 -0.908509 -0.230177
-43.9963 95.5509 -1.52393 0.249808 -0.900156 -0.352989
-44.2194 95.0786 -0.203923 0.203196 -0.938176 -0.280246
-44.2926 94.7668 0.813078 0.224353 -0.936094 -0.265425
-44.2603 94.4933 1.71416 0.270201 -0.91856 -0.288511
-44.181 94.2133 2.76628 0.278221 -0.924728 -0.259753
-43.9621 94.0045 3.8244 0.258193 -0.954084 -0.151856
-43.396 93.8851 5.22653 0.247549 -0.950649 -0.187002
-42.923 93.8344 6.12995 0.151848 -0.977229 -0.144345
-42.2351 93.8095 6.84495 0.183022 -0.961286 -0.20599
-41.1927 93.8516 7.70458 0.200675 -0.96789 -0.151389
-40.4079 93.8573 8.31992 0.142783 -0.980753 -0.118535
-39.5636 93.9507 8.79409 0.179859 -0.975508 -0.12663
-38.6753 93.9808 9.31322 0.10272 -0.980537 -0.167321
-37.8022 94.0398 9.79496 0.152515 -0.947357 -0.281519
-36.6371 94.1271 10.1757 0.164795 -0.960883 -0.222588
-35.3214 94.1863 10.7866 0.116403 -0.957141 -0.262898
-34.5052 94.1323 11.2421 0.112869 -0.949719 -0.291798
-33.8361 94.0211 11.9195 0.135416 -0.950336 -0.280223
-33.298 93.7141 13.167 0.153906 -0.933369 -0.324246
-32.4623 93.4117 14.1634 -0.0799735 -0.943788 -0.316715
-32.0477 93.1489 14.92 -0.113395 -0.94582 -0.304247
-31.7267 92.8602 15.976 -0.158829 -0.981228 -0.109387
-31.487 92.6135 17.0955 -0.164463 -0.958441 -0.233116
-31.4828 92.3763 18.0525 -0.184905 -0.956322 -0.226403
-31.2822 91.9973 19.3244 -0.303647 -0.936985 -0.172796
-31.1608 91.6609 20.4647 -0.337343 -0.911546 -0.234277
-31.2888 91.4242 21.5055 -0.37229 -0.89372 -0.250328
-31.5297 91.2011 22.526 -0.356935 -0.892118 -0.276601
-31.8864 90.9881 23.5863 -0.397473 -0.866021 -0.303351
-32.4452 90.7859 24.789 -0.462532 -0.824148 -0.32687
-32.8653 90.5152 25.9474 -0.433805 -0.823603 -0.365363
-33.3595 90.2503 26.8424 -0.326689 -0.759715 -0.562235
-34.0849 89.6375 28.0047 -0.357722 -0.686064 -0.633365
-34.7222 89.274 28.7382 -0.340541 -0.648933 -0.679778
-35.2087 88.8149 29.3859 -0.319672 -0.622774 -0.713708
-35.7064 87.9872 30.1757 -0.269761 -0.530023 -0.803931
-36.3964 87.2712 30.9163 -0.315819 -0.548086 -0.774507
-37.3027 86.9031 31.5259 -0.294738 -0.524817 -0.798493
-38.3712 86.416 32.2584 -0.305632 -0.547544 -0.778964
-39.0431 85.8459 32.9766 -0.361221 -0.524658 -0.770879
-39.6922 85.2172 33.7087 -0.387768 -0.518936 -0.761256
-40.1309 84.6067 34.3437 -0.353487 -0.546863 -0.758939
-40.6325 83.9926 35.0155 -0.346485 -0.540702 -0.766544
-41.1464 83.445 35.6501 -0.335131 -0.573406 -0.747588
-41.5933 82.668 36.4548 -0.343427 -0.575608 -0.742114
-42.063 82.199 37.1382 -0.321457 -0.673936 -0.665188
-42.6143 81.688 37.9224 -0.338685 -0.66674 -0.663626
-43.1619 81.2698 38.5475 -0.216714 -0.713791 -0.665986
-43.9347 80.9355 39.1561 -0.214492 -0.713531 -0.666984
-44.9127 80.8198 39.627 -0.21613 -0.772745 -0.596426
-46.1007 80.6694 40.1324 -0.129236 -0.805096 -0.578894
-47.3564 80.4632 40.4802 0.0206268 -0.796873 -0.603794
-48.3453 80.2988 40.7012 0.0722048 -0.835275 -0.54507
-49.4843 80.1779 40.7348 0.0937722 -0.84203 -0.530555
-51.0265 80.1657 40.3395 0.156181 -0.831676 -0.532512
-52.1792 80.2143 39.7619 0.276002 -0.836596 -0.473212
-53.2452 80.3286 38.8979 0.31909 -0.818797 -0.477234
-54.1032 80.3689 38.1397 0.392385 -0.832854 -0.39037
-54.8191 80.3182 37.4892 0.391328 -0.81204 -0.429941
-55.765 80.3784 36.4516 0.49408 -0.766356 -0.410588
-56.3899 80.4069 35.648 0.494216 -0.766017 -0.411057
-56.9789 80.4114 34.8177 0.560234 -0.695284 -0.450243
-57.5367 80.5404 33.8537 0.589639 -0.702713 -0.398146
-58.1393 80.6644 32.4524 0.667909 -0.677985 -0.306977
-58.404 80.9114 31.331 0.733311 -0.61595 -0.286341
-58.61 81.2636 30.0657 0.719468 -0.643362 -0.259243
-58.7539 81.5847 28.9308 0.812089 -0.514221 -0.275841
-58.7374 82.0693 27.9278 0.801136 -0.543155 -0.251274
-58.8189 82.4638 27.0659 0.824184 -0.469913 -0.316074
-58.9625 82.8088 26.1784 0.824272 -0.469828 -0.315972
-59.2549 83.2092 24.9949 0.851283 -0.405138 -0.331586
-59.4752 83.5671 23.9565 0.864395 -0.359475 -0.351098
-59.7226 83.9309 23.0197 0.86539 -0.345656 -0.362798
-59.8842 84.3838 22.1725 0.877476 -0.342966 -0.335126
-60.0756 84.8943 21.1116 0.878994 -0.34568 -0.328375
-60.2893 85.3224 20.0743 0.893192 -0.342819 -0.291004
-60.3036 85.3731 19.9706 0.893194 -0.34282 -0.290996
-44.4092 96.2884 -4.94885 0.0248518 -0.966163 -0.256633
-44.8546 96.5525 -5.97333 0.00163596 -0.95805 -0.283951
-45.1133 96.9643 -7.21425 -0.0290492 -0.957411 -0.287059
-45.3576 97.3342 -8.41587 -0.0551223 -0.955906 -0.28845
-45.6974 97.6957 -9.61973 -0.0953251 -0.966699 -0.237497
-45.8199 97.9227 -10.5175 -0.0871918 -0.970544 -0.224504
-46.0052 98.1822 -11.7032 -0.139012 -0.9736 -0.180815
-46.2245 98.4388 -12.857 -0.146971 -0.971631 -0.18521
-46.4224 98.6488 -13.9326 -0.152831 -0.97633 -0.153046
-46.7039 98.8591 -15.3404 -0.190261 -0.980277 -0.0534549
-46.9667 98.9594 -16.6177 -0.185789 -0.982264 -0.0253023
-47.1231 98.9889 -17.8229 -0.19836 -0.979472 0.0358954
-47.2457 98.9608 -18.7598 -0.138151 -0.988175 0.0665157
-46.9833 98.829 -20.0446 -0.132486 -0.988061 0.0786349
-46.0849 98.4063 -20.9597 -0.204582 -0.953155 0.221204
-45.3449 97.9406 -21.8401 -0.239076 -0.925462 0.293875
-44.8194 97.5633 -22.5436 -0.257435 -0.916972 0.30478
-44.3362 97.1255 -23.1892 -0.250435 -0.873728 0.416933
-43.7958 96.4112 -24.0586 -0.240422 -0.751642 0.614191
-43.3781 95.6424 -24.9807 -0.121664 -0.797859 0.59044
-43.1646 95.0312 -25.7185 -0.0809132 -0.715854 0.692514
-42.9148 94.1657 -26.6626 0.0110807 -0.753453 0.657181
-42.8337 93.5563 -27.345 0.0660193 -0.702266 0.70733
-42.8794 92.449 -28.3436 0.0358041 -0.689646 0.721729
-42.2164 92.0423 -28.8806 0.0459013 -0.771379 0.634718
-41.5348 92.451 -28.4512 0.0584407 -0.663683 0.745725
-40.9903 93.0974 -27.9165 0.0565784 -0.664195 0.745416
-40.5736 93.7131 -27.317 0.0397906 -0.755266 0.654209
-40.0587 94.3746 -26.4487 0.038144 -0.839888 0.541418
-39.6378 95.0916 -25.3968 0.000567605 -0.825439 0.56449
-39.3777 95.6216 -24.5961 -0.0854733 -0.869662 0.485925
-39.183 96.0615 -23.7556 -0.100113 -0.871819 0.479488
-39.1468 96.5786 -22.7629 -0.111618 -0.892823 0.436359
-39.2031 97.0144 -21.8227 -0.0856655 -0.923087 0.374926
-39.2507 97.5156 -20.5614 -0.0740044 -0.932575 0.35331
-39.4282 97.7413 -19.512 -0.120584 -0.988849 0.0787461
-39.6603 97.8586 -18.5064 -0.155623 -0.985194 0.0719325
-39.8351 97.9708 -17.3398 -0.134019 -0.989417 0.0405275
-39.9738 97.9501 -16.2797 -0.130121 -0.990332 -0.0480844
-40.3085 97.9211 -15.1456 -0.113769 -0.990305 -0.0797016
-40.8045 97.8702 -13.9245 -0.131032 -0.985911 -0.103976
-41.1806 97.8283 -13.0743 -0.106608 -0.986877 -0.12119
-41.6085 97.7572 -12.0956 -0.104162 -0.987616 -0.117327
-41.9433 97.6765 -11.2643 -0.0724374 -0.984122 -0.162037
-42.3673 97.5171 -10.1104 -0.0563109 -0.980604 -0.185581
-42.7956 97.2384 -8.67119 -0.0220497 -0.980208 -0.196601
-43.1614 97.0529 -7.74051 -0.0209645 -0.976576 -0.213771
-43.5569 96.8367 -6.89729 0.0170687 -0.959935 -0.279703
-43.8915 96.5753 -5.99869 0.0189086 -0.967769 -0.251127
-44.4437 96.4295 -5.46974 0.0183858 -0.966498 -0.255897
-44.3698 96.2921 -4.95878 0.0282507 -0.967699 -0.250521
-44.2541 97.1764 -8.03179 -0.0264137 -0.960511 -0.276984
-43.7333 97.3194 -8.82796 -0.0809458 -0.969453 -0.231448
-43.4427 97.4971 -9.73705 -0.106758 -0.973382 -0.202805
-43.1734 97.6681 -10.6637 -0.0563187 -0.980603 -0.185585
-42.625 97.8684 -12.1295 -0.088167 -0.985931 -0.139365
-42.2377 97.936 -13.0017 -0.109051 -0.98614 -0.12504
-41.8511 98.0045 -13.8792 -0.120042 -0.986025 -0.114508
-41.4437 98.0291 -14.8186 -0.119458 -0.99044 -0.0689792
-41.1446 98.0565 -15.6676 -0.112895 -0.991065 -0.0710281
-40.8431 98.0898 -16.8054 -0.121145 -0.991987 -0.0192321
-40.6454 98.0567 -17.9238 -0.134013 -0.989418 0.0405181
-40.5295 97.9719 -18.83 -0.155383 -0.985196 0.0724272
-40.3623 97.8575 -19.7409 -0.0527262 -0.959355 0.277232
-40.186 97.44 -20.9666 -0.0813209 -0.931262 0.35516
-40.1513 97.0526 -21.9525 -0.103919 -0.919693 0.378638
-40.0826 96.5202 -23.0786 -0.0646288 -0.880941 0.468793
-40.2048 96.0253 -24.0038 -0.0708285 -0.867507 0.492356
-40.4592 95.4765 -24.8504 -0.00778194 -0.791168 0.611549
-40.8057 94.7394 -25.9448 -0.0154209 -0.837924 0.545569
-41.3782 94.1778 -26.7092 0.0497454 -0.767557 0.639047
-41.9326 93.9834 -26.9063 0.0183542 -0.763697 0.645314
-42.1086 94.786 -25.9782 -0.0350401 -0.783781 0.615143
-42.313 95.358 -25.1774 -0.0811038 -0.810366 0.580284
-42.6511 95.9854 -24.3674 -0.121495 -0.803654 0.582479
-42.9864 96.5844 -23.5804 -0.141523 -0.861515 0.480204
-43.4511 97.0533 -22.8399 -0.207526 -0.868718 0.449736
-44.129 97.6073 -21.9024 -0.149937 -0.919918 0.362311
-44.6656 97.9798 -21.1785 -0.157487 -0.93126 0.326298
-45.408 98.4187 -20.3058 -0.244432 -0.932506 0.265866
-46.0348 98.7214 -19.5984 -0.175722 -0.970962 0.12191
-46.2685 98.7889 -18.7136 -0.193791 -0.980513 0.0322488
-46.2015 98.8528 -17.7714 -0.164332 -0.983832 0.0616661
-46.0748 98.8105 -16.7714 -0.159555 -0.986139 -0.0455258
-45.8232 98.7304 -15.5921 -0.129569 -0.991009 -0.033371
-45.5724 98.6103 -14.5695 -0.163003 -0.978232 -0.12842
-45.3661 98.4176 -13.5071 -0.151759 -0.976745 -0.151454
-45.2173 98.2397 -12.6296 -0.119698 -0.977244 -0.171929
-45.0395 98.0397 -11.5529 -0.0861312 -0.980295 -0.177771
-44.8534 97.8163 -10.4933 -0.117388 -0.970744 -0.209466
-44.6324 97.5949 -9.63831 -0.0891507 -0.967163 -0.237918
-44.2172 97.3254 -8.68396 -0.0809523 -0.969454 -0.23144
-44.2547 97.1781 -8.03761 -0.0264124 -0.960513 -0.276979
-44.0639 97.9286 -11.4559 -0.113302 -0.9715 -0.20816
-43.5575 98.0097 -12.3477 -0.120653 -0.984958 -0.1237
-42.9017 98.1207 -13.834 -0.1115 -0.987593 -0.108963
-42.4074 98.1565 -14.9821 -0.119086 -0.990492 -0.0688801
-41.9756 98.2063 -16.2059 -0.146041 -0.986225 -0.0776726
-41.6798 98.1856 -17.3331 -0.154322 -0.987869 0.0173332
-41.4759 98.1151 -18.6711 -0.156699 -0.985914 0.0436317
-41.2957 97.8526 -19.9682 -0.09827 -0.956042 0.276271
-41.1333 97.3764 -21.3602 -0.103141 -0.930601 0.350705
-41.1251 97.0531 -22.2186 -0.0942213 -0.926215 0.364575
-41.1487 96.5573 -23.1559 -0.0659212 -0.879864 0.470626
-41.139 96.1221 -23.9531 -0.0533209 -0.869793 0.490391
-41.4959 96.1847 -23.876 -0.0444418 -0.866546 0.497115
-42.1278 96.6783 -23.0801 -0.138062 -0.903132 0.40656
-42.6981 97.1794 -22.2536 -0.206778 -0.866326 0.454667
-43.4017 97.6927 -21.3846 -0.147639 -0.920645 0.361398
-43.9814 98.0568 -20.5397 -0.165047 -0.9426 0.290282
-44.5454 98.3668 -19.8559 -0.165744 -0.942324 0.290782
-45.1874 98.6041 -19.019 -0.0906975 -0.994047 0.0603763
-45.2926 98.7042 -17.9401 -0.104072 -0.989205 0.103165
-45.1826 98.7172 -17.0245 -0.10673 -0.993712 -0.0338299
-44.9513 98.6383 -15.8777 -0.114925 -0.991449 -0.0618165
-44.6636 98.4992 -14.8944 -0.170793 -0.976655 -0.130284
-44.4395 98.3431 -13.9228 -0.153814 -0.979297 -0.129188
-44.2142 98.1274 -12.5941 -0.136605 -0.982632 -0.125591
-44.0718 97.9769 -11.6755 -0.101757 -0.975519 -0.193622
-43.249 98.3154 -15.4604 -0.153839 -0.981605 -0.11041
-42.838 98.3457 -16.6805 -0.130966 -0.991048 -0.0258991
-42.5733 98.3196 -17.6494 -0.158803 -0.987222 0.0100373
-42.3851 98.2853 -18.7711 -0.159634 -0.987159 0.00417862
-42.1937 98.0096 -19.7436 -0.0979299 -0.956173 0.275938
-42.3612 97.6333 -21.0352 -0.0915293 -0.946232 0.310268
-43.0276 98.0123 -20.1777 -0.153147 -0.946306 0.284464
-43.8289 98.3404 -19.2269 -0.142395 -0.974996 0.159221
-44.2888 98.5601 -18.3927 -0.146075 -0.981446 0.102224
-44.3164 98.5977 -17.4115 -0.136503 -0.990573 0.0115041
-44.1875 98.5785 -16.5106 -0.172441 -0.983042 -0.0574673
-43.9778 98.4812 -15.7462 -0.163768 -0.983238 -0.0801414
-43.9742 98.4807 -15.7469 -0.170655 -0.98034 -0.0972654
