-18.271 104.056 -2.32895 0.170202 -0.961981 -0.213542
-17.6207 104.358 -3.27243 0.16572 -0.968878 -0.183882
-17.2875 104.567 -4.02034 0.128301 -0.956806 -0.260031
-18.2648 104.3 -3.42825 0.11364 -0.964576 -0.238075
-19.1497 103.981 -2.68901 0.168244 -0.959866 -0.224311
-19.8957 103.739 -2.20296 0.196382 -0.952188 -0.231875
-20.785 103.349 -1.46089 0.192305 -0.943144 -0.270612
-21.7245 102.96 -0.709353 0.20729 -0.955749 -0.208748
-22.5263 102.602 -0.124667 0.255038 -0.938142 -0.233962
-23.2235 102.203 0.599435 0.291678 -0.922047 -0.254456
-23.7218 101.845 1.32252 0.286076 -0.925238 -0.24901
-23.5429 101.827 1.60081 0.281425 -0.928675 -0.241584
-22.7188 102.155 1.35049 0.299465 -0.919571 -0.254382
-21.7892 102.614 0.600685 0.247378 -0.940247 -0.233966
-20.8232 103.003 0.068331 0.241407 -0.946927 -0.210918
-19.7864 103.389 -0.636543 0.222068 -0.956823 -0.187551
-18.7254 103.814 -1.62159 0.174066 -0.960704 -0.216214
-18.3553 103.996 -2.13111 0.174066 -0.960704 -0.216214
-17.5419 103.995 -1.45059 0.187489 -0.959043 -0.210509
-18.1968 103.67 -0.69508 0.181857 -0.952932 -0.24129
-18.9379 103.43 0.0239064 0.165759 -0.966659 -0.192562
-19.8386 103.098 0.747288 0.222246 -0.950735 -0.213219
-20.8899 102.684 1.29146 0.250068 -0.939899 -0.232494
-21.8899 102.235 2.00386 0.247961 -0.936282 -0.248757
-23.0851 101.728 2.57068 0.29412 -0.930094 -0.220041
-24.1574 101.29 2.90109 0.337291 -0.908739 -0.245823
-25.0707 100.869 3.12991 0.366918 -0.89096 -0.267511
-25.8582 100.485 3.34587 0.338156 -0.905108 -0.256726
-27.1581 99.9999 3.40754 0.341076 -0.909225 -0.238698
-26.7006 100.379 2.6175 0.33116 -0.907526 -0.257445
-26.1356 100.798 1.92541 0.356235 -0.895782 -0.265841
-25.3325 101.285 1.2611 0.353485 -0.904962 -0.236635
-24.641 101.728 0.579346 0.345878 -0.905665 -0.245233
-24.0017 102.149 -0.129098 0.32625 -0.914595 -0.238908
-23.15 102.618 -0.906116 0.266805 -0.937395 -0.223741
-22.4595 102.949 -1.47953 0.277261 -0.933022 -0.228849
-21.7967 103.288 -2.00165 0.245441 -0.932945 -0.259563
-21.0565 103.608 -2.58338 0.18039 -0.95278 -0.243499
-20.2577 103.909 -3.21813 0.183376 -0.956602 -0.226465
-19.2649 104.284 -4.00594 0.174859 -0.955101 -0.23918
-18.1547 104.655 -4.72946 0.130881 -0.952733 -0.274171
-17.2225 104.931 -5.27889 0.092041 -0.972039 -0.20419
-16.4367 105.06 -5.77908 0.0598912 -0.987901 -0.142285
-15.4744 105.186 -6.32342 0.04231 -0.980042 -0.194234
-14.3968 105.379 -7.20329 0.00457815 -0.980663 -0.194398
-13.2628 105.473 -7.87072 -0.0716745 -0.985244 -0.155428
-12.2397 105.463 -8.55887 -0.129793 -0.983882 -0.120096
-11.1921 105.29 -9.21325 -0.301724 -0.948062 0.0207039
-10.3314 104.946 -9.62697 -0.356327 -0.93387 -0.030298
-9.40862 104.486 -9.9571 -0.490364 -0.869164 -0.0640124
-8.48555 103.964 -10.1129 -0.554994 -0.827848 -0.0748281
-7.68103 103.381 -10.0129 -0.594057 -0.802761 -0.0178092
-6.70929 102.71 -9.71433 -0.525153 -0.850539 -0.0105141
-5.69341 102.052 -8.93046 -0.523939 -0.850881 -0.038596
-6.47236 102.524 -8.76478 -0.523047 -0.851475 -0.0375598
-7.28329 103.033 -8.69862 -0.550995 -0.834016 -0.0286604
-8.04151 103.533 -8.67251 -0.565845 -0.822825 -0.0461322
-9.16998 104.14 -8.28984 -0.504208 -0.845816 -0.17427
-10.5407 104.806 -7.81618 -0.452432 -0.864101 -0.220534
-11.6186 105.087 -7.35709 -0.254799 -0.934364 -0.249083
-12.7266 105.223 -6.72866 -0.151954 -0.963218 -0.210476
-13.673 105.132 -5.9758 -0.0425873 -0.986299 -0.148517
-14.5469 105.041 -5.11571 0.0381553 -0.985198 -0.165661
-15.4353 104.811 -4.13637 0.0491579 -0.980479 -0.190381
-16.1966 104.589 -3.27057 0.152165 -0.972105 -0.178489
-16.7121 104.376 -2.5599 0.1618 -0.965881 -0.20197
-17.3841 104.06 -1.63939 0.170396 -0.965157 -0.198407
-16.7048 104.004 -0.74516 0.18749 -0.959043 -0.210509
-17.3281 103.729 -0.0696796 0.205056 -0.959376 -0.193778
-17.9588 103.493 0.577924 0.170918 -0.970365 -0.170818
-18.7617 103.204 1.30891 0.196275 -0.961481 -0.192434
-19.4678 102.94 1.81498 0.239443 -0.946559 -0.215841
-20.262 102.638 2.23604 0.268012 -0.93658 -0.224347
-21.1137 102.229 2.79789 0.266651 -0.932582 -0.242282
-22.0445 101.885 3.30107 0.244394 -0.950343 -0.192664
-23.2268 101.392 3.79924 0.315708 -0.919397 -0.23301
-24.1091 101.02 4.00702 0.352853 -0.903159 -0.242572
-25.3887 100.403 4.28018 0.356299 -0.903183 -0.238557
-26.5099 99.9335 4.52266 0.319021 -0.913365 -0.252953
-27.4087 99.5981 4.6083 0.318556 -0.911341 -0.260585
-28.4921 99.2451 4.55611 0.299528 -0.912187 -0.279638
-28.8842 99.332 3.86831 0.243175 -0.92947 -0.275658
-28.2207 99.8043 2.82558 0.263277 -0.930394 -0.255052
-27.6166 100.21 2.10483 0.303539 -0.910709 -0.27951
-26.9936 100.635 1.38526 0.311011 -0.914493 -0.258795
-26.3112 101.088 0.667217 0.330874 -0.900391 -0.282522
-25.4042 101.662 -0.172896 0.30965 -0.911491 -0.270743
-24.7654 102.106 -0.921949 0.312511 -0.908077 -0.278805
-24.1472 102.463 -1.46724 0.267907 -0.938483 -0.217888
-23.4162 102.801 -2.02418 0.263106 -0.935852 -0.233821
-22.3304 103.374 -2.90313 0.275653 -0.923387 -0.267157
-21.5016 103.758 -3.58431 0.219362 -0.949499 -0.220976
-20.7514 104.039 -4.16522 0.183341 -0.956803 -0.225643
-19.8398 104.378 -4.86565 0.186484 -0.953353 -0.237032
-18.7744 104.773 -5.60743 0.166426 -0.963206 -0.208915
-17.8339 105.037 -6.1807 0.109082 -0.977129 -0.174393
-16.5857 105.269 -6.95412 0.064152 -0.975371 -0.211037
-15.8364 105.41 -7.46672 0.0361363 -0.97437 -0.222028
-14.9435 105.577 -8.11705 0.0117778 -0.977211 -0.211944
-14.0311 105.647 -8.64958 -0.0707605 -0.988216 -0.135727
-13.1942 105.664 -9.19507 -0.0692289 -0.98797 -0.138283
-12.3706 105.601 -9.72285 -0.24486 -0.950997 -0.175387
-11.5325 105.428 -10.185 -0.303049 -0.929077 -0.212081
-10.417 105.124 -10.7025 -0.401103 -0.890198 -0.216018
-9.34348 104.645 -11.022 -0.489631 -0.846947 -0.207224
-8.19761 103.875 -11.1745 -0.623233 -0.771664 -0.126946
-7.28931 103.047 -10.9599 -0.62824 -0.769653 -0.0619564
-6.22038 102.38 -10.6385 -0.5117 -0.857809 0.0482461
-5.2489 101.791 -10.4354 -0.522243 -0.852605 0.0180659
-4.4418 101.277 -10.2717 -0.538586 -0.835073 0.101992
-3.67271 100.853 -9.99557 -0.536815 -0.830512 0.14859
-2.582 100.278 -9.3631 -0.558783 -0.807662 0.182232
-1.85912 99.8706 -8.76724 -0.599806 -0.777034 0.190919
-1.40807 99.7881 -7.68382 -0.615144 -0.756799 0.217875
-2.15738 100.353 -7.91451 -0.630369 -0.736575 0.245136
-3.12826 100.804 -7.9054 -0.423758 -0.880243 0.181954
-4.02972 101.259 -7.83096 -0.345789 -0.937563 -0.037494
-4.92078 101.626 -7.83453 -0.424087 -0.904931 -0.0353625
-5.93362 102.147 -7.75432 -0.504265 -0.862845 -0.0196193
-6.70478 102.62 -7.71466 -0.506268 -0.860926 -0.044966
-7.65254 103.171 -7.66399 -0.534213 -0.839325 -0.100745
-8.72876 103.738 -7.38386 -0.460506 -0.880349 -0.113665
-9.6683 104.184 -7.06003 -0.441361 -0.890542 -0.108588
-10.5289 104.577 -6.70717 -0.400622 -0.896082 -0.174996
-11.6857 104.852 -6.18521 -0.23821 -0.94644 -0.21605
-12.5845 104.918 -5.46101 -0.21784 -0.965512 -0.142589
-13.698 104.959 -4.48355 -0.0620594 -0.97951 -0.154864
-14.2969 104.799 -3.78037 0.0421702 -0.985169 -0.165298
-14.9213 104.697 -3.07998 0.0236779 -0.992013 -0.121356
-15.6508 104.452 -2.10653 0.153171 -0.968316 -0.19724
-16.3288 104.156 -1.18446 0.164794 -0.967309 -0.19266
-16.3857 104.132 -1.11361 0.170381 -0.966866 -0.190108
-15.4466 104.175 -0.549523 0.160584 -0.968321 -0.191226
-14.6292 104.475 -1.64576 0.0242134 -0.983134 -0.181276
-13.8956 104.611 -2.41724 0.018389 -0.990038 -0.137967
-13.2847 104.779 -3.36607 0.0557032 -0.987634 -0.146546
-12.4812 104.787 -4.14522 0.0276276 -0.997995 0.0569516
-11.6573 104.66 -4.8889 -0.160085 -0.982186 -0.0984004
-10.943 104.532 -5.44597 -0.298293 -0.951761 -0.0719216
-9.59615 104.032 -5.97346 -0.431406 -0.897368 -0.0927399
-8.63507 103.579 -6.26852 -0.469415 -0.879568 -0.0775244
-7.81102 103.15 -6.60976 -0.483844 -0.86658 -0.119061
-6.68114 102.523 -6.66354 -0.454785 -0.885343 -0.0836372
-5.65162 101.993 -6.67835 -0.483836 -0.875093 0.0106968
-4.75969 101.566 -6.7666 -0.422853 -0.903833 0.0654345
-3.5689 101.182 -6.70643 -0.303416 -0.945975 0.114323
-2.4983 100.804 -6.84089 -0.225719 -0.945335 0.198951
-1.48471 100.335 -6.67925 -0.566657 -0.733094 0.376128
-0.626096 99.7659 -6.53424 -0.534575 -0.742701 0.402322
-0.00800857 99.1896 -6.84437 -0.492314 -0.802668 0.33493
-0.0777404 98.8525 -7.86192 -0.506377 -0.803476 0.312789
-0.751396 99.0157 -8.86673 -0.579253 -0.774445 0.254364
-1.45767 99.3562 -9.58031 -0.6039 -0.772136 0.197762
-2.21578 99.8008 -10.2041 -0.604052 -0.776361 0.179437
-3.303 100.436 -10.8354 -0.551927 -0.813159 0.184794
-4.01444 100.907 -11.1384 -0.577597 -0.811054 0.091054
-4.74378 101.384 -11.3672 -0.564291 -0.820863 0.0880931
-5.5134 101.908 -11.5951 -0.544849 -0.835697 0.0548899
-6.36024 102.404 -11.754 -0.511595 -0.858121 0.0435695
-7.27264 103.152 -12.05 -0.700842 -0.711921 -0.0446041
-8.05727 103.89 -12.2434 -0.628655 -0.775474 -0.0585955
-9.21049 104.79 -12.0884 -0.518979 -0.842363 -0.0925022
-10.2494 105.28 -11.907 -0.445269 -0.885153 -0.135053
-11.4247 105.626 -11.3287 -0.288178 -0.941573 -0.174302
-12.8518 105.868 -10.6188 -0.212593 -0.958909 -0.187859
-13.9205 105.895 -9.98337 -0.100089 -0.963456 -0.248466
-14.8667 105.812 -9.43441 -0.0538342 -0.980789 -0.181089
-15.6718 105.752 -8.94265 0.0119774 -0.975003 -0.221867
-16.4527 105.61 -8.40934 0.0263822 -0.972739 -0.230396
-17.2127 105.461 -7.86297 0.0232155 -0.973493 -0.227536
-18.1942 105.259 -7.32168 0.0916308 -0.966327 -0.240449
-19.0985 104.999 -6.68284 0.144234 -0.953135 -0.262805
-20.0943 104.645 -6.05735 0.182497 -0.951203 -0.248814
-20.9138 104.281 -5.31551 0.187983 -0.951373 -0.243395
-21.6301 104.017 -4.77803 0.20139 -0.951845 -0.230238
-22.8668 103.475 -3.8592 0.235256 -0.935186 -0.264728
-23.6049 103.098 -3.25409 0.272003 -0.928403 -0.252648
-24.5388 102.628 -2.54123 0.258301 -0.933222 -0.249756
-25.39 102.183 -1.87411 0.309163 -0.913748 -0.263032
-26.0036 101.793 -1.28345 0.309148 -0.910259 -0.275421
-26.5349 101.407 -0.606294 0.316414 -0.906815 -0.278437
-27.6559 100.66 0.560231 0.29774 -0.914009 -0.275528
-28.429 100.146 1.46775 0.290403 -0.919006 -0.266634
-29.0686 99.7636 2.09552 0.265145 -0.930013 -0.254505
-29.8081 99.2502 3.2362 0.270272 -0.933818 -0.234387
-30.0475 98.9374 4.15694 0.277061 -0.902646 -0.325682
-29.9173 98.591 5.15993 0.317019 -0.88301 -0.346111
-28.7341 98.8251 5.68361 0.30877 -0.907958 -0.283326
-27.7792 99.1432 5.70483 0.31657 -0.908047 -0.27402
-26.4033 99.6774 5.62093 0.338369 -0.910199 -0.238839
-25.2294 100.193 5.32369 0.338718 -0.910531 -0.237065
-24.4055 100.572 5.1675 0.368642 -0.895029 -0.25105
-23.0891 101.179 4.79309 0.320809 -0.915509 -0.242741
-21.9358 101.658 4.42122 0.297007 -0.930705 -0.213484
-21.1281 101.98 4.04203 0.259979 -0.947903 -0.184097
-20.2191 102.362 3.49422 0.295254 -0.934641 -0.198169
-19.2479 102.739 2.9514 0.235434 -0.952404 -0.19364
-18.225 103.106 2.28421 0.197321 -0.95819 -0.20721
-17.4524 103.399 1.57232 0.157173 -0.970643 -0.182063
-16.4674 103.768 0.548423 0.179842 -0.962605 -0.202498
-15.7903 104.027 -0.0881127 0.160584 -0.968321 -0.191226
-5.68118 102.045 -8.93211 -0.431534 -0.900072 -0.0604069
-4.69273 101.517 -9.3549 -0.503278 -0.861321 0.0695525
-4.8692 101.655 -8.92293 -0.467412 -0.880694 0.00457152
-5.12599 101.776 -8.8955 -0.431539 -0.90007 -0.0604059
