-43.6386 99.1837 -17.4287 -0.131519 -0.990789 -0.0163542
-43.2264 99.1294 -17.4495 -0.131531 -0.990787 -0.0163592
-42.8828 99.0811 -18.5798 -0.171254 -0.983584 0.0203714
-42.7833 98.9745 -19.8017 -0.204741 -0.964311 0.144997
-42.9209 98.7632 -20.6724 -0.20503 -0.935909 0.28642
-43.4117 98.9712 -20.3037 -0.17176 -0.940325 0.293733
-44.0201 99.2172 -19.3865 -0.160184 -0.983466 0.084468
-43.8156 99.2256 -18.2057 -0.165638 -0.985655 -0.0323814
-43.6415 99.1807 -17.7294 -0.14792 -0.988538 -0.0104888
-44.6847 99.3577 -17.424 -0.182804 -0.982678 -0.0304492
-44.9843 99.4579 -18.6996 -0.184029 -0.982293 -0.0351223
-45.0247 99.4022 -19.6315 -0.131703 -0.970262 0.203093
-44.5997 99.1018 -20.5776 -0.160818 -0.941012 0.297713
-43.8321 98.7113 -21.3856 -0.164304 -0.935101 0.313166
-43.1638 98.3356 -22.0875 -0.185433 -0.916249 0.354637
-42.5964 97.8962 -22.8358 -0.221001 -0.89518 0.387055
-42.1184 97.308 -23.7587 -0.190604 -0.872777 0.449367
-41.4902 97.2576 -23.6833 -0.0897267 -0.879613 0.467151
-41.3791 97.7141 -22.7193 -0.122748 -0.915007 0.384296
-41.4207 98.1388 -21.6522 -0.142948 -0.939197 0.312027
-41.6118 98.47 -20.7096 -0.119889 -0.936361 0.328395
-41.8371 98.8464 -19.3175 -0.204741 -0.96431 0.144997
-41.9948 98.9321 -18.3069 -0.182072 -0.982032 0.0496228
-42.2608 98.9807 -17.2294 -0.152082 -0.987755 -0.0347982
-42.594 98.9652 -16.1581 -0.153435 -0.983106 -0.0997997
-42.962 98.9227 -15.16 -0.158998 -0.981128 -0.109171
-43.4435 98.8927 -14.2931 -0.1601 -0.979436 -0.122775
-44.0905 98.9644 -14.0022 -0.168019 -0.978837 -0.116824
-44.1963 99.1089 -15.0362 -0.158991 -0.981129 -0.109177
-44.3251 99.23 -15.9493 -0.177053 -0.977854 -0.111596
-44.5406 99.3163 -16.9537 -0.181224 -0.983022 -0.0286118
-44.629 99.3416 -17.2393 -0.182804 -0.982678 -0.0304486
-45.5659 99.4945 -16.8322 -0.153876 -0.987774 -0.0249769
-45.8517 99.5152 -17.9073 -0.125523 -0.988622 0.0828867
-46.0134 99.5669 -18.8119 -0.0474002 -0.99379 -0.100669
-46.0337 99.4859 -20.0667 -0.228063 -0.949991 0.213316
-45.5117 99.1179 -21.0362 -0.16824 -0.943549 0.285326
-44.6691 98.6644 -21.9303 -0.178099 -0.924714 0.336429
-44.0135 98.276 -22.6533 -0.149161 -0.911262 0.381918
-43.43 97.8016 -23.399 -0.194281 -0.858605 0.474398
-42.8058 97.1036 -24.3491 -0.154406 -0.831294 0.533955
-42.331 96.5295 -25.1076 -0.152943 -0.832458 0.532562
-41.9323 95.9618 -25.8417 -0.127055 -0.818602 0.560132
-41.661 95.3024 -26.6493 -0.0230619 -0.738606 0.673088
-41.4439 94.3969 -27.696 -0.0201419 -0.756995 0.653066
-41.0316 95.2776 -26.6589 -0.0459258 -0.777828 0.625546
-40.7522 95.8937 -25.7826 -0.0467394 -0.814909 0.577701
-40.3805 96.6752 -24.6265 -0.0948237 -0.824298 0.556124
-40.3602 97.2664 -23.4498 -0.0838975 -0.885106 0.457595
-40.3457 97.7244 -22.3648 -0.122749 -0.915006 0.384297
-40.471 98.1413 -21.2745 -0.0616266 -0.936233 0.345899
-40.6911 98.5337 -20.2775 -0.0743712 -0.952628 0.284508
-40.8674 98.7188 -19.0796 -0.142054 -0.986506 0.081408
-40.9958 98.7756 -18.182 -0.124894 -0.991507 0.0362609
-41.3634 98.8156 -16.7694 -0.171576 -0.983709 -0.0536532
-41.7443 98.7885 -15.5566 -0.131936 -0.987209 -0.0894997
-42.1137 98.7403 -14.4725 -0.122629 -0.987742 -0.0958895
-42.3896 98.6585 -13.6041 -0.14246 -0.974754 -0.171929
-42.8079 98.5561 -12.6455 -0.156667 -0.97539 -0.155145
-43.2586 98.503 -11.7893 -0.11687 -0.979016 -0.160054
-43.8259 98.3941 -10.9833 -0.118751 -0.969078 -0.216092
-44.4098 98.6271 -11.716 -0.130903 -0.971658 -0.196838
-44.739 98.8578 -12.8254 -0.124282 -0.97927 -0.159761
-45.0402 99.1252 -14.0063 -0.158137 -0.970946 -0.179596
-45.2027 99.272 -14.8801 -0.185034 -0.975819 -0.115979
-45.4166 99.4514 -16.1542 -0.152644 -0.983551 -0.0896514
-45.4306 99.458 -16.2235 -0.137045 -0.989118 -0.0461578
-46.4008 99.5534 -15.8951 -0.120961 -0.990186 -0.0699452
-46.1654 99.4444 -14.8025 -0.152644 -0.983551 -0.0896515
-45.8944 99.1691 -13.4915 -0.158137 -0.970946 -0.179595
-45.5974 98.8631 -12.1579 -0.148044 -0.972237 -0.180942
-45.147 98.5067 -10.7353 -0.111969 -0.967443 -0.226973
-44.9107 98.25 -9.79996 -0.0858917 -0.96212 -0.257338
-44.8384 97.945 -8.61217 -0.0529018 -0.964029 -0.259801
-44.5828 97.6368 -7.61365 -0.0581671 -0.946686 -0.316864
-44.0644 97.4936 -7.23448 0.0145144 -0.958811 -0.283674
-43.5762 97.736 -8.07149 -0.0319336 -0.972695 -0.227871
-43.3899 97.95 -9.04323 -0.0747342 -0.968069 -0.239286
-43.0766 98.1156 -9.99604 -0.059566 -0.979621 -0.191161
-42.5582 98.31 -11.0865 -0.0708415 -0.982269 -0.169895
-41.9441 98.3745 -12.2205 -0.0829522 -0.990921 -0.105374
-41.525 98.4712 -13.1296 -0.0986628 -0.981191 -0.165923
-41.0895 98.5805 -14.3884 -0.148115 -0.985703 -0.0777251
-40.5523 98.6606 -15.9787 -0.137979 -0.986965 -0.078417
-40.222 98.6658 -16.8916 -0.131583 -0.989976 -0.0513253
-39.9462 98.6467 -18.1379 -0.145259 -0.987377 0.0559284
-39.7878 98.5087 -19.5697 -0.166617 -0.982909 0.0782908
-39.6229 98.3347 -20.5208 -0.155682 -0.954579 0.254052
-39.3938 97.9943 -21.477 -0.0771271 -0.927549 0.364973
-39.2867 97.6277 -22.3402 -0.0926155 -0.91957 0.381846
-39.3218 97.1445 -23.4548 -0.109856 -0.90814 0.403996
-39.3377 96.6513 -24.3724 -0.113303 -0.878845 0.462924
-39.5314 95.9992 -25.496 -0.0393211 -0.861788 0.505742
-39.8132 95.4128 -26.3501 -0.0569173 -0.799844 0.597503
-40.4534 94.4036 -27.6437 -0.0296583 -0.754601 0.655513
-40.8012 93.8646 -28.2799 0.033013 -0.713573 0.694679
-41.807 92.9221 -29.0286 0.0989711 -0.738782 0.664267
-42.4934 92.7998 -29.1573 -0.0426792 -0.749665 0.658592
-42.5311 93.4991 -28.4928 -0.0642636 -0.671639 0.738086
-42.5998 94.4624 -27.5724 0.0384898 -0.713772 0.69932
-42.7851 95.5278 -26.4697 -0.0335168 -0.719705 0.693471
-43.2091 96.4258 -25.4804 -0.148767 -0.804848 0.574532
-43.644 97.0163 -24.7358 -0.171099 -0.825305 0.538009
-44.2909 97.7582 -23.8303 -0.18756 -0.839404 0.508567
-45.0922 98.4222 -22.9193 -0.287572 -0.87017 0.400133
-45.9298 98.8919 -22.037 -0.158043 -0.949144 0.2723
-46.7675 99.336 -21.1368 -0.184963 -0.939724 0.287487
-47.1171 99.6752 -20.1647 -0.135226 -0.947914 0.28833
-46.9803 99.7557 -18.6397 -0.274405 -0.961602 0.00255126
-46.6717 99.6766 -17.2235 -0.2007 -0.974896 0.0446391
-46.4815 99.5905 -16.2962 -0.120215 -0.990461 -0.067344
-47.4609 99.7645 -16.1294 -0.212788 -0.974427 -0.072155
-47.7511 99.8957 -17.4995 -0.192744 -0.980938 -0.0247166
-47.9225 99.9574 -18.5126 -0.192188 -0.980912 -0.0295989
-48.0995 100.012 -19.5434 -0.181134 -0.960365 0.155504
-48.1294 99.529 -21.1203 -0.135226 -0.947914 0.288331
-47.5804 99.2593 -21.8425 -0.15072 -0.948508 0.276871
-46.5863 98.7908 -22.7773 -0.167691 -0.946983 0.273921
-45.7646 98.3636 -23.6389 -0.182838 -0.924991 0.333108
-45.182 97.8923 -24.2665 -0.371652 -0.827103 0.421634
-44.5352 97.1688 -25.0965 -0.39551 -0.819458 0.414802
-44.051 96.3115 -25.9289 -0.157667 -0.640333 0.751741
-43.7641 95.3986 -26.7233 -0.0865556 -0.723451 0.684929
-43.6073 94.58 -27.5683 -0.0893717 -0.721198 0.686927
-43.562 93.695 -28.4044 -0.06459 -0.671377 0.738296
-43.63 92.7845 -29.2901 -0.0707007 -0.721955 0.688319
-43.6265 91.9701 -30.1371 0.0604684 -0.710042 0.701559
-43.2749 91.2952 -30.8195 0.0542242 -0.676887 0.734073
-42.0854 91.6319 -30.5619 0.0141314 -0.724966 0.685965
-41.1189 92.378 -29.7691 0.0638963 -0.733378 0.676812
-40.4491 92.9283 -29.2568 0.115079 -0.703683 0.701106
-39.8733 93.6296 -28.6162 0.0779432 -0.726247 0.683001
-39.4673 94.1856 -28.0272 0.0655574 -0.780877 0.6206
-38.9923 94.9074 -27.1265 0.0365355 -0.812395 0.580689
-38.6662 95.5209 -26.2246 0.0564264 -0.832647 0.550922
-38.4317 96.0537 -25.3626 0.000715704 -0.86072 0.509052
-38.3275 96.5131 -24.5341 -0.0441893 -0.896904 0.440012
-38.3011 96.9632 -23.6153 -0.044974 -0.908397 0.414651
-38.2666 97.5092 -22.3806 -0.0871554 -0.907748 0.410363
-38.4242 98.0035 -21.2241 -0.0887594 -0.946162 0.299538
-38.6385 98.2208 -20.3454 -0.121916 -0.96318 0.236425
-38.8571 98.423 -18.97 -0.0895114 -0.991853 0.0897297
-38.9398 98.5126 -17.9749 -0.12085 -0.988725 0.0884197
-39.1579 98.5491 -16.8484 -0.078151 -0.995934 -0.0447986
-39.4745 98.5329 -15.9713 -0.0566122 -0.995914 -0.0703178
-39.9344 98.4685 -14.7263 -0.051147 -0.99694 -0.0571242
-40.2821 98.4412 -13.5934 -0.0602413 -0.99449 -0.0761284
-40.5989 98.3389 -12.7042 -0.0442123 -0.990986 -0.12558
-41.1108 98.2528 -11.7131 -0.0626169 -0.991649 -0.111899
-41.6129 98.1692 -10.7502 -0.0953776 -0.984929 -0.144287
-42.0936 98.0089 -9.69746 -0.0471198 -0.978544 -0.200567
-42.3981 97.836 -8.78297 -0.05036 -0.978659 -0.199225
-42.7884 97.5606 -7.49718 -0.00876228 -0.96834 -0.249482
-43.2906 97.2655 -6.40527 0.0251662 -0.962037 -0.271758
-44.0467 96.9475 -5.30784 0.0301642 -0.967369 -0.251558
-45.0272 96.9531 -5.40502 0.00965379 -0.964932 -0.262321
-45.3432 97.26 -6.30489 -0.100913 -0.926911 -0.36146
-45.6029 97.5806 -7.23249 -0.0402086 -0.959659 -0.278277
-45.8058 97.8624 -8.07543 -0.0860345 -0.960632 -0.264167
-45.9395 98.2532 -9.39415 -0.101726 -0.95529 -0.277402
-46.2019 98.5834 -10.5419 -0.117405 -0.965487 -0.232354
-46.462 98.8227 -11.3773 -0.12196 -0.968423 -0.216332
-46.6804 99.08 -12.5335 -0.121015 -0.973783 -0.192613
-46.8691 99.2914 -13.3943 -0.142267 -0.965005 -0.220285
-47.0712 99.5241 -14.2832 -0.159159 -0.967 -0.19682
-47.2716 99.6565 -15.2041 -0.196959 -0.97858 -0.0554153
-47.3453 99.6986 -15.5654 -0.213945 -0.974339 -0.0699334
-48.2378 99.846 -15.043 -0.190467 -0.978575 -0.078191
-48.4552 99.9789 -16.1768 -0.200577 -0.976135 -0.082475
-48.7048 100.091 -17.302 -0.219568 -0.975252 -0.0259429
-48.8973 100.139 -18.4994 -0.199548 -0.979179 -0.000102907
-49.1375 100.184 -19.3806 -0.123127 -0.979321 0.16053
-49.2964 100.035 -20.4133 -0.182286 -0.954318 0.219979
-49.3248 99.7546 -21.4129 -0.248376 -0.934607 0.254224
-48.7209 99.4013 -22.2066 -0.235977 -0.944704 0.227706
-47.7509 98.9282 -23.1067 -0.233862 -0.941742 0.241723
-46.6814 98.364 -24.13 -0.176584 -0.922247 0.343915
-45.9218 97.7791 -24.9005 -0.313998 -0.779375 0.540793
-45.3737 97.1198 -25.6269 -0.240377 -0.693152 0.652818
-44.9221 96.0014 -26.391 -0.174947 -0.639 0.749048
-44.6221 94.8755 -27.4236 -0.130906 -0.726645 0.674426
-44.5365 94.1056 -28.021 0.0428343 -0.667726 0.743174
-44.6038 92.7992 -29.1324 0.098929 -0.666531 0.736772
-44.692 92.1862 -29.743 0.117965 -0.729447 0.673788
-44.567 91.535 -30.4625 0.131259 -0.711298 0.690429
-44.3801 90.6696 -31.3124 0.0573492 -0.678893 0.731994
-43.7561 90.2639 -31.779 0.0600233 -0.712048 0.69956
-42.6663 90.4437 -31.6679 0.0545253 -0.71974 0.692003
-41.7925 90.767 -31.4202 0.0791364 -0.726285 0.682823
-40.8548 91.5137 -30.7315 0.0793225 -0.707863 0.701375
-40.1876 92.0741 -30.2001 0.0798078 -0.737496 0.67062
-39.2564 92.7536 -29.618 0.0935206 -0.715482 0.692025
-38.7842 93.7566 -28.6302 0.0918428 -0.744482 0.659725
-38.2373 94.3465 -27.9501 0.075229 -0.794872 0.602096
-37.8766 94.9498 -27.143 0.040614 -0.822821 0.566847
-37.6132 95.4843 -26.3408 -0.00640496 -0.85646 0.515919
-37.4186 95.97 -25.5122 0.00366956 -0.863066 0.505077
-37.3246 96.4619 -24.5771 0.00352237 -0.902621 0.430421
-37.2439 96.9147 -23.617 -0.00880502 -0.915646 0.401797
-37.2606 97.3467 -22.6127 -0.0237606 -0.928014 0.37033
-37.4084 97.8139 -21.4465 -0.0872289 -0.920606 0.380627
-37.5757 98.0824 -20.4496 -0.116106 -0.972136 0.203643
-37.8186 98.2989 -19.255 -0.0870735 -0.991105 0.100641
-37.9113 98.4064 -18.2361 -0.0661642 -0.994277 0.0838734
-38.0662 98.4737 -16.8856 -0.0992149 -0.995065 -0.0012758
-38.4147 98.4568 -15.7672 -0.0582672 -0.995927 -0.0688008
-38.9171 98.4128 -14.5507 -0.0473151 -0.997979 -0.0424116
-39.2744 98.3372 -13.3167 -0.0647174 -0.991601 -0.111783
-39.6132 98.2564 -12.4037 -0.058946 -0.992198 -0.109858
-40.078 98.1864 -11.6117 -0.0578029 -0.988069 -0.142751
-40.6848 98.0392 -10.3002 -0.0641176 -0.988827 -0.134573
-41.1234 97.9184 -9.43592 -0.0207845 -0.979001 -0.202791
-41.3936 97.749 -8.58632 -0.0145424 -0.982013 -0.187297
-41.6315 97.5597 -7.62229 -0.0506179 -0.978521 -0.199837
-42.0669 97.3243 -6.61677 -0.0084349 -0.965906 -0.258755
-42.5186 97.1079 -5.77338 -0.000845899 -0.970941 -0.239272
-43.1171 96.8105 -4.64494 0.0504566 -0.969804 -0.238608
-44.0196 96.6712 -3.88546 0.0908489 -0.995033 -0.0406949
-44.8993 96.4847 -3.36556 0.282721 -0.935786 -0.210651
-45.6242 96.593 -4.09786 0.0148918 -0.944202 -0.322596
-45.9377 96.8202 -4.94441 -0.0231718 -0.958835 -0.280654
-46.3294 97.2118 -6.01697 -0.0503067 -0.929052 -0.366512
-46.6903 97.6485 -7.19878 -0.0801395 -0.939391 -0.330619
-46.883 98.0335 -8.34039 -0.113982 -0.943791 -0.310084
-46.97 98.3611 -9.37183 -0.132983 -0.95009 -0.282214
-47.258 98.6982 -10.4303 -0.127132 -0.959874 -0.249551
-47.5511 99.1032 -11.8862 -0.155248 -0.964455 -0.210507
-47.8133 99.3912 -13.1183 -0.176278 -0.962758 -0.204963
-48.0413 99.6345 -14.0519 -0.174681 -0.962378 -0.208122
-48.0824 99.6831 -14.2424 -0.169497 -0.964208 -0.203775
-48.1887 99.8174 -14.8056 -0.17739 -0.972306 -0.138809
