-18.0241 104.821 -2.20592 0.171995 -0.955455 -0.239611
-17.5813 105.161 -3.38124 0.123394 -0.969472 -0.211889
-18.4046 104.837 -2.55335 0.170425 -0.958247 -0.229603
-19.1372 104.614 -2.19022 0.199572 -0.948494 -0.244529
-19.9876 104.27 -1.63379 0.225906 -0.944223 -0.239601
-20.6689 103.972 -1.10493 0.223331 -0.948064 -0.226035
-21.6202 103.567 -0.356321 0.234715 -0.939745 -0.246838
-22.3136 103.237 0.12183 0.267774 -0.926447 -0.264562
-22.2108 103.174 0.4562 0.271268 -0.927791 -0.256161
-21.0205 103.592 0.147441 0.247384 -0.935071 -0.253858
-19.9513 103.968 -0.338759 0.220743 -0.951907 -0.212473
-18.9688 104.376 -1.16333 0.173235 -0.952768 -0.249446
-18.1546 104.753 -2.03664 0.173556 -0.952665 -0.249615
-17.3222 104.76 -1.47455 0.178899 -0.952602 -0.246058
-16.772 105.054 -2.22302 0.181191 -0.958812 -0.21694
-16.2117 105.326 -3.04439 0.190187 -0.962756 -0.19217
-15.4996 105.592 -3.94558 0.0810512 -0.972259 -0.219414
-14.7902 105.792 -4.64293 0.0558801 -0.977756 -0.202163
-14.0903 105.958 -5.45505 0.0261817 -0.987414 -0.155976
-13.0775 106.147 -6.44465 0.0378424 -0.989631 -0.138561
-12.2196 106.263 -7.10543 -0.103515 -0.980518 -0.156311
-10.9405 106.217 -7.9049 -0.138452 -0.969926 -0.200189
-9.75087 105.767 -8.5075 -0.448518 -0.884673 -0.127223
-8.61518 105.236 -9.15911 -0.519937 -0.837622 -0.167493
-7.58279 104.568 -9.49105 -0.613488 -0.787649 -0.0468199
-6.87385 104.057 -9.72853 -0.591467 -0.805718 -0.0313857
-6.16314 103.595 -10.0361 -0.508607 -0.857385 -0.0678651
-5.98283 103.524 -10.4909 -0.508607 -0.857385 -0.0678653
-7.04549 104.215 -10.5521 -0.565648 -0.82168 -0.0573471
-7.8747 104.876 -10.5473 -0.624875 -0.77965 -0.0409443
-8.67764 105.425 -10.3826 -0.579214 -0.811885 -0.057846
-9.78915 105.92 -9.83 -0.441186 -0.893448 -0.0840022
-10.7775 106.279 -9.23413 -0.25686 -0.96156 0.0970796
-11.7536 106.392 -8.76597 -0.0252533 -0.998878 -0.0400604
-12.5384 106.437 -8.23602 -0.0461596 -0.990141 -0.132253
-13.3896 106.388 -7.58321 -0.0100709 -0.982581 -0.178273
-14.1934 106.253 -7.00778 0.00268135 -0.975937 -0.218036
-15.2074 106.057 -6.20047 0.0167988 -0.978463 -0.205165
-16.1727 105.895 -5.54849 0.0581961 -0.97891 -0.195827
-17.0199 105.679 -5.00326 0.167002 -0.954621 -0.246594
-17.9098 105.38 -4.43357 0.165852 -0.95755 -0.235779
-18.6392 105.117 -3.88523 0.171235 -0.955763 -0.239156
-19.5458 104.791 -3.22252 0.183823 -0.954945 -0.232664
-20.5604 104.397 -2.47735 0.194417 -0.945823 -0.259125
-21.2955 104.061 -1.90679 0.221369 -0.934451 -0.278923
-22.3772 103.548 -1.09678 0.284819 -0.932023 -0.224079
-23.0466 103.198 -0.491929 0.298495 -0.919916 -0.252559
-23.6992 102.782 0.182195 0.317334 -0.913024 -0.256291
-24.3896 102.35 0.857693 0.330072 -0.907158 -0.260825
-25.1901 101.791 1.80452 0.343063 -0.907643 -0.24185
-24.2912 101.956 2.43803 0.335479 -0.919125 -0.20655
-23.3743 102.324 2.22922 0.29621 -0.928455 -0.224075
-22.2759 102.774 1.84343 0.292917 -0.928215 -0.229256
-21.3532 103.138 1.45618 0.259786 -0.929655 -0.261254
-20.5593 103.45 1.12023 0.253348 -0.933754 -0.252744
-19.641 103.804 0.701626 0.219928 -0.950969 -0.217464
-18.7796 104.119 0.169611 0.184958 -0.958812 -0.21486
-18.1203 104.383 -0.516767 0.178341 -0.963572 -0.199306
-17.6082 104.614 -1.1176 0.178903 -0.952602 -0.246055
-16.5955 104.701 -0.684793 0.175987 -0.965875 -0.189761
-15.8791 105.059 -1.63576 0.158338 -0.954982 -0.250875
-15.1717 105.422 -2.59696 0.0952036 -0.980733 -0.145693
-14.489 105.543 -3.35556 0.0684717 -0.975007 -0.210793
-13.6657 105.79 -4.21691 0.0759426 -0.981239 -0.173672
-12.9626 105.949 -5.02394 0.0527913 -0.987431 -0.148962
-11.9691 105.993 -5.98956 -0.201507 -0.959849 -0.195155
-11.1641 105.974 -6.58623 -0.221342 -0.944947 -0.236515
-10.3951 105.817 -7.07063 -0.382985 -0.913529 -0.137064
-9.57786 105.531 -7.51676 -0.482415 -0.862331 -0.152084
-8.74345 105.115 -7.93262 -0.508404 -0.849899 -0.137851
-7.49261 104.411 -8.47349 -0.539356 -0.830245 -0.140671
-6.77452 103.896 -8.72774 -0.602211 -0.793373 -0.0888862
-5.65914 103.231 -8.83397 -0.496494 -0.863464 -0.0853973
-4.69028 102.703 -8.81411 -0.370139 -0.923631 -0.0995112
-3.70646 102.274 -8.82535 -0.465377 -0.88498 0.0134935
-2.68683 101.749 -8.86789 -0.457243 -0.889223 0.0145753
-1.89519 101.309 -8.88512 -0.379591 -0.917709 0.117137
-1.09515 100.938 -9.00297 -0.529644 -0.785436 0.32026
-0.343004 100.405 -9.0342 -0.553599 -0.767399 0.323461
-1.09914 100.637 -9.74992 -0.559027 -0.785903 0.2542
-1.8947 101.114 -10.2405 -0.558288 -0.808594 0.181796
-2.94926 101.708 -10.7772 -0.549969 -0.823134 0.141371
-3.98131 102.367 -11.0655 -0.585056 -0.805942 0.0903723
-4.96047 102.961 -11.2808 -0.506073 -0.860326 0.0329085
-6.16627 103.717 -11.614 -0.565537 -0.822462 0.00317141
-7.16814 104.413 -11.7369 -0.607775 -0.791379 -0.0654577
-8.09501 105.118 -11.6385 -0.617617 -0.784206 -0.059744
-8.91924 105.679 -11.369 -0.513144 -0.853626 -0.0894708
-9.68583 106.065 -11.0267 -0.401909 -0.902104 -0.147039
-10.9435 106.395 -10.3921 -0.293866 -0.937125 -0.188253
-11.9993 106.579 -9.82898 -0.225081 -0.947928 -0.22398
-12.8792 106.646 -9.30861 -0.154744 -0.9546 -0.2465
-13.6769 106.582 -8.78364 -0.0719538 -0.986687 -0.145849
-14.5512 106.504 -8.14256 0.00292764 -0.976295 -0.216422
-15.3075 106.339 -7.50944 0.0361077 -0.977853 -0.206156
-16.3112 106.148 -6.76454 0.0316787 -0.977484 -0.208575
-17.1207 105.971 -6.24066 0.161251 -0.958702 -0.234281
-17.9913 105.685 -5.68241 0.166741 -0.954708 -0.246434
-19.0407 105.317 -4.97396 0.179649 -0.953207 -0.243108
-19.7558 105.041 -4.42554 0.186721 -0.95485 -0.231075
-20.6091 104.712 -3.77572 0.193068 -0.952713 -0.234654
-21.3335 104.405 -3.19848 0.255806 -0.931357 -0.259109
-22.1146 104.027 -2.59415 0.272066 -0.92783 -0.254244
-23.0144 103.553 -1.92625 0.288214 -0.926246 -0.242137
-23.8275 103.122 -1.18767 0.291598 -0.929564 -0.22557
-24.5059 102.71 -0.515774 0.322963 -0.902441 -0.285122
-25.2456 102.228 0.185885 0.328051 -0.90531 -0.269636
-25.8611 101.822 0.814929 0.327772 -0.902616 -0.278795
-26.4663 101.364 1.54693 0.343049 -0.900014 -0.2683
-27.0613 100.905 2.36989 0.347224 -0.903293 -0.251987
-27.3465 100.539 3.32569 0.350654 -0.911449 -0.215178
-26.5455 100.697 3.80331 0.33037 -0.906881 -0.261216
-25.716 101.029 3.74528 0.352734 -0.90011 -0.255428
-24.6448 101.538 3.55999 0.368777 -0.898265 -0.238545
-23.7512 101.918 3.42932 0.31748 -0.91746 -0.237924
-22.822 102.277 3.15386 0.296211 -0.928458 -0.224065
-21.8109 102.687 2.76417 0.272802 -0.934675 -0.22746
-20.9925 102.989 2.44282 0.262368 -0.937626 -0.227991
-20.0011 103.38 2.04044 0.27877 -0.931755 -0.232635
-18.9545 103.764 1.56338 0.211452 -0.95461 -0.209381
-17.8148 104.179 0.740008 0.200731 -0.958962 -0.200185
-17.1595 104.451 0.019357 0.184875 -0.963406 -0.194089
-17.0482 104.5 -0.116806 0.184875 -0.963406 -0.194089
-16.2959 104.474 0.725429 0.183246 -0.96313 -0.196966
-17.0154 104.184 1.4755 0.182294 -0.963567 -0.195698
-17.8023 103.895 2.10296 0.199033 -0.956925 -0.211071
-18.8256 103.532 2.68906 0.217553 -0.95094 -0.219965
-19.6363 103.25 3.06165 0.283867 -0.936934 -0.203897
-20.5229 102.919 3.37624 0.273799 -0.9415 -0.1965
-21.8249 102.415 3.90392 0.287161 -0.934366 -0.210945
-22.8441 102.007 4.27321 0.305133 -0.927161 -0.217408
-23.7108 101.659 4.43713 0.3422 -0.907986 -0.241788
-24.8137 101.148 4.67541 0.378264 -0.887964 -0.26154
-25.5995 100.765 4.85635 0.350508 -0.902189 -0.251394
-26.5751 100.396 4.82997 0.342875 -0.908405 -0.23924
-27.8585 99.9368 4.84475 0.31779 -0.909864 -0.266752
-28.6156 99.923 4.03159 0.25939 -0.936952 -0.234174
-28.4675 100.252 2.89687 0.264228 -0.926184 -0.267406
-28.0034 100.775 1.69611 0.295318 -0.910619 -0.288393
-27.343 101.226 0.958548 0.322592 -0.904455 -0.278803
-26.5224 101.864 -0.0913183 0.326124 -0.901526 -0.28435
-25.8155 102.347 -0.846605 0.317104 -0.905559 -0.281796
-24.8141 102.947 -1.648 0.294747 -0.919716 -0.257732
-23.6808 103.574 -2.7277 0.280324 -0.923173 -0.262887
-22.9951 103.939 -3.25153 0.287082 -0.920672 -0.264474
-22.0837 104.396 -3.92898 0.261457 -0.931767 -0.251892
-21.1157 104.841 -4.74366 0.199836 -0.953207 -0.226852
-20.4151 105.133 -5.28387 0.18077 -0.952069 -0.246751
-19.6494 105.457 -5.9759 0.175794 -0.953114 -0.246236
-18.3175 105.893 -6.75461 0.165252 -0.958435 -0.23257
-17.5798 106.137 -7.24461 0.163314 -0.958629 -0.233149
-16.6646 106.371 -7.86899 0.02204 -0.977287 -0.21077
-15.8823 106.536 -8.49327 0.0349967 -0.973291 -0.226893
-14.8601 106.748 -9.2345 0.0101751 -0.972658 -0.230583
-13.9668 106.872 -9.83379 -0.0166505 -0.978153 -0.206557
-13.2095 106.931 -10.3684 -0.0827485 -0.974535 -0.208407
-12.3513 106.858 -10.8183 -0.177798 -0.970806 -0.160426
-11.3416 106.689 -11.325 -0.273261 -0.944579 -0.181933
-10.5333 106.505 -11.7483 -0.326612 -0.933227 -0.146574
-9.36312 106.036 -12.2904 -0.494212 -0.865745 -0.0758443
-8.35232 105.388 -12.7172 -0.60456 -0.795413 -0.0427145
-7.62657 104.851 -12.8229 -0.612386 -0.77709 -0.13479
-6.55173 104.054 -12.8815 -0.596504 -0.797856 -0.0872261
-5.49739 103.16 -12.5326 -0.614268 -0.785646 -0.0224851
-4.28482 102.447 -12.2877 -0.515497 -0.850079 0.107837
-3.50261 101.92 -12.0008 -0.590997 -0.801943 0.0868622
-2.29546 101.149 -11.4925 -0.549824 -0.823288 0.141034
-1.56303 100.666 -11.0845 -0.597676 -0.782742 0.172591
-0.407639 99.9815 -10.2643 -0.582459 -0.782163 0.217729
0.352133 99.6148 -9.71743 -0.558502 -0.780108 0.28018
1.01407 99.466 -8.90074 -0.55481 -0.771383 0.311691
1.16566 99.7212 -8.05731 -0.557025 -0.755298 0.345322
0.14867 100.596 -7.74455 -0.557802 -0.760012 0.333525
-0.7727 100.991 -7.80371 -0.375381 -0.916801 0.136146
-1.67083 101.363 -7.80505 -0.37941 -0.915677 0.132604
-2.61632 101.783 -7.81449 -0.462477 -0.881702 0.0933661
-4.01352 102.366 -7.78151 -0.326268 -0.943979 -0.022415
-5.36478 102.984 -7.74649 -0.498967 -0.866027 -0.00428376
-6.24544 103.519 -7.74181 -0.531004 -0.846747 -0.0324682
-7.23675 104.086 -7.45694 -0.493337 -0.861285 -0.111982
-8.07343 104.573 -7.11635 -0.527235 -0.839915 -0.127911
-9.00185 105.042 -6.57167 -0.482419 -0.862328 -0.152088
-9.85437 105.421 -6.16436 -0.469635 -0.871633 -0.137297
-10.8101 105.678 -5.68006 -0.233083 -0.965504 -0.116077
-11.4663 105.841 -5.06049 -0.189363 -0.97779 -0.0172654
-12.1337 105.856 -4.28191 0.0171199 -0.988029 -0.153313
-12.8989 105.715 -3.46653 0.0592702 -0.981599 -0.175331
-13.5459 105.527 -2.85624 0.101321 -0.977295 -0.185948
-14.2551 105.37 -2.05169 -0.0114216 -0.992812 -0.119142
-14.7775 105.196 -1.31379 0.214834 -0.947057 -0.238598
-15.3572 104.893 -0.520652 0.191345 -0.966782 -0.169125
-15.9262 104.632 0.281112 0.184278 -0.966319 -0.178675
-16.0776 104.565 0.482754 0.184811 -0.963306 -0.194644
-5.10073 103.004 -9.82197 -0.478674 -0.87581 -0.0612156
-4.88387 102.888 -9.96191 -0.496178 -0.86783 -0.0081423
-5.01583 102.969 -10.0064 -0.496727 -0.86675 -0.0349032
