-43.3245 99.5113 -21.4924 -0.16852 -0.939196 0.29876
-43.9124 99.8349 -20.6764 -0.177969 -0.951986 0.248035
-43.9264 99.9682 -19.6869 -0.192143 -0.981352 -0.00550062
-43.3257 99.8547 -18.4006 -0.169693 -0.985496 0.00125444
-43.1655 99.8141 -19.4057 -0.186001 -0.982168 0.013515
-42.8863 99.7201 -20.2752 -0.221695 -0.951598 0.212866
-42.8269 99.3606 -21.6915 -0.215553 -0.940804 0.26158
-42.9563 99.3525 -21.8076 -0.153208 -0.942769 0.296164
-43.5801 99.2101 -22.5834 -0.168523 -0.939193 0.298769
-44.5411 99.7007 -21.6466 -0.171689 -0.947091 0.26869
-44.9021 99.9964 -20.8366 -0.141906 -0.947705 0.27991
-44.8729 100.14 -19.8846 -0.176699 -0.984099 0.0180933
-44.6823 100.104 -18.6549 -0.190299 -0.981586 -0.0165614
-44.4058 100.005 -17.3362 -0.160116 -0.985313 -0.0593451
-44.1784 99.8938 -16.2096 -0.168958 -0.9831 -0.0704854
-44.0939 99.7894 -15.3022 -0.187094 -0.973979 -0.12791
-43.6614 99.6803 -15.0204 -0.144258 -0.982301 -0.119476
-43.1736 99.7125 -15.9632 -0.158484 -0.982661 -0.0962349
-42.8301 99.7367 -16.9659 -0.147151 -0.987875 -0.0492676
-42.4149 99.7065 -18.111 -0.1575 -0.987518 -0.00124249
-42.1753 99.6433 -19.0124 -0.207991 -0.977734 0.0278707
-41.9419 99.5754 -20.0007 -0.185863 -0.969183 0.118967
-41.8456 99.2986 -21.1058 -0.21648 -0.947079 0.235493
-41.7505 98.9274 -22.1662 -0.289287 -0.907359 0.304981
-41.6655 98.4691 -23.2041 -0.22889 -0.906654 0.354383
-41.7103 98.0133 -24.1552 -0.214494 -0.855547 0.471202
-41.5869 97.4997 -24.9902 -0.145033 -0.821226 0.551836
-42.1133 98.0521 -24.2636 -0.203718 -0.85526 0.476476
-42.9379 98.7626 -23.2816 -0.179449 -0.874366 0.450868
-43.4149 99.1343 -22.7394 -0.174341 -0.912485 0.362274
-44.1987 99.0147 -23.3546 -0.219164 -0.870233 0.441204
-43.3618 98.3328 -24.2839 -0.199308 -0.872299 0.446037
-42.8404 97.8032 -24.9185 -0.169066 -0.809273 0.562578
-42.2704 97.0707 -25.8174 -0.139357 -0.809931 0.569192
-41.8669 96.2064 -26.9024 -0.111781 -0.808064 0.577982
-41.7265 95.6082 -27.5682 -0.0686806 -0.739041 0.670151
-41.3803 95.5171 -27.6344 -0.064639 -0.738188 0.671491
-40.819 96.0946 -26.8879 -0.0754298 -0.814293 0.575139
-40.5406 96.6664 -26.0193 -0.0803037 -0.849811 0.520935
-40.4604 97.3426 -24.9386 -0.155381 -0.848767 0.501761
-40.5576 98.0696 -23.6001 -0.117803 -0.89193 0.433993
-40.71 98.5362 -22.548 -0.118136 -0.914916 0.385969
-40.8287 98.913 -21.5818 -0.174993 -0.917942 0.356032
-40.8983 99.2656 -20.4735 -0.155862 -0.967133 0.200901
-41.0748 99.4212 -19.3276 -0.182948 -0.983068 0.010408
-41.4168 99.5224 -18.0327 -0.138105 -0.989445 0.0438862
-41.7105 99.5761 -17.0813 -0.150023 -0.986356 -0.0676257
-42.0679 99.5574 -16.1537 -0.15073 -0.983668 -0.0983718
-42.3989 99.5157 -15.2303 -0.154606 -0.983164 -0.0973082
-42.7321 99.4281 -14.2906 -0.157396 -0.973879 -0.163665
-43.2015 99.2835 -12.9971 -0.144867 -0.976051 -0.162288
-44.201 99.2746 -12.1248 -0.130877 -0.975871 -0.174779
-44.411 99.4654 -13.0332 -0.145435 -0.972491 -0.181229
-44.7297 99.6956 -13.9685 -0.16665 -0.969512 -0.179651
-45.0533 99.9569 -15.174 -0.174813 -0.973564 -0.145445
-45.2516 100.124 -16.4686 -0.200816 -0.975164 -0.0934288
-45.5117 100.241 -17.7483 -0.186136 -0.981984 -0.0325609
-45.671 100.293 -18.6688 -0.189618 -0.981656 -0.0198945
-45.853 100.331 -19.8193 -0.154266 -0.982756 0.0768187
-45.999 100.06 -21.0006 -0.126985 -0.93475 0.331839
-45.5931 99.7005 -21.9278 -0.0839678 -0.935489 0.343234
-44.9183 99.3558 -22.6744 -0.115735 -0.934356 0.336188
-44.2729 99.0737 -23.275 -0.169277 -0.906063 0.377593
-45.0003 98.9309 -23.9044 -0.230893 -0.84234 0.485273
-45.679 99.2664 -23.2645 -0.137295 -0.940672 0.3103
-46.4627 99.6421 -22.4572 -0.146667 -0.942488 0.300341
-47.0116 99.9496 -21.7305 -0.132767 -0.951624 0.2771
-47.0018 100.319 -20.6592 -0.142675 -0.930427 0.337265
-46.8567 100.476 -19.7752 -0.201084 -0.967117 0.155722
-46.6835 100.482 -18.789 -0.167928 -0.985367 -0.0291943
-46.5236 100.42 -17.7611 -0.16582 -0.98538 -0.0391211
-46.1724 100.249 -15.9848 -0.152766 -0.983099 -0.0984702
-45.9179 100.022 -14.6284 -0.17275 -0.969719 -0.172198
-45.6621 99.7805 -13.5931 -0.165724 -0.967762 -0.189662
-45.371 99.5218 -12.5062 -0.160002 -0.96911 -0.187684
-45.1436 99.3142 -11.6374 -0.144065 -0.963975 -0.22251
-44.7899 99.0692 -10.814 -0.115259 -0.968117 -0.222052
-44.477 98.8304 -9.89421 -0.105076 -0.968086 -0.227491
-43.8638 98.7896 -9.96131 -0.0809862 -0.973362 -0.213008
-43.0748 98.9113 -11.0092 -0.105001 -0.980409 -0.166653
-42.5791 99.0086 -11.9227 -0.154038 -0.976593 -0.150127
-42.2144 99.0865 -12.7749 -0.138015 -0.973378 -0.181466
-41.8209 99.2632 -13.8941 -0.114005 -0.978423 -0.170301
-41.399 99.3666 -15.1323 -0.138754 -0.983502 -0.116069
-41.0568 99.4025 -15.9961 -0.136103 -0.987237 -0.0826959
-40.7015 99.423 -16.9681 -0.134837 -0.989257 -0.0564674
-40.3666 99.3809 -18.1409 -0.123843 -0.991738 0.0334551
-40.0666 99.2826 -19.3422 -0.16787 -0.982901 0.0756704
-39.915 99.1268 -20.2915 -0.186908 -0.965567 0.180957
-39.8304 98.8187 -21.4444 -0.155808 -0.93853 0.308034
-39.5834 98.2032 -22.9767 -0.125681 -0.911471 0.391694
-39.4338 97.7006 -24.0167 -0.0849902 -0.882874 0.460802
-39.4262 97.0252 -25.2934 -0.079828 -0.869953 0.48663
-39.6324 96.2482 -26.5108 -0.0966753 -0.80716 0.582363
-40.0272 95.5011 -27.6332 -0.081034 -0.822134 0.563497
-40.5635 94.472 -28.7877 0.0219055 -0.734108 0.678679
-41.0256 93.791 -29.4272 0.0933026 -0.711694 0.696092
-41.55 93.2604 -29.9311 0.0249055 -0.770584 0.636852
-42.298 92.8426 -30.4073 0.0104234 -0.767619 0.64064
-42.4871 93.4987 -29.63 -0.027408 -0.708292 0.700503
-42.4887 94.5742 -28.6911 -0.0562282 -0.683023 0.727632
-42.6353 95.4719 -27.8116 -0.0558594 -0.720902 0.690136
-42.8711 96.3063 -26.9389 -0.0832704 -0.728081 0.680415
-43.1207 96.8732 -26.2878 -0.159592 -0.788474 0.593499
-43.7878 97.7896 -25.2535 -0.190778 -0.810153 0.554298
-44.4035 98.4294 -24.5355 -0.192447 -0.828782 0.524153
-44.7459 98.7156 -24.1761 -0.191407 -0.848572 0.493242
-45.5964 98.6744 -24.6812 -0.262756 -0.818176 0.511416
-44.7033 97.8022 -25.6255 -0.258057 -0.820433 0.510193
-44.0377 96.8793 -26.5868 -0.203345 -0.74043 0.637089
-43.708 95.891 -27.5422 -0.116546 -0.702522 0.700179
-43.5204 94.7297 -28.6211 -0.0453956 -0.672647 0.737126
-43.509 94.0237 -29.2133 -0.0124462 -0.653774 0.756342
-43.4757 93.0671 -30.1225 0.00119348 -0.739038 0.672804
-43.349 92.4452 -30.8297 0.0276612 -0.720915 0.69137
-42.9387 91.6617 -31.6344 0.052303 -0.716386 0.695741
-41.736 92.0944 -31.2878 0.0625556 -0.71451 0.696823
-41.0055 92.6035 -30.7307 0.0454583 -0.759471 0.648313
-40.4488 93.1452 -30.1856 0.0902809 -0.720499 0.687554
-39.8026 93.9922 -29.3812 0.0892863 -0.737247 0.669268
-39.4377 94.5665 -28.7678 0.0905135 -0.753272 0.651452
-38.9641 95.4404 -27.6895 0.0432915 -0.822307 0.567379
-38.5611 96.2796 -26.436 0.0351711 -0.848355 0.528259
-38.3928 96.9572 -25.2848 -0.0187702 -0.874475 0.484513
-38.3543 97.4143 -24.4743 -0.0344306 -0.891971 0.448056
-38.4006 97.8277 -23.5907 -0.07196 -0.906453 0.41532
-38.6599 98.3705 -22.3658 -0.0818245 -0.914229 0.396561
-38.8168 98.7065 -21.3434 -0.057369 -0.968397 0.242728
-38.9096 99.0023 -20.165 -0.148044 -0.979447 0.135355
-39.0788 99.1357 -19.2844 -0.142823 -0.985095 0.0958638
-39.3392 99.2325 -18.1933 -0.144065 -0.989149 0.0287961
-39.6241 99.2738 -17.0995 -0.149086 -0.987247 -0.0557093
-39.8962 99.2638 -16.2262 -0.14178 -0.987323 -0.0697894
-40.4005 99.2067 -14.9813 -0.13937 -0.983186 -0.117971
-40.7341 99.1492 -14.097 -0.142001 -0.982054 -0.123923
-41.1009 99.014 -12.9551 -0.0760254 -0.984109 -0.158786
-41.5357 98.8925 -11.806 -0.0790758 -0.988298 -0.130052
-41.9417 98.8038 -10.9548 -0.0689895 -0.984334 -0.162259
-42.4239 98.7007 -10.1242 -0.0636097 -0.986165 -0.152671
-42.9217 98.54 -9.19009 -0.0518636 -0.976627 -0.208591
-43.3743 98.2458 -7.85565 -0.0309021 -0.96633 -0.255444
-43.8346 97.9928 -6.94233 0.0222507 -0.947974 -0.31757
-44.6172 97.9825 -6.84872 -0.0580896 -0.942499 -0.329122
-44.979 98.367 -8.00667 -0.0513486 -0.960826 -0.272353
-45.2544 98.6771 -9.01088 -0.0711231 -0.952847 -0.294999
-45.6601 99.0073 -10.0838 -0.139363 -0.963468 -0.228708
-45.9728 99.289 -11.0384 -0.146047 -0.958432 -0.245108
-46.307 99.58 -12.1032 -0.14012 -0.969492 -0.201125
-46.6207 99.881 -13.3255 -0.140733 -0.968736 -0.204315
-46.8468 100.129 -14.2729 -0.213353 -0.960016 -0.181243
-47.0216 100.313 -15.1435 -0.18031 -0.973287 -0.142126
-47.2036 100.465 -16.2579 -0.207514 -0.975743 -0.0650139
-47.4153 100.557 -17.2766 -0.176833 -0.983797 -0.0295434
-47.6344 100.631 -18.3734 -0.166876 -0.985373 -0.0341556
-47.7923 100.718 -19.4793 -0.193496 -0.974059 0.050133
-47.9781 100.528 -20.425 -0.131593 -0.963103 0.234768
-48.218 100.119 -21.9045 -0.250062 -0.93375 0.256014
-47.6431 99.7641 -22.6817 -0.209407 -0.947273 0.238861
-46.8698 99.4208 -23.4604 -0.169715 -0.952835 0.251598
-46.2017 99.0812 -24.1115 -0.174566 -0.940194 0.29122
-45.7185 98.7827 -24.5708 -0.266568 -0.827139 0.494366
-46.4895 98.7167 -25.1804 -0.33901 -0.818978 0.462977
-47.1905 99.1486 -24.4812 -0.208737 -0.918565 0.332727
-47.8469 99.5188 -23.8819 -0.226594 -0.9387 0.259805
-48.7209 99.9317 -23.1459 -0.227879 -0.942306 0.245214
-49.2431 100.289 -22.2851 -0.255242 -0.933219 0.252617
-49.1466 100.59 -21.1062 -0.245163 -0.934362 0.258578
-48.7853 100.869 -19.6145 -0.17163 -0.953121 0.249205
-48.6927 100.872 -18.2693 -0.241831 -0.969374 -0.0424653
-48.3652 100.748 -17.1581 -0.227996 -0.972138 -0.0510142
-48.1182 100.609 -15.9534 -0.167138 -0.98364 -0.0672038
-47.9287 100.42 -14.5936 -0.240924 -0.958307 -0.153634
-47.6625 100.115 -13.4169 -0.192074 -0.952816 -0.235051
-47.3509 99.7563 -12.2024 -0.171765 -0.96169 -0.211642
-47.1487 99.5297 -11.2773 -0.146506 -0.958328 -0.245243
-46.8199 99.2303 -10.3039 -0.131775 -0.956786 -0.258459
-46.4721 98.8488 -9.15258 -0.105661 -0.952949 -0.284119
-46.1329 98.5322 -8.25248 -0.104581 -0.943926 -0.313156
-45.9103 98.1713 -7.1587 -0.0669053 -0.935632 -0.346352
-45.6331 97.7134 -6.02022 -0.0658641 -0.929611 -0.362529
-45.0732 97.3878 -4.94114 -0.0039013 -0.962097 -0.27268
-44.0635 97.4365 -5.05064 0.0292543 -0.967947 -0.249443
-43.1918 97.6831 -5.88152 0.0276657 -0.962714 -0.269097
-42.4267 98.0587 -7.27371 -0.0279715 -0.965568 -0.258643
-42.097 98.3281 -8.34653 -0.026893 -0.974529 -0.222348
-41.5229 98.5366 -9.35823 -0.0394348 -0.982411 -0.178058
-40.9642 98.6773 -10.6491 -0.0932909 -0.985983 -0.138276
-40.4003 98.8572 -12.1152 -0.0539031 -0.987573 -0.14701
-39.8951 98.9934 -13.399 -0.0537301 -0.993531 -0.0963349
-39.5715 99.0452 -14.296 -0.0400886 -0.996067 -0.0789805
-39.1175 99.1107 -15.3819 -0.0494639 -0.996178 -0.0710967
-38.721 99.1643 -16.7662 -0.0546849 -0.997272 -0.0495864
-38.4854 99.174 -17.6522 -0.0713809 -0.995988 0.019915
-38.2321 99.0938 -18.5905 -0.0682911 -0.99474 0.0756225
-37.9645 98.9235 -19.986 -0.0559902 -0.990866 0.122679
-37.8353 98.7417 -20.8875 -0.102492 -0.970265 0.217326
-37.6822 98.4564 -21.9336 -0.0982137 -0.939137 0.323984
-37.4309 98.0112 -22.949 -0.0749658 -0.926934 0.366674
-37.3521 97.5841 -23.9783 -0.0545195 -0.913758 0.402585
-37.3417 97.0741 -25.0289 -0.0454211 -0.879571 0.473594
-37.4508 96.4958 -26.1134 -0.0487642 -0.878334 0.475537
-37.6485 95.7046 -27.3594 -0.00516093 -0.840256 0.542165
-38.0976 95.0808 -28.2538 0.00787154 -0.821238 0.570532
-38.4102 94.512 -28.9531 0.0887721 -0.765988 0.636696
-38.9455 93.7109 -29.788 0.0951837 -0.721232 0.686115
-39.5837 92.8365 -30.6229 0.0933802 -0.730869 0.675968
-40.422 92.0652 -31.41 0.0454631 -0.740101 0.670958
-41.0574 91.583 -31.876 0.0583515 -0.717766 0.693791
-41.779 91.148 -32.2566 0.0593293 -0.725917 0.685068
-42.8139 90.7033 -32.6442 0.0679898 -0.735296 0.674327
-43.7726 90.6963 -32.5629 0.0387616 -0.741585 0.669733
-44.2945 91.5526 -31.6465 0.0482622 -0.711761 0.700762
-44.3551 92.209 -30.9995 0.0691179 -0.702059 0.708394
-44.4811 93.0424 -30.1277 0.0793927 -0.714245 0.695378
-44.478 93.9723 -29.2659 0.0347611 -0.64397 0.764261
-44.5191 95.0954 -28.3865 -0.0989156 -0.62103 0.774662
-44.7472 96.2735 -27.3866 -0.16451 -0.667959 0.724524
-45.1298 97.2226 -26.6143 -0.266897 -0.699532 0.649732
-45.6447 97.866 -25.9786 -0.302612 -0.776307 0.552904
-45.9755 98.2514 -25.6272 -0.324203 -0.795461 0.509147
-46.1128 98.3896 -25.4833 -0.339014 -0.818978 0.462974
