-16.9879 106.187 -3.98803 0.174347 -0.953258 -0.246764
-15.8035 106.531 -4.55231 0.159575 -0.960309 -0.228785
-15.5181 106.514 -4.33695 0.0749085 -0.966965 -0.243656
-16.4598 106.12 -3.34887 0.177144 -0.952689 -0.246987
-17.245 105.759 -2.50097 0.170244 -0.955015 -0.242824
-17.8995 105.434 -1.69675 0.179418 -0.950325 -0.254313
-18.5924 105.142 -1.08914 0.180274 -0.951184 -0.250499
-19.3674 104.802 -0.415959 0.232158 -0.940267 -0.248979
-20.2386 104.398 0.320558 0.251912 -0.936679 -0.242231
-21.0989 104.077 0.617902 0.256284 -0.931275 -0.258926
-22.3708 103.638 0.858033 0.28658 -0.918152 -0.273621
-22.061 103.945 0.111608 0.270467 -0.928251 -0.255338
-21.3994 104.306 -0.504028 0.258253 -0.933359 -0.248918
-20.501 104.743 -1.26669 0.247556 -0.935794 -0.250969
-19.7513 105.12 -1.95339 0.232781 -0.938808 -0.253876
-18.8282 105.499 -2.57919 0.199539 -0.946995 -0.250769
-18.0202 105.809 -3.21815 0.164318 -0.956478 -0.241144
-17.1365 106.135 -3.89015 0.171344 -0.95363 -0.247449
-17.0628 106.162 -3.94372 0.171349 -0.953628 -0.247453
-17.7333 106.344 -5.12978 0.171393 -0.955578 -0.239779
-16.9868 106.605 -5.58861 0.163819 -0.954292 -0.249381
-16.1319 106.864 -6.08975 0.145196 -0.95881 -0.244134
-15.3891 107.038 -6.60553 0.0310747 -0.976635 -0.212646
-14.5011 107.202 -7.21312 0.0360275 -0.97585 -0.215449
-13.5386 107.337 -7.76761 0.00605701 -0.982802 -0.184561
-12.7417 107.437 -8.36088 -0.0951324 -0.963632 -0.235847
-12.3337 107.597 -9.21414 0.0102131 -0.963978 -0.252542
-11.326 107.546 -9.65083 -0.274606 -0.948034 -0.137932
-10.4921 107.268 -9.91463 -0.324659 -0.930127 -0.16704
-9.65928 107.165 -10.3867 -0.310435 -0.935179 -0.120168
-8.93076 106.865 -10.8364 -0.466952 -0.875694 -0.0858336
-7.93712 106.245 -11.333 -0.573798 -0.81592 -0.0663941
-7.21886 105.738 -11.6461 -0.589041 -0.802471 -0.0905595
-6.22635 104.959 -11.7896 -0.634295 -0.764646 -0.113956
-5.41597 104.355 -11.5683 -0.49064 -0.870026 0.0482319
-4.59062 103.869 -11.4458 -0.53403 -0.840387 0.0859796
-3.80354 103.41 -11.4024 -0.507694 -0.855984 0.0976382
-3.01976 102.958 -11.2307 -0.516365 -0.850887 0.0967392
-2.19237 102.488 -10.9416 -0.513013 -0.844719 0.152533
-1.09258 101.974 -10.3306 -0.456889 -0.851525 0.257209
-1.73501 102.312 -10.2323 -0.461579 -0.881738 0.0716322
-2.9651 103.025 -10.1409 -0.504255 -0.859701 0.0795196
-3.82169 103.424 -10.2674 -0.449141 -0.890727 -0.0343901
-5.08769 104.114 -9.98613 -0.479828 -0.874647 -0.0689786
-5.9104 104.606 -9.85182 -0.597868 -0.801355 -0.0195483
-6.66041 105.16 -9.68187 -0.597025 -0.802012 -0.0183925
-7.53605 105.811 -9.31514 -0.57642 -0.81367 -0.0552207
-8.52244 106.405 -8.98938 -0.532281 -0.840689 -0.0995816
-9.2853 106.813 -8.65521 -0.460558 -0.884568 -0.0736664
-10.0256 107.166 -8.27171 -0.398286 -0.899661 -0.148992
-10.8812 107.271 -7.80273 -0.00795737 -0.989293 -0.145387
-11.6703 107.178 -7.08942 -0.00660631 -0.990736 -0.135643
-12.4471 107.046 -6.24867 0.00427717 -0.979726 -0.200295
-13.0968 106.909 -5.58848 0.021767 -0.979267 -0.200638
-13.9589 106.68 -4.40754 0.0422795 -0.988295 -0.146578
-14.7803 106.322 -3.12192 0.106495 -0.972025 -0.209329
-15.4039 106.062 -2.451 0.192986 -0.959941 -0.203149
-15.9973 105.804 -1.80509 0.190426 -0.948965 -0.250898
-16.5435 105.524 -1.1022 0.16966 -0.953621 -0.248642
-17.1879 105.226 -0.411171 0.175639 -0.957349 -0.228073
-17.9548 104.957 0.20019 0.184384 -0.961042 -0.205679
-18.8662 104.572 0.983653 0.221737 -0.94633 -0.235142
-19.9882 104.101 1.68619 0.28625 -0.934251 -0.212687
-21.4016 103.604 2.0055 0.261804 -0.928511 -0.2633
-22.3098 103.282 2.22213 0.298175 -0.919349 -0.256504
-23.9684 102.634 2.56256 0.323333 -0.919829 -0.221844
-25.4029 102.11 2.47072 0.344136 -0.895104 -0.283477
-24.8664 102.628 1.38342 0.326769 -0.912794 -0.245007
-24.2141 103.152 0.41392 0.332174 -0.89601 -0.294662
-23.5368 103.629 -0.358197 0.292289 -0.917464 -0.269866
-22.7886 104.048 -1.0423 0.268232 -0.929377 -0.253595
-22.1572 104.383 -1.61458 0.275091 -0.928677 -0.248764
-21.4999 104.725 -2.1834 0.246706 -0.933716 -0.259375
-20.6761 105.155 -2.94049 0.243898 -0.932722 -0.265597
-19.7804 105.566 -3.6217 0.216856 -0.938409 -0.269002
-18.9585 105.901 -4.25341 0.179449 -0.954607 -0.237747
-18.063 106.236 -4.93148 0.171389 -0.955581 -0.239774
-18.8236 106.403 -6.1331 0.184249 -0.946965 -0.263267
-17.7952 106.762 -6.71379 0.171614 -0.95036 -0.259424
-17.011 107.04 -7.24114 0.165782 -0.952528 -0.255354
-16.1402 107.243 -7.75546 0.063828 -0.969584 -0.23629
-15.3058 107.411 -8.324 0.0369292 -0.97756 -0.207397
-14.3635 107.593 -8.98196 -0.0147375 -0.975661 -0.209498
-13.5243 107.737 -9.766 0.0352181 -0.96685 -0.252905
-12.6725 107.862 -10.3873 -0.00990003 -0.989458 -0.144482
-11.8126 107.778 -10.8707 -0.14072 -0.98659 -0.0826942
-10.8944 107.686 -11.3272 -0.295317 -0.935892 -0.19208
-10.073 107.482 -11.7867 -0.393853 -0.911435 -0.119018
-9.24461 107.171 -12.2944 -0.512707 -0.853356 -0.0915475
-8.33239 106.655 -12.7636 -0.5292 -0.84219 -0.103263
-7.52531 106.165 -13.0271 -0.599728 -0.788083 -0.116004
-6.83006 105.602 -13.1415 -0.627456 -0.776102 -0.0629638
-6.12964 105.046 -13.2625 -0.627455 -0.776103 -0.0629668
-5.38064 104.368 -13.034 -0.658735 -0.748971 -0.0714279
-4.6352 103.796 -12.7831 -0.550843 -0.834125 0.028399
-3.7797 103.27 -12.7048 -0.511032 -0.858679 0.0389285
-2.74226 102.613 -12.4888 -0.55691 -0.825073 0.0954273
-1.93565 102.09 -12.2395 -0.580119 -0.7997 0.151549
-0.90984 101.468 -11.802 -0.57975 -0.794391 0.180128
0.0669457 100.918 -11.3197 -0.547856 -0.797522 0.252612
0.987158 100.465 -10.7044 -0.564523 -0.773797 0.287318
1.68561 100.248 -9.92097 -0.552713 -0.779604 0.294367
1.5564 100.714 -9.00373 -0.564275 -0.763667 0.313375
0.527354 101.501 -8.99913 -0.437364 -0.83322 0.298048
-0.359081 101.902 -8.93646 -0.394622 -0.8824 0.256211
-1.7465 102.488 -8.96386 -0.414612 -0.899383 0.13859
-2.66969 102.931 -8.84752 -0.371918 -0.921571 0.0540731
-3.81912 103.401 -8.7869 -0.389681 -0.919758 -0.0468403
-4.81339 103.888 -8.73203 -0.511696 -0.856523 -0.0673484
-5.85458 104.503 -8.53446 -0.556639 -0.826191 -0.0753953
-6.64466 105.047 -8.28945 -0.579373 -0.808821 -0.100679
-7.51283 105.636 -8.02701 -0.574193 -0.810556 -0.114384
-8.53937 106.239 -7.57688 -0.535751 -0.83496 -0.125753
-9.32242 106.65 -7.14967 -0.439507 -0.875113 -0.182771
-10.1228 106.855 -6.61292 -0.361471 -0.912968 -0.189282
-10.8368 106.846 -5.86487 -0.217991 -0.944129 -0.247184
-11.7343 106.816 -4.86501 0.0709655 -0.985599 -0.153486
-12.3013 106.671 -4.0829 0.0126778 -0.987365 -0.157904
-12.9479 106.542 -3.34728 0.0411545 -0.978662 -0.19602
-13.687 106.298 -2.31092 0.101205 -0.982743 -0.144981
-14.4067 106.046 -1.50433 0.144782 -0.96089 -0.229089
-15.0386 105.739 -0.766116 0.238596 -0.943423 -0.23027
-15.647 105.431 0.0343168 0.20549 -0.961336 -0.183322
-16.6586 105.029 1.02708 0.185451 -0.962734 -0.196853
-17.4363 104.767 1.54378 0.213178 -0.949283 -0.231078
-18.1058 104.463 2.15855 0.224176 -0.947038 -0.229921
-19.1168 104.073 2.78978 0.240025 -0.951113 -0.19435
-20.2092 103.72 3.07372 0.281985 -0.935822 -0.21106
-21.3248 103.31 3.34293 0.290654 -0.933662 -0.209201
-22.1973 102.971 3.61564 0.301008 -0.932538 -0.199415
-23.0423 102.649 3.84368 0.304852 -0.928777 -0.210449
-24.4689 102.097 3.98284 0.354036 -0.908904 -0.219036
-25.7025 101.567 3.97417 0.390851 -0.892268 -0.226037
-26.7252 101.225 3.60801 0.375001 -0.894993 -0.241583
-27.1767 101.383 2.47996 0.337277 -0.895065 -0.291725
-26.6899 101.911 1.43476 0.333948 -0.894578 -0.296965
-25.9598 102.466 0.566153 0.329226 -0.897868 -0.292277
-25.3409 102.976 -0.314002 0.332534 -0.898046 -0.287984
-24.6526 103.475 -1.11446 0.306579 -0.910706 -0.276811
-23.7438 103.997 -1.90704 0.283676 -0.927418 -0.243544
-22.9552 104.446 -2.69974 0.29028 -0.917158 -0.27304
-22.2969 104.842 -3.33154 0.262015 -0.92559 -0.272341
-21.5431 105.225 -3.9787 0.245087 -0.932559 -0.265077
-20.7707 105.587 -4.57608 0.236267 -0.9395 -0.248025
-19.8903 105.975 -5.26781 0.204097 -0.950796 -0.233093
-18.9852 106.344 -6.03044 0.175111 -0.95396 -0.243508
-18.9455 106.359 -6.05855 0.17968 -0.950463 -0.253388
