-43.4927 100.555 -19.4653 -0.19546 -0.979824 0.037385
-43.08 100.429 -20.6107 -0.195459 -0.979824 0.0373853
-42.7656 100.135 -21.823 -0.217193 -0.958953 0.18231
-43.145 100.072 -22.4348 -0.218422 -0.91693 0.333855
-43.7759 100.405 -21.7957 -0.220433 -0.961847 0.153343
-44.0651 100.564 -20.981 -0.205687 -0.9704 0.123207
-43.8128 100.612 -19.8688 -0.212493 -0.976674 0.0309008
-43.5759 100.564 -19.7674 -0.212493 -0.976674 0.0309008
-44.6802 100.797 -19.3891 -0.185141 -0.982297 0.0272167
-44.3207 100.719 -18.419 -0.19318 -0.980863 -0.0242681
-43.8273 100.589 -17.2613 -0.167061 -0.984545 -0.0525525
-43.4334 100.48 -16.5586 -0.172979 -0.981522 -0.0818147
-43.1031 100.476 -17.4154 -0.163409 -0.984837 -0.0582563
-42.6702 100.426 -18.5965 -0.1835 -0.982919 0.0140929
-42.2339 100.29 -19.949 -0.208569 -0.976198 0.0594733
-41.9516 100.102 -21.0726 -0.206093 -0.959656 0.191273
-41.8017 99.881 -21.9773 -0.249742 -0.935853 0.244997
-41.7287 99.4407 -23.2659 -0.25042 -0.882206 0.386991
-41.4873 98.6939 -24.4685 -0.263019 -0.831069 0.488453
-41.5331 98.0177 -25.5828 -0.127056 -0.853324 0.505488
-42.004 98.4244 -25.1365 -0.233327 -0.825798 0.513436
-42.4291 98.9425 -24.4999 -0.234719 -0.824345 0.515133
-42.9859 99.4122 -23.9414 -0.173919 -0.842967 0.509077
-43.5979 99.825 -23.4084 -0.218423 -0.916931 0.333853
-44.3222 100.211 -22.696 -0.124682 -0.924005 0.361483
-45.0787 100.728 -21.6374 -0.179453 -0.944383 0.24065
-44.9957 100.811 -20.4739 -0.179869 -0.980762 0.0758438
-44.7685 100.804 -19.6536 -0.178 -0.983515 0.0318318
-45.6159 100.983 -19.1386 -0.191138 -0.980801 0.0386854
-46.0278 101.009 -20.5779 -0.203517 -0.977642 0.0501381
-46.1882 100.827 -21.5479 -0.0477559 -0.938612 0.341652
-45.919 100.478 -22.4093 -0.0641519 -0.923839 0.377368
-45.2252 100.13 -23.1611 -0.0510735 -0.926147 0.373689
-44.4768 99.7062 -23.9106 -0.126232 -0.866891 0.482251
-43.7521 99.1887 -24.5782 -0.183084 -0.842276 0.507003
-43.1859 98.668 -25.2174 -0.183039 -0.826347 0.532585
-42.6854 98.0284 -25.9405 -0.216876 -0.780419 0.586439
-42.26 97.3613 -26.7603 -0.13317 -0.799157 0.584558
-41.8727 96.7301 -27.5036 -0.0902985 -0.798352 0.595382
-41.5014 96.0719 -28.3299 -0.0614877 -0.764809 0.638346
-41.2171 95.9498 -28.4429 -0.0597405 -0.733222 0.675071
-40.735 96.803 -27.2083 -0.112938 -0.803165 0.584872
-40.4859 97.4688 -26.2262 -0.106859 -0.817707 0.565317
-40.368 97.9387 -25.4412 -0.118749 -0.859478 0.497188
-40.4701 98.6006 -24.1898 -0.154627 -0.895121 0.416899
-40.6437 99.039 -23.3988 -0.250183 -0.856255 0.451522
-40.7907 99.4937 -22.3618 -0.197321 -0.947385 0.252044
-40.8952 99.776 -21.3717 -0.224713 -0.948165 0.222892
-41.1369 100.057 -20.2746 -0.168254 -0.982842 0.075583
-41.5355 100.204 -18.9707 -0.190735 -0.981478 0.017903
-41.8243 100.277 -17.9972 -0.181744 -0.982554 -0.0199222
-42.1195 100.29 -17.1184 -0.162902 -0.985918 -0.0377943
-42.4046 100.262 -16.2328 -0.172275 -0.980255 -0.0970671
-42.8289 100.204 -15.0739 -0.152862 -0.974296 -0.165255
-43.17 100.106 -14.2283 -0.152048 -0.972485 -0.176503
-43.7073 100.027 -13.3229 -0.139432 -0.976051 -0.166858
-44.1652 100.219 -13.9751 -0.160399 -0.971063 -0.176943
-44.4651 100.449 -14.9653 -0.160021 -0.971307 -0.175943
-44.6765 100.652 -16.0863 -0.166645 -0.981444 -0.0948572
-44.9335 100.784 -17.0782 -0.194101 -0.979388 -0.0558997
-45.3466 100.916 -18.2996 -0.189401 -0.981582 -0.0249263
-45.5859 100.981 -19.0493 -0.189619 -0.981327 0.00728088
-46.5281 101.161 -18.8055 -0.215302 -0.97648 -0.0114703
-46.7935 101.196 -19.7246 -0.20367 -0.978391 0.0356453
-47.1705 101.031 -21.133 -0.0165757 -0.962977 0.269073
-47.2906 100.705 -22.0695 -0.0581202 -0.935892 0.34746
-46.9386 100.376 -22.8759 -0.106176 -0.941796 0.311911
-46.1921 100.08 -23.6149 -0.17405 -0.933839 0.304132
-45.6155 99.7541 -24.242 -0.0675349 -0.938829 0.337697
-44.857 99.2626 -24.8771 -0.217733 -0.879068 0.422772
-44.3006 98.7896 -25.405 -0.244929 -0.824887 0.504313
-43.6727 98.0674 -26.2537 -0.203293 -0.770666 0.60347
-43.2997 97.483 -26.8562 -0.186896 -0.765057 0.61621
-42.8415 96.593 -27.8372 -0.166518 -0.751462 0.637419
-42.5415 95.9199 -28.5428 -0.0326825 -0.731266 0.681309
-42.2713 95.0238 -29.4365 -0.054382 -0.697641 0.71438
-42.198 94.2302 -30.2059 -0.0366189 -0.707942 0.704958
-42.1171 93.6536 -30.8202 0.0106234 -0.727202 0.686341
-41.997 93.1488 -31.3576 0.0116378 -0.737102 0.675681
-41.4808 93.688 -30.7802 -0.0157635 -0.740429 0.67195
-41.005 94.2013 -30.2034 -0.0173095 -0.729335 0.683745
-40.4453 94.9975 -29.3632 -0.0211936 -0.719293 0.694384
-40.0811 95.6974 -28.5848 -0.0898152 -0.763574 0.639443
-39.8484 96.2589 -27.8404 -0.0676971 -0.807237 0.586188
-39.6128 96.8672 -26.9952 -0.0520362 -0.813898 0.578319
-39.434 97.3494 -26.2495 -0.0942901 -0.84856 0.520629
-39.3232 97.8838 -25.2822 -0.0947518 -0.87506 0.47465
-39.4213 98.4953 -24.112 -0.11745 -0.899917 0.419947
-39.6691 98.9995 -23.0563 -0.122973 -0.91225 0.390739
-39.7845 99.3417 -22.2127 -0.128834 -0.948801 0.287481
-39.8686 99.6266 -21.3427 -0.129456 -0.955065 0.263796
-40.1131 99.886 -20.2785 -0.168912 -0.977064 0.129667
-40.4359 100.038 -19.1986 -0.126266 -0.991319 0.0366511
-40.7291 100.114 -18.2186 -0.143586 -0.988741 -0.000596965
-41.0612 100.129 -17.1074 -0.119792 -0.9904 -0.0563825
-41.484 100.073 -15.8382 -0.15373 -0.983579 -0.0938802
-41.8292 100.031 -14.8905 -0.160897 -0.981658 -0.10227
-42.2459 99.9035 -13.8076 -0.117835 -0.979177 -0.165309
-42.8279 99.7739 -12.6013 -0.138808 -0.975057 -0.173193
-43.5508 99.6278 -11.3144 -0.122777 -0.972761 -0.196625
-44.1436 99.6664 -11.1352 -0.120607 -0.973499 -0.194275
-44.5682 99.9036 -12.0769 -0.119083 -0.97518 -0.186583
-45.0009 100.245 -13.36 -0.159737 -0.968098 -0.192395
-45.3388 100.517 -14.4701 -0.181968 -0.965585 -0.18583
-45.593 100.721 -15.4745 -0.147553 -0.980774 -0.127709
-45.7818 100.87 -16.3986 -0.157096 -0.981109 -0.111291
-46.0617 101.012 -17.3006 -0.211135 -0.9724 -0.099297
-46.4039 101.129 -18.367 -0.214754 -0.976603 -0.0112761
-47.3818 101.334 -18.1869 -0.163749 -0.985532 -0.0437446
-47.095 101.243 -17.3136 -0.191051 -0.978198 -0.072873
-46.7144 101.009 -15.9683 -0.217762 -0.968172 -0.123382
-46.4738 100.827 -14.9812 -0.185485 -0.968013 -0.168953
-46.174 100.569 -13.8744 -0.187193 -0.962894 -0.193801
-45.8564 100.281 -12.8112 -0.176738 -0.962869 -0.204032
-45.5522 100.018 -11.8288 -0.171681 -0.962952 -0.207965
-45.2327 99.7933 -11.014 -0.126488 -0.959039 -0.253467
-44.938 99.4575 -9.84514 -0.102853 -0.964564 -0.242734
-44.7351 99.2209 -9.01896 -0.0718036 -0.964959 -0.251493
-43.8064 99.1031 -8.83224 -0.0718038 -0.964959 -0.251492
-43.2736 99.2385 -9.64107 -0.100295 -0.971585 -0.214389
-42.5818 99.4254 -10.9498 -0.0754405 -0.990939 -0.111125
-42.0308 99.5427 -11.991 -0.122548 -0.974693 -0.185309
-41.5904 99.6611 -12.8172 -0.0989008 -0.976274 -0.192634
-41.1916 99.7721 -13.7215 -0.094618 -0.982227 -0.161609
-40.8285 99.8776 -14.6905 -0.112735 -0.9884 -0.101114
-40.4865 99.9173 -15.5484 -0.110641 -0.989783 -0.089929
-40.104 99.9674 -16.603 -0.110979 -0.99036 -0.0828906
-39.843 99.9908 -17.7315 -0.127215 -0.991813 -0.0111173
-39.4827 99.929 -18.9242 -0.151156 -0.985633 0.0646007
-39.1373 99.7634 -19.9318 -0.168915 -0.977062 0.129676
-38.8955 99.5931 -20.9595 -0.146925 -0.969213 0.186139
-38.7948 99.2441 -22.1656 -0.121501 -0.934488 0.330057
-38.5959 98.7858 -23.1994 -0.104687 -0.919492 0.37762
-38.3524 98.3876 -24.0831 -0.0872416 -0.909889 0.405575
-38.2644 97.9412 -25.0117 -0.06131 -0.867474 0.49369
-38.3413 97.4699 -25.8493 -0.0780268 -0.87127 0.484165
-38.4761 97.0074 -26.6815 -0.0385057 -0.871362 0.489127
-38.7353 96.331 -27.7085 0.00738624 -0.817608 0.575727
-38.9552 95.7926 -28.4693 0.0230228 -0.804993 0.592284
-39.3141 95.1417 -29.2851 0.0363593 -0.785693 0.617547
-39.6671 94.5304 -29.9369 0.084838 -0.740234 0.666976
-40.2555 93.7032 -30.7837 0.0575751 -0.749504 0.658947
-40.7633 93.1904 -31.3521 0.032619 -0.753487 0.656639
-41.4074 92.5902 -32.0027 0.0331219 -0.750671 0.659845
-42.0457 92.059 -32.5484 0.0396087 -0.731345 0.680785
-43.1714 92.0106 -32.5509 0.0300187 -0.736327 0.67596
-43.3323 92.7382 -31.764 0.0106999 -0.721047 0.692803
-43.2482 93.6796 -30.771 0.0103173 -0.729786 0.683598
-43.2696 94.7775 -29.6747 -0.0217316 -0.666099 0.743874
-43.4631 95.6424 -28.9481 -0.0626575 -0.656091 0.752076
-43.7291 96.3816 -28.2706 -0.151538 -0.729886 0.666535
-44.0872 97.2241 -27.4186 -0.166511 -0.751462 0.637421
-44.52 97.9124 -26.7185 -0.215994 -0.754287 0.619998
-45.0112 98.5879 -26.1767 -0.276997 -0.710574 0.646806
-45.6595 99.175 -25.5235 -0.21897 -0.893156 0.392841
-46.4808 99.6929 -24.7793 -0.21823 -0.909483 0.353851
-47.2105 100.103 -24.0548 -0.183295 -0.948595 0.252461
-47.8753 100.445 -23.4048 -0.235552 -0.938451 0.252634
-48.3144 100.83 -22.392 -0.231305 -0.935839 0.265591
-48.2145 101.106 -21.2231 -0.182049 -0.956597 0.227551
-47.987 101.323 -20.3626 -0.141422 -0.949402 0.280415
-47.6674 101.405 -19.2738 -0.205534 -0.977448 0.0478221
-47.4437 101.353 -18.3873 -0.163747 -0.985532 -0.0437513
-48.4028 101.523 -18.1167 -0.236683 -0.969404 -0.0643644
-47.9894 101.38 -16.8689 -0.195338 -0.980049 -0.0367117
-47.6606 101.185 -15.6655 -0.221012 -0.967596 -0.122114
-47.2939 100.912 -14.3667 -0.23639 -0.95974 -0.151721
-47.0829 100.661 -13.5053 -0.181527 -0.961484 -0.206388
-46.7182 100.308 -12.2359 -0.168566 -0.960508 -0.221061
-46.2585 99.9304 -10.9852 -0.147095 -0.956051 -0.253625
-45.9833 99.6383 -10.0232 -0.141061 -0.958034 -0.249547
-45.8212 99.3442 -9.12223 -0.111078 -0.953226 -0.279493
-45.5395 99.0781 -8.25941 -0.0871181 -0.958779 -0.270469
-45.0854 98.7805 -7.43171 -0.0591765 -0.952647 -0.297604
-44.5354 98.5299 -6.74815 -0.0566891 -0.939261 -0.33849
-43.6913 98.6586 -7.21346 -0.0283639 -0.967623 -0.250789
-43.0734 98.8308 -7.95617 -0.0284481 -0.968279 -0.248248
-42.3556 99.0999 -9.12185 -0.0314424 -0.971597 -0.234542
-41.9522 99.2653 -9.94896 -0.0863361 -0.989957 -0.111405
-41.4031 99.3391 -11.0809 -0.0972297 -0.988975 -0.11169
-40.699 99.5003 -12.3468 -0.0654508 -0.983132 -0.170787
-40.3405 99.6162 -13.1984 -0.073402 -0.984675 -0.158199
-39.9 99.7222 -14.2675 -0.110347 -0.9877 -0.110776
-39.5052 99.7831 -15.2561 -0.10473 -0.990419 -0.0900139
-39.085 99.836 -16.3977 -0.110986 -0.99036 -0.082877
-38.8786 99.867 -17.3222 -0.121978 -0.992506 -0.00726417
-38.7277 99.862 -18.2499 -0.103872 -0.993524 0.0139477
-38.2088 99.7032 -19.5243 -0.0767147 -0.991417 0.105867
-37.9302 99.4853 -20.751 -0.10692 -0.979722 0.168152
-37.8269 99.2617 -21.6955 -0.096024 -0.967944 0.232086
-37.6158 98.8886 -22.7567 -0.0691194 -0.922758 0.37913
-37.2645 98.3481 -23.9806 -0.0228754 -0.915847 0.400876
-37.257 97.6356 -25.4577 -0.0467054 -0.877352 0.477476
-37.313 97.138 -26.3606 -0.0361457 -0.870844 0.490228
-37.5289 96.6816 -27.1583 -0.0223433 -0.848822 0.528206
-37.7007 96.1739 -27.9444 0.00754736 -0.817259 0.576221
-38.1344 95.366 -29.0581 0.00868254 -0.791635 0.610581
-38.6243 94.5746 -30.0357 0.0642719 -0.762765 0.641546
-38.9943 93.956 -30.6713 0.103997 -0.738482 0.666175
-39.5751 93.2074 -31.4185 0.0753716 -0.740223 0.668123
-40.3845 92.3855 -32.2849 0.0307371 -0.749494 0.661297
-40.9434 91.8448 -32.8325 0.0363506 -0.725106 0.687677
-41.5501 91.3506 -33.341 0.0254457 -0.745666 0.665731
-42.4526 90.9503 -33.753 0.033222 -0.746522 0.664526
-43.3374 90.9121 -33.7617 0.00494184 -0.752546 0.658521
-44.1248 91.4984 -33.0676 0.023064 -0.74908 0.661779
-44.2735 92.6319 -31.8621 0.00994078 -0.719666 0.694243
-44.2959 93.473 -30.9777 0.0091868 -0.728605 0.684869
-44.2771 94.1323 -30.2744 -0.000794341 -0.70374 0.709474
-44.4189 95.155 -29.4406 -0.0115347 -0.604703 0.795905
-44.527 95.8565 -28.8473 -0.057163 -0.657268 0.751486
-44.74 96.6073 -28.3099 -0.171418 -0.66638 0.718173
-45.1111 97.3169 -27.6269 -0.209628 -0.730747 0.649665
-45.6438 98.1887 -26.9853 -0.497228 -0.70022 0.512305
-46.059 98.8454 -26.4907 -0.370739 -0.78957 0.460994
-46.6385 99.2623 -25.9306 -0.248903 -0.889042 0.384256
-47.3064 99.6908 -25.2999 -0.234053 -0.906274 0.351651
-47.9385 100.081 -24.745 -0.234087 -0.919254 0.313409
-48.6634 100.438 -24.1109 -0.277413 -0.917399 0.278759
-49.3264 100.895 -23.1949 -0.267905 -0.929568 0.25324
-49.3313 101.142 -22.2743 -0.26478 -0.934809 0.236695
-49.2267 101.346 -21.2598 -0.280398 -0.937211 0.207393
-48.9807 101.488 -20.3557 -0.216794 -0.937305 0.272874
-48.6925 101.603 -19.1797 -0.18121 -0.983124 0.0251155
-48.4865 101.567 -18.425 -0.234296 -0.969364 -0.0737444
-48.4313 101.54 -18.2583 -0.23429 -0.969366 -0.0737342
