-19.7236 105.674 -1.58336 0.237146 -0.935013 -0.262273
-20.7986 105.122 -0.569325 0.23564 -0.930564 -0.279802
-20.9098 104.88 0.191338 0.250361 -0.949827 -0.187479
-20.0869 105.146 -0.0557779 0.245996 -0.937469 -0.240186
-19.0265 105.54 -0.484857 0.224043 -0.939831 -0.257353
-17.9811 105.921 -1.03139 0.217234 -0.945904 -0.240961
-17.0087 106.384 -1.96945 0.196658 -0.947666 -0.251063
-16.116 106.82 -3.03475 0.158802 -0.953503 -0.256142
-16.0318 107.025 -3.73916 0.160433 -0.952995 -0.257023
-14.9875 107.426 -4.57973 0.11063 -0.960401 -0.250838
-14.2962 107.617 -5.15629 0.0593741 -0.968243 -0.242807
-15.0213 107.504 -4.89337 0.11063 -0.960401 -0.250837
-15.9734 107.19 -4.31535 0.160091 -0.953391 -0.255763
-16.9817 106.832 -3.66018 0.180803 -0.949347 -0.257004
-17.6979 106.527 -3.06286 0.205181 -0.939932 -0.272316
-18.3891 106.227 -2.52283 0.208662 -0.943716 -0.256634
-19.2117 105.907 -2.01885 0.209986 -0.943252 -0.257257
-19.6082 105.725 -1.67397 0.211136 -0.943186 -0.256555
-20.5007 105.767 -2.64357 0.250643 -0.924967 -0.28568
-21.4782 105.253 -1.78609 0.245987 -0.933322 -0.261534
-22.0906 104.927 -1.19898 0.261922 -0.929072 -0.260673
-22.875 104.446 -0.303429 0.270042 -0.924658 -0.268399
-23.3786 104.091 0.362149 0.299696 -0.913766 -0.274251
-23.8479 103.704 1.06822 0.337531 -0.89946 -0.276005
-23.4683 103.623 1.82457 0.306401 -0.911991 -0.272747
-22.1559 104.041 1.84429 0.28411 -0.925593 -0.250106
-21.2875 104.364 1.64357 0.291596 -0.922271 -0.253644
-20.0463 104.866 1.22286 0.274328 -0.924553 -0.264472
-19.0608 105.202 0.827848 0.217369 -0.947991 -0.232071
-18.1563 105.481 0.534658 0.216062 -0.945494 -0.243636
-17.0616 105.878 -0.11676 0.180955 -0.95256 -0.244442
-16.4257 106.162 -0.719958 0.180195 -0.949974 -0.255102
-15.736 106.482 -1.43235 0.176515 -0.954011 -0.241914
-14.7907 106.979 -2.64188 0.122754 -0.970176 -0.184488
-14.1455 107.211 -3.35275 0.103995 -0.967557 -0.230258
-13.4855 107.432 -4.06592 0.0597972 -0.978447 -0.194819
-12.7442 107.607 -4.98852 0.00565209 -0.989145 -0.146832
-12.1209 107.835 -5.82393 0.096993 -0.949554 -0.298227
-11.4067 108.068 -6.64285 -0.00707982 -0.984509 -0.17519
-10.776 108.18 -7.32074 -0.0464227 -0.980704 -0.189905
-10.0474 108.095 -8.00898 -0.498574 -0.832754 -0.240719
-9.38175 107.877 -8.57962 -0.411103 -0.903785 -0.102609
-8.48443 107.561 -9.19974 -0.42459 -0.891133 -0.160017
-7.73568 107.186 -9.59901 -0.54294 -0.838361 -0.0469856
-6.47527 106.355 -10.1503 -0.574294 -0.815558 -0.0710738
-5.27285 105.411 -10.601 -0.6114 -0.791075 -0.0188647
-4.44381 104.878 -10.7283 -0.506981 -0.861084 -0.0387958
-3.32161 104.251 -10.8111 -0.469487 -0.882043 0.0397893
-2.521 103.796 -11.0667 -0.507532 -0.859824 0.0558082
-1.75215 103.341 -11.0904 -0.484995 -0.870906 0.073266
-0.563583 102.788 -10.9529 -0.423678 -0.903886 0.0583793
-1.09697 102.966 -11.3141 -0.460737 -0.845659 0.269411
-2.00859 103.432 -11.685 -0.512444 -0.850562 0.118093
-2.98913 104.002 -11.886 -0.517062 -0.850035 0.100083
-4.11356 104.637 -12.1837 -0.541283 -0.836866 0.0382907
-4.9072 105.236 -12.2977 -0.593416 -0.801458 -0.0743165
-5.7381 105.888 -12.3439 -0.63306 -0.767927 -0.0928981
-6.48059 106.49 -12.2394 -0.638744 -0.767341 -0.0565149
-7.20258 107.025 -11.8965 -0.532608 -0.841685 -0.0854865
-8.21567 107.591 -11.4626 -0.514765 -0.853129 -0.0846797
-9.13375 108.059 -10.7818 -0.46493 -0.885129 -0.0196862
-10.102 108.381 -9.97775 -0.319291 -0.934387 -0.143117
-10.9931 108.498 -9.27364 -0.185863 -0.943605 0.0559067
-11.8817 108.464 -8.67872 0.0105225 -0.983086 -0.18284
-12.6798 108.361 -8.19092 0.0230015 -0.979998 -0.197674
-13.4188 108.237 -7.66974 0.0815926 -0.97733 -0.19313
-14.3389 108.003 -6.9655 0.108692 -0.977371 -0.181474
-15.1666 107.816 -6.34237 0.0300955 -0.9815 -0.189084
-15.9308 107.611 -5.86288 0.155782 -0.956447 -0.246674
-16.706 107.351 -5.37364 0.168373 -0.951583 -0.256996
-17.816 106.943 -4.61826 0.173169 -0.951844 -0.252992
-18.6317 106.618 -3.98766 0.189012 -0.943354 -0.271359
-19.375 106.306 -3.47748 0.189234 -0.935888 -0.29716
-20.2739 105.885 -2.82543 0.253629 -0.923016 -0.289289
-21.1037 105.953 -3.80485 0.262249 -0.928597 -0.262313
-21.9042 105.551 -3.19257 0.256478 -0.923655 -0.284747
-22.8236 105.057 -2.44578 0.272126 -0.922865 -0.272174
-23.6128 104.581 -1.58592 0.280909 -0.925001 -0.255773
-24.2128 104.167 -0.816258 0.300967 -0.91553 -0.266879
-24.909 103.599 0.211443 0.329025 -0.892863 -0.307469
-25.2997 103.177 1.01918 0.32831 -0.900341 -0.284586
-25.6517 102.815 1.80594 0.365959 -0.886606 -0.282805
-25.2314 102.646 2.92752 0.380963 -0.889434 -0.251477
-24.1508 103.042 3.1321 0.325068 -0.918149 -0.225459
-23.0231 103.401 3.21735 0.311238 -0.926738 -0.210446
-21.9095 103.805 3.12777 0.317613 -0.921334 -0.2242
-20.4776 104.353 2.69702 0.290851 -0.932356 -0.214753
-19.1335 104.836 2.26224 0.211756 -0.951111 -0.224164
-18.2281 105.092 1.97955 0.21045 -0.947313 -0.241382
-17.3636 105.354 1.72716 0.21521 -0.945379 -0.244832
-16.5048 105.696 1.11636 0.202157 -0.955685 -0.214005
-15.4683 106.153 0.0736339 0.210185 -0.95029 -0.229244
-14.7197 106.486 -0.568404 0.209386 -0.948461 -0.23781
-14.0248 106.845 -1.41748 0.15935 -0.966659 -0.190099
-13.1831 107.01 -2.39638 0.161235 -0.984331 -0.0633723
-12.4994 107.309 -3.14902 0.0942825 -0.950812 -0.295071
-11.8809 107.484 -3.93347 0.080481 -0.984424 -0.156311
-11.2173 107.699 -4.82298 -0.012591 -0.966384 -0.216446
-10.6236 107.766 -5.54142 -0.150764 -0.964775 -0.215591
-9.82935 107.782 -6.47802 -0.334909 -0.927375 -0.16677
-8.71684 107.498 -7.50313 -0.380507 -0.919859 -0.0952523
-7.67008 107.031 -8.22043 -0.572423 -0.816998 -0.0696197
-6.5631 106.307 -8.86334 -0.573732 -0.816237 -0.0677334
-5.79588 105.785 -9.16498 -0.599464 -0.798347 -0.0480058
-5.03747 105.194 -9.28518 -0.576059 -0.815696 -0.014422
-4.05906 104.574 -9.41662 -0.528582 -0.848743 0.0068774
-3.18047 104.159 -9.55868 -0.430833 -0.901294 -0.0452954
-2.3725 103.803 -9.75866 -0.401283 -0.912143 0.0607213
-1.48336 103.336 -9.78459 -0.461821 -0.880992 0.102833
-0.258452 102.759 -9.7463 -0.399164 -0.901903 0.165043
0.996589 102.234 -9.87382 -0.406653 -0.858291 0.280377
1.75568 101.741 -9.9211 -0.490785 -0.789938 0.367597
2.49312 101.163 -10.1012 -0.526575 -0.794595 0.297901
2.26956 100.922 -11.2163 -0.490295 -0.822541 0.28816
1.32367 101.283 -11.8629 -0.54897 -0.793408 0.262767
0.62203 101.608 -12.3286 -0.542351 -0.799199 0.259106
-0.433696 102.205 -12.5152 -0.536327 -0.814237 0.212057
-1.19313 102.699 -12.8173 -0.583952 -0.798657 0.145418
-2.15195 103.333 -13.0702 -0.52859 -0.840167 0.121292
-3.26656 104.064 -13.3654 -0.590507 -0.806487 0.0296797
-4.06146 104.641 -13.5232 -0.581635 -0.812925 0.00274106
-5.20219 105.593 -13.7414 -0.633198 -0.770332 -0.075156
-5.92961 106.226 -13.6404 -0.660407 -0.747882 -0.0672356
-6.63491 106.763 -13.485 -0.587951 -0.803278 -0.0920806
-7.52748 107.407 -13.2747 -0.5942 -0.801358 -0.0689394
-8.5586 107.946 -12.7281 -0.45697 -0.878118 -0.122798
-9.42309 108.288 -12.0869 -0.416519 -0.906896 -0.0636512
-10.2654 108.571 -11.4671 -0.341615 -0.937953 -0.0595224
-11.2741 108.762 -10.7331 -0.0712778 -0.989826 -0.119077
-12.1098 108.718 -10.0969 0.0162827 -0.982052 -0.170228
-13.0087 108.611 -9.59034 0.00630257 -0.988969 -0.14736
-13.9842 108.432 -8.88766 0.0513895 -0.969899 -0.238022
-14.7261 108.267 -8.35597 0.0375374 -0.971007 -0.236012
-15.7197 108.069 -7.64417 0.0232954 -0.975277 -0.219754
-16.7886 107.737 -6.88482 0.140918 -0.956971 -0.25367
-17.5039 107.483 -6.39312 0.173078 -0.948648 -0.264784
-18.4308 107.132 -5.7824 0.191812 -0.945451 -0.263255
-19.1401 106.846 -5.25629 0.195744 -0.945473 -0.260244
-19.8214 106.57 -4.72794 0.194623 -0.95071 -0.241398
-20.5192 106.24 -4.20574 0.272972 -0.925376 -0.262992
-20.8564 106.075 -3.97687 0.272972 -0.925376 -0.262992
