-44.0369 101.182 -21.9665 -0.289967 -0.948115 0.129929
-43.5725 101.186 -20.8094 -0.238429 -0.96485 0.0926061
-43.0022 100.867 -21.959 -0.289969 -0.948115 0.129929
-42.6858 100.547 -23.1116 -0.221942 -0.913039 0.3422
-43.8485 100.921 -22.8117 -0.170497 -0.90163 0.396835
-44.0577 101.167 -22.1135 -0.253673 -0.951693 0.167066
-45.0233 101.373 -21.8404 -0.204202 -0.973985 0.0982608
-45.0642 101.226 -22.6942 -0.113637 -0.902597 0.413258
-44.5521 100.81 -23.3876 -0.170747 -0.893551 0.414654
-43.836 100.396 -23.9801 -0.147281 -0.874795 0.461565
-43.047 99.9082 -24.5891 -0.195596 -0.850952 0.487465
-42.4284 99.4138 -25.1499 -0.227113 -0.826267 0.515464
-41.5213 99.1436 -25.1458 -0.221336 -0.849189 0.477105
-41.5153 99.5891 -24.4128 -0.251241 -0.82975 0.49839
-41.6415 100.081 -23.6469 -0.279357 -0.87308 0.392559
-41.8735 100.502 -22.5735 -0.227483 -0.949013 0.212158
-42.2774 100.799 -21.3697 -0.191383 -0.966783 0.169303
-42.5802 101.011 -20.4644 -0.194125 -0.979643 0.0511367
-42.9211 101.112 -19.3206 -0.173982 -0.984501 0.0220749
-43.2718 101.169 -18.3823 -0.163949 -0.985954 -0.031858
-43.6486 101.204 -17.5226 -0.183473 -0.982287 -0.0324776
-43.9735 101.305 -18.5317 -0.202718 -0.978687 -0.0328168
-44.2489 101.38 -19.4266 -0.222298 -0.974815 0.0178567
-44.6757 101.414 -20.5483 -0.18674 -0.980164 0.0663805
-44.9643 101.389 -21.5541 -0.180636 -0.978367 0.0979504
-45.8945 101.598 -21.3971 -0.19631 -0.978232 0.0672668
-45.4538 101.609 -19.9399 -0.192212 -0.979443 0.0607343
-45.0434 101.535 -18.7449 -0.209276 -0.977362 -0.0310914
-44.7095 101.422 -17.7154 -0.177058 -0.98109 -0.075742
-44.2248 101.25 -16.3211 -0.158484 -0.980595 -0.107403
-43.6122 100.996 -15.3414 -0.165135 -0.973882 -0.155835
-43.0648 100.997 -16.0309 -0.19518 -0.971899 -0.131594
-42.5892 100.993 -17.1829 -0.177728 -0.982332 -0.0586201
-42.2775 100.999 -18.1817 -0.153906 -0.987088 -0.0244972
-41.9152 100.937 -19.3014 -0.145598 -0.989224 0.0132254
-41.5766 100.811 -20.502 -0.171508 -0.982157 0.076333
-41.1811 100.539 -21.658 -0.187976 -0.966632 0.173822
-40.9119 100.233 -22.5558 -0.265675 -0.933139 0.242217
-40.6742 99.7042 -23.6925 -0.30529 -0.837596 0.453025
-40.5438 99.265 -24.526 -0.133727 -0.891824 0.432017
-40.4598 98.8351 -25.3308 -0.117667 -0.87783 0.464294
-40.4813 98.2763 -26.3117 -0.0987786 -0.849299 0.518588
-40.5613 97.5798 -27.3927 -0.122326 -0.808074 0.57624
-40.85 96.9741 -28.2654 -0.0927839 -0.795397 0.59877
-41.0937 96.2775 -29.2127 -0.0468683 -0.763776 0.643777
-41.359 96.9435 -28.3849 -0.0927846 -0.795397 0.59877
-41.6477 97.4638 -27.7592 -0.107946 -0.782969 0.612489
-42.0706 98.0763 -26.9983 -0.141807 -0.791018 0.593163
-42.598 98.6693 -26.3238 -0.182373 -0.813365 0.552429
-43.2425 99.3174 -25.6631 -0.222097 -0.808586 0.543803
-43.9389 99.8104 -25.0711 -0.145948 -0.844874 0.514672
-44.6659 100.245 -24.5026 -0.130286 -0.872094 0.471675
-45.4594 100.731 -23.877 -0.152421 -0.878612 0.451506
-46.3053 101.248 -22.879 -0.0705214 -0.92068 0.383292
-46.0841 101.58 -21.9936 -0.134576 -0.95151 0.231254
-45.9197 101.597 -21.4816 -0.200256 -0.976108 0.0827636
-46.8715 101.808 -21.3448 -0.120062 -0.976866 0.134361
-47.309 101.527 -22.4814 -0.14303 -0.921595 0.360841
-47.2262 101.134 -23.6087 -0.175934 -0.937544 0.300098
-46.6111 100.768 -24.1536 -0.177921 -0.916148 0.353206
-45.9008 100.396 -24.702 -0.207696 -0.864728 0.457282
-45.1697 99.9252 -25.296 -0.2802 -0.865253 0.410637
-44.1691 99.2039 -26.2086 -0.164479 -0.864428 0.475091
-43.3497 98.3654 -27.0197 -0.246584 -0.784939 0.567575
-42.8912 97.7761 -27.6327 -0.194153 -0.775491 0.600673
-42.4612 96.9858 -28.4993 -0.0839728 -0.762724 0.641249
-42.1505 96.1133 -29.5063 -0.0665142 -0.752291 0.655007
-42.0358 95.3055 -30.3799 -0.0645119 -0.735739 0.674178
-42.0853 94.6138 -31.1089 -0.0407317 -0.709781 0.703238
-41.8286 93.7833 -31.9323 -0.0407297 -0.709785 0.703235
-41.2851 94.344 -31.3322 -0.0433287 -0.710112 0.702754
-40.8327 94.896 -30.7129 -0.0643651 -0.739475 0.670099
-40.4383 95.4896 -30.0324 -0.00143899 -0.742393 0.669924
-40.1199 96.1266 -29.3348 -0.0234384 -0.764098 0.643014
-39.8176 96.746 -28.4729 -0.028196 -0.81422 0.579871
-39.6506 97.2428 -27.7408 -0.0490365 -0.817494 0.57355
-39.5388 97.8379 -26.8399 -0.10495 -0.842207 0.528842
-39.4708 98.361 -25.9431 -0.108653 -0.867166 0.485719
-39.4871 98.9501 -24.8339 -0.151027 -0.883786 0.442847
-39.6233 99.3651 -24.0248 -0.150091 -0.898994 0.410894
-39.8633 99.8988 -22.923 -0.155287 -0.933747 0.306787
-40.1674 100.264 -21.7608 -0.233385 -0.942839 0.235787
-40.4521 100.535 -20.8416 -0.214182 -0.958574 0.184801
-40.7575 100.717 -19.8429 -0.179708 -0.980155 0.0836739
-41.0068 100.803 -18.9542 -0.152332 -0.988178 0.0172825
-41.3796 100.83 -17.8307 -0.11836 -0.991367 -0.0564157
-41.6608 100.817 -16.9078 -0.177057 -0.981403 -0.0723086
-41.9822 100.799 -16.0068 -0.185378 -0.978872 -0.0862831
-42.5441 100.731 -14.837 -0.176486 -0.97518 -0.132345
-43.0091 100.641 -13.9371 -0.154967 -0.970304 -0.185729
-44.0144 100.583 -12.7681 -0.161035 -0.968483 -0.189817
-44.3264 100.852 -13.9349 -0.172598 -0.966941 -0.187145
-44.7671 101.135 -14.9711 -0.186671 -0.965283 -0.18271
-45.2004 101.375 -16.1201 -0.160952 -0.976577 -0.142551
-45.5726 101.552 -17.2623 -0.193095 -0.977403 -0.0860143
-45.8572 101.689 -18.154 -0.225269 -0.971609 -0.0711304
-46.2275 101.796 -19.1942 -0.217849 -0.975864 -0.00488429
-46.5285 101.829 -20.111 -0.230274 -0.971956 0.0477111
-46.7574 101.816 -20.9477 -0.222923 -0.971309 0.0828519
-47.7059 101.953 -20.657 -0.0172 -0.982424 0.185869
-47.2946 102.023 -19.3587 -0.218584 -0.975719 0.00929862
-46.9952 101.963 -18.5019 -0.220997 -0.974164 -0.039673
-46.553 101.783 -17.2327 -0.225269 -0.971609 -0.0711303
-46.2067 101.556 -16.0452 -0.197846 -0.970152 -0.140223
-45.7595 101.293 -14.817 -0.200424 -0.97102 -0.129916
-45.402 101.033 -13.807 -0.184917 -0.964189 -0.190095
-45.159 100.78 -12.7758 -0.178296 -0.963342 -0.200202
-44.7257 100.475 -11.7015 -0.137916 -0.96694 -0.21449
-44.1557 100.237 -11.0106 -0.126703 -0.96667 -0.222477
-43.3193 100.211 -11.3734 -0.132464 -0.970447 -0.200376
-42.5885 100.344 -12.5981 -0.118158 -0.976343 -0.181086
-41.8999 100.528 -13.9854 -0.115291 -0.981815 -0.148827
-41.4809 100.579 -14.7825 -0.131998 -0.984241 -0.116592
-41.0361 100.615 -15.7168 -0.130246 -0.986715 -0.0970286
-40.6131 100.68 -17.0378 -0.133929 -0.98704 -0.0884078
-40.3236 100.693 -18.0081 -0.129697 -0.990971 -0.00259302
-39.9735 100.666 -19.0256 -0.1199 -0.989852 0.0476291
-39.6116 100.486 -20.2674 -0.141946 -0.973113 0.168194
-39.293 100.175 -21.3439 -0.111854 -0.968441 0.220027
-39.0439 99.9352 -22.2507 -0.0930609 -0.96299 0.252961
-38.7382 99.4548 -23.4714 -0.145927 -0.907579 0.393708
-38.5657 98.9923 -24.4355 -0.132126 -0.89476 0.425644
-38.4625 98.4805 -25.5418 -0.102475 -0.886668 0.448585
-38.5024 98.0059 -26.3942 -0.0904776 -0.868614 0.487159
-38.5783 97.4486 -27.3044 -0.0769622 -0.846429 0.526911
-38.7104 96.8928 -28.1814 -0.0604603 -0.829691 0.554939
-38.9885 96.2087 -29.1475 -0.0437687 -0.790474 0.61093
-39.2903 95.6736 -29.8261 -0.0014458 -0.742394 0.669924
-39.771 94.9118 -30.682 0.0042306 -0.744513 0.667572
-40.2058 94.2914 -31.3718 0.0136731 -0.751553 0.659531
-40.7619 93.612 -32.1346 0.0107916 -0.765627 0.642818
-41.4404 92.8497 -33.0609 0.0122094 -0.758896 0.650668
-41.996 92.3308 -33.6317 0.00662227 -0.739599 0.673016
-42.9 92.4616 -33.464 0.0196382 -0.737952 0.674567
-43.0071 93.1966 -32.6505 0.00111721 -0.754034 0.656215
-43.0308 93.8132 -31.9795 -0.0481336 -0.730557 0.681153
-43.0747 94.4999 -31.2773 -0.0376124 -0.709852 0.703346
-43.0611 95.2064 -30.5628 -0.0371022 -0.71025 0.702971
-43.0941 95.8849 -29.8318 -0.0716442 -0.718981 0.69062
-43.4037 96.8267 -28.8577 -0.156868 -0.737113 0.655691
-43.8145 97.6932 -28.0558 -0.198103 -0.745727 0.634146
-44.3649 98.4603 -27.3452 -0.268862 -0.730999 0.627179
-44.9775 99.0551 -26.7591 -0.240333 -0.848751 0.464489
-45.7132 99.6923 -26.1022 -0.316187 -0.833073 0.453889
-46.3214 100.125 -25.5743 -0.244205 -0.897434 0.367392
-47.0236 100.538 -25.0256 -0.233845 -0.903835 0.358327
-47.879 100.991 -24.4654 -0.255853 -0.902937 0.345147
-48.5304 101.46 -23.5492 -0.281995 -0.92938 0.238184
-48.4079 101.691 -22.5879 -0.163113 -0.934434 0.316588
-48.0636 101.816 -21.7103 -0.137753 -0.985502 0.0483013
-47.7653 101.918 -20.8454 -0.0172061 -0.982424 0.185867
-48.6537 102.105 -20.4314 -0.225701 -0.946787 0.19213
-49.0222 102.083 -21.5008 -0.33252 -0.932501 0.140968
-49.4156 102.001 -22.4123 -0.269311 -0.933222 0.237455
-49.6087 101.729 -23.7722 -0.276755 -0.925228 0.257364
-49.2818 101.264 -24.836 -0.297952 -0.9028 0.310123
-48.1541 100.665 -25.4911 -0.253254 -0.891209 0.376309
-47.2504 100.186 -26.0352 -0.240792 -0.89738 0.369768
-46.4109 99.6079 -26.7749 -0.300941 -0.848985 0.432659
-45.6741 98.9934 -27.4015 -0.337429 -0.839279 0.426324
-44.945 97.9327 -28.1489 -0.215523 -0.721222 0.658323
-44.5158 96.9617 -29.0048 -0.161749 -0.712213 0.683073
-44.108 96.1011 -29.72 -0.0279674 -0.70475 0.708905
-44.0926 95.1604 -30.6538 -0.0227737 -0.706833 0.706988
-44.0628 94.471 -31.3475 -0.0179633 -0.709562 0.704414
-44.0465 93.7652 -32.0585 -0.00199976 -0.718685 0.695333
-44.0824 93.1056 -32.7514 -0.00475966 -0.73384 0.679305
-44.03 92.3666 -33.5311 0.0254803 -0.739961 0.671024
-43.7215 91.6836 -34.3528 0.0116656 -0.765595 0.643196
-42.3856 91.4707 -34.6286 0.00972687 -0.771083 0.63666
-41.0674 91.9838 -34.0233 0.00734542 -0.744184 0.667934
-40.5366 92.5418 -33.4096 0.00384867 -0.744589 0.667512
-39.9548 93.2603 -32.5651 -0.0119775 -0.768479 0.639763
-39.4014 93.9089 -31.8746 0.0752085 -0.76282 0.642222
-38.7704 94.8295 -30.8177 0.0441206 -0.769284 0.637068
-38.4201 95.3909 -30.1884 0.0178417 -0.770991 0.635798
-38.0404 96.003 -29.4042 -0.0017884 -0.793547 0.608506
-37.7546 96.5526 -28.6065 -0.0497576 -0.838273 0.542976
-37.6089 97.0593 -27.8137 -0.0261128 -0.849408 0.527083
-37.5147 97.5648 -26.9977 -0.0279245 -0.848329 0.528732
-37.4862 98.2048 -25.8971 -0.0508317 -0.867051 0.49562
-37.5931 98.8945 -24.4931 -0.0408478 -0.90864 0.415577
-37.7361 99.2772 -23.6149 -0.0880842 -0.905086 0.416005
-38.0908 99.898 -22.034 -0.126598 -0.950802 0.282752
-38.2686 100.135 -21.1298 -0.0814977 -0.975378 0.204928
-38.6005 100.35 -20.2108 -0.114493 -0.983845 0.135207
-38.8928 100.5 -19.175 -0.112012 -0.987374 0.112005
-39.2202 100.573 -18.1449 -0.121785 -0.992063 -0.0312835
-39.5467 100.571 -17.3069 -0.120186 -0.989219 -0.0836695
-39.7969 100.515 -16.3358 -0.115939 -0.989284 -0.0887476
-40.1652 100.468 -15.3503 -0.118269 -0.988626 -0.0929017
-40.6707 100.417 -14.2756 -0.110875 -0.98739 -0.112704
-41.2182 100.321 -13.1803 -0.082343 -0.979283 -0.184934
-41.5742 100.19 -12.347 -0.0790206 -0.977607 -0.19491
-42.1741 100.059 -11.3226 -0.11622 -0.976955 -0.179032
-42.7659 100.004 -10.5396 -0.0975018 -0.98159 -0.162803
-43.3579 99.8603 -9.59086 -0.0570043 -0.968268 -0.243326
-44.2064 99.8131 -9.20407 -0.0801093 -0.96686 -0.241295
-45.07 100.178 -10.2537 -0.116092 -0.961201 -0.250229
-45.6139 100.516 -11.2492 -0.16146 -0.957624 -0.237498
-46.212 100.854 -12.2518 -0.172712 -0.96151 -0.213602
-46.3235 101.063 -13.1292 -0.186167 -0.958765 -0.214061
-46.5555 101.333 -14.1162 -0.210507 -0.957486 -0.19725
-46.8849 101.561 -15.0517 -0.205956 -0.970741 -0.123466
-47.1816 101.752 -15.9679 -0.212842 -0.967144 -0.139032
-47.5268 101.989 -17.1466 -0.204357 -0.97091 -0.124785
-48.0147 102.169 -18.2826 -0.210653 -0.975432 -0.0644773
-48.3281 102.247 -19.2947 -0.181863 -0.982509 0.0400269
-48.602 102.146 -20.2513 -0.117881 -0.959738 0.254964
-48.638 102.116 -20.3828 -0.117883 -0.959739 0.254959
