-14.8847 108.021 -4.1306 0.200289 -0.941999 -0.267129
-14.6505 108.345 -5.07756 0.120603 -0.959286 -0.255391
-15.32 108.016 -4.43892 0.200301 -0.941995 -0.267132
-16.1456 107.756 -4.01626 0.173541 -0.955292 -0.239376
-17.1294 107.396 -3.34174 0.171678 -0.946496 -0.273263
-18.0793 106.927 -2.46145 0.225457 -0.926913 -0.300001
-18.8745 106.571 -1.84916 0.215362 -0.944414 -0.248397
-19.8246 106.096 -0.900496 0.234172 -0.939192 -0.251163
-19.3526 106.124 -0.567039 0.224911 -0.941645 -0.250252
-17.93 106.54 -0.912709 0.215515 -0.944256 -0.248867
-17.0959 106.888 -1.49959 0.212323 -0.943149 -0.255711
-16.5215 107.169 -2.16992 0.175813 -0.956788 -0.231617
-15.8295 107.477 -2.78247 0.190667 -0.940661 -0.280719
-15.2759 107.845 -3.73105 0.18179 -0.953395 -0.24081
-15.0009 107.95 -3.93899 0.181788 -0.953395 -0.240814
-14.0207 107.871 -3.08859 0.089477 -0.95656 -0.276274
-14.6394 107.612 -2.2771 0.14325 -0.95876 -0.229734
-15.2608 107.31 -1.66351 0.221874 -0.948455 -0.226048
-16.0396 106.938 -0.81057 0.212372 -0.948204 -0.235605
-16.745 106.624 -0.181148 0.20588 -0.948726 -0.239722
-17.5955 106.284 0.303385 0.234647 -0.935003 -0.265914
-18.5792 106.009 0.496204 0.151951 -0.954103 -0.255252
-19.7226 105.711 0.667507 0.266253 -0.936935 -0.226412
-20.8707 105.331 0.838699 0.282326 -0.927365 -0.244871
-21.9949 104.999 0.864651 0.27449 -0.926685 -0.256656
-22.292 105.055 0.347889 0.274492 -0.923943 -0.266425
-21.6523 105.52 -0.600492 0.273195 -0.92854 -0.250744
-21.0877 105.884 -1.39774 0.260532 -0.932154 -0.250679
-20.2103 106.376 -2.23753 0.228751 -0.935145 -0.269202
-19.3205 106.815 -3.01616 0.206562 -0.931884 -0.298201
-18.6262 107.172 -3.61475 0.218226 -0.923234 -0.315999
-17.7742 107.591 -4.29005 0.173023 -0.931947 -0.318651
-16.7869 107.961 -5.06552 0.122936 -0.954429 -0.271942
-16.0227 108.228 -5.56918 0.188671 -0.93115 -0.31203
-15.2935 108.518 -6.06248 0.129567 -0.964611 -0.229148
-14.5128 108.747 -6.64412 0.11012 -0.969486 -0.218817
-13.5776 108.975 -7.24996 0.0980467 -0.972345 -0.211973
-12.8507 109.15 -7.76738 0.0522337 -0.981918 -0.180471
-11.7222 109.344 -8.62496 0.0323785 -0.981688 -0.18766
-10.6748 109.511 -9.37777 0.00503322 -0.979537 -0.201202
-9.83671 109.481 -10.0548 -0.260265 -0.955383 0.0427009
-9.10741 109.144 -10.658 -0.416642 -0.906906 0.00467152
-8.15128 108.64 -11.4743 -0.498259 -0.866857 -0.0172359
-7.3048 108.228 -12.0999 -0.516929 -0.849882 -0.102398
-6.39357 107.643 -12.5398 -0.613113 -0.783595 -0.0976744
-5.64679 107.107 -12.733 -0.600315 -0.79168 -0.1134
-4.89823 106.556 -12.8775 -0.616105 -0.781301 -0.0999154
-3.84843 105.758 -12.9687 -0.619596 -0.780823 -0.0722384
-3.03176 105.137 -12.865 -0.547051 -0.836529 -0.0308848
-2.26844 104.604 -12.543 -0.541453 -0.835021 0.0971476
-1.57159 104.179 -12.2472 -0.492492 -0.863287 0.0925706
-0.78264 103.732 -12.2101 -0.540194 -0.82221 0.179334
-1.46055 104.173 -11.8102 -0.440244 -0.892409 0.0989509
-2.65628 104.899 -11.7071 -0.497877 -0.866861 0.0259006
-3.73452 105.589 -11.6057 -0.568862 -0.821928 0.00233828
-4.76223 106.328 -11.2957 -0.583625 -0.811863 -0.0151468
-5.71615 107.027 -10.9507 -0.606142 -0.795354 0.00206598
-6.4256 107.552 -10.64 -0.556586 -0.829682 -0.042891
-7.2655 108.074 -10.1435 -0.515824 -0.856059 -0.0327119
-8.22677 108.663 -9.5954 -0.533876 -0.845476 0.0121457
-8.98524 109.002 -8.93549 -0.404963 -0.905282 -0.128331
-9.45732 109.285 -8.31947 -0.465736 -0.634816 0.0305249
-10.1558 109.139 -7.5714 -0.0106231 -0.979713 -0.200102
-10.8762 108.989 -6.82343 -0.0041212 -0.978575 -0.205763
-11.8039 108.761 -5.87722 0.0526641 -0.96612 -0.252662
-12.4243 108.554 -5.21809 0.0514447 -0.966309 -0.252188
-13.2204 108.237 -4.07181 0.0453363 -0.973768 -0.22298
-13.6843 108.049 -3.54765 0.109537 -0.955566 -0.273341
-12.6579 108.011 -2.86642 0.157483 -0.964993 -0.204785
-11.923 108.273 -3.79904 0.112435 -0.976901 -0.181722
-11.31 108.476 -4.57874 0.0938143 -0.97842 -0.184101
-10.5954 108.663 -5.24582 -0.0260583 -0.975779 -0.214958
-9.95974 108.78 -5.89497 -0.0369347 -0.971914 -0.231749
-9.31057 108.937 -6.63627 -0.017065 -0.979458 -0.200923
-8.76992 108.661 -7.40758 -0.327084 -0.931793 0.0457555
-8.16865 108.53 -8.10312 -0.326315 -0.939449 -0.104661
-7.2345 108.019 -8.85201 -0.555006 -0.831525 -0.0231241
-6.51807 107.536 -9.27643 -0.55841 -0.82778 -0.0543949
-5.53481 106.885 -9.71985 -0.599597 -0.799195 -0.0333869
-4.73963 106.284 -9.95486 -0.580754 -0.81376 -0.0227979
-3.94549 105.714 -10.255 -0.583426 -0.810315 -0.0474655
-2.75997 105.025 -10.4821 -0.447312 -0.891355 0.0481521
-1.88572 104.523 -10.5697 -0.470295 -0.877952 0.0859544
-0.755398 103.954 -10.5759 -0.442933 -0.891879 0.0914447
0.186419 103.558 -10.6533 -0.321046 -0.935817 0.129451
1.17075 103.091 -10.7705 -0.458515 -0.847762 0.266579
2.04946 102.596 -10.8459 -0.49485 -0.804594 0.328256
2.91148 101.878 -11.2364 -0.529871 -0.799933 0.274579
2.74819 101.679 -12.0778 -0.459942 -0.830639 0.312108
2.05678 101.884 -12.6312 -0.489105 -0.815987 0.308126
1.02014 102.415 -13.0834 -0.517763 -0.830501 0.194474
0.252753 102.784 -13.383 -0.476732 -0.865113 0.155905
-0.533202 103.322 -13.391 -0.574117 -0.799248 0.176216
-1.53409 103.944 -13.6986 -0.546336 -0.825632 0.140881
-2.54328 104.646 -13.896 -0.655793 -0.753165 0.0417182
-3.46105 105.515 -14.1214 -0.679612 -0.730578 -0.0233886
-4.42965 106.289 -14.1618 -0.596051 -0.801398 -0.0366599
-5.19974 106.896 -14.0969 -0.638795 -0.768229 -0.0322503
-6.3583 107.801 -13.8468 -0.561427 -0.820566 -0.0955424
-7.18311 108.287 -13.5769 -0.524618 -0.847615 -0.0795328
-8.1351 108.757 -12.8928 -0.420493 -0.904846 -0.0655775
-8.89182 109.077 -12.3146 -0.386911 -0.918047 -0.0746611
-9.77925 109.396 -11.6667 -0.38478 -0.922816 -0.0188571
-10.659 109.616 -10.976 -0.220518 -0.973663 -0.057894
-11.405 109.702 -10.3419 -0.0135775 -0.983598 -0.169642
-12.5334 109.513 -9.61524 0.0354907 -0.976649 -0.21161
-13.2641 109.357 -9.05587 0.0487402 -0.976097 -0.2118
-14.0753 109.165 -8.36064 0.0589232 -0.976333 -0.207804
-14.8281 108.992 -7.89452 0.0703067 -0.963646 -0.257766
-15.7363 108.752 -7.30114 0.137827 -0.958596 -0.249079
-16.5861 108.461 -6.62227 0.14144 -0.959572 -0.243286
-17.3663 108.183 -6.11444 0.168728 -0.947848 -0.270366
-18.3462 107.788 -5.30887 0.165849 -0.954182 -0.249061
-19.1056 107.456 -4.78087 0.239948 -0.920588 -0.308127
-20.1242 106.888 -3.88619 0.23862 -0.926353 -0.290694
-20.8847 106.537 -3.34282 0.244574 -0.926819 -0.284596
-21.8391 106.031 -2.57723 0.260589 -0.921696 -0.287302
-22.362 105.665 -1.84962 0.270646 -0.926006 -0.26318
-22.8661 105.266 -0.988499 0.281158 -0.92241 -0.264718
-23.4836 104.84 -0.16027 0.303348 -0.913216 -0.272012
-23.9997 104.387 0.767306 0.318899 -0.902923 -0.287367
-23.7687 104.095 1.95953 0.335928 -0.902671 -0.268321
-22.9233 104.297 2.30468 0.321671 -0.909338 -0.263879
-22.0574 104.567 2.33326 0.305876 -0.918166 -0.250864
-21.1862 104.897 2.17589 0.29986 -0.928241 -0.220121
-20.2706 105.242 1.96956 0.298074 -0.928448 -0.221654
-19.0168 105.628 1.78682 0.247437 -0.939213 -0.238022
-17.9239 105.798 1.64616 0.253007 -0.939394 -0.230265
-17.0929 106.088 1.44463 0.26525 -0.931865 -0.247528
-16.1471 106.484 0.859902 0.228756 -0.950081 -0.212172
-15.3438 106.821 0.201038 0.205939 -0.949747 -0.234686
-14.4646 107.272 -0.757161 0.198381 -0.946495 -0.254455
-13.782 107.517 -1.48156 0.153403 -0.975174 -0.159696
-13.0718 107.802 -2.32856 0.199866 -0.95538 -0.217491
-12.8267 107.924 -2.64112 0.199866 -0.95538 -0.217491
-0.353769 103.52 -11.8365 -0.511573 -0.817284 0.24692
-0.132202 103.307 -12.1162 -0.564825 -0.80822 0.166592
-0.405312 103.493 -12.1422 -0.56483 -0.808217 0.16659
