-43.959 101.441 -23.4255 -0.230301 -0.896912 0.376743
-44.1035 101.738 -22.5989 -0.182237 -0.968043 0.170294
-43.5516 101.736 -21.8871 -0.205518 -0.970417 0.122023
-43.1413 101.521 -22.665 -0.207445 -0.965464 0.157626
-42.7586 101.028 -23.755 -0.225684 -0.918996 0.322356
-43.8097 101.321 -23.6297 -0.207043 -0.902837 0.376852
-44.57 101.231 -24.2669 -0.159199 -0.883687 0.440174
-43.7973 100.82 -24.7769 -0.231942 -0.879745 0.415033
-43.1186 100.326 -25.3519 -0.209381 -0.837401 0.504895
-42.5071 99.8322 -25.9139 -0.214105 -0.828124 0.517912
-41.9748 99.2727 -26.5691 -0.21415 -0.821895 0.527853
-41.7796 99.3984 -26.2941 -0.196216 -0.828675 0.523845
-41.7067 99.9451 -25.3813 -0.257231 -0.836697 0.483498
-41.7376 100.444 -24.5039 -0.191563 -0.883253 0.427981
-41.9501 100.949 -23.458 -0.216134 -0.913413 0.344909
-42.2246 101.342 -22.4947 -0.223999 -0.933934 0.274308
-42.5536 101.563 -21.4971 -0.212025 -0.970769 0.109875
-43.038 101.758 -20.2697 -0.195985 -0.979311 0.0286897
-43.7723 101.902 -19.6914 -0.218906 -0.975738 -0.00403425
-44.3761 101.994 -20.7465 -0.185018 -0.980459 0.0668493
-44.7489 102.005 -21.7 -0.217392 -0.974018 0.063262
-45.0448 101.9 -22.7113 -0.248329 -0.947703 0.200479
-45.0158 101.56 -23.766 -0.136333 -0.889264 0.435948
-44.8624 101.4 -24.0333 -0.1592 -0.883685 0.440178
-45.4821 101.154 -24.7623 -0.179045 -0.88974 0.417062
-44.7663 100.767 -25.2296 -0.159613 -0.871491 0.463709
-44.0151 100.275 -25.7959 -0.195058 -0.840394 0.505657
-43.1935 99.5783 -26.58 -0.213589 -0.818941 0.53265
-42.6557 98.9993 -27.2653 -0.200621 -0.809514 0.551236
-42.2091 98.427 -27.9102 -0.198285 -0.795809 0.572164
-41.7945 97.7954 -28.6111 -0.106349 -0.784224 0.611295
-41.1787 97.3728 -29.0551 -0.0982357 -0.790217 0.604903
-40.9976 97.0502 -29.4478 -0.0737841 -0.776128 0.625982
-40.7084 97.9424 -28.2371 -0.0954013 -0.816933 0.566788
-40.6063 98.5437 -27.2927 -0.134065 -0.828612 0.543533
-40.6209 99.0347 -26.5095 -0.156901 -0.834983 0.527433
-40.7076 99.723 -25.3 -0.185379 -0.883948 0.429267
-40.7857 100.227 -24.4036 -0.285251 -0.839169 0.461673
-40.9452 100.668 -23.5504 -0.254324 -0.905615 0.339383
-41.2248 101.055 -22.6068 -0.245116 -0.941479 0.231375
-41.4906 101.273 -21.7657 -0.23281 -0.963555 0.131762
-41.7954 101.47 -20.9111 -0.160851 -0.984721 0.0667245
-42.1927 101.604 -19.903 -0.171064 -0.983808 0.0496033
-42.5986 101.677 -18.9393 -0.14858 -0.988896 -0.00294906
-43.1175 101.752 -17.9316 -0.162163 -0.985909 -0.0287564
-43.7725 101.832 -16.9792 -0.201456 -0.977973 -0.0546317
-44.1253 101.939 -17.5979 -0.20236 -0.977605 -0.0576956
-44.5594 102.09 -18.5811 -0.217389 -0.975032 -0.0317285
-44.9075 102.168 -19.4764 -0.234278 -0.972142 0.00733776
-45.2535 102.208 -20.3667 -0.211387 -0.975429 0.0617941
-45.5912 102.217 -21.3521 -0.220896 -0.973486 0.0594043
-45.9417 102.163 -22.5761 -0.17499 -0.936076 0.283993
-46.2854 101.759 -23.6889 -0.107563 -0.909645 0.399616
-45.9255 101.4 -24.3617 -0.164868 -0.911787 0.376116
-46.6857 101.284 -24.975 -0.193097 -0.905292 0.377253
-47.3458 101.751 -24.2532 -0.221325 -0.898797 0.378389
-47.208 102.086 -23.2398 -0.157933 -0.914743 0.371891
-46.7743 102.432 -22.1637 -0.173491 -0.953522 0.201643
-46.4771 102.439 -21.126 -0.221551 -0.97292 0.0648199
-46.0803 102.415 -19.9314 -0.234279 -0.970629 0.0547106
-45.6689 102.338 -18.8462 -0.204129 -0.977386 -0.0552154
-45.2934 102.202 -17.8788 -0.202319 -0.976741 -0.0699953
-44.9506 102.061 -16.9936 -0.188006 -0.979821 -0.0678581
-44.5946 101.928 -16.0525 -0.167104 -0.978819 -0.108928
-44.0814 101.599 -14.8051 -0.179791 -0.965845 -0.186595
-43.2718 101.53 -15.1793 -0.153948 -0.975306 -0.156881
-42.5398 101.58 -16.6737 -0.184698 -0.979531 -0.0760871
-42.1338 101.558 -17.6032 -0.175755 -0.982921 -0.0545643
-41.64 101.532 -18.7347 -0.162165 -0.985909 -0.0287609
-41.3245 101.454 -19.5822 -0.158443 -0.986361 0.0377664
-40.9831 101.37 -20.4476 -0.168447 -0.981142 0.0802889
-40.6264 101.139 -21.4168 -0.187095 -0.967739 0.168748
-40.2936 100.783 -22.6086 -0.258259 -0.926514 0.272006
-40.0315 100.463 -23.4145 -0.283776 -0.873762 0.389394
-39.8004 99.9744 -24.443 -0.135375 -0.917457 0.374094
-39.7142 99.5642 -25.2436 -0.151086 -0.883207 0.44398
-39.6156 99.1249 -26.1192 -0.0917158 -0.872765 0.475777
-39.5575 98.4587 -27.1837 -0.0768559 -0.844492 0.529997
-39.6552 97.9657 -27.9695 -0.0781975 -0.839536 0.537647
-39.8194 97.4328 -28.8007 -0.0773585 -0.79032 0.607742
-40.0215 96.7111 -29.7532 -0.0737786 -0.776134 0.625975
-40.4157 95.9153 -30.7496 -0.0658252 -0.766902 0.63838
-40.8942 95.2845 -31.5109 -0.0614152 -0.730932 0.679681
-41.3412 94.7454 -32.1202 -0.0290711 -0.765238 0.638973
-41.9621 94.4498 -32.5448 -0.0137168 -0.811093 0.584756
-42.0247 95.1286 -31.7663 -0.0444144 -0.719384 0.693191
-42.1663 95.9869 -30.8306 -0.0649277 -0.759783 0.646927
-42.2598 96.6499 -30.0616 -0.0977735 -0.751696 0.651825
-42.5934 97.4746 -29.1646 -0.104377 -0.762017 0.639089
-42.9772 98.0834 -28.5182 -0.197207 -0.717455 0.668108
-43.4516 98.8237 -27.7533 -0.166642 -0.789275 0.590995
-44.0075 99.4993 -27.0634 -0.250255 -0.821547 0.512281
-44.8011 100.156 -26.3191 -0.210264 -0.85193 0.479587
-45.8617 100.817 -25.5617 -0.216877 -0.881847 0.415638
-46.4991 101.186 -25.1316 -0.179055 -0.889739 0.417062
-47.2533 101.128 -25.7511 -0.262171 -0.892244 0.36765
-46.5364 100.724 -26.2207 -0.251354 -0.894123 0.370455
-45.7739 100.244 -26.7229 -0.298581 -0.834696 0.462743
-45.0533 99.673 -27.2871 -0.254428 -0.843311 0.471166
-44.5445 99.0776 -27.8407 -0.245886 -0.751935 0.611665
-44.1104 98.4533 -28.4338 -0.206265 -0.770603 0.601332
-43.6649 97.6313 -29.1725 -0.151101 -0.724526 0.67085
-43.2859 96.8774 -29.9899 -0.112044 -0.754171 0.646909
-43.1493 96.1679 -30.7306 -0.104203 -0.722254 0.683733
-43.0501 95.2649 -31.6986 -0.0433408 -0.714591 0.698134
-42.9003 94.2696 -32.7752 -0.022362 -0.780105 0.623252
-42.7574 93.6365 -33.5671 0.00783742 -0.756028 0.654457
-42.5598 92.7758 -34.5889 0.0142727 -0.770888 0.636811
-41.6695 92.9666 -34.3551 -0.0274862 -0.771163 0.636044
-41.1862 93.4636 -33.7708 -0.00416491 -0.75479 0.655953
-40.636 94.2333 -32.7954 -0.0312759 -0.807834 0.588579
-40.0051 94.9586 -31.8775 0.0156633 -0.759599 0.650203
-39.571 95.5397 -31.1743 -0.0317098 -0.803532 0.594417
-39.2716 96.0555 -30.4691 0.00529651 -0.76386 0.645049
-38.9547 96.8929 -29.4505 -0.0444718 -0.800456 0.596696
-38.8178 97.4154 -28.7041 -0.074492 -0.810443 0.581062
-38.6314 97.9018 -27.9203 -0.0779334 -0.839707 0.537418
-38.5196 98.4869 -26.9844 -0.0795746 -0.841848 0.533816
-38.5807 99.0824 -25.9432 -0.109295 -0.898388 0.425387
-38.7566 99.6195 -24.8568 -0.110792 -0.897225 0.427448
-38.9634 100.141 -23.73 -0.136141 -0.917567 0.373546
-39.3165 100.575 -22.5403 -0.120755 -0.962547 0.242736
-39.5991 100.891 -21.5638 -0.220407 -0.956767 0.189786
-40.0167 101.185 -20.3215 -0.201296 -0.972455 0.117524
-40.4246 101.342 -19.3339 -0.140133 -0.989506 0.0336599
-40.9974 101.403 -17.7951 -0.12038 -0.991296 -0.0528458
-41.4782 101.375 -16.5837 -0.140637 -0.985394 -0.0956343
-41.9716 101.349 -15.507 -0.170342 -0.980482 -0.0954424
-42.5254 101.279 -14.4221 -0.107784 -0.984227 -0.140285
-43.0353 101.185 -13.4592 -0.116239 -0.977963 -0.17225
-43.6474 101.134 -12.6506 -0.134642 -0.977217 -0.164068
-44.4085 101.382 -13.3728 -0.160536 -0.96839 -0.190914
-45.0205 101.718 -14.5088 -0.182873 -0.965356 -0.18613
-45.4951 102.011 -15.7206 -0.146205 -0.977817 -0.149993
-45.8348 102.221 -16.6913 -0.220739 -0.968674 -0.107698
-46.1985 102.384 -17.62 -0.239077 -0.968027 -0.0759317
-46.5507 102.53 -18.5443 -0.233497 -0.970545 -0.0587273
-46.8826 102.609 -19.4273 -0.204277 -0.978093 0.0400559
-47.1973 102.638 -20.3193 -0.203324 -0.97828 0.0403449
-47.5024 102.649 -21.238 -0.202704 -0.977384 0.0602586
-47.9502 102.486 -22.5182 -0.20479 -0.91628 0.344228
-48.3625 102.283 -23.4521 -0.287372 -0.917385 0.271701
-48.5761 101.93 -24.6695 -0.303534 -0.889091 0.342231
-47.9622 101.526 -25.2158 -0.244473 -0.906929 0.343093
-47.3744 101.191 -25.6839 -0.25332 -0.899588 0.35537
-47.8266 100.958 -26.5268 -0.265056 -0.879786 0.394039
-48.6637 101.419 -26.0655 -0.270556 -0.902057 0.336292
-49.4821 101.87 -25.6062 -0.29717 -0.885106 0.357933
-49.7535 102.263 -24.8384 -0.308458 -0.892292 0.329648
-49.5947 102.512 -23.9693 -0.280453 -0.924212 0.258015
-49.2731 102.675 -22.9298 -0.277129 -0.931608 0.234967
-48.8285 102.836 -21.9911 -0.17022 -0.953549 0.248534
-48.3484 102.848 -20.7501 -0.199424 -0.975721 0.0862781
-47.9526 102.825 -19.6007 -0.203958 -0.978131 0.0407641
-47.5957 102.787 -18.7275 -0.215435 -0.9744 -0.0193496
-47.0917 102.569 -17.3725 -0.205454 -0.976015 -0.072
-46.7837 102.378 -16.4065 -0.202387 -0.969324 -0.139462
-46.3611 102.127 -15.2932 -0.205213 -0.968183 -0.14321
-46.0077 101.912 -14.4333 -0.21027 -0.962237 -0.172202
-45.6205 101.644 -13.4949 -0.214619 -0.95559 -0.201007
-45.0975 101.36 -12.6406 -0.168517 -0.963709 -0.207042
-44.6255 101.071 -11.7285 -0.137505 -0.966363 -0.217336
-43.7565 100.866 -11.36 -0.13167 -0.968322 -0.212158
-42.7672 100.875 -12.0053 -0.129878 -0.968487 -0.212519
-42.1075 101.003 -12.9722 -0.09993 -0.97805 -0.182845
-41.5566 101.099 -13.9278 -0.125391 -0.982812 -0.13549
-41.0909 101.143 -14.8467 -0.155379 -0.981677 -0.110309
-40.5334 101.208 -16.1646 -0.120895 -0.988041 -0.0957036
-40.1317 101.266 -17.2719 -0.116684 -0.989953 -0.0775657
-39.7789 101.289 -18.5184 -0.119325 -0.991963 -0.00284132
-39.1809 101.126 -19.9115 -0.131717 -0.985408 0.104131
-38.7759 100.889 -20.9595 -0.155014 -0.958951 0.237451
-38.5175 100.652 -21.9262 -0.0839664 -0.96039 0.265707
-38.224 100.396 -22.7555 -0.100759 -0.956845 0.27196
-37.9128 100.049 -23.6268 -0.109008 -0.925501 0.362719
-37.756 99.667 -24.4957 -0.111593 -0.897403 0.426866
-37.6011 99.0271 -25.8364 -0.0911568 -0.899292 0.427743
-37.5266 98.6041 -26.6588 -0.0740756 -0.842396 0.533743
-37.6216 97.8405 -27.888 -0.0658193 -0.843326 0.533297
-37.8444 97.2652 -28.8052 -0.0541541 -0.82527 0.561714
-38.0044 96.6196 -29.7331 -0.0467301 -0.816498 0.575453
-38.2042 96.0335 -30.5283 -0.0144258 -0.782862 0.620907
-38.5109 95.4649 -31.2449 -0.0120365 -0.803597 0.595052
-38.9295 94.9425 -31.9311 0.00385397 -0.773493 0.633159
-39.3679 94.4037 -32.5486 0.0265629 -0.764731 0.643791
-39.871 93.7866 -33.3257 -0.0547402 -0.790955 0.609421
-40.4606 92.9627 -34.3558 0.00514373 -0.749581 0.661796
-41.1818 92.2955 -35.1369 -0.0355961 -0.767124 0.64051
-42.0661 91.9839 -35.5352 0.0112568 -0.752603 0.658379
-43.2423 91.9604 -35.542 -0.0104368 -0.781579 0.621579
-43.7094 92.5723 -34.7793 0.0477347 -0.771094 0.634929
-43.7261 93.4746 -33.7382 0.021419 -0.757537 0.652441
-43.8349 94.2151 -32.9149 -0.011943 -0.740721 0.670775
-43.9567 94.9378 -32.0832 -0.0488598 -0.737164 0.673232
-44.161 95.9038 -31.115 -0.0437766 -0.709837 0.703004
-44.259 96.8529 -30.1283 -0.0614915 -0.704789 0.706516
-44.7078 97.6959 -29.357 -0.15252 -0.699476 0.698191
-45.1173 98.6402 -28.6288 -0.232224 -0.634571 0.737151
-45.568 99.2538 -28.0665 -0.333526 -0.701702 0.623239
-46.4753 100.193 -27.3506 -0.331998 -0.848524 0.412048
-47.1333 100.602 -26.8933 -0.244474 -0.884749 0.396801
-47.7041 100.894 -26.5935 -0.24447 -0.88475 0.396802
