-44.1878 101.924 -24.2878 -0.224218 -0.918618 0.324177
-44.3602 102.27 -23.4582 -0.225701 -0.932982 0.272738
-43.8001 102.306 -22.6465 -0.242171 -0.953875 0.177417
-43.0309 102.063 -22.9909 -0.223085 -0.960628 0.165612
-42.7106 101.747 -23.8429 -0.21232 -0.911793 0.351089
-42.5562 101.396 -24.6828 -0.215275 -0.883167 0.410113
-42.207 100.723 -25.7179 -0.217927 -0.845768 0.486558
-43.1262 101.173 -25.3321 -0.208785 -0.840658 0.499654
-43.7904 101.622 -24.8554 -0.219416 -0.875029 0.424609
-43.9435 101.785 -24.537 -0.212919 -0.916558 0.337562
-44.6858 101.51 -25.4064 -0.185533 -0.846674 0.498719
-43.8067 100.898 -26.0868 -0.211613 -0.837538 0.503736
-43.0992 100.384 -26.622 -0.218223 -0.81638 0.534659
-42.3374 99.7082 -27.3568 -0.206271 -0.820866 0.53257
-41.8477 99.0073 -28.2286 -0.157734 -0.810745 0.563748
-41.4641 98.3732 -28.9774 -0.178656 -0.778931 0.601122
-41.0731 98.673 -28.5005 -0.132152 -0.810306 0.569382
-40.9225 99.3426 -27.416 -0.183564 -0.825637 0.53346
-40.9863 99.8575 -26.6175 -0.186538 -0.837875 0.51297
-41.0971 100.413 -25.7397 -0.200279 -0.853673 0.479468
-41.2986 100.928 -24.8999 -0.235712 -0.84901 0.472887
-41.6318 101.464 -23.9073 -0.23559 -0.926309 0.293176
-41.9554 101.87 -22.9061 -0.212859 -0.945121 0.236608
-42.5483 102.179 -21.7368 -0.196548 -0.97424 0.104276
-43.0914 102.381 -20.5652 -0.219928 -0.973939 0.0466717
-43.9181 102.564 -20.3105 -0.210493 -0.977421 0.0184757
-44.4254 102.653 -21.0746 -0.21749 -0.972479 0.0790401
-44.8337 102.661 -21.8964 -0.227804 -0.968163 0.103758
-45.2702 102.587 -22.9428 -0.219924 -0.949269 0.22477
-45.6204 102.377 -23.9857 -0.105739 -0.921344 0.372891
-45.1758 101.835 -25.0171 -0.161582 -0.895598 0.414482
-45.0985 101.783 -25.0976 -0.185533 -0.846675 0.498718
-45.8133 101.513 -25.8852 -0.22241 -0.865724 0.448018
-46.5345 101.962 -25.3599 -0.215045 -0.903551 0.364716
-46.9712 102.416 -24.2832 -0.237304 -0.919626 0.312125
-46.4743 102.765 -23.1859 -0.160889 -0.913923 0.36668
-46.1734 102.898 -22.3177 -0.250144 -0.953736 0.166783
-45.5873 102.91 -20.8883 -0.229289 -0.971595 0.0585649
-45.1954 102.865 -20.0684 -0.225064 -0.974149 -0.0010127
-44.6394 102.715 -18.8671 -0.22108 -0.97505 -0.0200552
-44.1916 102.592 -17.9707 -0.225053 -0.973515 -0.0402529
-43.4738 102.421 -17.4372 -0.188726 -0.981598 -0.0291089
-42.8888 102.336 -18.5348 -0.193444 -0.980863 -0.0220831
-42.3176 102.246 -19.7454 -0.1552 -0.987853 0.0077422
-41.8355 102.129 -20.7167 -0.159641 -0.981622 0.104565
-41.3785 101.952 -21.6589 -0.197022 -0.967256 0.15129
-41.0473 101.717 -22.4649 -0.275327 -0.948628 0.155886
-40.7489 101.458 -23.2869 -0.248664 -0.91261 0.321112
-40.4282 101.067 -24.0339 -0.283396 -0.894174 0.34661
-40.1789 100.665 -24.814 -0.225642 -0.857704 0.461655
-39.9364 99.9185 -26.1347 -0.200278 -0.853673 0.479468
-39.8112 99.3527 -27.0935 -0.117342 -0.867999 0.482503
-39.8611 98.6359 -28.2054 -0.106389 -0.834466 0.540489
-40.0242 98.1059 -29.0655 -0.0955341 -0.837601 0.537852
-40.2017 97.31 -30.1727 -0.0904503 -0.801022 0.591762
-40.4515 96.7782 -30.9135 -0.100433 -0.796899 0.595706
-41.0064 96.123 -31.7996 -0.0719114 -0.767153 0.637421
-41.4046 96.1762 -31.7742 -0.0549826 -0.770547 0.635008
-41.8275 96.9118 -30.9362 -0.0639689 -0.759864 0.646928
-42.1136 97.5881 -30.1598 -0.139635 -0.79131 0.595257
-42.4525 98.2421 -29.4094 -0.146716 -0.768393 0.622934
-42.8978 98.9459 -28.6844 -0.199781 -0.771677 0.602662
-43.3344 99.5438 -27.9922 -0.2084 -0.81866 0.535114
-44.0271 100.22 -27.2376 -0.219865 -0.810674 0.542553
-44.784 100.795 -26.6806 -0.243511 -0.847927 0.469048
-45.4041 101.261 -26.1861 -0.214715 -0.851426 0.477389
-46.2798 101.158 -26.8896 -0.278293 -0.859112 0.429512
-46.9698 101.61 -26.3676 -0.270758 -0.880245 0.389199
-48.0771 102.236 -25.6894 -0.277074 -0.89231 0.355795
-48.2961 102.598 -24.8801 -0.281406 -0.907066 0.313116
-48.0927 102.839 -23.9977 -0.272844 -0.912089 0.305772
-47.5758 103.079 -22.9001 -0.172929 -0.938215 0.299746
-47.2439 103.226 -21.9506 -0.193501 -0.967177 0.161665
-46.8997 103.217 -21.1139 -0.244753 -0.968487 0.0460835
-46.3703 103.145 -19.9869 -0.227333 -0.97276 0.0453542
-45.7324 102.993 -18.6195 -0.282802 -0.959115 -0.0110091
-45.2437 102.806 -17.5699 -0.214834 -0.973598 -0.0749396
-44.6311 102.594 -16.3277 -0.21688 -0.97297 -0.0775815
-43.7901 102.288 -15.3758 -0.195906 -0.965192 -0.173096
-42.9948 102.179 -15.6863 -0.188811 -0.975095 -0.116363
-42.4558 102.175 -16.6546 -0.178436 -0.981958 -0.0593802
-41.9458 102.158 -17.8798 -0.165404 -0.985369 -0.0410916
-41.5544 102.126 -18.7684 -0.155977 -0.98756 -0.012057
-41.0949 102.065 -19.7407 -0.121543 -0.992583 -0.00246359
-40.6642 101.943 -20.5637 -0.165553 -0.977342 0.131888
-40.2468 101.749 -21.4812 -0.178359 -0.976876 0.116145
-39.8333 101.439 -22.6075 -0.18326 -0.962817 0.198494
-39.3413 100.951 -23.749 -0.210107 -0.914102 0.343237
-39.0592 100.522 -24.6787 -0.1637 -0.916592 0.364776
-38.876 100.053 -25.5703 -0.119391 -0.879482 0.460714
-38.7563 99.5054 -26.5555 -0.122266 -0.869317 0.478894
-38.6492 98.7953 -27.7475 -0.0764982 -0.841643 0.534589
-38.7635 98.2735 -28.5894 -0.0572318 -0.840683 0.537881
-38.9243 97.7744 -29.3805 -0.0842297 -0.816763 0.569588
-39.1511 96.9828 -30.4665 -0.0628437 -0.797537 0.599946
-39.437 96.4097 -31.2531 -0.0523966 -0.797662 0.600803
-40.0911 95.6054 -32.3754 -0.0508357 -0.801566 0.595735
-40.5324 95.0991 -33.0879 -0.0454828 -0.801837 0.595732
-40.8687 94.5967 -33.8006 -0.0426869 -0.80502 0.59171
-41.3092 93.9441 -34.6866 -0.040033 -0.783057 0.620518
-41.9428 93.4231 -35.363 -0.0324857 -0.770622 0.636345
-42.3364 93.7541 -34.9448 0.0160892 -0.785383 0.618801
-42.4194 94.521 -33.9646 0.0179923 -0.788248 0.615095
-42.5088 95.3356 -32.8952 -0.0177318 -0.786635 0.617163
-42.6746 95.9444 -32.1396 -0.0513991 -0.755793 0.652662
-42.8554 96.6144 -31.3931 -0.0653294 -0.754613 0.652861
-43.075 97.249 -30.7038 -0.0951382 -0.732177 0.674437
-43.3555 97.8674 -30.0742 -0.103423 -0.734813 0.670339
-43.8157 98.6149 -29.325 -0.144294 -0.704165 0.692948
-44.2026 99.2342 -28.7588 -0.228001 -0.74338 0.628809
-44.7208 99.8708 -28.0356 -0.255934 -0.782584 0.563927
-45.3422 100.51 -27.5425 -0.315948 -0.763599 0.562315
-45.8883 100.897 -27.1576 -0.278292 -0.859112 0.429511
-46.5657 100.721 -27.9841 -0.285011 -0.866426 0.409969
-45.8271 99.9958 -28.5214 -0.402518 -0.722094 0.562636
-45.3017 99.3598 -29.0088 -0.206517 -0.708254 0.672407
-44.9891 98.6989 -29.55 -0.194547 -0.675917 0.710836
-44.4145 97.7646 -30.3522 -0.161136 -0.740081 0.652928
-44.1019 96.9815 -31.1488 -0.10105 -0.725317 0.680959
-43.7974 96.0548 -32.1404 -0.0826056 -0.75119 0.654897
-43.6232 95.3901 -32.8598 -0.019897 -0.786665 0.617059
-43.5107 94.6486 -33.7768 0.00347745 -0.77599 0.63039
-43.4633 93.7885 -34.8502 0.0270713 -0.771202 0.636005
-43.428 93.199 -35.5721 0.0410122 -0.790457 0.610591
-42.9846 92.669 -36.3817 -0.0822984 -0.843333 0.529111
-42.1916 92.3731 -36.6836 -0.0586264 -0.784503 0.617347
-41.1385 92.642 -36.2279 -0.0745168 -0.75229 0.653311
-40.5196 93.2939 -35.4398 -0.0325046 -0.763709 0.644741
-40.1593 93.8279 -34.7933 0.016167 -0.808819 0.587836
-39.7714 94.3388 -34.101 -0.0174241 -0.821893 0.567883
-39.3714 94.9047 -33.2441 -0.0699125 -0.803328 0.591419
-38.9081 95.4878 -32.445 -0.0387036 -0.805205 0.591732
-38.5206 95.9668 -31.7625 -0.0472684 -0.803517 0.59337
-38.2331 96.5118 -31.0095 -0.049188 -0.799895 0.598121
-37.8155 97.2622 -29.9653 -0.0475325 -0.803525 0.59337
-37.7508 97.8357 -29.1576 -0.0528928 -0.820541 0.56891
-37.492 98.4413 -28.1439 -0.0698113 -0.852178 0.518574
-37.515 98.9312 -27.3495 -0.0732337 -0.849404 0.522637
-37.6686 99.4119 -26.5184 -0.0988424 -0.886208 0.452621
-37.7869 99.9077 -25.5591 -0.114707 -0.885493 0.450042
-38.0074 100.527 -24.2762 -0.119591 -0.918989 0.375708
-38.4302 101.024 -23.0928 -0.144443 -0.947302 0.283656
-38.8434 101.354 -22.1628 -0.149384 -0.963186 0.217709
-39.2041 101.603 -21.1429 -0.194432 -0.963613 0.183429
-39.7818 101.859 -19.86 -0.153822 -0.985913 0.0656791
-40.2966 101.954 -18.6714 -0.130127 -0.991306 -0.0194668
-40.9047 101.997 -17.5439 -0.114353 -0.992678 -0.0389043
-41.2542 101.955 -16.5362 -0.151351 -0.98401 -0.0902314
-41.6522 101.94 -15.6196 -0.149154 -0.981318 -0.121524
-42.2625 101.925 -14.778 -0.136026 -0.979675 -0.146174
-43.1719 101.899 -13.8912 -0.114962 -0.978444 -0.170214
-44.2567 102.123 -14.0217 -0.185352 -0.960167 -0.209104
-45.1144 102.469 -14.9253 -0.186273 -0.968037 -0.167947
-45.6555 102.718 -15.8656 -0.159032 -0.976769 -0.143633
-46.1559 102.946 -16.8119 -0.186777 -0.975225 -0.118538
-46.5367 103.13 -17.7532 -0.230733 -0.97019 -0.0736708
-47.1064 103.339 -18.9291 -0.223899 -0.972486 -0.0643493
-47.7035 103.451 -20.288 -0.237899 -0.971077 0.0203126
-48.1207 103.482 -21.259 -0.211568 -0.967463 0.134523
-48.4884 103.428 -22.3171 -0.237854 -0.959794 0.148213
-49.0662 103.267 -23.5455 -0.264127 -0.932309 0.246083
-49.343 103.034 -24.5675 -0.308708 -0.906521 0.287947
-49.5643 102.666 -25.8528 -0.331231 -0.882083 0.334985
-48.8925 102.105 -26.5856 -0.28526 -0.871253 0.398991
-47.9928 101.633 -27.0122 -0.270728 -0.872234 0.407292
-47.3092 101.212 -27.4482 -0.273433 -0.869858 0.410587
-46.8614 100.925 -27.7584 -0.279259 -0.868073 0.4104
-46.748 100.851 -27.8352 -0.285011 -0.866426 0.40997
