-13.1263 109.366 -5.55542 0.0931461 -0.969146 -0.227946
-13.184 109.42 -5.80513 0.106834 -0.967609 -0.228708
-14.1514 109.077 -4.8866 0.148041 -0.95861 -0.241602
-15.1816 108.714 -4.3192 0.206599 -0.942581 -0.262407
-16.0391 108.353 -3.62448 0.162337 -0.953689 -0.253227
-16.678 108.03 -2.86068 0.183786 -0.94438 -0.272706
-17.4865 107.709 -2.31214 0.212506 -0.934287 -0.284771
-18.1556 107.368 -1.77403 0.24045 -0.926711 -0.288773
-18.5811 107.038 -0.932966 0.230912 -0.938646 -0.255851
-17.5206 107.324 -1.04534 0.22445 -0.937247 -0.266815
-16.181 107.84 -1.83793 0.20355 -0.945053 -0.255818
-15.5703 108.157 -2.51803 0.204258 -0.950395 -0.234569
-14.8108 108.59 -3.58192 0.201759 -0.945468 -0.255546
-13.8949 109.004 -4.46765 0.161519 -0.950705 -0.26471
-13.8653 109.223 -5.35925 0.134564 -0.966516 -0.218495
-13.2244 109.332 -5.44599 0.110736 -0.969149 -0.218889
-12.3685 109.232 -4.66336 0.0904395 -0.973297 -0.210775
-11.463 109.563 -5.75177 0.0633153 -0.969429 -0.237061
-10.7629 109.73 -6.52492 0.0192216 -0.981531 -0.190309
-9.96806 109.994 -7.72325 -0.00160178 -0.976197 -0.216882
-9.10301 110.164 -8.63049 -0.0323999 -0.971688 -0.234034
-8.19469 109.739 -9.22424 -0.469581 -0.881188 0.0547766
-7.2342 109.164 -10.1131 -0.519129 -0.854644 -0.00943472
-6.42468 108.676 -10.6653 -0.523849 -0.85178 -0.00726139
-5.71322 108.241 -11.0629 -0.58987 -0.807254 -0.0198532
-4.68774 107.507 -11.4951 -0.586486 -0.809544 -0.0259405
-3.45307 106.595 -11.875 -0.609173 -0.792988 0.00881411
-2.31092 105.723 -12.2164 -0.550697 -0.826048 0.0818738
-1.04974 104.992 -12.3679 -0.48333 -0.865959 0.128479
-0.200127 104.493 -12.482 -0.533778 -0.828211 0.170061
0.479432 104.044 -12.4831 -0.484547 -0.852075 0.186879
1.27908 103.557 -12.8825 -0.454971 -0.86096 0.227485
0.477065 103.983 -12.7678 -0.484546 -0.852077 0.186871
-0.165995 104.304 -13.2555 -0.547638 -0.819467 0.169016
-1.06844 104.861 -13.2758 -0.482692 -0.864556 0.139825
-2.3028 105.675 -13.3725 -0.626238 -0.778576 0.0354573
-3.43235 106.598 -13.4778 -0.655441 -0.755172 0.0105777
-4.40252 107.393 -13.5389 -0.604045 -0.795594 -0.0464748
-5.24464 108.017 -13.249 -0.587285 -0.807165 -0.0545614
-6.14812 108.613 -12.7019 -0.570692 -0.819984 -0.0440019
-7.08309 109.148 -12.0073 -0.510288 -0.857659 -0.0587823
-7.83579 109.536 -11.5164 -0.481489 -0.874515 -0.0570054
-8.46183 109.831 -10.9254 -0.417148 -0.908449 0.0266122
-9.25471 110.214 -10.2053 -0.415146 -0.908706 0.0436681
-9.92815 110.391 -9.6144 0.0166085 -0.980781 -0.194403
-10.8036 110.288 -9.00571 -0.036692 -0.982622 -0.181954
-11.7665 110.135 -8.17592 0.0687573 -0.97309 -0.217147
-12.6645 109.909 -7.60693 0.0837712 -0.965485 -0.246554
-13.5618 109.675 -7.03473 0.0976157 -0.958615 -0.267449
-14.2809 109.464 -6.52321 0.117236 -0.964623 -0.235873
-15.0946 109.18 -5.84499 0.134706 -0.960823 -0.242225
-15.9954 108.824 -5.14117 0.144485 -0.939166 -0.311596
-16.9212 108.402 -4.2759 0.138934 -0.943476 -0.300915
-17.5611 108.104 -3.67911 0.164565 -0.944385 -0.284701
-18.4439 107.713 -3.093 0.239844 -0.914146 -0.326823
-19.083 107.362 -2.50746 0.235167 -0.92599 -0.295361
-19.7456 106.991 -1.79317 0.21064 -0.943374 -0.256275
-20.3762 106.654 -1.0698 0.239833 -0.934481 -0.261283
-20.6926 106.338 -0.302282 0.269669 -0.923088 -0.274203
-20.003 106.408 0.130674 0.275466 -0.926955 -0.253551
-19.0967 106.588 0.233002 0.18931 -0.944253 -0.269346
-17.8927 106.869 0.226165 0.247584 -0.932063 -0.264502
-16.6366 107.31 -0.244631 0.21403 -0.94405 -0.250752
-15.6526 107.709 -0.901857 0.217381 -0.939037 -0.266373
-14.9356 108.066 -1.58886 0.213377 -0.946503 -0.241675
-14.3274 108.349 -2.22183 0.158492 -0.959237 -0.233075
-13.712 108.621 -2.99977 0.148901 -0.956754 -0.248814
-13.0643 108.931 -3.72711 0.141462 -0.951898 -0.271806
-12.5039 109.182 -4.48422 0.0939671 -0.97481 -0.202277
-11.5309 109.145 -3.81579 0.108279 -0.973435 -0.201741
-12.1901 108.843 -2.88351 0.160858 -0.95788 -0.237889
-13.0479 108.496 -2.00756 0.148338 -0.964887 -0.216769
-13.6289 108.23 -1.25824 0.168145 -0.957835 -0.232859
-14.244 107.935 -0.564602 0.213306 -0.939412 -0.26834
-15.2156 107.534 0.106515 0.215649 -0.95111 -0.221094
-16.3687 107.089 0.884909 0.219881 -0.950734 -0.218534
-17.4064 106.642 1.36693 0.295976 -0.916733 -0.268326
-18.504 106.374 1.4541 0.126188 -0.957269 -0.260217
-19.5061 106.266 1.31314 0.229151 -0.945245 -0.225275
-21.0309 105.82 1.21302 0.28787 -0.928086 -0.236192
-22.1098 105.651 0.642495 0.268737 -0.928248 -0.256701
-22.1433 105.942 -0.395898 0.276386 -0.923257 -0.266847
-21.559 106.423 -1.4526 0.263893 -0.925773 -0.270749
-20.7343 106.935 -2.37554 0.243209 -0.926888 -0.285162
-20.1414 107.268 -3.01281 0.224998 -0.933511 -0.279164
-19.4828 107.672 -3.75137 0.247901 -0.914075 -0.320954
-18.6013 108.121 -4.34895 0.247217 -0.912791 -0.325082
-17.9158 108.43 -4.88717 0.158769 -0.93174 -0.326578
-17.2319 108.772 -5.623 0.153264 -0.947529 -0.280394
-16.5333 109.081 -6.26383 0.17836 -0.934659 -0.30583
-15.7669 109.442 -6.81746 0.132972 -0.93177 -0.332014
-15.0172 109.68 -7.43208 0.0650726 -0.962558 -0.262074
-14.1311 109.901 -8.04028 0.0755467 -0.9678 -0.240111
-13.0293 110.159 -8.71516 0.0828055 -0.967822 -0.23762
-12.2093 110.35 -9.36106 0.0395165 -0.979131 -0.199353
-11.3793 110.488 -9.98638 -0.0332514 -0.983567 -0.177455
-10.5251 110.505 -10.628 -0.132437 -0.990014 -0.0482956
-9.61837 110.329 -11.4499 -0.383283 -0.922629 0.0430103
-8.93577 110.068 -12.1725 -0.364521 -0.928543 -0.0702259
-7.91238 109.669 -12.8844 -0.470481 -0.877093 -0.0967259
-7.0829 109.245 -13.4771 -0.517472 -0.853857 -0.0561299
-6.22064 108.735 -13.9837 -0.559068 -0.828004 -0.0430497
-5.47404 108.248 -14.3114 -0.565273 -0.824309 -0.0225254
-4.70531 107.69 -14.6265 -0.606132 -0.794089 -0.0450088
-3.96301 107.132 -14.777 -0.621111 -0.782669 -0.0344086
-3.16179 106.409 -14.694 -0.668708 -0.740494 -0.0670735
-2.37439 105.705 -14.5992 -0.641832 -0.765113 -0.0515123
-1.62723 105.073 -14.52 -0.655788 -0.753809 -0.031418
-0.827515 104.51 -14.4448 -0.530955 -0.845962 0.0493441
0.0618807 103.925 -14.3374 -0.55102 -0.816289 0.173346
0.867551 103.468 -14.1534 -0.484078 -0.856771 0.177795
1.78708 102.939 -13.9988 -0.51024 -0.812035 0.283293
2.76524 102.431 -13.7139 -0.496426 -0.817339 0.29227
3.54348 102.164 -13.167 -0.476988 -0.824898 0.302923
3.79827 102.406 -12.0087 -0.433835 -0.868898 0.2382
2.78397 103.069 -11.6086 -0.49312 -0.800868 0.339386
1.79523 103.667 -11.587 -0.413651 -0.864259 0.285445
0.903454 104.109 -11.467 -0.380584 -0.88573 0.264272
-0.227343 104.73 -11.3286 -0.509008 -0.838708 0.190334
-1.29802 105.265 -11.1852 -0.472389 -0.880861 -0.0114995
-2.16822 105.744 -11.0913 -0.477916 -0.878381 0.00649074
-2.91875 106.221 -10.9092 -0.595398 -0.803312 0.0138024
-4.09305 107.064 -10.5394 -0.567615 -0.822957 -0.0232313
-5.20746 107.846 -10.1206 -0.590492 -0.806739 -0.0221817
-6.04275 108.418 -9.62594 -0.54817 -0.835788 -0.0311285
-6.81177 108.908 -9.00806 -0.535707 -0.844392 -0.00453582
-7.46313 109.317 -8.44165 -0.519132 -0.853642 0.0355691
-8.14334 109.762 -7.91192 -0.506417 -0.861218 0.0347775
-8.92206 109.829 -7.08484 -0.0289163 -0.980395 -0.194909
-9.52613 109.667 -6.10532 0.0264383 -0.982517 -0.184286
-10.1067 109.522 -5.40013 0.0175311 -0.983346 -0.180602
-10.7387 109.402 -4.73876 0.0529628 -0.983572 -0.168055
-11.2524 109.237 -4.11091 0.108279 -0.973435 -0.201741
2.00523 103.164 -12.8084 -0.497659 -0.835134 0.23428
2.03439 103.149 -12.8009 -0.502586 -0.833106 0.230871
2.03054 103.151 -12.8017 -0.497664 -0.83513 0.234281
