-44.2967 102.712 -24.2632 -0.223502 -0.942947 0.245941
-44.1865 102.359 -25.1735 -0.214106 -0.838152 0.501573
-43.3775 101.882 -25.6095 -0.212762 -0.833182 0.510409
-42.9409 102.18 -24.9471 -0.220894 -0.878908 0.406617
-43.3663 102.547 -24.065 -0.203823 -0.941972 0.266732
-43.9569 102.804 -23.5657 -0.217753 -0.951699 0.216351
-44.0632 102.775 -23.7931 -0.211153 -0.950972 0.225891
-45.1358 103.059 -23.5973 -0.216389 -0.951904 0.216818
-44.6054 103.177 -22.5754 -0.222523 -0.960103 0.15713
-44.0927 103.156 -21.6698 -0.209038 -0.972819 0.0996339
-43.1616 102.893 -22.0266 -0.221929 -0.965478 0.136378
-42.761 102.688 -22.845 -0.20254 -0.96438 0.165501
-42.3402 102.389 -23.8348 -0.223578 -0.944609 0.23657
-41.9089 102.005 -24.706 -0.217182 -0.927823 0.303275
-41.6137 101.503 -25.4833 -0.278191 -0.840309 0.464861
-41.3776 100.753 -26.6411 -0.244174 -0.848042 0.468885
-41.1891 100.204 -27.4303 -0.21442 -0.821645 0.528132
-41.1626 99.6388 -28.2847 -0.215959 -0.812885 0.540906
-41.1889 99.061 -29.1635 -0.183503 -0.822624 0.537079
-41.7169 99.449 -28.7834 -0.192916 -0.808939 0.555339
-41.954 100.009 -28.0443 -0.21519 -0.817265 0.534519
-42.464 100.512 -27.4822 -0.224071 -0.817454 0.530623
-43.0815 101.006 -26.979 -0.20997 -0.810372 0.546942
-44.105 101.639 -26.3442 -0.217453 -0.84268 0.492526
-45.1568 102.246 -25.7837 -0.207789 -0.848837 0.485727
-45.7334 102.694 -25.1146 -0.186933 -0.896695 0.401239
-45.4592 102.961 -24.238 -0.194439 -0.948714 0.248196
-45.1851 103.049 -23.6928 -0.217959 -0.946376 0.237322
-46.0012 103.403 -22.9727 -0.222664 -0.950909 0.214924
-46.4901 103.264 -23.9336 -0.161676 -0.940522 0.298797
-46.9491 102.982 -24.9034 -0.207916 -0.913815 0.340604
-46.9948 102.639 -25.899 -0.282437 -0.878435 0.382321
-46.2284 102.154 -26.4123 -0.239194 -0.870434 0.430268
-45.1978 101.577 -26.9223 -0.219698 -0.830427 0.51198
-44.4026 101.099 -27.366 -0.211278 -0.82168 0.528738
-43.5753 100.462 -27.9748 -0.217208 -0.807318 0.548688
-43.0953 99.9519 -28.5571 -0.206806 -0.807189 0.552779
-42.7169 99.3472 -29.2791 -0.2019 -0.80495 0.557843
-42.2087 98.6996 -29.9919 -0.189315 -0.791459 0.581141
-41.82 97.914 -30.8849 -0.172253 -0.762994 0.623032
-41.4794 97.2828 -31.6195 -0.129704 -0.787245 0.602845
-41.419 96.7793 -32.2536 -0.0535055 -0.754786 0.653746
-41.0095 96.4153 -32.6474 -0.0816407 -0.769202 0.632497
-40.7669 96.8226 -32.0721 -0.12364 -0.792088 0.597753
-40.5021 97.3888 -31.2647 -0.114879 -0.794305 0.596264
-40.1397 98.0111 -30.373 -0.107394 -0.806539 0.581345
-39.9855 98.6303 -29.499 -0.135656 -0.813973 0.563448
-40.0351 99.3354 -28.4083 -0.150471 -0.832883 0.5326
-40.1078 99.9884 -27.376 -0.163266 -0.842326 0.513645
-40.2766 100.719 -26.1891 -0.214055 -0.864198 0.45535
-40.5273 101.238 -25.2821 -0.248753 -0.876785 0.406158
-40.827 101.718 -24.544 -0.305518 -0.850437 0.42827
-41.1991 102.122 -23.6943 -0.290076 -0.915934 0.277347
-41.5562 102.43 -22.8737 -0.202549 -0.96438 0.165496
-42.1574 102.73 -21.5454 -0.21336 -0.968031 0.131493
-42.5905 102.888 -20.5355 -0.162324 -0.98505 0.0463937
-43.1414 103.001 -19.6722 -0.231619 -0.972699 -0.0144956
-44.0394 103.212 -19.5321 -0.231689 -0.972684 -0.0143765
-44.6239 103.366 -20.4742 -0.244439 -0.968607 0.0348965
-45.1015 103.428 -21.2535 -0.23677 -0.966747 0.096644
-45.6638 103.46 -22.341 -0.227531 -0.961191 0.145972
-45.993 103.405 -22.9569 -0.222665 -0.950909 0.214925
-46.9527 103.705 -22.5366 -0.246187 -0.951085 0.186627
-47.4428 103.581 -23.4801 -0.171344 -0.936413 0.306221
-47.9375 103.424 -24.511 -0.293743 -0.903222 0.312455
-48.2682 103.196 -25.4981 -0.305983 -0.897767 0.316842
-48.2294 102.761 -26.533 -0.299491 -0.864772 0.402548
-47.3765 102.204 -27.0532 -0.30232 -0.8563 0.418751
-46.2864 101.589 -27.5946 -0.243391 -0.87376 0.420981
-45.3753 101.035 -28.0055 -0.373947 -0.735932 0.564418
-44.5119 100.282 -28.6089 -0.213451 -0.807237 0.550279
-43.8113 99.4705 -29.4741 -0.189526 -0.777739 0.599335
-43.3761 98.7984 -30.2237 -0.162705 -0.756683 0.630686
-43.0356 98.1643 -30.835 -0.102099 -0.75161 0.651658
-42.6511 97.2475 -31.8161 -0.100486 -0.740226 0.664807
-42.5183 96.5906 -32.5688 -0.0592257 -0.751811 0.656714
-42.3585 95.9207 -33.3848 -0.0890689 -0.806142 0.58498
-42.2478 95.3173 -34.1964 -0.087086 -0.803961 0.588272
-42.0647 94.7869 -34.9371 -0.0659733 -0.819897 0.568645
-41.9078 94.2457 -35.7268 -0.0272994 -0.828781 0.558306
-41.5007 93.8326 -36.2901 -0.0684184 -0.7503 0.657548
-41.6706 94.4102 -35.4537 -0.0345623 -0.842506 0.537576
-41.1622 94.6173 -35.126 0.00283866 -0.834862 0.550271
-40.6666 95.2299 -34.1908 -0.0219395 -0.817223 0.575745
-40.1661 95.8131 -33.3406 -0.0575012 -0.81364 0.578518
-39.8123 96.2548 -32.6263 -0.0968275 -0.807082 0.580572
-39.5284 96.7809 -31.9172 -0.0794516 -0.784403 0.615142
-39.1575 97.3928 -31.0452 -0.0778697 -0.796105 0.599922
-38.9535 97.9469 -30.2772 -0.0627595 -0.803057 0.592588
-38.8521 98.7418 -29.0942 -0.0744962 -0.851008 0.519841
-38.9276 99.4772 -27.957 -0.097055 -0.839219 0.535063
-39.0022 99.963 -27.1697 -0.140097 -0.877658 0.458355
-39.1672 100.531 -26.1361 -0.141869 -0.875305 0.462293
-39.4466 101.103 -25.1118 -0.150041 -0.895922 0.417157
-39.7629 101.493 -24.3259 -0.158575 -0.917359 0.362445
-40.0888 101.864 -23.5255 -0.201894 -0.914573 0.350422
-40.5578 102.293 -22.4295 -0.20184 -0.966956 0.155748
-40.9936 102.529 -21.4419 -0.179145 -0.976205 0.119092
-41.4613 102.709 -20.3868 -0.162324 -0.98505 0.0463946
-41.8115 102.776 -19.5364 -0.153975 -0.988026 0.00421244
-42.604 102.893 -18.3057 -0.182227 -0.982902 0.00135747
-43.2075 102.997 -17.5869 -0.192553 -0.980836 -0.0297276
-44.0756 103.173 -17.4997 -0.217627 -0.97564 -0.0276667
-44.8839 103.414 -18.6532 -0.242402 -0.968898 -0.0497799
-45.5867 103.606 -19.8661 -0.241261 -0.970428 0.00699839
-46.247 103.723 -21.1411 -0.216973 -0.974648 0.0546189
-46.8221 103.72 -22.2895 -0.226224 -0.954802 0.191672
-47.7504 104.047 -21.8821 -0.251601 -0.957181 0.126012
-47.3258 103.988 -21.0323 -0.255899 -0.965138 0.0550018
-46.9079 103.939 -19.9525 -0.247568 -0.968049 0.0279008
-46.3509 103.801 -19.0952 -0.240654 -0.970611 0.00035834
-45.9408 103.652 -18.2784 -0.232142 -0.971191 -0.0538352
-45.4557 103.487 -17.3872 -0.229954 -0.970504 -0.0704464
-44.8887 103.291 -16.4905 -0.207872 -0.975754 -0.0685122
-44.2345 103.085 -15.8787 -0.213194 -0.967843 -0.128971
-43.2428 102.865 -15.8402 -0.186379 -0.976042 -0.111926
-42.5218 102.794 -16.4243 -0.197641 -0.974206 -0.108249
-41.8714 102.733 -17.3671 -0.168926 -0.984565 -0.0457602
-41.0254 102.657 -18.6792 -0.127933 -0.991466 -0.0226793
-40.4203 102.575 -19.9322 -0.118412 -0.992877 0.0131855
-39.849 102.347 -21.3527 -0.153328 -0.976749 0.143214
-39.3559 102.063 -22.4104 -0.169833 -0.966869 0.190146
-38.8649 101.592 -23.5435 -0.164278 -0.931324 0.320986
-38.5643 101.257 -24.4124 -0.132887 -0.928358 0.345873
-38.1209 100.591 -25.712 -0.115057 -0.884162 0.452791
-37.9715 100.173 -26.5112 -0.0974317 -0.885348 0.454334
-37.8435 99.6919 -27.3937 -0.0959425 -0.873098 0.477793
-37.7477 99.1675 -28.2416 -0.0850897 -0.839958 0.535939
-37.7503 98.4849 -29.3446 -0.0866506 -0.850412 0.518932
-37.8487 97.8728 -30.2611 -0.057025 -0.801639 0.595082
-38.0161 97.1795 -31.2071 -0.0554301 -0.797919 0.600144
-38.4004 96.5203 -32.1239 -0.0483587 -0.806867 0.588675
-38.7067 95.9853 -32.9004 -0.0537275 -0.813428 0.579179
-39.2419 95.3082 -33.995 -0.054609 -0.834248 0.548151
-39.8036 94.7164 -34.9304 -0.0434491 -0.841206 0.538966
-40.103 94.1743 -35.7373 -0.0626204 -0.784672 0.614252
-40.5534 93.4655 -36.6053 -0.0780053 -0.748803 0.658186
-41.257 92.931 -37.3703 -0.118174 -0.777544 0.617625
-42.1499 92.9097 -37.5843 -0.107744 -0.817122 0.564867
-42.7724 93.3407 -37.0713 -0.0867731 -0.80293 0.589723
-43.0432 93.8613 -36.2857 -0.00263124 -0.813977 0.580892
-43.1376 94.3757 -35.5285 0.0250103 -0.82661 0.560543
-43.3352 95.1388 -34.5124 0.0140155 -0.788052 0.615447
-43.4815 95.7959 -33.6703 -0.0200752 -0.766277 0.640487
-43.5975 96.5102 -32.8116 -0.0665341 -0.781176 0.620756
-43.8486 97.4281 -31.8189 -0.130314 -0.746605 0.652379
-44.1266 98.044 -31.1626 -0.0967788 -0.721901 0.685195
-44.6573 99.1555 -30.1996 -0.214848 -0.714095 0.659945
-45.1507 99.7294 -29.6267 -0.209107 -0.791143 0.574776
-45.7124 100.411 -29.078 -0.416425 -0.748573 0.515233
-46.4462 101.072 -28.7402 -0.335625 -0.797039 0.489548
-47.5654 101.735 -28.1428 -0.281081 -0.850192 0.44516
-48.403 102.217 -27.7676 -0.302967 -0.846308 0.43803
-49.4121 102.815 -27.292 -0.306082 -0.849216 0.430261
-49.5946 103.493 -25.9964 -0.327828 -0.856347 0.398997
-49.2638 103.688 -25.0937 -0.325436 -0.898822 0.293147
-48.9533 103.85 -24.175 -0.260301 -0.928939 0.263279
-48.404 103.985 -23.0705 -0.279979 -0.932169 0.229505
-48.0058 104.023 -22.3333 -0.252945 -0.94796 0.193369
-47.7749 104.044 -21.9279 -0.252945 -0.947961 0.193361
