-13.4649 110.029 -5.31617 0.105509 -0.965675 -0.231312
-14.2827 109.742 -4.81222 0.170015 -0.942915 -0.286368
-15.1973 109.354 -4.07935 0.206053 -0.943828 -0.258323
-15.9226 109.037 -3.48915 0.202676 -0.946572 -0.250844
-16.6737 108.638 -2.59231 0.204882 -0.943817 -0.259147
-17.0488 108.299 -1.69781 0.211629 -0.939332 -0.269942
-16.3657 108.493 -1.84353 0.206514 -0.941233 -0.267267
-15.5872 108.861 -2.55183 0.202674 -0.946571 -0.250852
-14.7097 109.216 -3.18545 0.204081 -0.945283 -0.254502
-14.024 109.48 -3.70278 0.166374 -0.953628 -0.250824
-13.4341 109.768 -4.39596 0.151966 -0.947596 -0.280327
-12.7779 110.068 -5.24066 0.111222 -0.973105 -0.198475
-12.0944 110.418 -6.25478 0.124752 -0.95857 -0.25261
-12.5179 110.292 -6.06601 0.162202 -0.949293 -0.269321
-13.3396 110.056 -5.40795 0.0770932 -0.979078 -0.188313
-13.9425 110.192 -6.2438 0.0948444 -0.969895 -0.220839
-14.6869 109.953 -5.72667 0.162286 -0.942299 -0.292806
-15.7087 109.536 -4.98841 0.176869 -0.938958 -0.295084
-16.6922 109.064 -4.09689 0.166553 -0.942093 -0.290871
-17.7195 108.538 -2.98457 0.191846 -0.937159 -0.29137
-18.3091 108.162 -2.2735 0.259244 -0.914415 -0.310593
-18.5995 107.766 -1.30623 0.23974 -0.926307 -0.289918
-18.0374 107.728 -0.663514 0.247958 -0.931185 -0.267229
-16.9545 107.978 -0.537812 0.233901 -0.934957 -0.266571
-15.7133 108.384 -0.970663 0.195884 -0.943243 -0.26814
-14.6825 108.814 -1.67271 0.21373 -0.936852 -0.276818
-13.7879 109.197 -2.43835 0.170649 -0.955149 -0.24201
-12.8808 109.57 -3.27111 0.171829 -0.955153 -0.241154
-12.2514 109.881 -4.1219 0.142622 -0.959409 -0.243298
-11.3604 110.269 -5.22138 0.102317 -0.976301 -0.184845
-10.7297 110.483 -6.08203 0.0403177 -0.97332 -0.221421
-9.91543 110.691 -7.06737 0.00032839 -0.973902 -0.226962
-9.35733 110.869 -7.90504 -0.0388772 -0.974488 -0.221045
-8.66894 111.021 -8.66065 -0.238388 -0.933145 -0.0792276
-7.56926 110.416 -9.77586 -0.458761 -0.888122 0.0241634
-6.63497 109.847 -10.4603 -0.522879 -0.851924 0.0286955
-5.8517 109.379 -11.0065 -0.520171 -0.853989 -0.0111465
-5.14545 108.954 -11.4141 -0.519095 -0.854597 -0.013973
-4.03681 108.157 -11.9051 -0.575558 -0.817194 0.0304447
-3.10366 107.475 -12.2445 -0.576922 -0.81624 0.0039455
-2.16997 106.779 -12.6254 -0.591717 -0.805818 0.0229969
-1.42862 106.196 -12.8368 -0.617351 -0.785283 0.0470004
-0.610988 105.706 -13.0058 -0.483219 -0.868891 0.107367
0.118248 105.197 -13.5561 -0.509614 -0.839627 0.186974
1.02518 104.703 -13.3469 -0.488807 -0.842977 0.224627
1.9721 104.216 -13.5465 -0.422284 -0.890741 0.168097
2.81673 103.758 -13.5551 -0.421585 -0.865827 0.257125
2.15631 104.035 -13.9469 -0.476987 -0.855988 0.199418
1.26803 104.434 -13.9495 -0.304968 -0.930714 0.201904
0.0895392 105.107 -14.0252 -0.524473 -0.829304 0.192827
-0.673368 105.58 -13.9244 -0.494754 -0.849949 0.181121
-1.44417 106.199 -14.1526 -0.610374 -0.790725 -0.0468836
-2.29998 106.872 -14.2865 -0.612119 -0.789882 -0.03703
-3.03818 107.437 -14.1885 -0.627147 -0.778786 -0.0133573
-3.80627 108.036 -13.9722 -0.598383 -0.800532 -0.027079
-4.83935 108.765 -13.6088 -0.58142 -0.812324 -0.0456121
-5.59558 109.278 -13.1803 -0.552776 -0.83148 -0.0480905
-6.4673 109.803 -12.6346 -0.536088 -0.843555 -0.0320148
-7.13245 110.2 -12.1326 -0.531003 -0.846461 -0.039102
-7.98907 110.564 -11.3063 -0.387377 -0.915048 -0.112364
-8.77765 110.922 -10.5112 -0.34622 -0.93567 0.0367512
-9.39402 111.195 -9.87372 -0.0926523 -0.995476 -0.0210455
-10.1245 111.143 -9.08808 -0.00597495 -0.980575 -0.196055
-11.1782 110.978 -8.35212 0.0123899 -0.978411 -0.206298
-11.952 110.785 -7.75858 0.0902631 -0.970851 -0.222038
-13.0397 110.467 -6.92293 0.131314 -0.954999 -0.26395
-13.9023 110.201 -6.27311 0.0558654 -0.973942 -0.219811
-14.5877 110.314 -7.04532 0.0907825 -0.9564 -0.277593
-15.5786 110.009 -6.32403 0.115447 -0.940034 -0.317407
-16.4972 109.605 -5.62822 0.153695 -0.922628 -0.353255
-17.2463 109.239 -4.94136 0.156166 -0.937315 -0.311533
-18.0107 108.841 -4.1169 0.14211 -0.933953 -0.327926
-18.7395 108.448 -3.44801 0.279767 -0.903829 -0.323332
-19.3593 108.041 -2.79859 0.264824 -0.913778 -0.307868
-19.7473 107.671 -1.8956 0.220986 -0.933716 -0.281672
-19.8975 107.35 -0.911643 0.225828 -0.938651 -0.260644
-19.0345 107.304 0.00094604 0.208716 -0.943628 -0.256222
-18.0005 107.427 0.451831 0.20889 -0.93725 -0.278106
-16.9654 107.654 0.545701 0.242115 -0.926504 -0.288045
-16.0383 107.927 0.432318 0.208627 -0.951713 -0.223736
-15.0392 108.29 -0.104751 0.209521 -0.945649 -0.248693
-14.2119 108.616 -0.601875 0.225937 -0.937354 -0.26518
-13.4317 108.977 -1.30071 0.175297 -0.954991 -0.239283
-12.4495 109.361 -2.12977 0.173551 -0.955462 -0.238684
-11.8787 109.614 -2.81819 0.148822 -0.961958 -0.229104
-11.3331 109.86 -3.50497 0.135163 -0.96272 -0.234287
-10.7848 110.117 -4.23384 0.0674838 -0.971611 -0.214883
-10.0192 110.319 -5.23551 4.89539e-05 -0.979211 -0.202843
-9.14823 110.564 -6.27421 0.040486 -0.984238 -0.172155
-8.35737 110.704 -7.31906 -0.0261225 -0.979477 -0.199858
-7.56134 110.5 -8.23068 -0.463145 -0.884345 0.0585678
-6.66738 109.914 -9.16909 -0.525243 -0.848598 0.0578934
-5.96292 109.462 -9.735 -0.53631 -0.842981 0.0369541
-5.30179 109.008 -10.1698 -0.536762 -0.843127 -0.0319747
-4.43579 108.451 -10.5898 -0.573342 -0.819259 -0.00967209
-3.67482 107.922 -10.95 -0.580633 -0.814089 -0.00418112
-2.85826 107.329 -11.205 -0.58827 -0.808471 0.0131826
-2.15929 106.809 -11.4812 -0.585632 -0.809772 0.0361335
-1.35914 106.254 -11.6945 -0.52076 -0.852067 0.041186
-0.347511 105.666 -11.937 -0.427878 -0.896118 0.0734932
0.494389 105.269 -12.1321 -0.449742 -0.877231 0.162458
1.80481 104.567 -12.314 -0.410416 -0.88577 0.216718
2.66977 104.165 -12.4441 -0.342657 -0.909441 0.235593
3.60503 103.782 -12.5621 -0.355561 -0.907415 0.223275
4.44737 103.111 -12.9916 -0.514078 -0.812512 0.274861
4.37837 102.727 -14.1228 -0.476686 -0.817258 0.32382
3.20737 103.212 -14.6315 -0.501173 -0.803345 0.320649
2.2989 103.645 -14.9119 -0.483627 -0.816445 0.315471
1.48092 104.121 -15.0101 -0.405545 -0.870354 0.249523
0.630667 104.557 -15.0279 -0.521711 -0.838164 0.159058
-0.406921 105.246 -15.0973 -0.657507 -0.745864 0.0952832
-1.06624 105.87 -15.1904 -0.70677 -0.701529 0.0872112
-1.82586 106.509 -15.2599 -0.597865 -0.801073 0.028982
-2.95897 107.407 -15.253 -0.610045 -0.792231 -0.0146783
-3.74879 107.995 -15.0908 -0.601166 -0.799053 0.0106658
-4.60151 108.634 -14.8572 -0.583121 -0.812234 0.00907235
-5.75336 109.443 -14.3381 -0.57418 -0.818276 -0.017377
-6.59199 109.938 -13.8269 -0.501485 -0.864882 -0.0221746
-7.39474 110.376 -13.2571 -0.48687 -0.873391 0.0120771
-8.35048 110.806 -12.4262 -0.351735 -0.935855 -0.0213317
-9.22361 111.106 -11.5585 -0.337421 -0.941245 -0.0143386
-10.1878 111.305 -10.641 -0.122639 -0.991548 -0.0407472
-10.8671 111.302 -9.97757 0.0318378 -0.985813 -0.164799
-11.5796 111.186 -9.38121 -0.0075949 -0.979767 -0.190478
-12.5875 110.94 -8.62945 0.0636293 -0.966526 -0.248554
-13.4216 110.681 -7.92127 0.0920667 -0.955839 -0.279097
-14.0432 110.481 -7.44234 0.0917232 -0.955884 -0.279058
-14.3817 110.377 -7.19432 0.0910807 -0.956164 -0.278307
