-42.754 102.288 -25.9821 -0.197087 -0.864617 0.461922
-42.7232 101.832 -26.7812 -0.228838 -0.831953 0.505457
-43.5216 102.271 -26.3247 -0.214545 -0.856104 0.469632
-44.1668 102.687 -25.8859 -0.234511 -0.856024 0.460682
-44.2177 103.18 -24.8625 -0.307911 -0.878223 0.365943
-43.4643 103.006 -24.7867 -0.136884 -0.905074 0.40262
-42.7933 102.35 -25.8801 -0.201277 -0.870585 0.448964
-41.8683 102.326 -25.5033 -0.244012 -0.854877 0.455982
-42.5203 102.946 -24.3449 -0.219768 -0.944362 0.243585
-43.234 103.345 -23.3348 -0.2222 -0.947879 0.226984
-44.2147 103.651 -22.9297 -0.235036 -0.961196 0.14443
-44.8036 103.612 -23.7541 -0.206323 -0.953811 0.218348
-45.3375 103.474 -24.7075 -0.193794 -0.944429 0.265515
-45.6998 103.059 -25.9269 -0.207842 -0.858588 0.468645
-44.8204 102.417 -26.6989 -0.213883 -0.848285 0.484386
-44.11 102.009 -27.0898 -0.219802 -0.846755 0.484452
-43.4044 101.492 -27.6246 -0.213102 -0.82157 0.528699
-42.8095 100.982 -28.1857 -0.205033 -0.803037 0.559547
-42.0424 100.161 -29.088 -0.196939 -0.80397 0.561104
-41.4862 99.5207 -29.806 -0.183604 -0.809368 0.557634
-41.0782 99.5663 -29.6124 -0.170488 -0.816437 0.551693
-41.0495 100.392 -28.3811 -0.219187 -0.813119 0.539253
-41.3192 101.066 -27.438 -0.207061 -0.842262 0.497716
-41.6141 101.815 -26.2612 -0.273842 -0.825713 0.493162
-41.8614 102.315 -25.519 -0.281134 -0.839075 0.465743
-40.9138 102.239 -24.9973 -0.340141 -0.836844 0.428948
-40.5054 101.564 -26.1279 -0.189117 -0.883218 0.427149
-40.2175 100.882 -27.2789 -0.17687 -0.871976 0.456071
-39.9812 100.291 -28.1556 -0.172607 -0.829792 0.530708
-39.9165 99.645 -29.1463 -0.168463 -0.823506 0.541542
-40.0348 99.0212 -30.1315 -0.131553 -0.836377 0.532135
-40.226 98.1988 -31.2972 -0.15021 -0.786709 0.598568
-40.4502 97.663 -32.0368 -0.158765 -0.778451 0.607296
-40.763 97.1151 -32.8317 -0.157441 -0.79752 0.582387
-41.317 96.6398 -33.5461 -0.0651699 -0.789591 0.609965
-41.4614 97.0925 -32.994 -0.0899333 -0.768819 0.632498
-41.6625 97.8358 -32.1135 -0.140486 -0.783378 0.605461
-41.9385 98.5425 -31.2661 -0.146098 -0.788703 0.597031
-42.4207 99.2477 -30.5112 -0.213457 -0.772106 0.598572
-42.8413 99.82 -29.8622 -0.207011 -0.801303 0.561302
-43.2678 100.356 -29.2534 -0.206025 -0.803361 0.558717
-43.9878 101.061 -28.5187 -0.217555 -0.804493 0.552587
-44.5417 101.557 -27.998 -0.307721 -0.767466 0.552648
-45.5667 102.195 -27.4369 -0.238261 -0.866565 0.437979
-46.4026 102.641 -27.0276 -0.267156 -0.842432 0.466398
-46.9835 103.188 -26.398 -0.313033 -0.877441 0.363465
-46.8159 103.597 -25.4247 -0.207644 -0.899704 0.368879
-46.4512 103.754 -24.5926 -0.21172 -0.939273 0.270075
-45.8166 103.916 -23.4521 -0.216352 -0.953689 0.208458
-45.3058 103.975 -22.6109 -0.22789 -0.957516 0.17461
-44.67 103.945 -21.5449 -0.246696 -0.964319 0.0960781
-43.8708 103.788 -20.7259 -0.247938 -0.968149 0.0301238
-43.0492 103.546 -21.4484 -0.243988 -0.968029 0.0582252
-42.5942 103.345 -22.3055 -0.225648 -0.964801 0.134244
-41.9564 103.082 -23.2762 -0.205934 -0.966652 0.150131
-41.313 102.691 -24.2101 -0.208016 -0.942032 0.263258
-40.9585 102.317 -24.8816 -0.342553 -0.853834 0.38959
-39.9984 102.198 -24.3613 -0.20873 -0.908889 0.357949
-40.4328 102.658 -23.5666 -0.258258 -0.899076 0.35198
-41.0533 102.993 -22.6074 -0.205926 -0.966654 0.150131
-41.5599 103.207 -21.7981 -0.187704 -0.971365 0.145661
-42.0327 103.377 -20.8472 -0.138609 -0.987472 0.0754059
-42.5961 103.499 -20.0178 -0.197289 -0.979403 0.00903241
-43.2203 103.655 -19.3659 -0.228571 -0.973348 -0.00878407
-44.4728 103.948 -19.4809 -0.253107 -0.966905 -0.0284241
-45.0616 104.119 -20.2037 -0.255119 -0.966804 0.014317
-45.6505 104.243 -21.1138 -0.254525 -0.96174 0.101361
-46.2623 104.274 -22.1556 -0.20537 -0.964887 0.160485
-46.7264 104.214 -22.9476 -0.202565 -0.960144 0.192587
-47.1533 104.19 -23.7682 -0.273113 -0.948672 0.159473
-47.6856 104.054 -24.7522 -0.322698 -0.901744 0.287618
-48.043 103.881 -25.6955 -0.333362 -0.880894 0.332203
-48.2956 103.515 -26.7161 -0.310367 -0.844289 0.436441
-47.6553 102.795 -27.5963 -0.315707 -0.842846 0.435384
-46.9019 102.347 -27.9436 -0.314545 -0.85212 0.418274
-46.0455 101.873 -28.3631 -0.255185 -0.859058 0.443733
-45.2515 101.333 -28.798 -0.402458 -0.72436 0.55976
-44.5626 100.595 -29.4143 -0.227256 -0.80108 0.553738
-43.9979 99.9598 -30.1011 -0.223195 -0.802119 0.553865
-43.3283 98.9375 -31.1872 -0.228715 -0.742701 0.629353
-42.9152 98.2293 -31.9412 -0.178221 -0.773418 0.608328
-42.6962 97.5408 -32.6811 -0.132827 -0.742565 0.655803
-42.5491 96.9353 -33.3686 -0.110423 -0.757463 0.643473
-42.3772 96.2894 -34.1574 -0.0880314 -0.804681 0.587116
-42.1628 95.563 -35.1586 -0.0770484 -0.822101 0.564105
-41.9256 94.8023 -36.2233 -0.0692655 -0.820159 0.567927
-41.352 94.2979 -36.8796 -0.0862358 -0.822363 0.561982
-40.9817 94.855 -36.0341 -0.0670221 -0.820336 0.567941
-40.4487 95.6421 -34.8945 -0.0351548 -0.838297 0.543697
-40.0838 96.1609 -34.0334 -0.062535 -0.820908 0.565769
-39.7244 96.6635 -33.2597 -0.0999441 -0.831189 0.546934
-39.3194 97.3822 -32.1918 -0.0586859 -0.79434 0.604632
-39.1147 97.9077 -31.483 -0.0655848 -0.79682 0.60059
-38.9989 98.4669 -30.7179 -0.0714398 -0.799582 0.596292
-38.8764 98.973 -29.9572 -0.0977046 -0.836564 0.539086
-38.7771 99.7287 -28.7693 -0.09685 -0.835627 0.540692
-38.9134 100.339 -27.8039 -0.121803 -0.873975 0.470459
-39.1659 100.886 -26.8943 -0.176897 -0.858625 0.479392
-39.3799 101.381 -26.0013 -0.176872 -0.871971 0.45608
-39.7095 101.88 -25.0344 -0.171413 -0.899565 0.401748
-39.804 102.007 -24.791 -0.171565 -0.913063 0.368203
-38.8265 102.004 -24.317 -0.155921 -0.925061 0.346338
-38.4452 101.605 -25.1701 -0.133573 -0.910272 0.391871
-38.2336 101.183 -26.0081 -0.147657 -0.877409 0.456456
-38.04 100.742 -26.8423 -0.113332 -0.874164 0.472221
-37.6824 99.8774 -28.3376 -0.111428 -0.852646 0.509173
-37.6516 99.248 -29.3067 -0.106648 -0.832371 0.543806
-37.783 98.6371 -30.2482 -0.112654 -0.824714 0.554216
-37.9097 98.0588 -31.1288 -0.0944055 -0.809768 0.578465
-38.0657 97.3048 -32.1577 -0.0770478 -0.798235 0.597399
-38.4838 96.4992 -33.3319 -0.0885506 -0.815153 0.572437
-39.0199 95.8716 -34.3288 -0.104478 -0.829538 0.548509
-39.3744 95.3692 -35.17 -0.117302 -0.811328 0.571656
-39.698 94.8779 -35.8794 -0.0972885 -0.786918 0.609339
-40.0979 94.2506 -36.7674 -0.108773 -0.800146 0.589803
-40.4355 93.708 -37.5748 -0.118716 -0.810372 0.573525
-41.2488 93.2213 -38.499 -0.152709 -0.820065 0.551519
-42.3044 93.4514 -38.3979 -0.121866 -0.840823 0.527413
-42.8069 93.9604 -37.696 -0.112716 -0.845548 0.521865
-43.1595 94.5186 -36.8785 -0.09862 -0.835037 0.541192
-43.2784 95.2489 -35.7127 -0.0500323 -0.836439 0.544269
-43.4544 96.0288 -34.682 -0.0848295 -0.784325 0.613724
-43.6835 96.6762 -33.8945 -0.118359 -0.766892 0.630768
-43.7544 97.2904 -33.2053 -0.165835 -0.740851 0.65085
-44.0625 97.897 -32.6106 -0.153692 -0.738798 0.655959
-44.2097 98.4776 -31.9338 -0.117195 -0.751838 0.647273
-44.5338 99.1028 -31.3292 -0.166602 -0.704297 0.688414
-44.8295 99.7405 -30.7591 -0.227747 -0.800437 0.554466
-45.3077 100.318 -30.2508 -0.406722 -0.70399 0.578328
-45.8309 100.959 -29.7505 -0.411876 -0.739654 0.532231
-46.7641 101.708 -29.1105 -0.261179 -0.861122 0.436182
-48.1543 102.505 -28.5012 -0.295901 -0.843649 0.447994
-48.9589 102.95 -28.2135 -0.309324 -0.837111 0.451132
-49.598 103.589 -27.4836 -0.30538 -0.835927 0.455975
-49.4741 104.005 -26.6103 -0.343297 -0.831331 0.437076
-49.0399 104.336 -25.3019 -0.314349 -0.912922 0.258443
-48.5265 104.492 -24.2278 -0.286408 -0.919129 0.270505
-48.0732 104.534 -23.3946 -0.285266 -0.94185 0.176665
-47.5286 104.561 -22.2584 -0.293503 -0.944022 0.149359
-46.9557 104.552 -21.2767 -0.247063 -0.956944 0.152372
-46.3294 104.45 -20.2558 -0.252308 -0.967549 0.0138053
-45.6098 104.246 -19.069 -0.265694 -0.963368 -0.0364477
-45.0819 104.069 -18.3514 -0.241281 -0.969123 -0.0481092
-44.2633 103.849 -17.7085 -0.22737 -0.972564 -0.049062
-43.2064 103.624 -17.8985 -0.212666 -0.97702 -0.0143546
-42.0637 103.426 -18.8521 -0.157957 -0.987228 -0.0120709
-41.4433 103.322 -19.6227 -0.158662 -0.987278 0.00908512
-40.8782 103.223 -20.4712 -0.132471 -0.990823 0.0268454
-40.3707 103.011 -21.643 -0.1632 -0.975019 0.15068
-39.8588 102.804 -22.3925 -0.167348 -0.970375 0.174262
-39.405 102.495 -23.1621 -0.270777 -0.906935 0.322722
-39.0619 102.209 -23.8738 -0.159997 -0.933926 0.318277
-39.0053 102.156 -23.9921 -0.155915 -0.925061 0.346342
