-2.16827 107.832 -13.9887 -0.582652 -0.812524 -0.00540453
-2.91898 108.388 -13.8075 -0.590854 -0.806331 0.0268529
-3.90992 109.116 -13.287 -0.578406 -0.815749 0.000730228
-4.93012 109.795 -12.565 -0.54727 -0.83662 -0.0237049
-4.93723 109.798 -12.4149 -0.530677 -0.847432 0.0155277
-4.19141 109.315 -12.8311 -0.588776 -0.80822 -0.000449226
-3.50724 108.829 -13.4091 -0.581338 -0.813564 -0.0119061
-2.7277 108.253 -13.6809 -0.590489 -0.806549 0.0283119
-2.16259 107.828 -13.9883 -0.581367 -0.812887 0.0177382
-2.26505 107.904 -14.856 -0.568801 -0.822462 -0.00451374
-1.19346 107.115 -14.9041 -0.581374 -0.812882 0.0177386
-0.45073 106.518 -14.8744 -0.669156 -0.725825 0.159401
0.366553 105.814 -15.0134 -0.573155 -0.808689 0.132347
1.16896 105.313 -15.1555 -0.501312 -0.847989 0.171619
1.85573 104.844 -15.2419 0.0170041 -0.991498 0.129008
2.66629 104.66 -14.9645 -0.475382 -0.841045 0.258177
3.63491 104.206 -14.9749 -0.405336 -0.853524 0.313864
3.45798 104.465 -14.3023 -0.352204 -0.900889 0.253675
2.69304 104.959 -13.9708 -0.491294 -0.82762 0.271431
1.7184 105.3 -13.6698 -0.255222 -0.907779 0.332864
0.871351 105.829 -13.4895 -0.4711 -0.865418 0.168981
-0.217155 106.532 -13.3403 -0.579357 -0.799847 0.156813
-1.27684 107.252 -13.1326 -0.566426 -0.823811 0.0223016
-2.113 107.835 -12.8545 -0.563712 -0.825813 0.0121639
-2.82814 108.334 -12.5615 -0.578213 -0.815772 -0.0136378
-3.65465 108.927 -12.1883 -0.593079 -0.805091 0.00928852
-4.3309 109.43 -11.7891 -0.561878 -0.826261 0.0124083
-5.36935 110.082 -11.229 -0.526991 -0.849851 0.00585584
-6.04201 110.499 -10.7844 -0.531977 -0.845142 0.0388848
-6.87163 111.101 -10.0098 -0.481019 -0.871061 0.0726145
-7.43436 111.397 -9.33268 -0.406416 -0.912373 0.0489994
-8.01034 111.693 -8.58735 -0.39829 -0.916463 0.015117
-8.56745 111.616 -7.88465 -0.134568 -0.965974 -0.220876
-9.20711 111.498 -7.05272 -0.0149243 -0.983453 -0.1756
-10.1612 111.235 -5.78527 0.0657715 -0.972731 -0.222378
-10.8757 110.963 -4.94322 0.115505 -0.96282 -0.24381
-11.5443 110.696 -4.16963 0.118234 -0.965855 -0.230533
-12.1565 110.431 -3.45231 0.14114 -0.964213 -0.22444
-13.2167 110.029 -2.57086 0.189521 -0.948095 -0.255338
-14.1844 109.661 -1.90324 0.170425 -0.948917 -0.265541
-15.0254 109.354 -1.42509 0.210962 -0.936552 -0.279937
-16.0411 109.11 -1.38437 0.217266 -0.933539 -0.285132
-17.0744 109.109 -2.15282 0.20794 -0.935402 -0.28598
-16.6073 109.443 -2.90732 0.212603 -0.934471 -0.285556
-15.8877 109.872 -3.91059 0.173145 -0.938763 -0.297482
-15.0708 110.321 -4.78772 0.173981 -0.938853 -0.296768
-14.4499 110.616 -5.40056 0.1638 -0.944463 -0.284852
-13.541 110.91 -5.99268 0.115356 -0.959485 -0.257062
-12.8107 111.139 -6.51734 0.114347 -0.958251 -0.26181
-11.9989 111.425 -7.18737 0.107262 -0.962876 -0.246809
-11.0339 111.693 -7.95941 0.0406662 -0.974543 -0.219175
-10.2119 111.877 -8.74906 0.0197403 -0.97993 -0.198155
-9.22826 111.992 -9.7407 -0.0822687 -0.98896 -0.110614
-8.53752 111.686 -10.6422 -0.250256 -0.95779 0.141457
-7.94588 111.531 -11.3082 -0.17567 -0.984142 0.0245986
-6.98871 111.043 -12.2055 -0.437983 -0.898749 0.0205293
-6.1202 110.548 -12.947 -0.507642 -0.861278 -0.0223556
-5.28011 110.051 -13.5476 -0.552226 -0.833504 -0.0129668
-4.37949 109.448 -14.1098 -0.567794 -0.823068 -0.000748841
-3.57482 108.848 -14.5203 -0.596289 -0.802388 0.0247828
-2.65772 108.175 -14.8105 -0.568801 -0.822462 -0.00451374
-2.98649 108.405 -15.6704 -0.567865 -0.823121 -0.000806457
-4.12223 109.242 -15.2953 -0.600228 -0.799745 0.0116148
-4.81684 109.73 -14.9403 -0.55599 -0.830798 0.0226132
-5.99312 110.504 -14.2249 -0.521273 -0.853013 -0.00155507
-7.2559 111.18 -13.2309 -0.458735 -0.888408 -0.0169963
-7.9368 111.518 -12.6343 -0.407031 -0.911525 -0.0184806
-8.88009 111.802 -11.6114 -0.348307 -0.930745 -0.111341
-9.50991 111.904 -10.9638 -0.264705 -0.954823 0.135075
-10.3112 112.044 -10.045 -0.0393431 -0.99402 -0.0997879
-11.0058 111.977 -9.31554 0.0209397 -0.978134 -0.206921
-11.7913 111.79 -8.57657 0.067275 -0.97132 -0.226496
-13.0273 111.438 -7.67577 0.104099 -0.96067 -0.257274
-13.739 111.209 -7.14194 0.134322 -0.947904 -0.288851
-14.8389 110.832 -6.31494 0.146519 -0.948452 -0.28043
-15.8251 110.319 -5.23527 0.182953 -0.93744 -0.296192
-16.668 109.946 -4.5953 0.173145 -0.938763 -0.297482
-17.2691 109.479 -3.43902 0.180962 -0.939922 -0.289483
-18.1195 108.972 -2.46691 0.216151 -0.929803 -0.297513
-18.1017 108.597 -1.33197 0.226768 -0.929277 -0.290968
-17.3967 108.552 -0.586557 0.222386 -0.934178 -0.27888
-16.4985 108.706 -0.40899 0.215613 -0.933999 -0.28488
-15.421 108.934 -0.32596 0.228227 -0.931973 -0.281671
-14.514 109.169 -0.391479 0.203541 -0.943053 -0.263102
-13.6938 109.5 -0.932994 0.214815 -0.944129 -0.24995
-12.8839 109.847 -1.5951 0.192584 -0.951972 -0.238037
-12.037 110.159 -2.23932 0.129842 -0.959907 -0.248158
-11.406 110.413 -2.93352 0.130078 -0.9626 -0.237584
-10.3843 110.835 -4.12657 0.130759 -0.966196 -0.222186
-9.7757 111.032 -4.8343 0.0514448 -0.97036 -0.236124
-9.14622 111.237 -5.537 0.0325145 -0.970594 -0.23776
-8.45126 111.378 -6.43722 -0.0518726 -0.988001 -0.145473
-7.60423 111.499 -7.48027 -0.218979 -0.953001 -0.0909228
-7.03657 111.275 -8.30449 -0.398296 -0.91646 0.0151155
-6.09239 110.596 -9.5045 -0.577655 -0.809505 0.104959
-5.44612 110.137 -10.078 -0.545952 -0.8373 0.00946067
-4.62103 109.623 -10.6184 -0.526003 -0.850447 0.00779459
-3.94335 109.199 -11.0455 -0.548803 -0.833674 0.04274
-3.22441 108.662 -11.416 -0.583516 -0.808829 0.070701
-2.50814 108.11 -11.7008 -0.566528 -0.824037 0.00303251
-1.72827 107.576 -11.9182 -0.560998 -0.827815 0.00202634
-0.951838 107.054 -12.2611 -0.501072 -0.863823 0.00816207
-0.08206 106.529 -12.3944 -0.514208 -0.853514 0.084288
0.777177 106.067 -12.5315 -0.427214 -0.884123 0.185698
2.14191 105.428 -12.8435 -0.304008 -0.930171 0.20582
2.94832 105.091 -13.1123 -0.410086 -0.877049 0.226992
3.83366 104.649 -13.3519 -0.290917 -0.895456 0.333944
4.59985 104.241 -13.6799 -0.421466 -0.828871 0.345548
5.11979 103.621 -14.4216 -0.521331 -0.803754 0.286694
4.75573 103.357 -15.4308 -0.448808 -0.810104 0.377074
3.32121 103.954 -15.9749 -0.466826 -0.827643 0.311576
2.44165 104.445 -16.0493 -0.478709 -0.83139 0.281439
1.24096 105.073 -16.0718 -0.507132 -0.842671 0.180891
0.425725 105.586 -15.9455 -0.527955 -0.822332 0.208472
-0.360742 106.255 -15.9071 -0.712917 -0.694335 0.0948668
-1.24132 107.097 -15.9047 -0.670909 -0.736194 0.0888809
-2.40237 108.002 -15.8146 -0.58982 -0.806107 0.0272797
-2.52225 108.085 -15.7948 -0.567865 -0.823121 -0.000806457
-9.98879 111.637 -7.54231 -0.0111301 -0.976325 -0.214217
-10.589 111.453 -6.88093 0.0699429 -0.97296 -0.220131
-11.301 111.235 -6.1452 0.0912093 -0.966228 -0.239295
-11.6652 110.976 -5.33672 0.112759 -0.959786 -0.257092
-12.5388 110.893 -5.44509 0.126855 -0.959528 -0.25142
-12.6853 110.564 -4.27187 0.12829 -0.958906 -0.253062
-13.7476 110.169 -3.4274 0.167492 -0.94982 -0.264174
-14.6202 109.85 -2.8473 0.190433 -0.945911 -0.261738
-14.8341 110.03 -3.68216 0.213583 -0.940028 -0.265952
-14.2046 110.343 -4.34068 0.165753 -0.9498 -0.265341
-13.4653 110.607 -4.82968 0.121818 -0.959333 -0.254542
-12.5694 110.9 -5.48763 0.128291 -0.95918 -0.252022
-11.6206 111.23 -6.27718 0.125249 -0.959036 -0.25407
-10.8395 111.442 -6.90137 0.0525056 -0.969499 -0.239404
-10.0916 111.612 -7.42732 0.0406658 -0.974543 -0.219174
-10.0859 111.614 -7.4328 0.0197492 -0.979931 -0.198147
-15.0977 109.886 -3.37848 0.210819 -0.943982 -0.253876
-15.1244 109.695 -2.68979 0.20228 -0.946859 -0.249888
-15.4232 109.72 -3.02157 0.193741 -0.949736 -0.2459
-15.3446 109.76 -3.11432 0.20228 -0.946859 -0.249888
