-5.28411 110.974 -12.2182 -0.494721 -0.867648 0.04939
-6.32657 111.528 -11.9772 -0.447252 -0.893855 0.0245625
-5.6634 111.188 -12.554 -0.486571 -0.872732 0.00479124
-4.97599 110.765 -13.0949 -0.524133 -0.851559 0.00977441
-4.09103 110.192 -13.5649 -0.545049 -0.838354 0.00912641
-3.34252 109.68 -14.0191 -0.566116 -0.823866 0.0275261
-2.53842 109.112 -14.4981 -0.572393 -0.819493 0.0268138
-1.62592 108.451 -14.8366 -0.581888 -0.812894 0.0242677
-1.89826 108.667 -14.0666 -0.584135 -0.811395 0.0206136
-2.74753 109.286 -13.5158 -0.567592 -0.822974 0.0235024
-3.63283 109.913 -13.1194 -0.552922 -0.831912 0.0395747
-4.54295 110.508 -12.7279 -0.530723 -0.846442 0.0430652
-5.04493 110.828 -12.3881 -0.49472 -0.867648 0.0493901
-4.5898 110.583 -11.7605 -0.53165 -0.8463 0.0325486
-3.87437 110.117 -12.1673 -0.530721 -0.846444 0.0430609
-3.07278 109.544 -12.5513 -0.573307 -0.818675 0.0330251
-2.0557 108.81 -13.021 -0.585485 -0.810319 0.024288
-1.3388 108.282 -13.3824 -0.584809 -0.810858 0.0224558
-0.550465 107.738 -13.6778 -0.54656 -0.836632 0.0363122
0.235261 107.215 -13.9042 -0.582805 -0.802874 0.0975898
1.0867 106.572 -14.1543 -0.571819 -0.803051 0.166848
2.05397 105.976 -14.2299 -0.694959 -0.63954 0.11661
2.83978 105.619 -14.53 -0.0985011 -0.975518 0.196625
4.03587 105.108 -15.1739 -0.418026 -0.850604 0.315864
4.34746 104.708 -15.9191 -0.443406 -0.850369 0.283308
3.37186 105.093 -16.1183 -0.361675 -0.878032 0.31345
2.47739 105.427 -16.0126 -0.175807 -0.963214 0.203249
1.63515 105.861 -15.7762 -0.495752 -0.848335 0.185899
0.700317 106.519 -15.7395 -0.595788 -0.791331 0.137229
-0.00970824 107.07 -15.7935 -0.676026 -0.727252 0.118713
-0.695376 107.69 -15.875 -0.615802 -0.783796 0.0718882
-1.7341 108.521 -15.668 -0.623386 -0.781483 0.0259717
-2.62187 109.142 -15.3641 -0.576247 -0.817026 0.0134785
-3.48201 109.747 -14.8855 -0.563751 -0.825337 0.0316463
-4.53155 110.47 -14.1964 -0.555102 -0.831558 0.0188557
-5.5638 111.121 -13.5994 -0.524133 -0.851559 0.00977464
-6.3721 111.545 -12.908 -0.452517 -0.89174 0.00531659
-7.19757 111.97 -11.9536 -0.449614 -0.893181 0.00866165
-7.78337 112.326 -11.2259 -0.410383 -0.895837 0.170475
-8.38095 112.609 -10.4905 -0.269616 -0.962224 0.0378329
-9.0324 112.719 -9.59984 -0.0559112 -0.996032 -0.0692332
-9.84343 112.669 -8.86305 -0.0259331 -0.98041 -0.195253
-10.5964 112.531 -8.15534 0.0129511 -0.976696 -0.214238
-11.5586 112.196 -7.13262 0.0775062 -0.96155 -0.26343
-12.3109 111.935 -6.43571 0.0634345 -0.955296 -0.28864
-13.2137 111.58 -5.57522 0.121249 -0.949183 -0.290431
-13.7959 111.268 -4.82603 0.150687 -0.940602 -0.30424
-14.2514 110.954 -4.06243 0.14828 -0.948985 -0.278281
-14.6518 110.636 -3.19338 0.170225 -0.942851 -0.285457
-13.789 110.664 -2.69458 0.181701 -0.947734 -0.262269
-12.4523 111.018 -3.17109 0.146853 -0.960821 -0.23507
-11.1859 111.397 -4.0102 0.125207 -0.966439 -0.224318
-10.4026 111.728 -5.01644 0.105116 -0.966603 -0.23372
-9.77891 111.968 -5.73032 0.0644174 -0.971197 -0.225419
-9.00229 112.19 -6.63985 0.0186704 -0.979812 -0.19781
-8.15764 112.358 -7.60509 -0.0214856 -0.982464 -0.185212
-7.55425 112.424 -8.33961 -0.388458 -0.920916 -0.031851
-6.94368 112.178 -9.19879 -0.462779 -0.880244 0.0607196
-6.07065 111.491 -10.3897 -0.527429 -0.841949 0.112684
-5.49624 111.143 -11.0367 -0.481548 -0.87579 0.0332191
-4.99081 110.844 -11.5054 -0.52917 -0.848264 0.0185963
-4.46019 110.527 -10.8417 -0.523959 -0.851658 0.0120827
-3.48777 109.866 -11.4552 -0.575375 -0.817657 0.0195353
-2.70223 109.303 -11.8743 -0.577862 -0.81593 0.0179529
-1.58396 108.486 -12.4091 -0.586792 -0.80946 0.0212263
-0.562239 107.784 -12.8471 -0.545385 -0.837308 0.0383456
0.205778 107.276 -13.0109 -0.493461 -0.866482 0.0454938
1.24523 106.661 -13.3355 -0.553923 -0.807139 0.204196
1.99976 106.16 -13.3571 -0.561209 -0.671403 0.187634
2.85609 105.855 -13.6236 -0.219619 -0.914128 0.340789
3.72281 105.605 -13.9881 -0.285965 -0.935552 0.207285
4.75587 105.003 -14.6144 -0.396284 -0.846317 0.355942
5.19387 104.474 -15.4098 -0.385908 -0.865742 0.318695
5.292 104.065 -16.3821 -0.410964 -0.854848 0.316378
4.54551 104.237 -16.9284 -0.429174 -0.847821 0.311128
3.23878 104.858 -16.8854 -0.360514 -0.870408 0.335291
2.37241 105.331 -16.7132 -0.440421 -0.860216 0.256752
1.54181 105.715 -16.6899 -0.432814 -0.887018 0.132527
0.690951 106.349 -16.5675 -0.609858 -0.773216 0.173811
-0.183848 107.125 -16.5791 -0.701875 -0.699333 0.125306
-1.04832 107.904 -16.6428 -0.632304 -0.770964 0.0761991
-1.91423 108.634 -16.4397 -0.635136 -0.769215 0.06969
-2.90399 109.311 -16.1258 -0.550269 -0.834745 0.0201428
-4.10236 110.152 -15.4144 -0.565026 -0.824471 0.0315114
-4.95946 110.738 -14.9273 -0.551654 -0.833872 0.0182972
-6.18565 111.462 -14.0251 -0.472137 -0.881392 -0.000909542
-7.09375 111.911 -13.1856 -0.447345 -0.894149 -0.0194885
-7.96052 112.351 -12.2951 -0.450142 -0.89291 0.00912202
-8.50538 112.615 -11.5364 -0.281143 -0.954632 -0.0201188
-9.38055 112.796 -10.551 -0.150376 -0.985297 0.0810989
-10.1712 112.804 -9.84599 -0.0371684 -0.994097 -0.0961681
-10.8723 112.7 -8.95527 0.00985929 -0.985118 -0.16549
-11.7961 112.437 -8.07129 0.0826435 -0.963477 -0.254377
-12.4979 112.179 -7.34053 0.0752332 -0.962681 -0.259973
-13.3192 111.849 -6.53759 0.144239 -0.94969 -0.277724
-13.9265 111.579 -5.91034 0.14834 -0.952395 -0.266344
-14.5728 111.231 -5.10944 0.166167 -0.942929 -0.288572
-15.0591 110.912 -4.35008 0.149479 -0.944792 -0.291268
-15.5727 110.502 -3.36865 0.19217 -0.93672 -0.292621
-14.9229 110.247 -2.02957 0.20519 -0.936255 -0.285168
-13.9923 110.373 -1.79072 0.180818 -0.947208 -0.264767
-13.0953 110.587 -1.94826 0.175103 -0.947733 -0.266723
-12.256 110.832 -2.33147 0.137402 -0.960238 -0.243032
-11.383 111.071 -2.77773 0.132284 -0.960755 -0.243734
-10.6447 111.337 -3.4526 0.125802 -0.964352 -0.232649
-9.90585 111.624 -4.3605 0.0949107 -0.973504 -0.208042
-9.0356 111.918 -5.44521 0.0167196 -0.977109 -0.211807
-8.02853 112.159 -6.58363 -0.0239277 -0.978758 -0.203619
-7.35689 112.282 -7.30613 -0.231693 -0.938584 -0.130448
-6.64793 112.015 -8.38564 -0.437723 -0.896964 -0.0620856
-5.93221 111.475 -9.39283 -0.573655 -0.816723 0.0623168
-5.23375 110.995 -10.1856 -0.514017 -0.856784 0.0413332
-4.64888 110.646 -10.6601 -0.523965 -0.851654 0.0120897
-6.35746 111.585 -11.1152 -0.441499 -0.896223 0.0431683
-6.59625 111.7 -11.1692 -0.483113 -0.868908 0.0855817
-6.35605 111.546 -11.9109 -0.441499 -0.896223 0.0431683
-7.27696 112.205 -10.6415 -0.467551 -0.868719 0.149228
-7.51958 112.416 -9.59478 -0.395444 -0.918175 0.0240534
-8.08306 112.579 -8.81334 -0.0378184 -0.981187 -0.188472
-7.90255 112.546 -9.60992 -0.266567 -0.958549 0.10063
-7.49669 112.369 -10.3103 -0.339994 -0.929033 0.104152
-8.73865 112.615 -8.81469 -0.0539066 -0.97911 -0.196057
-9.42655 112.486 -8.0257 -0.0409289 -0.978489 -0.2022
-10.3263 112.313 -7.29967 0.0543389 -0.96626 -0.251772
-11.1847 111.994 -6.37183 0.0589279 -0.953195 -0.296557
-11.9884 111.76 -5.77395 0.0585601 -0.957608 -0.282059
-12.8252 111.349 -4.65039 0.156881 -0.950764 -0.267275
-12.038 111.349 -4.18839 0.128033 -0.957351 -0.257116
-11.3322 111.608 -4.9126 0.0956182 -0.967092 -0.235447
-10.9073 111.848 -5.74898 0.106352 -0.966887 -0.231987
-9.94152 112.177 -6.68014 0.0644229 -0.9712 -0.225409
-9.28716 112.335 -7.4067 -0.041233 -0.966057 -0.255016
-8.82722 112.487 -8.15305 -0.0474206 -0.978799 -0.199127
-8.62855 112.525 -8.39397 -0.0539067 -0.97911 -0.196057
-1.28106 108.22 -14.211 -0.57905 -0.815069 0.019072
-0.419708 107.617 -14.5126 -0.5828 -0.802877 0.097597
0.182639 107.061 -14.895 -0.571814 -0.803053 0.166854
-0.447538 107.558 -15.058 -0.643953 -0.761635 0.0723685
-1.07506 108.04 -15.0453 -0.587651 -0.805957 0.0714079
-1.34507 108.249 -14.9138 -0.583351 -0.810513 0.0452399
