-43.9266 103.507 -25.6608 -0.215548 -0.918928 0.330315
-43.2404 103.123 -26.0935 -0.242515 -0.855328 0.457822
-42.8773 102.419 -27.1341 -0.224482 -0.829092 0.512069
-42.673 102.052 -27.6401 -0.221183 -0.838638 0.49776
-43.4452 102.468 -27.3028 -0.221138 -0.830495 0.511249
-44.1563 102.884 -26.9291 -0.215606 -0.847873 0.484379
-44.3827 103.429 -26.0778 -0.216872 -0.847403 0.484639
-44.1446 103.474 -25.8924 -0.215753 -0.883123 0.407895
-45.0847 103.888 -25.3548 -0.214633 -0.918844 0.331147
-44.4776 104.006 -24.6292 -0.20976 -0.937422 0.27099
-43.417 103.89 -24.1403 -0.203065 -0.955831 0.212489
-42.7921 103.499 -24.9424 -0.213728 -0.920001 0.32851
-42.3461 103.117 -25.6303 -0.239378 -0.856828 0.456652
-41.9668 102.654 -26.3066 -0.240772 -0.847059 0.473343
-41.6032 102.041 -27.1584 -0.244666 -0.846696 0.471103
-41.2519 101.456 -28.027 -0.20282 -0.838987 0.50494
-41.084 100.917 -28.8034 -0.223235 -0.815599 0.53382
-40.9553 100.191 -29.8398 -0.22262 -0.807428 0.546352
-41.02 99.7059 -30.5951 -0.149368 -0.806813 0.571212
-41.2829 99.7609 -30.597 -0.201327 -0.790723 0.578118
-41.8977 100.236 -30.1496 -0.201517 -0.798327 0.567508
-42.3194 100.808 -29.4782 -0.214105 -0.811326 0.543781
-43.0077 101.511 -28.6955 -0.210356 -0.822448 0.527709
-43.696 101.985 -28.2006 -0.223647 -0.832391 0.506943
-44.496 102.474 -27.7726 -0.233529 -0.830203 0.506158
-45.2171 102.911 -27.3504 -0.213202 -0.849868 0.481943
-45.8035 103.509 -26.5633 -0.211853 -0.845982 0.489319
-45.1466 103.871 -25.4402 -0.201871 -0.922965 0.327398
-45.0995 103.884 -25.3742 -0.214633 -0.918842 0.331151
-45.9324 104.243 -24.8356 -0.188196 -0.93126 0.311732
-46.5607 104.081 -25.7467 -0.220255 -0.931409 0.289767
-47.0217 103.843 -26.6035 -0.297784 -0.86231 0.409569
-47.0127 103.46 -27.36 -0.299656 -0.83479 0.461878
-45.9629 102.761 -28.0266 -0.24546 -0.859575 0.448197
-44.7672 102.027 -28.6963 -0.287708 -0.838992 0.461862
-43.9069 101.371 -29.2436 -0.34124 -0.792517 0.505443
-43.3999 100.858 -29.7995 -0.199213 -0.80596 0.557339
-42.905 100.281 -30.4417 -0.210067 -0.804501 0.555307
-42.3131 99.5597 -31.231 -0.201328 -0.790723 0.578118
-41.9132 98.7997 -32.0728 -0.187318 -0.767299 0.613322
-41.5997 98.022 -33.0197 -0.147951 -0.797043 0.58552
-41.4555 97.4407 -33.7675 -0.126274 -0.780846 0.611559
-41.0621 96.8359 -34.497 -0.0444882 -0.79177 0.609198
-40.8431 97.4459 -33.6041 -0.153182 -0.807448 0.56905
-40.4226 98.1378 -32.559 -0.136838 -0.78264 0.606409
-40.0997 98.9058 -31.4759 -0.135295 -0.794609 0.591797
-39.9315 99.3989 -30.7236 -0.16382 -0.814076 0.557174
-39.8723 99.9893 -29.8079 -0.1692 -0.829862 0.531696
-40.0107 100.793 -28.5954 -0.169295 -0.830807 0.530187
-40.2319 101.401 -27.7068 -0.194731 -0.824103 0.531075
-40.7605 102.185 -26.4628 -0.244666 -0.846696 0.471104
-41.1503 102.76 -25.6358 -0.285013 -0.848497 0.445894
-41.8144 103.35 -24.5845 -0.23457 -0.929112 0.28588
-42.2937 103.681 -23.8161 -0.20392 -0.968621 0.142089
-43.1299 104.046 -22.7376 -0.24323 -0.959222 0.143984
-43.848 104.297 -22.1834 -0.247952 -0.965215 0.0806333
-44.5141 104.399 -22.7879 -0.247839 -0.960015 0.129427
-45.1862 104.367 -23.7763 -0.228422 -0.947801 0.222477
-45.7153 104.285 -24.5667 -0.187284 -0.935429 0.299828
-45.8723 104.256 -24.7556 -0.187284 -0.935429 0.299829
-46.4913 104.641 -23.9423 -0.263225 -0.911836 0.304825
-45.9694 104.72 -23.116 -0.23648 -0.942179 0.237435
-45.424 104.707 -22.1911 -0.267672 -0.956891 0.112741
-44.5652 104.582 -21.1497 -0.26679 -0.960427 0.0800173
-43.8235 104.401 -20.6708 -0.254352 -0.966604 0.00024683
-43.0466 104.194 -21.0669 -0.249349 -0.967968 0.0293966
-42.2426 103.904 -22.0706 -0.227579 -0.965621 0.123347
-41.6063 103.654 -22.9635 -0.211668 -0.967832 0.136007
-41.106 103.422 -23.8002 -0.220278 -0.947618 0.216975
-40.5981 103.055 -24.5753 -0.252816 -0.915524 0.310678
-40.0867 102.576 -25.3668 -0.250329 -0.853663 0.456722
-39.6656 102.045 -26.2368 -0.19981 -0.89243 0.404531
-39.3339 101.532 -27.0936 -0.162279 -0.867762 0.468317
-39.0189 100.918 -28.1346 -0.126424 -0.849184 0.511744
-38.834 100.148 -29.2849 -0.118559 -0.830052 0.544938
-38.8193 99.6146 -30.1111 -0.13247 -0.83053 0.540886
-38.9493 98.9257 -31.172 -0.133979 -0.817384 0.560242
-39.1676 98.4131 -31.9605 -0.123572 -0.807603 0.576384
-39.3419 97.8831 -32.6819 -0.111439 -0.773789 0.623564
-39.6152 97.2147 -33.6536 -0.0943943 -0.833566 0.543911
-39.9503 96.7209 -34.4911 -0.113919 -0.835233 0.537967
-40.2132 96.1514 -35.3429 -0.100078 -0.806926 0.582025
-40.5239 95.6378 -36.1425 -0.119222 -0.817675 0.5632
-40.807 95.1613 -36.8892 -0.116341 -0.813109 0.570367
-41.5548 94.9179 -37.3728 -0.115239 -0.827789 0.54806
-41.8222 95.33 -36.8379 -0.0908814 -0.825687 0.55617
-41.9674 95.8398 -36.0706 -0.0730119 -0.831845 0.550185
-42.1497 96.3858 -35.2905 -0.0799809 -0.821366 0.564767
-42.3656 97.2432 -34.1915 -0.122403 -0.767472 0.629288
-42.6034 97.9616 -33.3216 -0.154175 -0.778736 0.607293
-42.8113 98.5492 -32.6539 -0.181178 -0.766441 0.616231
-43.3556 99.5935 -31.5462 -0.207596 -0.752651 0.624836
-43.9046 100.269 -30.8438 -0.218925 -0.776376 0.591026
-44.6024 101.172 -29.9931 -0.32617 -0.726069 0.60534
-45.3501 101.792 -29.4844 -0.287864 -0.838216 0.463173
-46.3056 102.387 -28.9507 -0.267488 -0.863995 0.426571
-47.3231 102.969 -28.4789 -0.314312 -0.842316 0.437848
-48.2441 103.531 -28.0693 -0.306532 -0.840104 0.447508
-48.2758 104.105 -27.003 -0.313035 -0.850583 0.4219
-47.8696 104.352 -26.1499 -0.310723 -0.859275 0.406111
-47.4303 104.499 -25.3575 -0.335621 -0.88676 0.317829
-46.8221 104.63 -24.3355 -0.339166 -0.888239 0.309835
-47.6625 105.052 -23.7602 -0.283954 -0.94264 0.175499
-48.1312 105.026 -24.6191 -0.304739 -0.911 0.272233
-48.6693 104.907 -25.5029 -0.311785 -0.885467 0.343348
-49.0725 104.675 -26.3843 -0.341579 -0.86832 0.356419
-49.4787 104.419 -27.2601 -0.336645 -0.831881 0.441185
-49.6007 103.848 -28.4122 -0.320244 -0.832825 0.451412
-48.7048 103.179 -29.043 -0.305905 -0.839657 0.448775
-47.8946 102.736 -29.3263 -0.303007 -0.841597 0.447104
-46.6484 101.968 -29.9515 -0.275406 -0.843049 0.461973
-45.7934 101.45 -30.3782 -0.287361 -0.838244 0.463433
-45.1987 100.795 -30.8089 -0.364203 -0.731172 0.57684
-44.7876 100.141 -31.303 -0.172555 -0.77393 0.609309
-44.3398 99.5114 -31.9664 -0.186757 -0.756738 0.626337
-43.9506 98.798 -32.6947 -0.198451 -0.753997 0.626166
-43.6373 98.0588 -33.5129 -0.190867 -0.766251 0.613538
-43.3158 97.0761 -34.57 -0.110542 -0.76723 0.631774
-43.163 96.5159 -35.2713 -0.111625 -0.818368 0.56375
-43.0039 95.8148 -36.2914 -0.136429 -0.839669 0.525675
-42.837 95.307 -37.064 -0.134648 -0.84188 0.522595
-42.664 94.704 -37.9964 -0.134321 -0.843488 0.520083
-42.1931 94.1065 -38.9216 -0.168447 -0.876194 0.451564
-41.246 93.763 -39.2469 -0.183404 -0.85689 0.480121
-40.5004 93.9604 -38.6232 -0.129412 -0.83814 0.529849
-40.0058 94.6714 -37.438 -0.10504 -0.820651 0.561693
-39.6632 95.1789 -36.6246 -0.123131 -0.81728 0.562932
-39.2075 95.6682 -35.8141 -0.1201 -0.811109 0.572309
-39.0285 96.1966 -35.0473 -0.116128 -0.804561 0.582403
-38.7254 96.7344 -34.2335 -0.118719 -0.811787 0.571759
-38.3547 97.267 -33.4003 -0.108472 -0.810908 0.574931
-38.2624 97.8284 -32.6005 -0.105483 -0.808064 0.579575
-38.0321 98.3168 -31.8592 -0.106952 -0.819946 0.562361
-37.8281 99.0777 -30.699 -0.110701 -0.827531 0.550384
-37.7612 99.85 -29.5161 -0.107517 -0.830291 0.546858
-37.8346 100.481 -28.5701 -0.122047 -0.847002 0.51605
-38.08 101.07 -27.5949 -0.138566 -0.862458 0.48679
-38.3249 101.556 -26.737 -0.153256 -0.885504 0.438629
-38.751 102.12 -25.6999 -0.14271 -0.899214 0.413579
-39.2421 102.619 -24.7266 -0.175601 -0.907755 0.380978
-39.8413 103.106 -23.8446 -0.201036 -0.91873 0.335715
-40.2998 103.362 -23.0983 -0.153405 -0.969075 0.193288
-40.9482 103.664 -21.9909 -0.164711 -0.974425 0.152618
-41.6969 103.912 -21.0535 -0.149323 -0.986609 0.0655886
-42.3117 104.068 -20.0767 -0.157327 -0.98645 0.0338034
-43.0636 104.218 -19.4661 -0.224693 -0.97441 -0.00619822
-43.8705 104.424 -19.2726 -0.284012 -0.958797 0.00670226
-44.6893 104.658 -19.6645 -0.258462 -0.96539 -0.0328429
-45.7607 104.918 -20.7444 -0.265344 -0.963339 0.0396369
-46.3081 104.982 -21.6241 -0.227845 -0.970267 0.0816571
-46.7792 105.037 -22.4748 -0.220768 -0.965661 0.136967
-47.508 105.044 -23.55 -0.2915 -0.93974 0.178447
-47.6063 105.051 -23.6735 -0.283951 -0.94264 0.175503
