-43.4059 103.64 -26.6075 -0.185055 -0.870795 0.449645
-42.8759 102.913 -27.552 -0.230325 -0.823864 0.517878
-42.8992 102.404 -28.3986 -0.2225 -0.843941 0.488116
-43.6487 102.913 -27.9024 -0.23979 -0.823862 0.513569
-44.4137 103.6 -27.1355 -0.216956 -0.846681 0.485084
-43.6742 103.794 -26.3559 -0.191987 -0.890831 0.407499
-42.8673 103.882 -25.7825 -0.234383 -0.919069 0.316603
-42.3568 103.416 -26.4396 -0.297787 -0.844667 0.444816
-41.8604 102.77 -27.3259 -0.254287 -0.829985 0.496451
-41.5049 102.147 -28.217 -0.210642 -0.846455 0.488703
-41.2459 101.494 -29.1933 -0.212343 -0.823913 0.524916
-40.9537 100.842 -30.0595 -0.228323 -0.812194 0.536807
-41.0133 100.223 -31.0068 -0.204821 -0.816557 0.539024
-41.1848 99.6623 -31.8503 -0.167646 -0.790437 0.589129
-41.5938 100.322 -31.0864 -0.188663 -0.799967 0.569614
-41.9381 100.86 -30.4491 -0.216316 -0.799772 0.559549
-42.8019 101.63 -29.6359 -0.249876 -0.801444 0.542115
-43.6484 102.238 -29.0278 -0.2672 -0.832277 0.485491
-44.5521 102.894 -28.3632 -0.269656 -0.849176 0.453993
-45.3551 103.447 -27.8249 -0.254758 -0.836999 0.484284
-45.7189 103.972 -27.0877 -0.251695 -0.847687 0.466987
-45.2269 104.227 -26.3613 -0.219903 -0.889475 0.389511
-44.6968 104.359 -25.6439 -0.212451 -0.923045 0.320707
-44.0037 104.385 -25.0952 -0.229322 -0.926116 0.299533
-43.1767 104.078 -25.4295 -0.223267 -0.922555 0.314712
-42.9968 103.966 -25.6284 -0.223269 -0.922555 0.314712
-42.1787 103.954 -25.0454 -0.252607 -0.916443 0.310164
-41.6748 103.572 -25.6861 -0.27855 -0.854019 0.438827
-40.9486 102.749 -26.8931 -0.256801 -0.846678 0.464642
-40.4531 101.963 -28.0812 -0.196253 -0.86113 0.468785
-40.2042 101.317 -29.05 -0.212334 -0.823918 0.524912
-40.0244 100.781 -29.8121 -0.182699 -0.827969 0.530177
-39.9071 100.029 -30.9285 -0.184517 -0.820555 0.540964
-39.9718 99.4957 -31.74 -0.159635 -0.794674 0.585646
-40.1463 98.9316 -32.5602 -0.157 -0.7978 0.582122
-40.3112 98.3821 -33.3554 -0.150884 -0.80155 0.578508
-40.4709 97.8069 -34.207 -0.145286 -0.806391 0.573256
-40.9023 97.3722 -34.9305 -0.142862 -0.810984 0.567359
-41.1504 97.8921 -34.2575 -0.147573 -0.804734 0.574985
-41.4384 98.4257 -33.5888 -0.149996 -0.799776 0.581219
-41.9503 99.2255 -32.6579 -0.172974 -0.783434 0.596917
-42.2984 99.8463 -31.953 -0.19379 -0.773867 0.602972
-42.7647 100.567 -31.1596 -0.207554 -0.786197 0.582078
-43.2915 101.153 -30.5888 -0.2679 -0.771337 0.575759
-44.0553 101.843 -29.9295 -0.267208 -0.832273 0.485492
-44.8885 102.484 -29.3237 -0.278311 -0.835597 0.473277
-45.5891 102.969 -28.8277 -0.262965 -0.853356 0.450147
-46.7245 103.696 -28.1561 -0.290557 -0.840097 0.458012
-47.139 104.21 -27.4755 -0.274213 -0.848052 0.453448
-46.5818 104.451 -26.6281 -0.314227 -0.888894 0.332498
-45.8957 104.618 -25.5955 -0.185291 -0.930615 0.315598
-45.0656 104.815 -24.5323 -0.21323 -0.938273 0.26691
-44.4447 104.827 -23.8541 -0.197491 -0.954765 0.222308
-43.2792 104.574 -23.7514 -0.253623 -0.955809 0.148638
-42.5514 104.191 -24.6052 -0.247113 -0.950279 0.185047
-42.494 104.166 -24.6731 -0.234972 -0.939809 0.237163
-41.6888 104.104 -24.035 -0.210233 -0.962314 0.172495
-42.2703 104.377 -23.3162 -0.267245 -0.947506 0.172702
-42.9116 104.669 -22.5151 -0.253622 -0.955808 0.148647
-44.0453 104.973 -22.2511 -0.235678 -0.967403 0.0926639
-44.9409 105.156 -22.8389 -0.251928 -0.957557 0.133516
-45.6315 105.179 -23.6399 -0.236527 -0.951079 0.195785
-46.201 105.093 -24.4031 -0.287569 -0.904543 0.31481
-46.8969 105.005 -25.381 -0.3266 -0.901057 0.285358
-47.4772 104.896 -26.253 -0.296198 -0.889358 0.348296
-48.2482 104.659 -27.3649 -0.321245 -0.842656 0.432126
-48.4292 104.267 -28.2499 -0.315496 -0.835192 0.450462
-47.3465 103.472 -28.9838 -0.309643 -0.840657 0.444316
-46.3203 102.852 -29.4955 -0.270851 -0.848023 0.455364
-45.6011 102.358 -29.973 -0.283447 -0.836251 0.469156
-44.9369 101.812 -30.4953 -0.286488 -0.803815 0.521351
-44.3615 101.229 -30.9755 -0.364159 -0.732942 0.574617
-43.8257 100.616 -31.472 -0.229162 -0.769273 0.595624
-43.3357 99.9406 -32.1744 -0.204417 -0.767785 0.607223
-42.8589 99.0517 -33.1485 -0.185308 -0.776032 0.602644
-42.4019 98.3327 -33.9683 -0.159539 -0.79645 0.583102
-42.1332 97.7842 -34.662 -0.147897 -0.802877 0.577508
-41.9015 97.0129 -35.7127 -0.150961 -0.81577 0.558301
-41.7135 96.296 -36.7215 -0.156165 -0.815567 0.55715
-41.6781 95.7195 -37.5951 -0.169217 -0.838331 0.518234
-41.513 95.2201 -38.3491 -0.166474 -0.839113 0.517849
-40.6487 95.6509 -37.3764 -0.16373 -0.839904 0.51745
-40.0857 96.4486 -36.0673 -0.129082 -0.818016 0.56048
-39.8188 96.9184 -35.3305 -0.124088 -0.81594 0.564663
-39.4679 97.5951 -34.2861 -0.118283 -0.811601 0.572113
-39.225 98.2608 -33.2883 -0.115805 -0.8131 0.57049
-39.0294 98.9079 -32.3137 -0.138686 -0.813469 0.564478
-38.9041 99.4688 -31.4896 -0.154085 -0.81419 0.559576
-38.8609 100.038 -30.6223 -0.15047 -0.824175 0.545973
-39.0014 100.692 -29.6404 -0.147917 -0.838019 0.52521
-39.1962 101.24 -28.8214 -0.168758 -0.849833 0.499305
-39.4376 101.841 -27.9018 -0.18963 -0.851072 0.488665
-39.7424 102.324 -27.1207 -0.196257 -0.861133 0.468778
-40.2477 102.964 -26.0742 -0.20585 -0.885152 0.417291
-40.6591 103.417 -25.3869 -0.256675 -0.891382 0.366554
-41.2474 103.839 -24.5937 -0.256937 -0.918348 0.301016
-41.5193 104.028 -24.2523 -0.234981 -0.939808 0.237161
-40.8322 104.022 -23.4664 -0.194999 -0.965531 0.171922
-40.0464 103.556 -24.5093 -0.225153 -0.919837 0.321258
-39.5668 103.192 -25.2427 -0.212352 -0.904732 0.365706
-39.1362 102.702 -26.0691 -0.191288 -0.893817 0.404725
-38.7928 102.287 -26.8397 -0.161303 -0.865942 0.47342
-38.3308 101.588 -27.9813 -0.141495 -0.862097 0.485954
-38.1378 101.116 -28.7242 -0.126972 -0.857465 0.498504
-37.9246 100.53 -29.6363 -0.114967 -0.837102 0.534829
-37.8129 99.9839 -30.4482 -0.119049 -0.826215 0.550632
-37.8802 99.1908 -31.6479 -0.1201 -0.822484 0.555957
-38.0166 98.5091 -32.6806 -0.125406 -0.815575 0.564786
-38.2271 97.6769 -33.9006 -0.12627 -0.808969 0.574129
-38.5516 97.1496 -34.7197 -0.127783 -0.810058 0.572256
-39.032 96.3982 -35.9001 -0.13311 -0.812625 0.567382
-39.3552 95.9265 -36.6342 -0.150516 -0.806614 0.571414
-39.6501 95.4423 -37.4165 -0.154877 -0.822955 0.546173
-39.9235 94.9871 -38.2317 -0.189842 -0.841787 0.505326
-40.2351 94.5145 -39.136 -0.171975 -0.845082 0.505895
-41.1553 94.2005 -40.0129 -0.144154 -0.875828 0.460592
-42.3101 94.844 -39.2434 -0.162045 -0.853556 0.495161
-42.655 95.4084 -38.3997 -0.15769 -0.834659 0.527711
-42.7395 95.895 -37.6383 -0.142002 -0.84602 0.513892
-42.7626 96.4298 -36.7686 -0.12788 -0.8299 0.542231
-42.9558 96.9966 -35.9884 -0.117091 -0.813526 0.569583
-43.2392 97.7571 -34.9743 -0.120284 -0.810036 0.57391
-43.4577 98.3522 -34.2336 -0.141247 -0.788688 0.598348
-43.8206 98.9742 -33.5809 -0.230838 -0.771646 0.592686
-44.2066 99.7786 -32.6911 -0.244976 -0.770521 0.588383
-44.7747 100.602 -31.9351 -0.305706 -0.685685 0.66059
-45.3912 101.408 -31.3925 -0.342663 -0.74168 0.567442
-45.961 101.99 -30.8416 -0.31552 -0.818742 0.478064
-47.0954 102.767 -30.1162 -0.27881 -0.845114 0.456122
-48.3799 103.475 -29.6752 -0.302482 -0.835649 0.45847
-49.21 103.912 -29.4548 -0.317262 -0.832928 0.453404
-49.6422 104.422 -28.8259 -0.329461 -0.828214 0.453339
-49.4416 104.804 -27.9841 -0.331157 -0.834631 0.439822
-49.021 105.211 -26.7604 -0.386379 -0.838237 0.384797
-48.3409 105.354 -25.8227 -0.2968 -0.874258 0.384165
-47.6137 105.494 -24.7332 -0.360404 -0.885929 0.291956
-46.9872 105.482 -23.8464 -0.287553 -0.93253 0.213483
-46.4613 105.53 -22.9958 -0.284343 -0.942348 0.176435
-45.6595 105.447 -22.0577 -0.278408 -0.956526 0.0847929
-44.8903 105.286 -21.3915 -0.281498 -0.957177 0.0637051
-43.7552 105.001 -20.8503 -0.23624 -0.970446 0.0492474
-42.6316 104.71 -21.3472 -0.222788 -0.973017 0.0383677
-41.7205 104.456 -21.998 -0.226367 -0.96536 0.122606
-41.3086 104.238 -22.8449 -0.197836 -0.968172 0.150863
-41.2701 104.221 -22.8931 -0.206936 -0.962407 0.175927
-40.9254 104.064 -23.3466 -0.206937 -0.962407 0.175928
