-5.41198 112.668 -11.9051 -0.44035 -0.897052 0.0362255
-4.6829 112.278 -12.6573 -0.445694 -0.894729 0.0285867
-3.83941 111.768 -13.5012 -0.507907 -0.859689 0.0544619
-2.97877 111.219 -14.0066 -0.523482 -0.850523 0.0500812
-2.19957 110.726 -14.3436 -0.538205 -0.841281 0.0462678
-1.21208 110.038 -14.8455 -0.546633 -0.836356 0.0398264
-0.375862 109.491 -15.1223 -0.538316 -0.842013 0.0350663
0.404082 108.858 -15.7622 -0.568031 -0.815517 0.0971024
1.17889 108.257 -15.7491 -0.62641 -0.765514 0.146964
1.87034 107.638 -16.1196 -0.426771 -0.882836 0.17043
2.73559 107.189 -16.5544 -0.412728 -0.871592 0.264543
1.9113 107.552 -16.4653 -0.426775 -0.882831 0.170438
1.06285 108.281 -16.0383 -0.631568 -0.744209 0.217427
0.114621 109.025 -16.1692 -0.59486 -0.792863 0.132327
-0.804831 109.737 -15.8237 -0.539398 -0.841037 0.040849
-1.4769 110.184 -15.407 -0.546635 -0.836355 0.03982
-2.09878 110.612 -15.1714 -0.55837 -0.828498 0.0422514
-2.91473 111.151 -14.7671 -0.529892 -0.847773 0.0222761
-3.5809 111.574 -14.2198 -0.513457 -0.857586 0.02624
-4.49786 112.163 -13.4403 -0.480368 -0.875633 0.0263324
-5.14132 112.502 -12.7982 -0.446383 -0.894408 0.0278705
-5.59731 112.744 -12.2207 -0.432941 -0.90091 0.0290632
-6.17121 113.011 -12.5977 -0.433358 -0.900994 0.0202831
-6.90143 113.505 -11.3412 -0.507212 -0.855734 0.102251
-7.24377 113.8 -10.5304 -0.292891 -0.941933 0.0566491
-7.87652 114.004 -9.77518 -0.144653 -0.985269 0.044048
-8.42336 114.042 -8.96545 -0.127333 -0.984954 -0.086056
-8.97193 113.916 -8.19893 -0.0696086 -0.971702 -0.225723
-9.56063 113.751 -7.37321 0.0506358 -0.967053 -0.249446
-10.2045 113.538 -6.68747 0.0549323 -0.96716 -0.248163
-10.6574 113.3 -5.95017 0.0717937 -0.958667 -0.275325
-10.8601 113.061 -5.04026 0.0744576 -0.977518 -0.197268
-10.0928 113.118 -5.03289 0.0842673 -0.971449 -0.220278
-9.13221 113.366 -5.82409 0.038724 -0.968411 -0.246335
-8.51789 113.565 -6.46237 -0.0158058 -0.976316 -0.200111
-7.78071 113.64 -7.38331 -0.154472 -0.971613 -0.179037
-6.95823 113.695 -8.33852 -0.235168 -0.959139 -0.102051
-6.34501 113.514 -9.26317 -0.363177 -0.929957 -0.00477679
-5.95662 113.151 -10.0523 -0.495299 -0.851184 0.17368
-5.08743 112.53 -11.2641 -0.448173 -0.893277 0.0346093
-4.25906 112.089 -11.9773 -0.473929 -0.879327 0.0334352
-3.4593 111.587 -12.8232 -0.505037 -0.861805 0.0463791
-2.59512 111.027 -13.3374 -0.526056 -0.848494 0.0576507
-1.51187 110.294 -13.8146 -0.569209 -0.821879 0.0227026
-0.806244 109.803 -14.1764 -0.540755 -0.840865 0.0230045
0.0262817 109.257 -14.5792 -0.539508 -0.841458 0.0289879
0.777127 108.731 -14.9961 -0.576342 -0.803893 0.131821
1.82205 107.825 -15.3003 -0.558657 -0.808649 0.171213
2.6534 107.424 -15.46 -0.376532 -0.925139 0.0483851
3.45042 107.056 -15.8059 -0.415443 -0.908078 0.0529228
4.38741 106.544 -16.4464 -0.289063 -0.937371 0.194366
4.56706 106.212 -17.6018 -0.312254 -0.90587 0.285953
3.54415 106.587 -17.5438 -0.314939 -0.910165 0.269098
2.72616 106.983 -17.2496 -0.430904 -0.873898 0.219727
1.91668 107.422 -17.1609 -0.51049 -0.844769 0.160455
1.1616 107.907 -17.0327 -0.572666 -0.794415 0.183985
0.418909 108.625 -16.8936 -0.669809 -0.721766 0.174387
-0.315521 109.265 -16.821 -0.652899 -0.750903 0.099331
-1.08544 109.882 -16.4537 -0.53995 -0.840387 0.0469335
-1.77067 110.345 -16.0526 -0.566593 -0.822452 0.0499189
-2.69117 110.992 -15.6487 -0.545673 -0.837196 0.0286349
-3.55322 111.541 -15.1241 -0.529459 -0.848097 0.0199786
-4.18372 111.928 -14.5863 -0.511563 -0.859167 0.011599
-4.90128 112.358 -13.9162 -0.445383 -0.895263 0.0117656
-5.7715 112.808 -13.0865 -0.439868 -0.897702 0.0240755
-5.98724 112.918 -12.83 -0.433353 -0.900996 0.0202805
-6.43652 113.112 -13.3726 -0.421717 -0.906401 0.00670418
-5.47642 112.647 -14.3126 -0.458407 -0.88872 -0.00634033
-4.8253 112.289 -14.914 -0.488916 -0.87116 0.0445065
-3.55248 111.525 -15.9139 -0.509953 -0.859574 0.022375
-2.5153 110.823 -16.5335 -0.563176 -0.825032 0.0463339
-1.7313 110.259 -16.9639 -0.572202 -0.818431 0.0524988
-0.559369 109.399 -17.4744 -0.620758 -0.773414 0.116679
0.142617 108.757 -17.6049 -0.678445 -0.728802 0.0921707
1.02898 107.937 -17.7298 -0.661183 -0.745689 0.0823747
1.78539 107.358 -17.9196 -0.506953 -0.847083 0.159528
2.66763 106.837 -17.9874 -0.578788 -0.773626 0.257891
3.49905 106.364 -18.3217 -0.335605 -0.895572 0.292096
4.58523 105.936 -18.4272 -0.306121 -0.905007 0.295385
5.51754 105.67 -18.2709 -0.313693 -0.897683 0.309455
5.72005 105.847 -17.3565 -0.379508 -0.890786 0.249947
5.33184 106.232 -16.6206 -0.304601 -0.91982 0.241911
4.82948 106.539 -15.9085 -0.262775 -0.939504 0.219733
3.67222 106.996 -15.0988 -0.254073 -0.937846 0.143862
2.72859 107.44 -14.5742 -0.439283 -0.885779 0.112988
1.83947 108.001 -14.4129 -0.558658 -0.808649 0.171213
1.04047 108.616 -14.2453 -0.533712 -0.845035 0.0307824
0.289704 109.107 -13.9245 -0.534039 -0.845178 0.0218155
-0.82194 109.836 -13.3348 -0.54082 -0.840821 0.0230933
-1.51642 110.321 -13.0181 -0.583178 -0.810952 0.0475363
-2.63228 111.114 -12.4174 -0.524606 -0.849245 0.0597563
-3.44037 111.638 -11.6884 -0.490203 -0.869788 0.0563019
-4.09863 112.033 -11.1281 -0.471778 -0.880925 0.030321
-4.78287 112.395 -10.6293 -0.453071 -0.891112 0.0254165
-5.29685 112.739 -9.93989 -0.465385 -0.878978 0.103993
-5.6751 113.106 -9.19616 -0.560058 -0.8178 0.132434
-6.10186 113.418 -8.42914 -0.429267 -0.893092 0.0080856
-6.73441 113.491 -7.51551 -0.160923 -0.969307 -0.185573
-7.3913 113.457 -6.72188 -0.154463 -0.971616 -0.179031
-8.03992 113.374 -5.9036 -0.139311 -0.957855 -0.251208
-8.73383 113.186 -5.01558 0.0479865 -0.97365 -0.222941
-9.52695 113.025 -4.43914 0.0288493 -0.980952 -0.192097
-10.4075 112.866 -3.92577 0.0712041 -0.976675 -0.202571
-11.5061 112.808 -4.18503 0.17232 -0.95878 -0.225642
-11.5872 113.057 -5.38105 0.1126 -0.974552 -0.193828
-11.1469 113.422 -6.50498 0.081352 -0.958251 -0.274111
-10.5234 113.703 -7.40094 0.0554659 -0.967391 -0.247139
-9.58229 114.004 -8.5126 -5.46337e-06 -0.978283 -0.204363
-8.72384 114.084 -9.80891 -0.124864 -0.992137 -0.00857553
-8.17098 113.975 -10.6065 -0.18919 -0.978696 0.0307965
-7.52004 113.725 -11.6813 -0.403972 -0.901441 0.155598
-6.94701 113.371 -12.663 -0.426053 -0.903901 0.0363903
-6.5638 113.176 -13.2241 -0.418358 -0.907794 0.0297912
-6.08693 113.008 -11.5215 -0.432538 -0.900821 0.037853
-6.41134 113.302 -10.6123 -0.507211 -0.855734 0.102251
-6.07583 113.007 -11.4107 -0.469875 -0.878278 0.0700521
-6.02258 112.98 -11.4472 -0.432538 -0.900821 0.0378532
-7.5524 113.867 -8.77598 -0.161928 -0.974344 -0.156312
-8.20788 113.846 -8.13372 -0.0696087 -0.971702 -0.225723
-7.78762 113.888 -8.66529 -0.156164 -0.972542 -0.171755
-7.78247 113.889 -8.67201 -0.16193 -0.974342 -0.156318
