-43.5377 103.185 -28.6546 -0.238953 -0.82639 0.509865
-42.7434 102.665 -29.1438 -0.229777 -0.833034 0.503245
-42.5126 102.781 -28.8458 -0.228588 -0.832706 0.504329
-42.7937 103.334 -28.0716 -0.227884 -0.828426 0.511645
-43.379 103.945 -27.3613 -0.245808 -0.836962 0.488011
-44.4328 103.888 -27.9242 -0.22429 -0.831993 0.507427
-43.8093 103.388 -28.4548 -0.238395 -0.824296 0.513522
-43.6394 103.312 -28.4972 -0.238395 -0.824295 0.513522
-44.1525 102.985 -29.2811 -0.295291 -0.827757 0.477097
-45.0384 103.627 -28.6751 -0.269759 -0.843749 0.464023
-45.6651 104.103 -28.1936 -0.223875 -0.849515 0.475603
-45.3183 104.48 -27.3196 -0.19204 -0.870881 0.452423
-44.6377 104.661 -26.5338 -0.200127 -0.911277 0.359893
-43.8872 104.676 -26.0806 -0.206609 -0.917184 0.340022
-43.031 104.351 -26.3397 -0.246125 -0.887606 0.387311
-42.4056 103.847 -27.0041 -0.25916 -0.847971 0.462341
-41.9426 103.339 -27.6605 -0.253419 -0.830078 0.496738
-41.4689 102.633 -28.6267 -0.220278 -0.841056 0.493932
-41.1559 101.926 -29.6566 -0.220436 -0.832773 0.507836
-40.8582 101.043 -30.9099 -0.202155 -0.80957 0.551117
-40.7542 100.46 -31.7327 -0.217045 -0.809776 0.545098
-40.8113 99.9543 -32.5111 -0.21312 -0.811977 0.54339
-41.6617 100.387 -32.1808 -0.174599 -0.795869 0.579747
-42.0525 100.994 -31.4699 -0.211476 -0.802053 0.558211
-42.5587 101.655 -30.6978 -0.220721 -0.819841 0.527927
-43.1157 102.23 -30.0218 -0.231378 -0.822865 0.518997
-44.0324 102.892 -29.3677 -0.267406 -0.82812 0.491651
-44.097 102.943 -29.3203 -0.295293 -0.827756 0.477098
-44.6484 102.706 -30.0713 -0.294772 -0.826829 0.479023
-45.2824 103.191 -29.6101 -0.265716 -0.843968 0.465932
-46.3738 103.865 -29.0037 -0.267633 -0.840086 0.471763
-47.2049 104.374 -28.6228 -0.288112 -0.836181 0.466684
-46.7299 104.756 -27.6285 -0.296394 -0.855029 0.425223
-46.1038 104.902 -26.8611 -0.317251 -0.851799 0.416724
-45.2504 105.104 -25.7617 -0.26473 -0.911349 0.311617
-44.2998 105.159 -24.9624 -0.219015 -0.923042 0.31619
-43.2609 104.935 -24.8756 -0.2258 -0.922752 0.312319
-42.5744 104.598 -25.3725 -0.244819 -0.91021 0.3327
-41.9 104.128 -26.1138 -0.254673 -0.888326 0.379776
-41.3733 103.631 -26.7956 -0.274294 -0.848117 0.453277
-40.8423 103.044 -27.6311 -0.210932 -0.861451 0.460679
-40.4742 102.484 -28.4393 -0.201591 -0.849519 0.487442
-40.2489 102.001 -29.165 -0.198876 -0.839739 0.505258
-40.0442 101.43 -30.0127 -0.212985 -0.820518 0.53046
-39.7947 100.721 -30.9935 -0.198175 -0.813591 0.546574
-39.7486 100.153 -31.8329 -0.192412 -0.815777 0.545405
-39.9122 99.5121 -32.846 -0.179509 -0.8079 0.560918
-40.1657 98.7736 -33.9414 -0.164697 -0.804856 0.570028
-40.545 98.0973 -34.9581 -0.16978 -0.801862 0.572385
-40.6205 97.5569 -35.7743 -0.181724 -0.812104 0.554494
-41.0836 98.0525 -35.2003 -0.181718 -0.812111 0.554486
-41.5174 98.6895 -34.4239 -0.156936 -0.79383 0.58753
-41.9949 99.4709 -33.4929 -0.171142 -0.787891 0.591449
-42.397 100.116 -32.7698 -0.177976 -0.781816 0.597566
-42.7634 100.686 -32.1325 -0.202466 -0.784133 0.586637
-43.1488 101.275 -31.4591 -0.250475 -0.780055 0.570795
-43.7193 101.962 -30.789 -0.291501 -0.829081 0.477129
-44.2885 102.412 -30.3575 -0.294771 -0.826829 0.479024
-44.8797 102.176 -31.1287 -0.29498 -0.826254 0.479885
-44.1695 101.516 -31.6777 -0.297353 -0.770202 0.564157
-43.644 100.647 -32.4787 -0.285636 -0.723621 0.628319
-43.2762 100.024 -33.1579 -0.184506 -0.779003 0.599259
-42.8526 99.2972 -33.973 -0.180646 -0.780141 0.598941
-42.4317 98.6215 -34.7635 -0.161123 -0.791121 0.590056
-42.1532 98.0694 -35.4808 -0.149973 -0.81072 0.565885
-41.8912 97.4858 -36.2542 -0.152173 -0.815434 0.558489
-41.74 96.9394 -37.0358 -0.172742 -0.831833 0.527013
-41.5941 96.1653 -38.2437 -0.197548 -0.84901 0.490059
-41.0562 95.6952 -38.8416 -0.197423 -0.852412 0.484121
-40.5306 95.9193 -38.2416 -0.190848 -0.84828 0.493903
-40.1756 96.5503 -37.1157 -0.169277 -0.821907 0.543888
-39.7184 97.2946 -35.9008 -0.122118 -0.814873 0.566629
-39.4963 97.7713 -35.1667 -0.123465 -0.816642 0.563785
-39.2459 98.3214 -34.315 -0.139383 -0.80418 0.577301
-39.0656 98.8115 -33.5775 -0.158019 -0.811652 0.562362
-38.8607 99.4535 -32.5878 -0.124143 -0.818959 0.560263
-38.7273 99.9826 -31.7653 -0.140346 -0.826039 0.545679
-38.85 100.851 -30.5274 -0.142177 -0.813971 0.563237
-39.0507 101.363 -29.8054 -0.143805 -0.835814 0.529342
-39.248 101.945 -28.8781 -0.151639 -0.855871 0.494461
-39.5431 102.521 -27.9995 -0.194559 -0.853345 0.483682
-40.0204 103.1 -27.1195 -0.197884 -0.874192 0.443431
-40.5173 103.62 -26.2759 -0.218678 -0.882378 0.415883
-41.2554 104.258 -25.3811 -0.238288 -0.900622 0.35613
-41.9031 104.654 -24.6493 -0.244494 -0.926329 0.286597
-42.9244 105.102 -23.855 -0.22585 -0.958083 0.176262
-44.1929 105.448 -23.6471 -0.232622 -0.950604 0.204438
-45.2361 105.544 -24.3719 -0.219875 -0.949555 0.223605
-46.0707 105.476 -25.337 -0.279433 -0.922078 0.267748
-46.6077 105.373 -26.0816 -0.320497 -0.89254 0.317259
-47.4166 105.279 -27.0558 -0.296394 -0.855029 0.425223
-48.0431 105.126 -27.7653 -0.299297 -0.847509 0.438087
-48.474 104.907 -28.5037 -0.336342 -0.830899 0.443261
-48.3846 104.461 -29.272 -0.325963 -0.83513 0.442922
-47.2355 103.815 -29.6593 -0.31385 -0.829909 0.461189
-46.2364 103.225 -30.0998 -0.269105 -0.843377 0.465029
-45.525 102.712 -30.6011 -0.295116 -0.826795 0.47887
-45.1789 102.424 -30.8835 -0.295116 -0.826795 0.47887
-45.7917 102.218 -31.6145 -0.294839 -0.825712 0.480904
-46.4904 102.778 -31.0613 -0.288124 -0.841135 0.457687
-47.4034 103.369 -30.5749 -0.307663 -0.828641 0.467651
-48.2215 103.761 -30.4289 -0.314427 -0.824993 0.469597
-49.1814 104.296 -30.1275 -0.311897 -0.826275 0.469031
-49.6799 104.899 -29.3968 -0.329328 -0.825663 0.458032
-49.5465 105.307 -28.5586 -0.333795 -0.825605 0.454925
-49.1441 105.56 -27.7443 -0.33534 -0.845191 0.416172
-48.5322 105.725 -26.965 -0.313315 -0.841893 0.439375
-47.8215 105.777 -26.2034 -0.334645 -0.882551 0.330316
-47.142 105.855 -25.3015 -0.348817 -0.888747 0.295066
-46.4292 105.897 -24.3155 -0.29711 -0.911897 0.283142
-45.8351 105.868 -23.6014 -0.228383 -0.94653 0.227865
-45.1723 105.845 -22.9876 -0.284745 -0.952365 0.10918
-44.207 105.645 -22.4329 -0.241803 -0.966753 0.0831842
-43.294 105.381 -22.497 -0.278947 -0.956956 0.0801478
-42.2902 105.08 -23.0283 -0.242304 -0.962476 0.12056
-41.5254 104.797 -23.6075 -0.223879 -0.964809 0.135433
-40.7377 104.452 -24.3352 -0.235898 -0.927811 0.288995
-40.0165 103.991 -25.2254 -0.238298 -0.900621 0.356126
-39.2993 103.289 -26.4136 -0.223708 -0.891692 0.39222
-38.7319 102.701 -27.3649 -0.183786 -0.880192 0.43759
-38.405 102.25 -28.0642 -0.164982 -0.8614 0.480386
-38.1682 101.67 -29.0232 -0.158313 -0.858633 0.487427
-37.9445 101.039 -30.0113 -0.148074 -0.838815 0.52359
-37.7443 100.348 -30.9827 -0.131122 -0.814254 0.565506
-37.7332 99.7915 -31.8137 -0.141187 -0.83388 0.533582
-37.8286 99.201 -32.718 -0.134628 -0.809567 0.571382
-38.0481 98.6729 -33.5256 -0.135846 -0.814667 0.563794
-38.2356 98.177 -34.2813 -0.140235 -0.813568 0.56429
-38.5071 97.53 -35.2904 -0.14815 -0.810111 0.56716
-38.786 96.9871 -36.1082 -0.146162 -0.797594 0.585218
-39.0604 96.4303 -36.9605 -0.161673 -0.821769 0.546404
-39.3328 95.9924 -37.6996 -0.155203 -0.826425 0.541149
-39.6755 95.545 -38.5658 -0.177301 -0.853158 0.49056
-40.1414 95.0162 -39.6867 -0.186168 -0.85934 0.476316
-40.8334 94.692 -40.5235 -0.165947 -0.857373 0.487209
-41.696 94.9119 -40.4348 -0.185771 -0.877069 0.4424
-42.3013 95.7396 -39.2157 -0.165697 -0.85127 0.49788
-42.6159 96.4486 -38.1133 -0.157643 -0.846802 0.508011
-42.7472 96.9842 -37.2714 -0.162949 -0.843079 0.512508
-42.9661 97.5336 -36.493 -0.194527 -0.792853 0.577532
-43.1618 98.0956 -35.7343 -0.172037 -0.821819 0.543155
-43.4265 98.7047 -34.9732 -0.236025 -0.763465 0.601074
-43.9053 99.4751 -34.1744 -0.242981 -0.78096 0.574898
-44.4007 100.514 -32.992 -0.313292 -0.740229 0.594241
-44.8225 101.228 -32.3622 -0.335495 -0.70389 0.625008
-45.4983 101.943 -31.9069 -0.328172 -0.794785 0.507769
-45.6419 102.096 -31.7325 -0.294835 -0.825716 0.480901
