-43.6375 103.502 -29.4258 -0.244799 -0.822355 0.51362
-42.8795 102.907 -30.0238 -0.240172 -0.821356 0.51739
-41.792 102.326 -30.4634 -0.217609 -0.828069 0.51667
-42.1143 102.909 -29.6656 -0.228893 -0.82471 0.517033
-42.6109 103.558 -28.8461 -0.24339 -0.8307 0.500698
-43.3521 104.214 -28.0928 -0.243404 -0.842796 0.479862
-44.5893 104.646 -27.983 -0.247481 -0.836082 0.489611
-44.5073 104.109 -28.8586 -0.248645 -0.83544 0.490118
-44.0891 103.812 -29.1438 -0.244797 -0.822355 0.513621
-44.7283 103.494 -30.0365 -0.278685 -0.832192 0.479322
-43.7253 102.754 -30.7082 -0.285746 -0.825074 0.487445
-43.0235 102.141 -31.3321 -0.271259 -0.802899 0.530822
-42.4222 101.472 -32.0575 -0.240628 -0.814216 0.528346
-41.9705 100.808 -32.8517 -0.194327 -0.779675 0.594984
-41.5245 99.9325 -33.872 -0.206983 -0.793542 0.571914
-40.9239 99.419 -34.3889 -0.174084 -0.799368 0.574729
-40.5624 99.3212 -34.4181 -0.182241 -0.810724 0.556294
-40.3734 99.8896 -33.5357 -0.194387 -0.8038 0.562245
-40.4027 100.535 -32.612 -0.180167 -0.817193 0.547481
-40.4085 101.178 -31.6512 -0.206407 -0.815425 0.540812
-40.6058 101.833 -30.7368 -0.205797 -0.816141 0.539964
-40.8208 102.476 -29.8048 -0.215659 -0.832153 0.510895
-41.3088 103.246 -28.7518 -0.225443 -0.837189 0.498288
-41.9948 103.967 -27.8256 -0.247134 -0.848374 0.468174
-42.5575 104.468 -27.2121 -0.24568 -0.849825 0.466304
-43.2056 104.971 -26.6209 -0.256219 -0.90383 0.340021
-44.196 105.231 -26.509 -0.1957 -0.91408 0.355188
-45.1065 105.251 -27.0464 -0.24329 -0.903268 0.353435
-45.8125 105.15 -27.7205 -0.28989 -0.878227 0.374667
-46.5589 104.876 -28.6596 -0.285038 -0.831137 0.477456
-45.9113 104.275 -29.3434 -0.268239 -0.83759 0.47591
-44.9709 103.663 -29.8814 -0.272501 -0.833696 0.480306
-45.5865 103.338 -30.8157 -0.276146 -0.841164 0.464959
-44.8797 102.853 -31.2464 -0.291692 -0.829695 0.475916
-44.0624 102.154 -31.9201 -0.306318 -0.809629 0.50067
-43.3881 101.314 -32.6846 -0.308533 -0.710879 0.632028
-43.0232 100.722 -33.2972 -0.195173 -0.768407 0.609474
-42.5985 99.9406 -34.204 -0.241273 -0.80386 0.543688
-42.2218 99.3982 -34.8234 -0.211046 -0.798114 0.563315
-41.8852 98.8522 -35.5189 -0.184119 -0.808025 0.559524
-41.6227 98.1041 -36.5138 -0.162076 -0.814529 0.557022
-41.335 97.3489 -37.5566 -0.192331 -0.821335 0.537046
-41.1417 96.8039 -38.3595 -0.14627 -0.859188 0.490307
-40.7175 96.522 -38.7045 -0.198265 -0.845869 0.495173
-40.2563 97.0417 -37.6519 -0.177502 -0.830695 0.527392
-39.9178 97.4777 -36.8798 -0.178076 -0.821372 0.541882
-39.6983 97.9802 -36.0648 -0.149378 -0.807639 0.570413
-39.5762 98.5648 -35.1952 -0.163063 -0.805924 0.568879
-39.2963 99.2209 -34.1433 -0.173014 -0.814969 0.553075
-39.186 99.8202 -33.2442 -0.174755 -0.80316 0.569465
-39.1831 100.502 -32.2535 -0.184853 -0.821543 0.539348
-39.1521 100.995 -31.5012 -0.167528 -0.814075 0.556027
-39.338 101.53 -30.7628 -0.161544 -0.839166 0.51933
-39.6317 102.194 -29.7785 -0.175355 -0.835819 0.519617
-39.8881 102.744 -28.9786 -0.212023 -0.849677 0.482799
-40.2531 103.281 -28.2057 -0.229848 -0.8502 0.472944
-40.7391 103.761 -27.5347 -0.238917 -0.855409 0.459348
-41.4697 104.396 -26.7045 -0.259489 -0.886089 0.383853
-42.3423 105.038 -25.7931 -0.256228 -0.903827 0.340021
-43.1262 105.403 -25.2754 -0.233677 -0.925888 0.296834
-44.2251 105.717 -25.1483 -0.225293 -0.924757 0.306703
-45.0333 105.767 -25.587 -0.220618 -0.924556 0.310642
-46.1023 105.738 -26.5715 -0.323332 -0.889008 0.324223
-46.7719 105.714 -27.283 -0.283382 -0.869049 0.400362
-47.5276 105.501 -28.1263 -0.299715 -0.843489 0.44483
-48.0189 105.288 -28.9019 -0.322021 -0.838617 0.439346
-48.0207 104.825 -29.7621 -0.320169 -0.829009 0.458515
-46.9668 104.234 -30.0923 -0.321048 -0.828202 0.459357
-46.1562 103.71 -30.481 -0.283721 -0.840389 0.461715
-45.8823 103.527 -30.648 -0.276147 -0.841165 0.464955
-46.5434 103.241 -31.5702 -0.287525 -0.828778 0.480059
-45.6471 102.654 -32.0511 -0.284061 -0.830586 0.478995
-44.9167 102.054 -32.6039 -0.30552 -0.809433 0.501473
-44.5022 101.435 -33.1063 -0.319065 -0.713926 0.623303
-44.0537 100.617 -33.89 -0.285831 -0.770576 0.56966
-43.6428 99.9675 -34.6287 -0.247785 -0.814287 0.524918
-43.2943 99.3933 -35.2795 -0.246998 -0.780418 0.574404
-42.9837 98.7125 -36.0913 -0.220787 -0.801611 0.555584
-42.722 97.9376 -37.1062 -0.190274 -0.820772 0.537131
-42.5306 97.4388 -37.8467 -0.184146 -0.828126 0.529272
-42.3608 96.8751 -38.6488 -0.202377 -0.834668 0.511387
-42.2265 96.4146 -39.4286 -0.174279 -0.87021 0.460826
-41.7742 95.7769 -40.4217 -0.175404 -0.860579 0.478156
-40.8598 95.2502 -40.9736 -0.20622 -0.859895 0.466608
-40.1736 95.4351 -40.3472 -0.224587 -0.840048 0.493843
-39.7366 95.871 -39.4193 -0.216962 -0.839069 0.49889
-39.3216 96.3816 -38.3944 -0.209019 -0.833806 0.510958
-38.9387 96.9092 -37.4197 -0.176857 -0.82596 0.535267
-38.6879 97.453 -36.5366 -0.151666 -0.804178 0.574713
-38.4636 98.0418 -35.6483 -0.155874 -0.808045 0.568107
-38.2218 98.6217 -34.7289 -0.150992 -0.827142 0.541326
-38.0352 99.2519 -33.7495 -0.129945 -0.812442 0.568347
-38.032 99.8289 -32.9327 -0.139904 -0.81675 0.559533
-37.9679 100.36 -32.0941 -0.146732 -0.833958 0.531962
-37.9635 101.112 -30.9622 -0.172531 -0.810921 0.559142
-38.2265 101.703 -30.1593 -0.151606 -0.83421 0.530197
-38.399 102.221 -29.3732 -0.150085 -0.849681 0.505303
-38.8446 102.89 -28.3508 -0.161225 -0.852474 0.497167
-39.325 103.456 -27.4462 -0.185852 -0.874265 0.448463
-40.1329 104.124 -26.49 -0.196298 -0.883373 0.425582
-40.8438 104.606 -25.733 -0.225051 -0.913792 0.332919
-41.4827 105.092 -24.9247 -0.282175 -0.904095 0.320918
-42.3354 105.498 -24.3505 -0.239969 -0.941379 0.228621
-43.1896 105.787 -23.9961 -0.252507 -0.950843 0.17927
-44.089 106.056 -23.8495 -0.259459 -0.948233 0.183124
-45.3071 106.257 -24.2959 -0.288324 -0.907166 0.306461
-46.251 106.246 -25.3246 -0.326668 -0.897555 0.294654
-47.0866 106.266 -26.105 -0.31993 -0.890547 0.323366
-48.0617 106.165 -27.219 -0.322922 -0.867009 0.379293
-48.6432 106.024 -27.9491 -0.334046 -0.835964 0.435404
-49.1928 105.808 -28.797 -0.342086 -0.834678 0.431613
-49.6082 105.467 -29.7365 -0.332065 -0.820127 0.465965
-49.3169 104.859 -30.5911 -0.326657 -0.818156 0.473192
-48.2263 104.236 -30.9316 -0.316141 -0.819592 0.477833
-46.9756 103.544 -31.3058 -0.315116 -0.822113 0.474147
-46.9655 103.538 -31.3102 -0.304903 -0.830833 0.465233
-46.9561 103.531 -31.3158 -0.289411 -0.834195 0.469266
