-0.0798387 110.172 -15.6213 -0.519994 -0.851361 0.0691786
0.596633 109.665 -15.7659 -0.580953 -0.80497 0.120484
0.867516 109.369 -16.5014 -0.569128 -0.814544 0.0993074
0.199687 109.892 -16.4426 -0.606664 -0.791246 0.0767367
-0.596579 110.439 -16.211 -0.519998 -0.851358 0.0691833
-1.22658 110.885 -15.6173 -0.547346 -0.835325 0.0508459
-1.55667 111.102 -15.5582 -0.543095 -0.838455 0.045186
-2.37763 111.628 -15.0029 -0.525512 -0.850016 0.0329184
-3.13749 112.124 -14.4347 -0.534192 -0.845083 0.0217456
-3.71753 112.496 -13.8312 -0.45948 -0.887399 0.0343273
-4.32895 112.837 -13.3099 -0.45071 -0.891779 0.0381717
-4.96446 113.175 -12.5138 -0.433819 -0.900532 0.029046
-4.19985 112.784 -12.9673 -0.446293 -0.894454 0.02783
-3.55762 112.408 -13.8419 -0.507345 -0.860178 0.0507463
-2.83832 111.951 -14.265 -0.510032 -0.857982 0.0611119
-2.11894 111.502 -14.5088 -0.517295 -0.853511 0.0626532
-1.63445 111.173 -15.1829 -0.528788 -0.847494 0.0429686
-0.822715 110.659 -15.1793 -0.507563 -0.859497 0.0575328
-0.445735 110.409 -15.4403 -0.51837 -0.852361 0.0690659
-0.0879404 110.251 -14.723 -0.541167 -0.837936 0.0650542
0.8303 109.593 -15.1241 -0.572572 -0.814235 0.0899744
1.47171 109.118 -15.5443 -0.525898 -0.843323 0.11062
2.38887 108.391 -15.9146 -0.357881 -0.914812 0.186269
3.37622 107.884 -16.3563 -0.385765 -0.899007 0.207299
4.05909 107.492 -16.805 -0.32938 -0.917385 0.223415
4.62575 107.096 -17.4721 -0.365721 -0.889895 0.272644
4.64629 106.806 -18.3909 -0.352254 -0.890176 0.288235
3.65157 107.231 -18.2552 -0.431496 -0.837772 0.316877
2.55125 107.96 -17.9882 -0.528872 -0.830926 0.140848
1.64414 108.744 -17.6397 -0.579647 -0.80618 0.0643613
0.452163 109.61 -17.2143 -0.59026 -0.791895 0.156512
-0.532964 110.341 -16.9699 -0.526586 -0.847822 0.0624922
-1.34557 110.898 -16.5353 -0.548906 -0.832806 0.0716705
-2.39818 111.618 -15.789 -0.53654 -0.843502 0.0250794
-3.36737 112.252 -15.114 -0.506289 -0.861202 0.029946
-4.00439 112.625 -14.5185 -0.478383 -0.877322 0.0381511
-4.96913 113.147 -13.681 -0.444754 -0.895473 0.0160448
-5.63885 113.489 -12.8301 -0.43229 -0.901313 0.0274822
-6.2801 113.826 -11.7543 -0.43346 -0.900543 0.032218
-6.77378 114.267 -10.4623 -0.4871 -0.867911 0.0953253
-7.54783 114.482 -9.3461 -0.189495 -0.980285 -0.0359175
-7.81617 114.442 -8.48095 -0.185408 -0.972531 -0.140737
-8.44898 114.413 -7.657 -0.155566 -0.96235 -0.222811
-8.95923 114.292 -6.90801 -0.0777705 -0.953477 -0.29126
-8.78394 114.09 -6.29308 -0.0651945 -0.967969 -0.235076
-7.85814 114.187 -7.10517 -0.161372 -0.961778 -0.221228
-7.02514 114.218 -7.97497 -0.245022 -0.960635 -0.112473
-6.25845 114.071 -9.09403 -0.304229 -0.950007 -0.0684217
-5.55902 113.603 -10.3003 -0.487101 -0.867911 0.0953251
-5.08238 113.309 -11.0286 -0.425987 -0.902137 0.0684372
-4.23644 112.842 -11.9275 -0.431577 -0.901013 0.0437811
-3.40401 112.379 -12.6551 -0.498989 -0.8653 0.0472037
-2.58066 111.854 -13.4711 -0.507349 -0.860176 0.0507348
-1.80115 111.352 -13.875 -0.540553 -0.840019 0.0465973
-1.09115 110.87 -14.3125 -0.541216 -0.839554 0.0472645
-0.307399 110.393 -14.6172 -0.507555 -0.859501 0.0575377
-0.20377 110.348 -13.9005 -0.533385 -0.845858 0.00045831
-1.10793 110.932 -13.3913 -0.540707 -0.839959 0.0458739
-2.12334 111.628 -12.854 -0.518911 -0.851796 0.0654319
-2.78494 112.046 -12.264 -0.492422 -0.868856 0.049542
-3.34231 112.399 -11.5434 -0.495045 -0.867809 0.0428623
-4.08212 112.813 -10.9938 -0.431531 -0.901038 0.0437214
-4.65567 113.136 -10.375 -0.447668 -0.892414 0.0564802
-5.16781 113.497 -9.66837 -0.429526 -0.892784 0.135192
-6.04084 113.979 -8.27411 -0.313437 -0.943314 -0.0248316
-6.92235 114.044 -7.00475 -0.146793 -0.975047 -0.160592
-7.58651 113.997 -6.27208 -0.103457 -0.982206 -0.156741
-8.29105 113.955 -5.69533 -0.0526182 -0.982461 -0.178891
-9.02784 113.87 -5.16274 0.0189456 -0.967419 -0.252471
-10.0542 113.903 -5.43405 0.065597 -0.965922 -0.250384
-9.83308 114.257 -6.72863 0.0595701 -0.965673 -0.252775
-9.38828 114.488 -7.524 0.0541312 -0.966625 -0.250408
-8.6513 114.589 -8.80543 -0.141976 -0.98695 -0.0742759
-8.21462 114.604 -9.80864 -0.148367 -0.98788 -0.045609
-7.53225 114.517 -10.7975 -0.230617 -0.972691 -0.0262277
-7.15654 114.264 -11.5988 -0.437876 -0.891367 0.0988675
-6.77327 114.042 -12.4193 -0.441431 -0.896561 0.0362942
-5.88899 113.6 -13.6123 -0.431324 -0.902101 0.00656948
-5.2695 113.279 -14.4106 -0.448149 -0.89366 0.0231048
-4.56226 112.91 -14.9587 -0.463649 -0.885217 0.0321238
-3.89068 112.514 -15.6187 -0.477098 -0.877919 0.0404358
-3.08374 112.048 -16.2074 -0.511638 -0.858094 0.0266761
-2.35766 111.574 -16.6937 -0.539575 -0.841809 0.0146776
-1.64615 111.039 -17.2567 -0.573709 -0.816722 0.0618337
-0.846622 110.485 -17.6523 -0.55655 -0.821107 0.11021
-0.0466693 109.851 -17.8732 -0.586515 -0.794393 0.157927
0.729719 109.235 -18.0627 -0.590064 -0.792077 0.156328
1.51344 108.638 -18.3558 -0.587041 -0.777045 0.227122
2.17166 108.082 -18.6364 -0.547101 -0.799496 0.247964
2.927 107.473 -18.8299 -0.524193 -0.785094 0.329922
3.94276 106.862 -19.0104 -0.335901 -0.893295 0.29858
4.78664 106.528 -19.0752 -0.30895 -0.903182 0.296937
5.79569 106.339 -18.69 -0.290922 -0.914965 0.278689
5.55587 106.727 -17.614 -0.304641 -0.912002 0.274676
5.03726 107.177 -16.689 -0.302044 -0.918468 0.254796
4.1983 107.646 -15.9793 -0.326816 -0.917127 0.228188
3.47283 108.053 -15.5242 -0.35284 -0.911456 0.208174
2.61484 108.446 -15.1422 -0.354155 -0.919824 0.168813
1.90396 108.937 -14.8751 -0.525414 -0.843555 0.111155
1.08459 109.474 -14.4727 -0.537126 -0.840013 0.0720156
0.450314 109.931 -14.1641 -0.548388 -0.834527 0.0361691
1.347 109.077 -16.4447 -0.526725 -0.842624 0.112006
2.00764 108.478 -16.706 -0.547704 -0.836294 -0.0251533
1.40359 108.883 -16.808 -0.55937 -0.828615 -0.0224152
1.20972 109.131 -16.6842 -0.526724 -0.842625 0.112001
2.46869 108.177 -16.7282 -0.454658 -0.873045 0.0892931
3.18991 107.726 -17.3836 -0.446167 -0.885775 0.127818
2.88753 107.966 -16.9094 -0.389235 -0.895803 0.214385
2.77247 108.031 -16.8403 -0.373687 -0.904402 0.205517
