-43.4205 103.625 -30.321 -0.260495 -0.82291 0.504366
-42.7881 103.075 -30.9022 -0.243185 -0.819838 0.518384
-42.1483 102.537 -31.4495 -0.243244 -0.818708 0.520144
-42.3394 103.3 -30.3334 -0.243128 -0.820967 0.516625
-42.7502 103.885 -29.5961 -0.23837 -0.834501 0.496225
-43.2642 104.353 -29.0191 -0.255267 -0.836677 0.484065
-44.4823 104.878 -28.78 -0.256286 -0.842678 0.473172
-44.695 104.508 -29.5545 -0.268544 -0.831368 0.486529
-43.9116 103.939 -30.0756 -0.278579 -0.825027 0.491644
-44.4397 103.607 -30.9357 -0.289595 -0.829173 0.478089
-43.7074 103.05 -31.456 -0.282768 -0.826906 0.486075
-43.0254 102.471 -32.0243 -0.293834 -0.820465 0.490407
-42.4024 101.871 -32.623 -0.270465 -0.813521 0.514814
-41.9189 101.307 -33.2593 -0.253303 -0.795649 0.548653
-41.5352 100.549 -34.1427 -0.222424 -0.787964 0.574143
-41.127 99.7808 -35.0814 -0.204332 -0.814507 0.542975
-40.8481 99.2456 -35.7758 -0.198683 -0.816806 0.541573
-40.6571 99.6556 -35.0924 -0.204332 -0.814505 0.542978
-40.2262 100.004 -34.4214 -0.179765 -0.811764 0.555622
-40.3352 100.74 -33.4096 -0.229206 -0.79721 0.558253
-40.3759 101.475 -32.3585 -0.202343 -0.814128 0.543869
-40.5172 102.146 -31.3651 -0.209079 -0.823799 0.526917
-40.7806 102.664 -30.6574 -0.223176 -0.823043 0.522139
-41.3648 103.455 -29.63 -0.233019 -0.825384 0.514127
-41.8425 103.958 -28.9954 -0.248233 -0.843745 0.475893
-42.3206 104.443 -28.3805 -0.245271 -0.844394 0.476271
-43.0116 105.022 -27.7516 -0.278283 -0.827196 0.488166
-43.9022 105.391 -27.5143 -0.250132 -0.875633 0.413156
-45.2328 105.498 -28.0883 -0.246626 -0.857359 0.449975
-45.9938 105.364 -28.7863 -0.280116 -0.844131 0.45714
-46.4457 105.1 -29.5133 -0.301075 -0.82617 0.475004
-45.9535 104.641 -30.0179 -0.268662 -0.829904 0.48895
-45.1775 104.115 -30.5093 -0.278143 -0.833329 0.477452
-44.7825 103.847 -30.7304 -0.290438 -0.825919 0.483223
-45.6046 103.709 -31.4669 -0.287173 -0.832421 0.473923
-44.8053 103.145 -31.9711 -0.294342 -0.829747 0.474175
-43.9421 102.432 -32.622 -0.306748 -0.808116 0.502845
-43.2031 101.633 -33.3513 -0.283742 -0.755105 0.589118
-42.6575 100.666 -34.4213 -0.233131 -0.784412 0.574605
-42.3529 100.1 -35.088 -0.223579 -0.796035 0.562367
-41.928 99.2555 -36.1652 -0.204059 -0.813276 0.544924
-41.6189 98.5372 -37.1344 -0.203583 -0.816326 0.540519
-41.3156 97.9347 -37.9458 -0.201036 -0.821996 0.532829
-40.957 97.2048 -38.9857 -0.182473 -0.852722 0.489458
-40.6579 96.8481 -39.4876 -0.206147 -0.847345 0.489394
-40.2865 97.3148 -38.5268 -0.193795 -0.836391 0.512054
-39.9577 97.9117 -37.5035 -0.186884 -0.818865 0.54271
-39.6669 98.4403 -36.5891 -0.190337 -0.825403 0.531491
-39.2996 99.1599 -35.3711 -0.181071 -0.816602 0.54805
-39.1754 99.701 -34.5241 -0.179763 -0.811763 0.555625
-39.2088 100.481 -33.4094 -0.17452 -0.808847 0.561524
-39.1761 101.081 -32.5019 -0.202334 -0.814131 0.543869
-39.2641 101.836 -31.3891 -0.1681 -0.831329 0.529243
-39.4905 102.483 -30.4218 -0.209067 -0.833966 0.510431
-40.0125 103.152 -29.5064 -0.220114 -0.836376 0.501808
-40.5707 103.81 -28.6159 -0.231301 -0.849218 0.474688
-41.2514 104.412 -27.8494 -0.248787 -0.85526 0.453723
-41.8361 104.958 -27.1943 -0.273469 -0.86634 0.414968
-42.6242 105.408 -26.6984 -0.273963 -0.88761 0.370261
-43.6175 105.799 -26.4157 -0.243227 -0.916393 0.317906
-44.5919 106.04 -26.4517 -0.243082 -0.920583 0.305289
-45.7664 106.076 -27.1997 -0.279093 -0.870085 0.405301
-46.4944 105.998 -27.9356 -0.293954 -0.854208 0.427214
-47.4226 105.842 -28.8343 -0.312745 -0.838517 0.446184
-47.9409 105.664 -29.5525 -0.330334 -0.839507 0.431149
-47.8904 105.2 -30.3609 -0.324161 -0.820038 0.471655
-46.9134 104.615 -30.7046 -0.326916 -0.821494 0.467198
-46.1178 104.056 -31.168 -0.2952 -0.838235 0.458497
-45.757 103.811 -31.3803 -0.290252 -0.829881 0.476467
-46.5473 103.642 -32.1601 -0.294913 -0.827341 0.478051
-45.7557 103.116 -32.5976 -0.285589 -0.832427 0.474873
-45.1165 102.636 -33.0225 -0.316141 -0.809485 0.494762
-44.4143 101.913 -33.6445 -0.314535 -0.718802 0.619826
-44.0132 101.279 -34.1979 -0.287861 -0.75336 0.590261
-43.6647 100.583 -34.9792 -0.269026 -0.772727 0.574864
-43.2003 99.7662 -35.9171 -0.230663 -0.80115 0.552226
-42.903 99.1305 -36.7304 -0.220609 -0.814204 0.537032
-42.6278 98.4383 -37.658 -0.200671 -0.813993 0.544938
-42.3033 97.8265 -38.475 -0.190209 -0.820589 0.538937
-42.1561 97.2756 -39.3539 -0.209263 -0.85252 0.478977
-41.7544 96.5805 -40.411 -0.214823 -0.850079 0.48085
-41.1679 95.9371 -41.3112 -0.218854 -0.864117 0.453216
-40.0749 95.8686 -40.9095 -0.220318 -0.848552 0.480436
-39.532 96.3354 -39.8923 -0.217786 -0.841159 0.494935
-39.2868 96.764 -39.0438 -0.211196 -0.84305 0.494584
-38.9928 97.2695 -38.1378 -0.209041 -0.817323 0.536922
-38.7169 97.9305 -37.0295 -0.20027 -0.820182 0.535904
-38.2928 98.5526 -35.9506 -0.162742 -0.81377 0.557911
-38.1414 99.1785 -34.9849 -0.160117 -0.8167 0.554404
-38.066 99.6922 -34.2214 -0.151834 -0.815597 0.558322
-38.0199 100.202 -33.4566 -0.153295 -0.820992 0.54994
-37.9775 100.697 -32.7092 -0.159158 -0.817252 0.553867
-38.0151 101.317 -31.7936 -0.155281 -0.825021 0.543349
-38.1457 101.984 -30.7872 -0.151512 -0.837728 0.524648
-38.3385 102.473 -30.0601 -0.150761 -0.840462 0.520475
-38.8477 103.112 -29.1768 -0.160078 -0.838185 0.521276
-39.4465 103.806 -28.176 -0.142475 -0.861804 0.486821
-40.1917 104.414 -27.3098 -0.232663 -0.868702 0.437292
-40.8923 104.969 -26.5178 -0.229919 -0.888124 0.397902
-41.7859 105.564 -25.7243 -0.23199 -0.906843 0.347678
-42.6549 105.884 -25.3893 -0.224121 -0.926826 0.301271
-43.5587 106.228 -25.1184 -0.251326 -0.923059 0.29045
-44.57 106.441 -25.2321 -0.223514 -0.931909 0.285635
-45.4457 106.578 -25.6018 -0.312148 -0.897281 0.311768
-46.1783 106.619 -26.1806 -0.308674 -0.893298 0.326709
-47.1451 106.557 -27.1813 -0.295446 -0.876158 0.380865
-48.0153 106.457 -28.0739 -0.300777 -0.848302 0.435795
-48.6874 106.302 -28.9099 -0.348363 -0.834048 0.427793
-49.3478 106.026 -29.9662 -0.333058 -0.825713 0.454784
-49.6673 105.609 -30.9084 -0.332622 -0.814695 0.475
-48.85 105.006 -31.357 -0.329454 -0.813792 0.4787
-48.031 104.555 -31.5726 -0.322536 -0.819371 0.473914
-47.199 104.115 -31.7669 -0.320683 -0.816505 0.479984
-46.6627 103.726 -32.0859 -0.305495 -0.824775 0.475704
-46.6202 103.697 -32.1101 -0.294907 -0.827343 0.478052
