3.09301 108.761 -17.4743 -0.473405 -0.857826 0.184999
2.71274 109.045 -17.3195 -0.540417 -0.822331 0.178105
2.14048 109.343 -17.6495 -0.522427 -0.837371 0.150911
2.45634 109.235 -17.0295 -0.482836 -0.868533 0.111896
2.74256 109.058 -17.1663 -0.511627 -0.845432 0.145
3.02854 108.979 -16.5124 -0.473129 -0.874908 0.100377
3.74031 108.56 -17.0214 -0.446345 -0.888824 0.103773
4.33123 108.119 -17.7323 -0.458981 -0.843647 0.278334
4.64847 107.67 -18.5395 -0.414449 -0.857634 0.298602
3.92669 108.041 -18.6343 -0.458984 -0.843648 0.278326
3.0476 108.546 -18.5626 -0.505852 -0.835166 0.21501
2.16912 109.14 -18.3963 -0.519458 -0.829262 0.206124
1.30628 109.799 -17.9734 -0.539357 -0.822011 0.181883
0.581343 110.314 -17.7088 -0.571704 -0.801435 0.167292
-0.405274 111.058 -17.3294 -0.572381 -0.815399 0.0865196
-1.30857 111.726 -16.802 -0.545476 -0.835921 0.0539609
-2.00564 112.186 -16.2562 -0.520023 -0.853143 0.0398044
-2.73057 112.641 -15.4529 -0.502973 -0.863794 0.0296372
-3.61806 113.142 -14.6423 -0.436071 -0.899518 0.0223572
-4.33357 113.51 -13.9821 -0.466098 -0.884431 0.0221199
-4.80152 113.796 -13.2696 -0.452147 -0.889536 0.0654839
-5.41115 114.105 -12.468 -0.417662 -0.908597 -0.00328123
-6.01726 114.375 -11.5225 -0.414353 -0.907662 -0.0667936
-6.57593 114.694 -10.592 -0.558823 -0.825554 0.0785981
-7.10303 114.9 -9.22803 -0.22911 -0.968946 -0.0930214
-6.77577 114.762 -8.61857 -0.232021 -0.968154 -0.0940426
-5.83797 114.465 -9.31058 -0.437648 -0.898126 0.0428336
-5.34363 114.189 -10.0483 -0.432497 -0.893593 0.103494
-4.70208 113.818 -11.0999 -0.40881 -0.910208 0.0663036
-4.14737 113.538 -11.7835 -0.404131 -0.914298 0.0271648
-3.45843 113.161 -12.6764 -0.464038 -0.885338 0.02907
-2.74143 112.746 -13.3832 -0.503631 -0.862342 0.0515067
-2.00798 112.282 -14.0017 -0.510018 -0.858961 0.045282
-1.19937 111.767 -14.568 -0.512491 -0.857678 0.0413586
-0.039363 111.022 -15.0612 -0.517905 -0.852546 0.0702768
0.809569 110.497 -15.44 -0.536332 -0.839981 0.0720241
1.84454 109.73 -15.9213 -0.557102 -0.823599 0.103479
2.56353 109.268 -16.2889 -0.493826 -0.864727 0.0915538
2.91895 109.141 -15.6554 -0.452429 -0.88509 0.109198
3.81178 108.647 -16.1783 -0.353866 -0.913282 0.200514
4.60409 108.2 -16.8796 -0.358849 -0.916045 0.179134
5.13034 107.837 -17.5237 -0.361053 -0.877587 0.315409
5.66731 107.346 -18.3723 -0.310895 -0.910178 0.273715
5.79122 107.054 -19.2233 -0.263065 -0.919913 0.290193
4.76555 107.257 -19.5931 -0.294386 -0.903108 0.312621
3.83055 107.788 -19.5629 -0.46916 -0.838808 0.276208
2.87922 108.428 -19.4177 -0.505847 -0.835168 0.215017
1.97611 109.078 -19.1209 -0.526794 -0.823351 0.21101
1.12205 109.736 -18.7736 -0.550929 -0.81239 0.191049
-0.00592983 110.663 -18.2787 -0.615626 -0.771232 0.161884
-0.775943 111.25 -17.9541 -0.568912 -0.817882 0.0860711
-1.55219 111.849 -17.4654 -0.562704 -0.824412 0.0496238
-2.65784 112.551 -16.5681 -0.49306 -0.869122 0.0389482
-3.51391 113.075 -15.5914 -0.462002 -0.88618 0.02908
-4.38548 113.519 -15.0225 -0.454889 -0.890374 0.0140629
-4.934 113.818 -14.3646 -0.464174 -0.885603 0.0157848
-5.50725 114.144 -13.5988 -0.449577 -0.892613 0.0262536
-6.11253 114.451 -12.7814 -0.444385 -0.895828 -0.00387653
-6.68676 114.702 -11.8048 -0.461424 -0.884347 -0.0371783
-7.24761 115.032 -10.9367 -0.236364 -0.971384 -0.0233293
-7.62171 115.102 -10.0578 -0.232744 -0.970163 -0.0581732
-7.97814 115.065 -8.93295 -0.201919 -0.974321 -0.0996384
-8.17554 114.987 -7.9822 -0.198186 -0.967712 -0.154868
-8.43129 114.88 -7.10202 -0.101832 -0.951451 -0.290468
-9.01748 114.651 -6.14453 -0.0805044 -0.967013 -0.233326
-7.95507 114.542 -5.89491 -0.0591665 -0.982578 -0.176179
-7.03881 114.598 -6.79313 -0.117105 -0.983463 -0.137147
-6.43168 114.615 -7.54307 -0.247665 -0.968516 -0.0252704
-5.843 114.509 -8.2282 -0.310328 -0.94536 -0.0377385
-4.95712 114.074 -9.55869 -0.358573 -0.928593 0.0956076
-4.44243 113.749 -10.2843 -0.415396 -0.904868 0.0846997
-3.86632 113.438 -11.028 -0.440315 -0.895757 0.0580979
-3.04501 112.972 -11.833 -0.462933 -0.885993 0.026464
-2.30112 112.529 -12.7931 -0.490484 -0.87071 0.035921
-1.41764 111.943 -13.4916 -0.530753 -0.845878 0.0479078
-0.564446 111.401 -14.0421 -0.520135 -0.853674 0.0263837
0.406668 110.803 -14.4536 -0.511999 -0.857887 0.04157
1.60675 110.017 -15.05 -0.542763 -0.833578 0.0993405
2.33229 109.513 -15.2291 -0.519774 -0.846667 0.108224
2.72873 109.259 -15.4862 -0.473129 -0.874908 0.10037
2.04559 109.496 -16.8199 -0.525775 -0.845208 0.0958334
1.10573 110.143 -16.7482 -0.573172 -0.812018 0.110004
0.636071 110.55 -16.1099 -0.536333 -0.839981 0.0720137
-0.0989239 111.003 -15.7934 -0.501991 -0.862428 0.0648685
-0.922029 111.551 -15.4992 -0.548333 -0.835003 0.0458273
-1.44948 111.883 -15.3558 -0.511604 -0.858468 0.0359649
-2.19583 112.35 -14.8191 -0.512498 -0.857674 0.0413568
-1.89947 112.148 -15.4756 -0.517762 -0.855054 0.0283727
-1.2317 111.725 -16.0261 -0.520023 -0.853143 0.0398042
-0.536869 111.22 -16.4967 -0.554585 -0.829031 0.0717096
0.185746 110.765 -16.7275 -0.523836 -0.842693 0.111848
1.02901 110.128 -17.199 -0.529049 -0.833592 0.158845
1.8185 109.589 -17.2465 -0.52577 -0.845211 0.0958318
-3.22875 112.98 -14.0311 -0.426553 -0.903883 0.0323798
-3.95908 113.37 -13.2853 -0.439627 -0.895906 0.0638816
-3.63084 113.184 -13.6247 -0.433089 -0.899895 0.0481323
-3.59878 113.168 -13.6538 -0.42655 -0.903884 0.032383
