-0.0634596 111.799 -15.9465 -0.544556 -0.834887 0.0729212
0.628787 111.35 -16.2983 -0.513259 -0.854895 0.0756365
1.3054 110.873 -16.6961 -0.53672 -0.830004 0.14152
2.24072 110.253 -17.1786 -0.501557 -0.847942 0.169928
2.86148 109.796 -17.6351 -0.469935 -0.862866 0.186072
3.60092 109.274 -18.204 -0.468895 -0.864024 0.183302
2.87744 109.619 -18.4285 -0.46899 -0.86411 0.182655
2.10713 110.143 -18.0309 -0.51379 -0.838138 0.183072
1.37136 110.69 -17.515 -0.536724 -0.830002 0.14152
0.392962 111.413 -17.1144 -0.513593 -0.854021 0.0828808
0.146692 111.579 -16.9305 -0.557915 -0.82569 0.0609952
-0.561005 112.106 -16.4525 -0.571984 -0.818817 0.0413081
-1.10795 112.478 -16.0427 -0.502212 -0.863902 0.0329518
-1.74569 112.877 -15.1957 -0.475625 -0.878583 0.0409604
-2.51625 113.287 -15.0468 -0.464145 -0.884681 0.0434661
-3.29295 113.707 -13.9579 -0.405207 -0.913223 0.0427882
-3.75559 113.987 -13.0586 -0.467323 -0.880722 0.0770519
-3.14463 113.655 -13.6645 -0.408851 -0.911221 0.0495334
-2.22041 113.159 -14.5391 -0.464836 -0.884104 0.0478338
-1.12344 112.506 -15.3621 -0.516633 -0.855896 0.023074
-0.217317 111.919 -15.8023 -0.572211 -0.817358 0.0670918
-0.259459 111.923 -16.1096 -0.572206 -0.817361 0.067088
0.262454 111.664 -15.269 -0.516914 -0.852406 0.0787679
-0.511031 112.16 -14.8367 -0.511634 -0.857515 0.0538456
-1.50019 112.789 -14.1014 -0.508867 -0.859692 0.0445389
-2.42016 113.324 -13.3676 -0.473431 -0.879718 0.0441145
-3.19999 113.738 -12.5863 -0.445713 -0.892727 0.0571268
-3.80713 114.089 -11.9976 -0.413608 -0.909861 0.0329019
-4.51633 114.435 -11.2524 -0.410912 -0.910336 0.0465561
-5.22679 114.763 -10.4223 -0.349023 -0.937085 0.00742379
-5.66384 114.999 -9.23709 -0.34085 -0.93825 0.0592309
-6.38517 115.221 -8.2758 -0.2389 -0.965474 -0.099058
-7.02102 115.386 -8.57821 -0.214179 -0.972782 -0.088265
-6.61176 115.412 -9.77764 -0.335006 -0.930967 -0.0308196
-6.10595 115.143 -10.8769 -0.450599 -0.892295 -0.0243297
-5.53723 114.878 -11.9535 -0.440647 -0.897261 0.0182445
-5.02667 114.629 -12.791 -0.425155 -0.904993 0.0146705
-4.35469 114.259 -13.6432 -0.478873 -0.87496 0.071594
-3.53599 113.791 -14.7208 -0.438778 -0.898593 -0.00230852
-2.87846 113.464 -15.4785 -0.462512 -0.886134 0.0233308
-2.06044 112.997 -16.2081 -0.470612 -0.881676 0.0326539
-1.35312 112.579 -16.6754 -0.486404 -0.871355 0.0644312
-0.571375 112.097 -17.2753 -0.529319 -0.845676 0.0400673
0.349577 111.354 -17.9496 -0.564119 -0.806833 0.17496
1.02117 110.81 -18.2044 -0.577447 -0.796309 0.180131
1.9596 110.078 -18.7635 -0.506683 -0.84497 0.170684
2.89715 109.45 -19.1771 -0.483583 -0.857806 0.173128
3.88064 108.84 -19.5076 -0.433052 -0.879741 0.191435
4.71072 108.324 -19.6307 -0.495519 -0.836346 0.234489
4.88312 108.489 -18.7418 -0.502107 -0.824031 0.262414
4.35836 108.953 -18.0296 -0.394412 -0.898039 0.194849
3.58006 109.47 -17.337 -0.437793 -0.876272 0.19793
2.7487 110.038 -16.7757 -0.454179 -0.880884 0.123249
1.92064 110.566 -16.2936 -0.521423 -0.8498 0.0771875
0.998447 111.173 -15.7856 -0.513259 -0.854894 0.0756402
0.599932 111.441 -15.4624 -0.516914 -0.852406 0.0787678
0.811048 111.381 -14.726 -0.513194 -0.855576 0.0667249
1.49373 110.924 -15.2116 -0.520192 -0.850753 0.0749635
2.56849 110.208 -15.8603 -0.476084 -0.874272 0.0795665
3.32543 109.801 -16.3458 -0.45417 -0.880889 0.123249
4.38678 109.153 -17.1034 -0.405241 -0.900918 0.155328
4.96698 108.779 -17.6037 -0.389515 -0.900587 0.192841
5.50902 108.25 -18.5876 -0.293833 -0.918749 0.263748
5.97413 107.804 -19.5899 -0.294703 -0.914588 0.276909
5.34231 107.824 -20.3297 -0.370744 -0.900187 0.228498
4.44292 108.284 -20.3381 -0.497021 -0.835893 0.232914
3.66379 108.811 -20.1138 -0.479409 -0.848715 0.221853
2.66539 109.425 -19.7719 -0.454263 -0.864393 0.21557
1.45852 110.292 -19.2622 -0.544119 -0.819053 0.18187
0.76379 110.83 -18.9423 -0.574597 -0.797995 0.181736
-0.179548 111.578 -18.6211 -0.564114 -0.806838 0.174954
-0.878461 112.195 -17.9261 -0.551355 -0.81726 0.167614
-1.60739 112.67 -17.353 -0.486399 -0.871358 0.0644329
-2.5093 113.224 -16.7355 -0.484166 -0.873781 0.0457257
-3.21573 113.617 -16.1499 -0.447257 -0.894172 0.0204449
-4.11116 114.073 -15.0971 -0.452046 -0.89186 0.00168798
-4.65757 114.365 -14.3764 -0.472096 -0.880042 0.0386382
-5.38705 114.78 -13.5474 -0.42952 -0.902485 0.0321369
-5.82884 115.004 -12.8189 -0.440651 -0.897259 0.0182533
-6.33926 115.294 -11.8873 -0.449188 -0.892926 -0.00315415
-6.74346 115.478 -11.0479 -0.460691 -0.887397 -0.0170396
-7.24496 115.563 -9.88947 -0.200182 -0.976629 -0.0736427
-7.58193 115.553 -9.01422 -0.216009 -0.971827 -0.0942986
-7.83747 115.412 -7.71221 -0.152393 -0.975622 -0.148238
-7.61961 115.271 -6.80678 -0.114184 -0.982938 -0.144205
-6.71669 115.177 -6.88138 -0.181838 -0.974887 -0.0994114
-6.13889 115.067 -7.56372 -0.264234 -0.957524 -0.115447
-5.53496 114.967 -8.28362 -0.357273 -0.933809 -0.0188958
-4.79512 114.675 -9.37267 -0.350688 -0.933683 0.0707439
-4.43566 114.47 -10.1972 -0.381893 -0.922436 0.034912
-3.51509 113.981 -11.2443 -0.414482 -0.908766 0.0442386
-2.82775 113.604 -12.0158 -0.455212 -0.885982 0.0884158
-2.0429 113.154 -12.7669 -0.473106 -0.87971 0.0477668
-1.20494 112.645 -13.4814 -0.510592 -0.858825 0.041424
-0.572556 112.245 -13.9846 -0.516084 -0.855716 0.0366749
0.23294 111.739 -14.5034 -0.509477 -0.858745 0.0546885
0.469205 111.592 -14.6108 -0.509475 -0.858746 0.0546819
