-42.2693 103.557 -31.0739 -0.246014 -0.823285 0.511516
-42.2021 103.012 -31.9035 -0.245625 -0.818467 0.519404
-42.8701 103.678 -31.198 -0.279492 -0.82396 0.492668
-43.683 104.185 -30.7941 -0.280743 -0.831769 0.478898
-44.3975 104.691 -30.3296 -0.278678 -0.831892 0.479889
-44.2674 105.082 -29.5768 -0.273777 -0.830861 0.484428
-43.3135 104.673 -29.7468 -0.268882 -0.82983 0.488962
-42.7311 104.174 -30.2999 -0.24883 -0.824033 0.508973
-42.3332 103.652 -30.951 -0.246296 -0.825195 0.508314
-41.2925 103.599 -30.5366 -0.246014 -0.823285 0.511516
-40.8821 103.016 -31.312 -0.212426 -0.831574 0.513079
-40.5819 102.466 -32.0587 -0.212784 -0.826806 0.520679
-40.3924 101.939 -32.7775 -0.208492 -0.809527 0.548814
-40.2713 101.332 -33.615 -0.213876 -0.794114 0.568017
-40.1758 100.639 -34.5845 -0.192125 -0.816811 0.543695
-40.2134 100.166 -35.3318 -0.203628 -0.821311 0.532902
-40.6812 100.22 -35.4268 -0.203155 -0.821992 0.532031
-41.2314 100.819 -34.7457 -0.238997 -0.809278 0.53661
-41.6275 101.548 -33.9001 -0.258674 -0.783449 0.565033
-42.2738 102.202 -33.2177 -0.25286 -0.817786 0.516999
-42.8393 102.709 -32.7263 -0.28062 -0.802339 0.526787
-43.5534 103.309 -32.1691 -0.291314 -0.816903 0.497549
-44.3653 103.947 -31.6072 -0.291133 -0.825059 0.484013
-45.3467 104.617 -31.0111 -0.277978 -0.83287 0.478598
-46.0898 105.127 -30.6047 -0.300741 -0.820289 0.486498
-46.1763 105.557 -29.8951 -0.306712 -0.832881 0.460691
-45.457 105.705 -29.1793 -0.289969 -0.847355 0.444869
-44.4483 105.717 -28.5479 -0.240879 -0.84868 0.47087
-43.52 105.437 -28.5595 -0.26594 -0.854196 0.445058
-42.5167 104.863 -28.9926 -0.254943 -0.846394 0.46757
-41.7741 104.249 -29.6982 -0.238477 -0.851093 0.467402
-41.4466 103.823 -30.2468 -0.243764 -0.826351 0.507665
-40.4962 103.928 -29.621 -0.224206 -0.835886 0.501025
-40.9989 104.501 -28.8662 -0.221799 -0.856246 0.466527
-41.8875 105.155 -28.1211 -0.253698 -0.846615 0.467846
-42.9706 105.749 -27.5954 -0.242414 -0.872628 0.423975
-43.9768 106.121 -27.3973 -0.250459 -0.876493 0.410811
-44.8806 106.311 -27.5733 -0.2817 -0.870911 0.402173
-45.8099 106.337 -28.1899 -0.283308 -0.853126 0.438078
-46.6605 106.212 -29.0216 -0.322945 -0.842098 0.43194
-47.6571 106.118 -29.9188 -0.328259 -0.823551 0.462583
-48.182 105.886 -30.715 -0.331768 -0.820422 0.465589
-47.4165 105.25 -31.2749 -0.331548 -0.816235 0.473112
-46.5141 104.717 -31.5838 -0.314483 -0.817498 0.482491
-45.7408 104.202 -31.9717 -0.284949 -0.833739 0.472952
-44.8514 103.584 -32.5186 -0.299848 -0.821935 0.484014
-44.22 103.073 -32.9708 -0.302367 -0.815515 0.493466
-43.6135 102.524 -33.4744 -0.342469 -0.787956 0.511704
-43.0684 101.947 -34.0092 -0.266738 -0.810062 0.521895
-42.6189 101.381 -34.5916 -0.237777 -0.772994 0.588169
-42.227 100.731 -35.302 -0.227734 -0.796506 0.560038
-42 100.173 -36.0224 -0.216101 -0.816621 0.535192
-41.7094 99.6382 -36.7337 -0.232512 -0.818605 0.525062
-41.316 98.7578 -37.9219 -0.237845 -0.824451 0.513477
-41.1324 98.2566 -38.6509 -0.235263 -0.831299 0.503579
-40.7936 97.764 -39.3167 -0.217911 -0.844405 0.489382
-40.0703 97.561 -39.3503 -0.207448 -0.844874 0.493106
-39.7787 98.1287 -38.3031 -0.197783 -0.828714 0.52356
-39.5504 98.7305 -37.2832 -0.198569 -0.819679 0.537228
-39.449 99.2405 -36.4623 -0.207772 -0.819831 0.533579
-39.1112 99.8936 -35.3246 -0.208435 -0.820163 0.532811
-39.0212 100.416 -34.5296 -0.185622 -0.809814 0.556548
-39.0534 100.965 -33.7413 -0.187887 -0.81086 0.55425
-39.2142 101.531 -32.9464 -0.196471 -0.817728 0.541036
-39.3981 102.098 -32.165 -0.209444 -0.818686 0.53441
-39.7535 102.933 -30.9809 -0.209487 -0.837025 0.505156
-40.2346 103.561 -30.1175 -0.221739 -0.841337 0.492935
-40.2475 103.578 -30.0945 -0.224206 -0.835886 0.501025
-39.2607 103.688 -29.5146 -0.180167 -0.830916 0.526333
-38.8305 103.136 -30.2618 -0.171581 -0.8378 0.518316
-38.3548 102.358 -31.3693 -0.167557 -0.840254 0.515653
-38.2176 101.834 -32.1671 -0.168961 -0.821875 0.543837
-37.9148 101.069 -33.1973 -0.162804 -0.816116 0.554461
-37.909 100.398 -34.1903 -0.158725 -0.818756 0.551765
-37.998 99.7607 -35.1572 -0.155984 -0.81751 0.554388
-38.2323 99.1324 -36.1654 -0.164517 -0.825445 0.539977
-38.4853 98.3087 -37.5325 -0.196722 -0.827345 0.526118
-38.5802 97.8159 -38.343 -0.198116 -0.82793 0.524669
-38.9647 97.2661 -39.3819 -0.205023 -0.840516 0.501421
-39.2131 96.8773 -40.1487 -0.214586 -0.844556 0.490589
-39.5457 96.4132 -41.1116 -0.225245 -0.859785 0.458286
-40.5944 96.1934 -42.0308 -0.222955 -0.860723 0.457648
-41.3617 96.6379 -41.5788 -0.232183 -0.862158 0.450294
-41.6008 97.1514 -40.7536 -0.214625 -0.849791 0.481446
-41.8523 97.6353 -40.0114 -0.212492 -0.851491 0.479382
-42.2702 98.4145 -38.8648 -0.1845 -0.838238 0.513143
-42.5364 99.1358 -37.8649 -0.202553 -0.818286 0.53794
-42.8242 99.679 -37.1472 -0.214758 -0.825643 0.521721
-43.1161 100.428 -36.1089 -0.253044 -0.801142 0.542187
-43.4249 100.984 -35.4514 -0.258433 -0.78847 0.558056
-43.9707 101.648 -34.8468 -0.28051 -0.760923 0.585073
-44.3363 102.221 -34.2748 -0.311218 -0.744934 0.588972
-45.0969 103.038 -33.5891 -0.312348 -0.814462 0.488969
-45.8447 103.607 -33.0772 -0.292961 -0.833591 0.468294
-46.5474 104.057 -32.7288 -0.324855 -0.816119 0.477925
-47.4645 104.62 -32.3877 -0.325057 -0.817289 0.47579
-48.5831 105.245 -32.0956 -0.329215 -0.813442 0.479509
-49.4753 105.824 -31.7242 -0.33465 -0.812392 0.477486
-49.5515 106.328 -30.9312 -0.33734 -0.808258 0.482619
-49.1154 106.649 -30.0641 -0.34649 -0.826227 0.443846
-48.5373 106.797 -29.3153 -0.342664 -0.835359 0.429834
-47.6776 106.812 -28.6266 -0.335101 -0.839854 0.426883
-46.8088 106.885 -27.8076 -0.312459 -0.851592 0.420905
-46.1035 106.929 -27.0972 -0.276957 -0.886186 0.371442
-45.1213 106.841 -26.5739 -0.285576 -0.892804 0.347345
-44.2497 106.646 -26.3587 -0.262324 -0.910737 0.318772
-43.2817 106.381 -26.343 -0.255941 -0.915408 0.31068
-42.232 105.947 -26.7506 -0.254049 -0.889066 0.380817
-41.4851 105.581 -27.1095 -0.273586 -0.876988 0.394004
-40.7224 105.072 -27.6371 -0.250558 -0.871223 0.419488
-39.9756 104.497 -28.4193 -0.187885 -0.863075 0.46883
-39.4961 104.06 -29.0183 -0.187501 -0.826561 0.530698
-39.327 103.785 -29.3863 -0.187497 -0.82656 0.530701
