2.37833 110.75 -18.5805 -0.525719 -0.831681 0.17683
3.19064 110.185 -19.0813 -0.449176 -0.873837 0.186146
3.23069 110.319 -18.3696 -0.443875 -0.877925 0.17908
2.6143 110.752 -17.8278 -0.498375 -0.849074 0.175205
1.84108 111.208 -17.9029 -0.542497 -0.824672 0.158055
1.3147 111.683 -17.2509 -0.554988 -0.823723 0.116053
0.663127 112.178 -16.853 -0.549196 -0.827583 0.115936
-0.0678519 112.643 -16.387 -0.493544 -0.869719 0.00184567
0.092065 112.513 -17.1298 -0.543406 -0.831445 0.1158
0.952191 111.859 -17.7351 -0.558708 -0.817102 0.139873
1.69718 111.261 -18.1337 -0.562436 -0.810475 0.163696
2.24307 110.879 -18.3367 -0.522562 -0.838867 0.152416
2.03823 110.836 -19.1239 -0.528868 -0.8245 0.201242
1.05546 111.618 -18.5126 -0.523175 -0.824122 0.217052
0.313281 112.215 -18.0412 -0.518446 -0.831426 0.198591
-0.514491 112.847 -17.4353 -0.500854 -0.846874 0.178399
-1.21105 113.25 -16.8909 -0.448916 -0.893211 0.0254636
-2.00534 113.681 -16.1723 -0.456215 -0.888583 0.0457029
-2.68349 114.042 -15.5941 -0.4398 -0.897253 0.0295506
-3.34609 114.398 -14.944 -0.44522 -0.89514 0.00246958
-4.13788 114.776 -13.9277 -0.414104 -0.907766 0.0644348
-4.82373 115.197 -12.7901 -0.427818 -0.901552 0.0634785
-5.23385 115.406 -12.0132 -0.396513 -0.917333 0.0357349
-5.60843 115.599 -11.0927 -0.381082 -0.924008 -0.0148854
-6.02382 115.732 -10.2683 -0.359344 -0.932737 -0.0295733
-6.35482 115.829 -9.28793 -0.232673 -0.966422 -0.109054
-5.76643 115.636 -9.3934 -0.352323 -0.935757 0.0150941
-5.24741 115.429 -10.1158 -0.355839 -0.934244 -0.00724084
-4.71493 115.205 -10.8176 -0.402834 -0.915273 -0.000201815
-3.83438 114.765 -12.1398 -0.407498 -0.910567 0.0693735
-3.29847 114.472 -12.8256 -0.415421 -0.907008 0.0685358
-2.46138 114.046 -13.5999 -0.416771 -0.907479 0.0526579
-1.60271 113.582 -14.4207 -0.476057 -0.878399 0.0406286
-0.845622 113.135 -14.9215 -0.485448 -0.873258 0.0415203
0.15892 112.541 -15.7317 -0.487521 -0.872345 0.0365711
1.10223 111.961 -16.2909 -0.544481 -0.83426 0.0760947
1.82998 111.411 -16.7135 -0.555482 -0.823518 0.11514
2.61025 110.898 -17.1329 -0.494064 -0.854726 0.15812
3.37634 110.39 -17.6115 -0.442725 -0.880947 0.167116
4.0892 109.922 -18.1868 -0.443875 -0.877924 0.17908
4.76937 109.417 -19.1581 -0.395515 -0.900128 0.182585
4.57043 109.327 -19.9266 -0.404807 -0.888806 0.214837
3.64148 109.793 -19.8259 -0.442203 -0.877764 0.183559
2.4977 110.468 -19.4257 -0.489023 -0.849169 0.193688
2.25151 110.663 -19.2736 -0.528871 -0.824499 0.201239
1.83347 110.8 -19.7914 -0.522885 -0.826791 0.207383
0.942312 111.503 -19.2231 -0.519365 -0.829283 0.206277
0.240353 112.048 -18.8503 -0.526712 -0.821831 0.217184
-0.682912 112.786 -18.1967 -0.500854 -0.846874 0.178399
-1.45802 113.354 -17.6115 -0.470226 -0.872966 0.101134
-2.12048 113.71 -17.0177 -0.456197 -0.889318 0.031608
-3.15598 114.278 -16.0199 -0.459278 -0.888032 0.0211869
-3.81136 114.628 -15.5115 -0.445221 -0.89514 0.00246954
-4.66272 115.034 -14.1848 -0.467601 -0.883239 0.0147531
-5.1926 115.353 -13.2817 -0.430407 -0.901953 0.0350878
-5.77216 115.657 -12.1855 -0.428234 -0.90353 0.0157537
-6.16444 115.829 -11.2714 -0.377338 -0.925571 -0.018021
-6.67877 115.988 -10.2152 -0.315017 -0.945945 -0.0442086
-7.07859 115.989 -9.16355 -0.232673 -0.966422 -0.109054
-7.32088 115.96 -8.26849 -0.215443 -0.973228 -0.0765016
-6.50449 115.746 -7.43629 -0.191635 -0.980028 -0.0169069
-5.63612 115.566 -8.2231 -0.227193 -0.972149 -0.0575221
-5.05581 115.4 -8.92832 -0.319657 -0.947157 0.00959901
-4.46098 115.142 -9.98995 -0.350661 -0.934938 0.0514888
-3.50902 114.683 -11.2848 -0.406515 -0.911947 0.0556602
-3.03416 114.416 -12.0198 -0.413632 -0.907557 0.0720748
-2.37026 114.061 -12.6936 -0.411073 -0.909472 0.0622905
-1.6616 113.651 -13.4301 -0.467921 -0.883119 0.0339245
-0.676813 113.082 -14.1765 -0.4842 -0.873676 0.0473429
-0.0728481 112.709 -14.7753 -0.490032 -0.870896 0.036633
0.725924 112.251 -15.0878 -0.510396 -0.858728 0.0369043
1.41201 111.795 -15.6138 -0.509286 -0.857951 0.0579517
2.08614 111.375 -16.0531 -0.488638 -0.864165 0.115589
2.86619 110.855 -16.5208 -0.485532 -0.861536 0.148371
3.6372 110.387 -17.0209 -0.423071 -0.890255 0.165974
4.43896 109.872 -17.6412 -0.418399 -0.886955 0.195585
5.0503 109.478 -18.2829 -0.387701 -0.901641 0.19149
5.57081 109.109 -18.9428 -0.390794 -0.900408 0.19093
6.12022 108.699 -19.9607 -0.343162 -0.910177 0.22824
5.39002 108.715 -20.8684 -0.351134 -0.897463 0.266956
4.54455 109.162 -20.8224 -0.47392 -0.851112 0.225849
3.75972 109.58 -20.6332 -0.434723 -0.884439 0.169658
2.93254 110.045 -20.3284 -0.442204 -0.877763 0.183558
2.06532 110.619 -19.928 -0.523104 -0.83036 0.191294
-0.309408 112.78 -16.264 -0.490628 -0.870982 0.0191175
-1.17461 113.297 -15.4535 -0.486688 -0.872846 0.0357087
-1.39124 113.408 -15.5499 -0.456241 -0.887846 0.0597881
-0.811243 113.065 -16.3428 -0.47123 -0.881465 0.0136547
-2.26108 113.87 -15.0709 -0.419663 -0.906727 0.0415775
-2.3369 113.923 -14.6782 -0.419475 -0.906472 0.0480282
-3.22627 114.376 -13.9326 -0.407836 -0.91154 0.0520921
-3.52627 114.525 -13.634 -0.401406 -0.914345 0.0533492
-3.29163 114.41 -13.8393 -0.401405 -0.914346 0.0533535
