-41.6031 102.878 -32.9926 -0.257352 -0.815697 0.518081
-41.6759 102.954 -32.91 -0.257778 -0.815921 0.517516
-42.2631 103.462 -32.3998 -0.270888 -0.812923 0.515343
-42.0881 103.873 -31.6647 -0.257385 -0.816333 0.517063
-42.7612 104.567 -30.897 -0.256409 -0.837037 0.483346
-43.8401 105.191 -30.4179 -0.27836 -0.830083 0.483195
-44.6851 105.472 -30.4209 -0.276316 -0.831071 0.482671
-44.087 104.747 -31.3255 -0.278148 -0.830879 0.481948
-43.3788 104.284 -31.7134 -0.267277 -0.833958 0.482647
-42.5234 103.808 -31.9989 -0.284394 -0.809509 0.513629
-43.5106 103.669 -32.8009 -0.296164 -0.814213 0.499337
-44.2556 104.217 -32.3445 -0.287247 -0.823521 0.488954
-44.9934 104.729 -31.8876 -0.281441 -0.831967 0.478145
-45.7217 105.225 -31.4726 -0.327811 -0.822094 0.465513
-46.6247 105.858 -30.9957 -0.33677 -0.818984 0.464599
-46.0066 106.089 -30.1403 -0.331845 -0.82117 0.464252
-44.8137 106.051 -29.4679 -0.281956 -0.848705 0.447438
-43.485 105.633 -29.4454 -0.261116 -0.863673 0.431146
-42.6649 105.214 -29.7361 -0.261152 -0.83161 0.490064
-41.821 104.585 -30.3817 -0.246524 -0.836588 0.489231
-41.1671 103.802 -31.3105 -0.26506 -0.818502 0.509704
-40.7326 103.096 -32.2487 -0.214621 -0.825811 0.521511
-40.2037 102.239 -33.3614 -0.22406 -0.815642 0.533409
-39.9841 101.402 -34.5461 -0.236018 -0.810715 0.535758
-39.9905 100.858 -35.3784 -0.207706 -0.820292 0.532894
-40.2732 100.177 -36.5327 -0.206624 -0.819402 0.534683
-40.5894 99.6747 -37.4044 -0.220251 -0.809015 0.544466
-40.8738 100.28 -36.6294 -0.231214 -0.817813 0.526994
-41.2265 101.1 -35.5376 -0.230615 -0.808269 0.541774
-41.8544 101.87 -34.6706 -0.238385 -0.799086 0.551937
-42.3455 102.513 -33.9348 -0.257977 -0.814137 0.520215
-42.9737 103.185 -33.2582 -0.311749 -0.795522 0.519574
-43.0681 103.283 -33.1652 -0.305171 -0.804471 0.509381
-44.0063 103.296 -33.7234 -0.324307 -0.797524 0.507803
-44.8664 103.977 -33.1212 -0.298644 -0.820988 0.486612
-45.6613 104.553 -32.6186 -0.310024 -0.829443 0.464661
-46.5512 105.145 -32.1739 -0.326754 -0.814991 0.478539
-47.4056 105.624 -31.9509 -0.330222 -0.814904 0.476314
-48.1553 106.338 -31.2474 -0.334232 -0.814752 0.473781
-47.659 106.556 -30.5043 -0.333373 -0.826007 0.454501
-46.5698 106.727 -29.3997 -0.326822 -0.825053 0.460886
-45.3358 106.669 -28.6169 -0.299316 -0.856552 0.419986
-44.2472 106.437 -28.3495 -0.289302 -0.853778 0.43286
-42.9002 105.941 -28.4959 -0.239743 -0.860503 0.449508
-41.9113 105.387 -29.0019 -0.265481 -0.851776 0.45166
-41.1718 104.88 -29.5141 -0.267107 -0.848094 0.457592
-40.636 104.408 -30.0855 -0.236797 -0.819318 0.522154
-40.0907 103.678 -31.0492 -0.204291 -0.839813 0.502969
-39.7353 103.15 -31.7621 -0.210744 -0.822976 0.52754
-39.3486 102.571 -32.5117 -0.209737 -0.823363 0.527212
-39.0859 101.987 -33.3048 -0.199876 -0.822549 0.532374
-38.9291 101.384 -34.1777 -0.185587 -0.811204 0.554532
-38.935 100.496 -35.5212 -0.208991 -0.82063 0.531873
-39.2375 99.7966 -36.7147 -0.205448 -0.819318 0.535265
-39.45 99.1486 -37.7906 -0.203061 -0.820794 0.533914
-39.5539 98.6261 -38.6503 -0.195505 -0.83581 0.51303
-39.6796 98.1216 -39.5553 -0.215681 -0.840652 0.496776
-39.9313 97.6346 -40.5005 -0.218825 -0.848169 0.482393
-40.4066 97.6294 -40.7253 -0.218825 -0.848169 0.482393
-40.8621 98.2642 -39.8274 -0.218109 -0.843176 0.491367
-41.1836 98.925 -38.8809 -0.239156 -0.831317 0.501714
-41.5171 99.5683 -38 -0.252756 -0.812125 0.525897
-41.78 100.101 -37.3055 -0.235318 -0.815432 0.528839
-41.9726 100.637 -36.5707 -0.238944 -0.813963 0.529497
-42.4445 101.367 -35.6574 -0.234547 -0.811573 0.535038
-42.8697 101.923 -35.0724 -0.308145 -0.783012 0.540314
-43.3075 102.502 -34.479 -0.30089 -0.79113 0.53252
-43.6682 102.916 -34.068 -0.318044 -0.785233 0.530966
-44.546 102.881 -34.6576 -0.313 -0.776742 0.546537
-45.0967 103.455 -34.1496 -0.304297 -0.820963 0.48314
-46.113 104.239 -33.4606 -0.306663 -0.819986 0.483302
-47.1669 104.911 -32.9963 -0.330005 -0.813697 0.478532
-48.0339 105.331 -32.882 -0.33301 -0.812132 0.47911
-49.052 105.898 -32.6288 -0.332675 -0.81296 0.477934
-49.4869 106.501 -31.9251 -0.347749 -0.80615 0.47874
-49.0446 106.96 -30.8106 -0.356063 -0.809029 0.467645
-48.4411 107.136 -30.0246 -0.331708 -0.82771 0.452621
-47.5273 107.278 -29.0606 -0.328185 -0.847694 0.416784
-46.5009 107.311 -28.1803 -0.331297 -0.84722 0.415283
-45.3744 107.211 -27.5428 -0.284041 -0.881065 0.378214
-44.3364 106.961 -27.3514 -0.273418 -0.884613 0.377665
-43.3451 106.652 -27.3047 -0.294647 -0.85501 0.426781
-42.5107 106.335 -27.4658 -0.234281 -0.88198 0.40893
-41.5317 105.789 -28.0295 -0.256257 -0.849639 0.460919
-40.5129 105.146 -28.6918 -0.217641 -0.857657 0.465886
-39.7931 104.552 -29.4434 -0.196165 -0.860581 0.469468
-39.2074 103.869 -30.3729 -0.195109 -0.838914 0.508085
-38.8532 103.363 -31.0767 -0.206621 -0.829455 0.51857
-38.4149 102.647 -32.0358 -0.172461 -0.832658 0.526168
-38.0473 101.839 -33.1596 -0.180358 -0.8249 0.535675
-37.8175 101.322 -33.8872 -0.185399 -0.827448 0.530053
-37.8021 100.759 -34.7161 -0.187823 -0.812341 0.552096
-37.8609 100.212 -35.5354 -0.197345 -0.815874 0.543234
-38.0198 99.7284 -36.345 -0.209566 -0.820633 0.531643
-38.2678 99.1598 -37.318 -0.21434 -0.818764 0.53262
-38.4306 98.5811 -38.288 -0.207844 -0.830122 0.517396
-38.6259 98.0873 -39.1563 -0.212432 -0.834476 0.508274
-38.9242 97.3915 -40.4691 -0.218439 -0.846488 0.485428
-39.1983 96.9607 -41.3634 -0.224 -0.849906 0.476951
-39.6113 96.6551 -42.1437 -0.21986 -0.863919 0.453107
-40.365 96.6165 -42.5831 -0.22866 -0.867536 0.441441
-41.2831 97.1471 -42.0532 -0.242577 -0.856377 0.455823
-41.6997 97.8928 -40.8707 -0.236118 -0.850535 0.469606
-42.0393 98.4917 -39.9981 -0.234646 -0.838874 0.491153
-42.3316 99.1982 -38.975 -0.246896 -0.824417 0.509292
-42.7921 100 -37.9204 -0.240461 -0.813983 0.52878
-42.9832 100.801 -36.7931 -0.253642 -0.802652 0.539793
-43.4292 101.368 -36.1515 -0.266076 -0.810995 0.521047
-43.8786 101.966 -35.5349 -0.278403 -0.767477 0.57747
-44.1475 102.381 -35.1398 -0.317026 -0.760538 0.566053
-44.2939 102.57 -34.9549 -0.313002 -0.776744 0.546533
