-1.96687 114.439 -15.1374 -0.43637 -0.898077 0.0534496
-1.80784 114.391 -14.6487 -0.436366 -0.898078 0.0534573
-1.03441 113.945 -15.5429 -0.447735 -0.892844 0.0475221
-0.276579 113.527 -16.2344 -0.471291 -0.881375 0.0326136
0.409436 113.14 -16.7788 -0.491039 -0.864811 0.0862542
1.31966 112.459 -17.5266 -0.520079 -0.842647 0.139515
2.03066 111.915 -18.0454 -0.484508 -0.856996 0.175526
2.90323 111.316 -18.5087 -0.462177 -0.864627 0.193425
3.66953 110.807 -19.1533 -0.429508 -0.885834 0.17522
3.35394 110.916 -19.3815 -0.428382 -0.88846 0.164703
2.54358 111.43 -18.9112 -0.49372 -0.84605 0.201098
1.65685 112.04 -18.4634 -0.513457 -0.837472 0.183625
0.669324 112.813 -17.8123 -0.515435 -0.845445 0.139714
-0.171429 113.439 -17.0851 -0.491039 -0.864811 0.0862542
-1.01028 113.895 -16.4433 -0.447249 -0.893644 0.0369891
-1.74453 114.299 -15.5684 -0.447727 -0.892848 0.0475178
-2.29034 114.558 -15.8544 -0.442297 -0.895763 0.0444121
-2.89755 114.893 -15.0304 -0.442699 -0.895983 0.0351051
-3.47932 115.194 -14.0418 -0.413548 -0.91011 0.0260157
-4.29699 115.599 -13.1833 -0.418523 -0.906284 0.0556919
-4.73639 115.863 -12.3503 -0.400196 -0.914796 0.0471129
-5.23635 116.083 -11.2282 -0.343655 -0.939056 0.000567195
-5.39421 116.138 -10.3401 -0.338291 -0.941041 0.00119414
-4.97225 115.991 -10.2556 -0.32739 -0.944835 0.0100904
-4.33329 115.745 -10.85 -0.364154 -0.930597 0.0357193
-3.72646 115.469 -11.6047 -0.388454 -0.919054 0.0602116
-3.26271 115.193 -12.3946 -0.41117 -0.908312 0.0768735
-2.75358 114.901 -13.1289 -0.411149 -0.909803 0.0530225
-2.15172 114.597 -13.727 -0.42345 -0.905135 0.0377043
-1.07654 114.019 -14.6211 -0.471829 -0.8809 0.0373187
-0.338304 113.594 -15.4179 -0.463374 -0.885324 0.038181
0.324499 113.219 -15.9698 -0.464666 -0.884431 0.0432081
1.35568 112.555 -16.7737 -0.530553 -0.839075 0.12028
2.14685 111.99 -17.3381 -0.483884 -0.863473 0.140444
3.05269 111.358 -17.9205 -0.456092 -0.875385 0.154537
3.86641 110.846 -18.5171 -0.425654 -0.884028 0.193165
4.70198 110.315 -19.3461 -0.364517 -0.916558 0.164466
4.9541 110.013 -20.4463 -0.360548 -0.912591 0.19145
4.09875 110.377 -20.423 -0.401649 -0.894202 0.197689
3.12897 110.912 -19.9847 -0.423798 -0.889659 0.170006
2.42449 111.342 -19.5894 -0.488306 -0.854628 0.175533
1.50572 112.005 -19.0467 -0.5002 -0.845004 0.189109
0.62901 112.708 -18.493 -0.514606 -0.827577 0.224066
-0.149476 113.282 -17.8931 -0.4912 -0.855372 0.1645
-0.753657 113.724 -17.3846 -0.46426 -0.877022 0.105607
-1.4364 114.094 -16.7999 -0.441811 -0.895891 0.0466783
-2.00987 114.403 -16.2025 -0.440086 -0.896943 0.0426387
-2.26033 114.496 -16.8443 -0.440132 -0.89684 0.0442713
-1.42796 114.04 -17.724 -0.46426 -0.877022 0.105607
-0.645996 113.467 -18.4138 -0.488146 -0.857182 0.164132
0.443271 112.651 -19.1267 -0.506475 -0.832612 0.224143
1.43573 111.886 -19.7626 -0.50237 -0.843777 0.188853
2.09185 111.411 -20.209 -0.478588 -0.863022 0.161697
3.15877 110.762 -20.6979 -0.423795 -0.88966 0.17001
4.19605 110.153 -21.238 -0.403663 -0.893152 0.198318
5.06128 109.78 -21.2672 -0.351766 -0.911605 0.21269
5.81963 109.641 -20.8402 -0.265835 -0.951335 0.0441535
5.84036 109.772 -19.8321 -0.352538 -0.92058 0.168076
5.29545 110.14 -19.0039 -0.364372 -0.915926 0.168222
4.639 110.523 -18.3573 -0.364215 -0.915299 0.171976
3.91154 110.996 -17.6823 -0.419254 -0.895597 0.148767
3.19254 111.411 -17.2111 -0.456091 -0.875385 0.154545
2.17927 112.09 -16.482 -0.474837 -0.871775 0.120577
1.42317 112.614 -15.9327 -0.497197 -0.866301 0.0481521
0.431239 113.203 -15.1494 -0.463369 -0.885327 0.0381841
-0.300388 113.609 -14.5011 -0.466952 -0.88356 0.0352401
-1.36552 114.221 -13.6169 -0.471767 -0.880587 0.0447593
-2.05762 114.577 -13.0461 -0.431183 -0.898894 0.0681078
-2.85993 115.066 -11.7312 -0.410974 -0.908489 0.0758121
-3.36416 115.357 -10.9678 -0.388452 -0.919055 0.0602199
-3.98382 115.634 -9.93487 -0.36219 -0.931749 0.0257404
-4.72013 115.883 -8.88234 -0.296343 -0.954164 -0.0357716
-5.56475 116.127 -8.16842 -0.239793 -0.96779 -0.0475713
-6.4686 116.324 -8.20869 -0.214471 -0.973282 -0.0819958
-6.52822 116.423 -9.19615 -0.228636 -0.970797 -0.0694239
-6.03805 116.366 -10.0829 -0.245063 -0.964282 -0.100177
-5.95401 116.341 -11.0959 -0.339576 -0.940554 -0.0068688
-5.63146 116.223 -11.9583 -0.347735 -0.937559 0.00799398
-5.19157 116.035 -12.8797 -0.415622 -0.908465 0.0420099
-4.65313 115.743 -13.751 -0.427656 -0.903118 0.0385926
-4.12844 115.477 -14.4455 -0.41453 -0.909659 0.0261668
-3.58696 115.215 -15.3038 -0.405494 -0.914016 0.0121838
-2.85091 114.813 -16.3037 -0.444508 -0.894583 0.0461857
-2.70092 114.729 -16.4806 -0.442297 -0.895763 0.0444123
-3.60306 115.299 -12.9901 -0.414035 -0.907348 0.0727606
-3.97125 115.488 -12.7374 -0.411711 -0.9084 0.0727784
-5.41439 116.126 -9.24395 -0.303227 -0.951262 -0.0561663
-5.76011 116.229 -9.16265 -0.242719 -0.968626 -0.0534058
-5.71674 116.221 -9.21443 -0.272973 -0.959944 -0.0547861
