-41.2174 102.769 -34.1742 -0.247195 -0.816038 0.522173
-41.8976 103.027 -34.0936 -0.247194 -0.816036 0.522177
-42.3834 103.564 -33.4911 -0.273332 -0.808418 0.521296
-42.9337 104.088 -32.9847 -0.308785 -0.805413 0.505823
-43.4115 104.589 -32.4699 -0.274121 -0.835065 0.476991
-44.3159 105.113 -32.087 -0.300415 -0.834614 0.461682
-45.3051 105.744 -31.5961 -0.303149 -0.835487 0.458326
-44.5049 105.848 -30.913 -0.273828 -0.829287 0.487135
-43.2603 105.384 -31.0003 -0.275815 -0.828416 0.487496
-42.5156 104.843 -31.5098 -0.275617 -0.834263 0.477536
-41.9387 104.257 -32.156 -0.26268 -0.822232 0.50491
-41.6295 103.714 -32.8636 -0.273309 -0.808227 0.521604
-41.2988 103.134 -33.6226 -0.252039 -0.824126 0.507241
-41.3087 103.058 -33.7507 -0.252035 -0.824129 0.507237
-41.0668 102.501 -34.5046 -0.250226 -0.800656 0.544368
-40.9194 102.159 -34.9406 -0.250516 -0.80054 0.544405
-41.0426 102.342 -34.7271 -0.250515 -0.800539 0.544407
-39.6661 102.323 -34.1259 -0.219748 -0.821291 0.526488
-39.9128 103.005 -33.1632 -0.218855 -0.819938 0.528953
-40.3261 103.717 -32.2467 -0.224024 -0.815336 0.533892
-40.7323 104.216 -31.5978 -0.239115 -0.832239 0.499558
-41.2857 104.811 -30.9024 -0.259429 -0.829066 0.495323
-42.064 105.487 -30.1574 -0.255106 -0.837712 0.482867
-42.8802 105.955 -29.7988 -0.260812 -0.853615 0.450908
-43.723 106.322 -29.6154 -0.282281 -0.842544 0.458733
-44.8054 106.62 -29.7378 -0.28716 -0.829675 0.478725
-45.6813 106.689 -30.1729 -0.328686 -0.824072 0.46138
-46.4518 106.711 -30.6819 -0.332416 -0.824339 0.458171
-47.489 106.539 -31.7441 -0.335946 -0.814738 0.472504
-46.5926 105.755 -32.4461 -0.332886 -0.811427 0.480388
-45.6605 105.213 -32.7632 -0.300167 -0.82201 0.483709
-44.9055 104.761 -33.0904 -0.290462 -0.822172 0.489449
-44.1622 104.201 -33.5587 -0.305653 -0.813343 0.495025
-43.5927 103.649 -34.1145 -0.317519 -0.805551 0.500249
-43.0161 103.034 -34.6607 -0.316311 -0.775717 0.546086
-42.4489 102.283 -35.4978 -0.288501 -0.80919 0.511828
-42.0814 101.743 -36.1478 -0.269902 -0.81748 0.508365
-41.6999 101.185 -36.8774 -0.258413 -0.827134 0.499035
-41.3392 100.582 -37.6293 -0.255455 -0.797094 0.54716
-41.0415 99.9961 -38.3692 -0.250152 -0.817367 0.518976
-40.8423 99.4045 -39.2117 -0.235764 -0.830241 0.504868
-40.6091 98.8112 -40.111 -0.231363 -0.838527 0.493299
-39.9324 99.0279 -39.4349 -0.214725 -0.846569 0.487047
-39.7506 99.6763 -38.2965 -0.213149 -0.818479 0.533534
-39.6405 100.335 -37.2133 -0.212652 -0.831411 0.513357
-39.5665 100.99 -36.1484 -0.214699 -0.818277 0.533223
-39.5415 101.486 -35.372 -0.218667 -0.821114 0.527207
-39.5843 102.007 -34.5831 -0.220475 -0.820068 0.528089
-38.2274 101.774 -34.3922 -0.187504 -0.821145 0.538983
-38.3335 102.286 -33.638 -0.182223 -0.825098 0.534797
-38.6694 103.103 -32.5121 -0.188368 -0.815418 0.547367
-39.0399 103.729 -31.6881 -0.215849 -0.836136 0.504264
-39.4624 104.249 -31.0029 -0.211972 -0.837469 0.503688
-39.9724 104.781 -30.3406 -0.22586 -0.83803 0.496681
-40.6465 105.401 -29.5506 -0.21306 -0.857862 0.467631
-41.5002 105.982 -28.9328 -0.262475 -0.857676 0.442153
-42.2715 106.398 -28.586 -0.266668 -0.856296 0.442318
-43.4107 106.847 -28.3834 -0.25509 -0.868366 0.425024
-44.4039 107.19 -28.3611 -0.297938 -0.864153 0.405553
-45.4581 107.407 -28.6761 -0.310551 -0.843648 0.437967
-46.3037 107.475 -29.1777 -0.337881 -0.842382 0.419795
-47.2957 107.51 -29.8668 -0.338264 -0.82319 0.455999
-48.1405 107.432 -30.6489 -0.354889 -0.818482 0.451787
-48.8334 107.266 -31.4831 -0.351656 -0.816228 0.458366
-49.2716 106.995 -32.2795 -0.350437 -0.806666 0.475903
-48.9702 106.417 -33.0372 -0.348737 -0.807004 0.476579
-47.9084 105.819 -33.2785 -0.34421 -0.810842 0.473339
-46.6447 105.07 -33.665 -0.333243 -0.818902 0.467278
-45.638 104.425 -34.09 -0.309455 -0.823618 0.475279
-44.8074 103.736 -34.7166 -0.308892 -0.807906 0.501854
-44.2275 103.148 -35.2357 -0.343001 -0.769341 0.538947
-43.6306 102.359 -36.0438 -0.284008 -0.808063 0.516114
-43.164 101.701 -36.8081 -0.269445 -0.806504 0.52626
-42.8358 101.16 -37.4618 -0.267059 -0.802973 0.532807
-42.5414 100.497 -38.3204 -0.261936 -0.805132 0.53212
-42.1926 99.7803 -39.2515 -0.251764 -0.813655 0.523922
-41.9091 99.1609 -40.1257 -0.235837 -0.835298 0.496605
-41.5668 98.5765 -41.0134 -0.235855 -0.852566 0.466372
-41.2839 98.1051 -41.7531 -0.245544 -0.858194 0.450659
-40.9272 97.6156 -42.4715 -0.254133 -0.853325 0.455249
-40.1805 97.1882 -42.8672 -0.244541 -0.873429 0.421095
-39.4279 97.3348 -42.2136 -0.234572 -0.852113 0.467846
-38.9289 97.9373 -40.8844 -0.242201 -0.842928 0.480428
-38.7424 98.3399 -40.0839 -0.238481 -0.840516 0.48642
-38.5836 98.8138 -39.2109 -0.23842 -0.832694 0.499776
-38.4568 99.2805 -38.4016 -0.222746 -0.823665 0.521498
-38.3238 99.7611 -37.5719 -0.234701 -0.824165 0.515314
-38.2122 100.377 -36.561 -0.222859 -0.815232 0.534296
-38.1905 100.902 -35.7393 -0.203037 -0.826942 0.524349
-38.1771 101.552 -34.713 -0.19682 -0.823801 0.531541
-38.2232 101.712 -34.4839 -0.191737 -0.819344 0.540276
