0.631616 113.693 -17.0854 -0.470319 -0.869736 0.148911
1.43083 113.148 -17.7827 -0.459128 -0.873451 0.162125
2.22846 112.583 -18.3407 -0.491312 -0.854476 0.168769
2.82394 112.115 -19.1747 -0.414793 -0.898179 0.145673
3.96815 111.476 -19.7391 -0.426713 -0.888204 0.170323
3.17092 111.885 -19.6025 -0.420753 -0.893192 0.157998
2.48198 112.355 -18.7499 -0.48105 -0.862195 0.157317
1.35387 113.049 -18.522 -0.48956 -0.854158 0.175346
0.553344 113.605 -17.9127 -0.488661 -0.862317 0.132737
0.0430012 113.98 -17.3329 -0.485448 -0.865527 0.119966
-0.230261 114.171 -17.1056 -0.482335 -0.86336 0.148199
-0.992266 114.604 -16.5902 -0.430631 -0.901935 0.0325821
-0.931047 114.589 -16.1942 -0.430635 -0.901933 0.0325745
-0.189747 114.219 -16.5485 -0.433303 -0.900643 0.0330355
0.171336 114.003 -16.7812 -0.482336 -0.86336 0.148193
0.542231 113.875 -16.316 -0.45782 -0.882002 0.0906113
1.33749 113.356 -16.901 -0.458309 -0.87611 0.149612
2.07942 112.848 -17.4775 -0.500055 -0.845511 0.187235
2.74857 112.37 -17.9348 -0.471096 -0.864848 0.173514
3.56354 111.852 -18.6321 -0.424001 -0.898435 0.114182
4.38145 111.357 -19.407 -0.389853 -0.904124 0.174857
4.89882 110.955 -20.2276 -0.41485 -0.88825 0.197261
4.20934 111.134 -20.8296 -0.421636 -0.880017 0.217658
3.47264 111.56 -20.518 -0.418985 -0.888246 0.188338
2.72598 112.003 -20.0862 -0.436009 -0.881277 0.181273
1.95327 112.517 -19.5346 -0.472538 -0.870234 0.139288
1.03518 113.134 -18.9941 -0.489565 -0.854155 0.175341
0.252735 113.679 -18.5249 -0.499052 -0.850786 0.163948
-0.29068 114.102 -17.9442 -0.508983 -0.849174 0.140855
-1.09666 114.628 -17.2664 -0.45281 -0.886407 0.0871533
-1.81908 115.001 -16.4448 -0.432163 -0.900958 0.0380966
-2.3735 115.304 -15.7405 -0.435844 -0.898939 0.0441452
-2.95212 115.608 -14.8569 -0.42017 -0.907195 0.0213332
-3.70725 116.002 -13.6706 -0.40231 -0.913647 0.0582802
-4.04247 116.211 -12.7546 -0.376701 -0.923889 0.0586672
-4.3993 116.386 -11.8205 -0.356948 -0.933242 0.0400409
-4.73316 116.529 -10.7729 -0.326187 -0.945305 0.000831141
-4.22116 116.352 -10.5319 -0.330201 -0.94391 0.00127557
-3.79462 116.195 -11.1015 -0.348878 -0.935703 0.0523804
-3.13258 115.856 -12.1943 -0.402495 -0.912303 0.0754991
-2.52802 115.51 -13.1083 -0.415905 -0.9068 0.0685687
-1.72417 115.081 -14.0771 -0.41998 -0.906473 0.0438547
-0.976129 114.675 -14.9952 -0.428784 -0.901038 0.065382
-0.0988243 114.199 -15.889 -0.43407 -0.900347 0.0309735
0.0265696 114.136 -15.9755 -0.433686 -0.900495 0.0320045
0.309929 114.02 -15.3674 -0.43407 -0.900347 0.0309735
1.0801 113.612 -15.955 -0.474889 -0.877433 0.0567146
1.82024 113.138 -16.4983 -0.490824 -0.866766 0.0883593
2.60148 112.6 -17.1342 -0.520299 -0.839402 0.15714
3.61982 111.947 -17.6762 -0.447552 -0.881639 0.143847
4.52764 111.396 -18.7961 -0.39424 -0.911206 0.119492
5.254 110.949 -19.6139 -0.375074 -0.907591 0.184721
5.79243 110.4 -20.9638 -0.356621 -0.91789 0.165562
5.22795 110.462 -21.7644 -0.305494 -0.937371 0.167359
4.22862 110.944 -21.5874 -0.439098 -0.873805 0.208944
3.4597 111.409 -21.2563 -0.429042 -0.881026 0.198635
2.28584 112.145 -20.519 -0.453033 -0.874307 0.174208
1.40084 112.737 -19.9339 -0.473094 -0.863207 0.17558
0.705994 113.235 -19.4795 -0.505514 -0.846578 0.166041
-0.125648 113.833 -18.9319 -0.508414 -0.847513 0.152434
-0.955819 114.437 -18.3261 -0.498772 -0.858434 0.116294
-1.81797 114.962 -17.2531 -0.41706 -0.90512 0.0825732
-2.57187 115.366 -16.438 -0.432982 -0.899847 0.0522331
-3.18718 115.693 -15.846 -0.428007 -0.903067 0.0327392
-3.88566 116.031 -14.5059 -0.398128 -0.917142 0.0185568
-4.31582 116.266 -13.7265 -0.391757 -0.918303 0.0557319
-4.68493 116.462 -12.6909 -0.370832 -0.928255 0.0154679
-5.08654 116.649 -11.8145 -0.325606 -0.945501 0.00295722
-5.62472 116.837 -10.6011 -0.313401 -0.948774 -0.0263422
-5.73166 116.805 -9.48878 -0.280866 -0.956201 -0.0777072
-5.20895 116.598 -8.40579 -0.282331 -0.95823 -0.0154092
-4.60168 116.438 -9.12278 -0.27901 -0.959458 -0.0399259
-3.97327 116.265 -9.84772 -0.331333 -0.943512 -0.00152776
-3.24343 116.009 -10.7565 -0.339546 -0.939804 0.0268296
-2.7039 115.692 -11.8082 -0.409171 -0.90926 0.0761353
-2.05794 115.323 -12.7805 -0.412407 -0.908058 0.0731518
-1.21559 114.865 -13.7901 -0.411989 -0.90955 0.0546294
-0.608923 114.517 -14.4763 -0.462938 -0.884599 0.0563293
-0.0682136 114.215 -15.0023 -0.435655 -0.899483 0.0335561
-1.35 114.825 -15.3819 -0.432568 -0.899867 0.0547261
-1.65953 114.973 -15.4227 -0.436352 -0.898696 0.0440703
-2.33446 115.32 -14.9475 -0.414229 -0.909531 0.03187
-1.56277 114.945 -15.1244 -0.428784 -0.901038 0.065382
-1.42444 114.87 -15.2547 -0.428784 -0.901038 0.065382
-2.4572 115.415 -14.0684 -0.408287 -0.911868 0.0424068
-3.10887 115.743 -13.5905 -0.402277 -0.91366 0.0583051
-3.01075 115.706 -13.4964 -0.41084 -0.909601 0.0611454
-2.62695 115.503 -13.861 -0.419403 -0.905542 0.0639857
-2.59375 115.484 -13.903 -0.413845 -0.908705 0.0531963
