-41.4024 102.514 -35.7602 -0.274913 -0.817988 0.504945
-40.7165 102.076 -36.1475 -0.232786 -0.83098 0.505255
-40.6992 102.837 -34.917 -0.23845 -0.810788 0.534215
-40.9304 103.377 -34.2284 -0.261766 -0.8088 0.526169
-41.2907 103.919 -33.5482 -0.266378 -0.820828 0.505256
-41.9271 104.66 -32.6883 -0.26677 -0.817899 0.509779
-42.6656 105.287 -32.0535 -0.272782 -0.832229 0.482653
-43.3829 105.77 -31.635 -0.278104 -0.831211 0.4814
-44.4536 106.146 -31.6267 -0.285379 -0.823218 0.490785
-45.3067 106.3 -31.9268 -0.321919 -0.829766 0.455913
-44.8194 105.823 -32.4577 -0.316575 -0.831104 0.457214
-43.9281 105.266 -32.8498 -0.300068 -0.834355 0.462056
-43.1521 104.697 -33.3401 -0.302911 -0.811553 0.499627
-42.4727 104.067 -33.9326 -0.291215 -0.809371 0.509299
-41.9336 103.399 -34.6978 -0.282333 -0.800046 0.529328
-41.6096 102.813 -35.404 -0.288396 -0.803352 0.520891
-42.6644 102.84 -35.9534 -0.283603 -0.809778 0.513643
-43.1661 103.63 -35.0327 -0.307393 -0.801836 0.512414
-43.7365 104.223 -34.4665 -0.309446 -0.804705 0.506513
-44.4577 104.845 -33.9008 -0.310931 -0.808901 0.499
-45.153 105.319 -33.5602 -0.30754 -0.817065 0.487513
-46.2229 105.98 -33.1195 -0.314269 -0.818427 0.481053
-46.9992 106.421 -32.8841 -0.345619 -0.811065 0.47177
-47.5448 107.041 -32.2274 -0.373687 -0.804014 0.462401
-46.6065 107.124 -31.3882 -0.344401 -0.813646 0.468362
-45.3445 107.011 -30.6805 -0.330998 -0.82224 0.462992
-44.1866 106.721 -30.489 -0.279355 -0.834632 0.47471
-43.1452 106.34 -30.5306 -0.290611 -0.825727 0.483446
-42.2446 105.853 -30.8398 -0.271094 -0.834557 0.479605
-41.4015 105.189 -31.5218 -0.266114 -0.836238 0.479445
-40.8085 104.613 -32.1783 -0.240687 -0.821053 0.517631
-40.083 103.772 -33.1787 -0.237153 -0.821506 0.518532
-39.707 103.186 -33.9319 -0.238647 -0.817856 0.523584
-39.383 102.31 -35.1542 -0.245126 -0.820497 0.516427
-39.2747 101.457 -36.4313 -0.24836 -0.812855 0.526863
-39.3014 100.763 -37.5709 -0.241323 -0.832186 0.49923
-39.4637 100.258 -38.4905 -0.238375 -0.827398 0.508417
-39.6562 99.6988 -39.4809 -0.232527 -0.836332 0.496426
-39.8071 99.1942 -40.4142 -0.234027 -0.841096 0.48761
-39.9942 98.7878 -41.2441 -0.25062 -0.850164 0.463045
-40.3274 99.2085 -40.6496 -0.249231 -0.845297 0.47248
-40.4726 99.8011 -39.7074 -0.245018 -0.836125 0.490776
-40.8483 100.556 -38.682 -0.256779 -0.819003 0.513126
-41.3946 101.246 -37.8856 -0.276271 -0.824525 0.493786
-42.1534 102.157 -36.7468 -0.273863 -0.820623 0.501184
-42.4494 102.54 -36.307 -0.283609 -0.809776 0.513642
-43.4537 102.518 -36.907 -0.311493 -0.806447 0.502608
-43.9579 103.213 -36.1437 -0.325627 -0.789595 0.520103
-44.3794 103.802 -35.5153 -0.328913 -0.792326 0.513843
-44.9482 104.328 -35.0423 -0.310267 -0.808376 0.500263
-45.6278 104.868 -34.6123 -0.327268 -0.815516 0.477315
-46.6213 105.533 -34.1713 -0.334984 -0.81597 0.471063
-47.4576 105.971 -34.0112 -0.356613 -0.807818 0.469316
-48.4561 106.504 -33.8519 -0.357999 -0.807022 0.469628
-49.3425 107.185 -33.3617 -0.357816 -0.80498 0.473246
-49.0893 107.616 -32.4391 -0.349854 -0.809554 0.471407
-48.3946 107.813 -31.5474 -0.363543 -0.81769 0.446341
-47.3594 107.87 -30.6375 -0.332593 -0.827622 0.452131
-46.2589 107.809 -29.918 -0.343236 -0.833494 0.432986
-45.1722 107.612 -29.463 -0.308496 -0.843286 0.43948
-44.1486 107.342 -29.3062 -0.299763 -0.851733 0.429758
-43.2776 107.038 -29.3102 -0.267465 -0.857609 0.439059
-42.26 106.592 -29.5344 -0.268326 -0.852045 0.449433
-41.4009 106.09 -29.9505 -0.271688 -0.834082 0.480097
-40.6916 105.58 -30.493 -0.222382 -0.830106 0.511342
-40.0769 105.002 -31.1647 -0.221087 -0.832784 0.507523
-39.5298 104.443 -31.8499 -0.222529 -0.833767 0.505283
-38.9127 103.702 -32.7672 -0.225205 -0.822251 0.522672
-38.589 103.184 -33.462 -0.209448 -0.823124 0.52766
-38.3279 102.605 -34.2386 -0.206686 -0.817106 0.538162
-38.1218 101.81 -35.3788 -0.208444 -0.821414 0.530877
-38.0696 101.29 -36.182 -0.201345 -0.830754 0.518948
-38.0861 100.522 -37.3917 -0.225373 -0.824593 0.518471
-38.2297 99.8897 -38.5094 -0.236497 -0.831048 0.503404
-38.4809 99.4295 -39.3877 -0.240904 -0.830251 0.502641
-38.5403 98.8535 -40.393 -0.240816 -0.840814 0.484808
-38.7669 98.2357 -41.598 -0.242955 -0.850759 0.465961
-39.1706 97.8155 -42.596 -0.249972 -0.852789 0.458547
-39.9191 97.5802 -43.5014 -0.251971 -0.875119 0.413132
-40.8409 98.1052 -42.9975 -0.265667 -0.862034 0.431647
-41.3497 98.8676 -41.8266 -0.244372 -0.853535 0.460174
-41.58 99.4351 -40.9047 -0.246867 -0.843972 0.47612
-41.7894 99.9916 -40.0417 -0.253163 -0.827141 0.501132
-42.1017 100.629 -39.1972 -0.266377 -0.811414 0.520212
-42.6011 101.261 -38.484 -0.260976 -0.815858 0.515707
-43.1207 101.99 -37.5484 -0.283317 -0.816729 0.501788
-43.2091 102.136 -37.3691 -0.311597 -0.806909 0.501801
-43.3672 102.387 -37.0646 -0.311493 -0.806448 0.502607
