-40.5685 103.136 -35.5367 -0.268071 -0.823425 0.499481
-40.3196 102.598 -36.325 -0.246949 -0.834768 0.492117
-40.4259 102.141 -37.093 -0.265981 -0.818337 0.509055
-40.6449 102.556 -36.5589 -0.251207 -0.823049 0.508965
-41.5064 103.256 -35.8802 -0.289193 -0.812081 0.506846
-41.8767 103.778 -35.2593 -0.294465 -0.80802 0.510259
-42.6031 104.389 -34.6986 -0.300395 -0.814534 0.496283
-43.0687 104.92 -34.1096 -0.300245 -0.813756 0.497648
-43.932 105.593 -33.5483 -0.311409 -0.805145 0.504743
-44.8735 106.173 -33.1632 -0.313519 -0.835485 0.451298
-45.126 106.607 -32.5427 -0.335155 -0.818711 0.466243
-44.1726 106.363 -32.3665 -0.293378 -0.835102 0.465332
-43.2706 105.898 -32.6149 -0.308229 -0.823887 0.475611
-42.3107 105.255 -33.1273 -0.276614 -0.815024 0.509137
-41.5218 104.397 -34.0704 -0.278069 -0.814143 0.509754
-40.9363 103.797 -34.7017 -0.287606 -0.807626 0.514803
-40.6106 103.267 -35.3521 -0.28875 -0.809156 0.511739
-41.0602 103.251 -35.6336 -0.289546 -0.811383 0.507759
-42.5017 103.219 -36.5052 -0.304893 -0.804243 0.509765
-42.0417 102.627 -37.1852 -0.281352 -0.818362 0.500941
-41.6764 102.087 -37.888 -0.278039 -0.825017 0.491978
-41.2177 101.423 -38.7497 -0.273844 -0.829861 0.486148
-40.9229 100.845 -39.5607 -0.265506 -0.826718 0.496029
-40.4816 100.166 -40.4691 -0.280618 -0.831617 0.479235
-40.0951 99.4629 -41.5007 -0.272577 -0.847007 0.456377
-39.7577 99.3812 -41.4482 -0.277726 -0.843714 0.459363
-39.6227 99.8956 -40.4354 -0.27605 -0.82893 0.486408
-39.3879 100.529 -39.252 -0.260125 -0.831589 0.490638
-39.3491 101.005 -38.4169 -0.247229 -0.831656 0.497218
-39.2438 101.464 -37.5974 -0.2339 -0.824007 0.515486
-39.1486 102.122 -36.5396 -0.216342 -0.823016 0.525205
-39.2223 102.65 -35.7052 -0.243271 -0.827532 0.505974
-39.451 103.188 -34.9358 -0.235363 -0.823077 0.516673
-39.9248 103.933 -33.9895 -0.249956 -0.814838 0.523031
-40.3626 104.437 -33.3843 -0.244797 -0.82758 0.505159
-40.8888 104.976 -32.8041 -0.274772 -0.818109 0.50511
-41.4599 105.513 -32.2265 -0.269528 -0.826183 0.494749
-42.2513 106.077 -31.7069 -0.277669 -0.839714 0.46667
-42.9919 106.498 -31.3991 -0.290489 -0.831181 0.474082
-43.8354 106.916 -31.1733 -0.281622 -0.833231 0.475831
-44.8173 107.218 -31.271 -0.318439 -0.822153 0.471867
-45.9065 107.417 -31.681 -0.337284 -0.817498 0.466829
-47.1954 107.501 -32.5168 -0.366711 -0.80489 0.466423
-47.4389 107.038 -33.4815 -0.354214 -0.80953 0.467921
-46.5604 106.542 -33.6972 -0.341925 -0.81153 0.473821
-45.7247 106.026 -33.9716 -0.327565 -0.811396 0.48368
-44.8157 105.426 -34.3795 -0.322132 -0.804568 0.4989
-44.0341 104.798 -34.8943 -0.300193 -0.814552 0.496375
-43.2997 104.081 -35.6258 -0.31 -0.810684 0.49657
-42.6373 103.387 -36.3267 -0.321467 -0.802416 0.50272
-43.6934 103.397 -36.9756 -0.317159 -0.796022 0.515515
-44.1928 103.943 -36.4156 -0.331576 -0.819263 0.46783
-44.7199 104.483 -35.8436 -0.346101 -0.810947 0.471471
-45.5145 105.191 -35.2408 -0.360763 -0.806807 0.467881
-46.2173 105.669 -34.9425 -0.349704 -0.81291 0.465706
-47.0344 106.13 -34.7494 -0.357059 -0.809872 0.465339
-47.978 106.684 -34.5286 -0.365559 -0.807117 0.463595
-48.9483 107.27 -34.2885 -0.376144 -0.804874 0.459013
-49.2845 107.802 -33.6351 -0.38004 -0.802675 0.459632
-48.7317 108.105 -32.6725 -0.361119 -0.806459 0.468206
-47.9223 108.241 -31.7825 -0.361249 -0.816479 0.4504
-46.9622 108.213 -31.0639 -0.360937 -0.815398 0.452599
-46.0996 108.122 -30.5764 -0.341696 -0.821449 0.45658
-44.9512 107.903 -30.1488 -0.303641 -0.835442 0.458082
-43.9272 107.618 -29.9873 -0.30501 -0.83917 0.450291
-42.7667 107.119 -30.1637 -0.287724 -0.840329 0.459273
-41.9712 106.667 -30.4871 -0.254437 -0.84802 0.464822
-40.9339 106.043 -31.0362 -0.258324 -0.842357 0.472952
-40.2984 105.495 -31.6339 -0.233327 -0.832478 0.502405
-39.8123 104.989 -32.2284 -0.230249 -0.82833 0.510726
-38.9304 104.222 -33.0748 -0.22733 -0.825133 0.517181
-38.4927 103.516 -34.0104 -0.225312 -0.824538 0.519003
-38.1528 102.94 -34.7568 -0.241228 -0.816327 0.524803
-37.9547 102.222 -35.7987 -0.242536 -0.829597 0.502771
-37.9575 101.689 -36.6959 -0.250371 -0.819967 0.514244
-38.0306 101.116 -37.606 -0.254223 -0.810586 0.527561
-38.0942 100.591 -38.4839 -0.249702 -0.830669 0.497631
-38.2 99.9652 -39.5994 -0.24238 -0.837828 0.489155
-38.3649 99.5197 -40.4369 -0.238782 -0.837031 0.492303
-38.4966 98.8686 -41.673 -0.24402 -0.849199 0.468311
-38.7138 98.4884 -42.4786 -0.249314 -0.862666 0.43906
-39.1821 98.1166 -43.539 -0.245064 -0.874747 0.418045
-40.0047 98.2672 -43.7182 -0.265818 -0.868232 0.418527
-40.8775 98.9486 -42.9435 -0.274174 -0.852716 0.444638
-41.1559 99.4055 -42.222 -0.258215 -0.849733 0.459651
-41.5495 100.086 -41.1736 -0.25061 -0.846352 0.469693
-41.9717 100.603 -40.5148 -0.265033 -0.821146 0.505447
-42.237 101.241 -39.6265 -0.273946 -0.819085 0.504037
-42.6326 101.874 -38.7823 -0.28528 -0.818783 0.497896
-43.0751 102.57 -37.8984 -0.301499 -0.82818 0.472459
-43.3016 102.922 -37.4698 -0.315846 -0.796822 0.515089
-43.5344 103.212 -37.164 -0.315846 -0.796821 0.51509
