-1.62305 115.709 -14.7227 -0.426099 -0.903306 0.0497161
-0.867608 115.303 -15.8072 -0.412936 -0.909539 0.0471497
-0.186736 114.918 -16.6816 -0.445153 -0.891029 0.0889179
-0.76298 115.187 -16.7488 -0.41131 -0.908498 0.0738565
-1.48923 115.599 -15.5269 -0.419798 -0.906229 0.0495478
-2.1474 115.978 -14.3013 -0.413281 -0.909197 0.0487586
-2.98758 116.39 -13.3307 -0.39434 -0.918208 0.0372929
-2.15935 115.993 -14.1198 -0.413281 -0.909197 0.0487586
-1.65771 115.727 -14.6806 -0.42553 -0.903697 0.0474928
-1.18681 115.514 -14.5385 -0.425167 -0.903099 0.0596248
-0.508749 115.157 -15.3598 -0.434639 -0.900077 0.0308404
0.0771744 114.849 -16.0353 -0.443002 -0.894122 0.0591657
0.69823 114.48 -16.6124 -0.434735 -0.897226 0.074934
1.48102 113.977 -17.399 -0.460113 -0.879404 0.122247
2.20602 113.511 -17.9954 -0.450801 -0.884914 0.116128
2.9583 113.038 -18.5569 -0.461428 -0.876659 0.136138
3.5368 112.634 -19.174 -0.461289 -0.873156 0.156271
4.11426 112.252 -19.7645 -0.406142 -0.896327 0.177896
4.93955 111.694 -20.712 -0.388008 -0.896457 0.214044
4.18631 111.9 -21.3116 -0.43409 -0.883289 0.177105
3.19737 112.494 -20.8044 -0.44191 -0.879026 0.178966
2.24643 113.092 -20.1899 -0.445851 -0.880675 0.160087
1.57012 113.56 -19.6124 -0.504825 -0.853434 0.128667
0.838399 114.067 -18.9919 -0.496977 -0.859885 0.116672
0.276211 114.481 -18.4112 -0.46649 -0.871483 0.14859
-0.317839 114.868 -17.7476 -0.448058 -0.887486 0.10776
-1.28743 115.413 -16.9543 -0.428092 -0.90175 0.0598699
-1.84521 115.734 -16.092 -0.423842 -0.904012 0.0558112
-2.34466 116.02 -15.2098 -0.41205 -0.909981 0.0433742
-3.10921 116.402 -14.2526 -0.403543 -0.913818 0.0454015
-3.52852 116.601 -13.4858 -0.355846 -0.933928 0.0339548
-4.0232 116.842 -12.1488 -0.341799 -0.938491 0.0490704
-4.13834 116.923 -11.2349 -0.327601 -0.94481 -0.000575093
-4.58457 117.074 -10.2305 -0.310639 -0.94961 -0.0284178
-4.07844 116.9 -10.5729 -0.326651 -0.945141 -0.00272685
-3.55739 116.705 -11.3227 -0.378243 -0.925022 0.0349346
-2.89476 116.386 -12.3901 -0.371461 -0.927665 0.0372134
-2.39712 116.146 -13.1019 -0.376961 -0.924727 0.0481394
-1.67466 115.775 -13.9414 -0.417013 -0.907121 0.0568492
-1.6026 115.737 -14.029 -0.417013 -0.907121 0.0568493
-1.3292 115.645 -13.4877 -0.416591 -0.90655 0.067175
-0.478508 115.175 -14.4975 -0.433331 -0.899073 0.0623904
0.331372 114.753 -15.2707 -0.437633 -0.898589 0.0318696
1.12232 114.325 -16.0094 -0.434735 -0.897226 0.0749339
1.67753 113.972 -16.6908 -0.460471 -0.879212 0.122277
2.64949 113.367 -17.3783 -0.450801 -0.884914 0.116128
3.38092 112.89 -18.07 -0.448832 -0.882077 0.141914
3.9306 112.499 -18.8164 -0.421958 -0.896333 0.135074
4.85787 111.971 -19.4817 -0.390182 -0.906814 0.156985
5.44489 111.613 -20.1362 -0.393882 -0.89302 0.217516
5.73624 111.158 -21.441 -0.399158 -0.887966 0.228325
5.07616 111.274 -22.1204 -0.367738 -0.908339 0.190254
4.05176 111.828 -21.9284 -0.450677 -0.860953 0.235904
3.16862 112.383 -21.4232 -0.44795 -0.876813 0.174581
2.40425 112.873 -20.9456 -0.453987 -0.874605 0.170185
1.66825 113.352 -20.5098 -0.512671 -0.846985 0.140659
0.458661 114.229 -19.417 -0.546324 -0.830627 0.0856521
-0.298941 114.768 -18.6034 -0.468913 -0.878644 0.0888221
-0.931168 115.159 -17.9965 -0.428223 -0.899777 0.083818
-1.66883 115.563 -17.4325 -0.428151 -0.900767 0.0718426
-2.4293 115.995 -16.2965 -0.424038 -0.903773 0.0581973
-3.27109 116.438 -15.0693 -0.406056 -0.912938 0.0407745
-3.76121 116.661 -14.2606 -0.356841 -0.933292 0.0403812
-4.17192 116.87 -13.1478 -0.379707 -0.924049 0.0442235
-4.61988 117.058 -12.3372 -0.371614 -0.928375 -0.00481727
-4.95469 117.205 -11.4745 -0.327108 -0.944983 0.00263006
-5.21482 117.28 -10.448 -0.29317 -0.954586 -0.0530701
-5.35744 117.273 -9.54513 -0.296458 -0.953271 -0.057888
-4.81865 117.068 -8.99854 -0.29994 -0.951939 -0.0620351
-4.02385 116.877 -9.60439 -0.297798 -0.953248 -0.0316217
-3.38532 116.66 -10.4792 -0.352837 -0.93505 0.0127204
-2.81122 116.396 -11.4116 -0.378243 -0.925022 0.0349346
-2.32138 116.169 -12.2745 -0.358042 -0.932548 0.0439177
-1.47656 115.73 -13.2871 -0.416169 -0.905978 0.0775007
0.189427 114.711 -16.8777 -0.446754 -0.890347 0.0876849
0.55676 114.489 -17.1851 -0.461274 -0.879548 0.116566
0.407766 114.587 -17.0255 -0.434735 -0.897226 0.074934
0.82391 114.29 -17.655 -0.462772 -0.879512 0.110912
1.91928 113.57 -18.5516 -0.448453 -0.876325 0.174839
2.65462 113.1 -19.1257 -0.4317 -0.885153 0.173603
3.15421 112.74 -19.643 -0.457344 -0.871782 0.175591
2.74507 112.903 -19.9021 -0.444628 -0.878323 0.17507
2.03143 113.36 -19.348 -0.431699 -0.885154 0.173601
1.00409 114.095 -18.3857 -0.465434 -0.867203 0.177001
0.638346 114.342 -18.0142 -0.46516 -0.877636 0.115546
0.524981 114.421 -17.8626 -0.462772 -0.879512 0.110912
