-41.4481 103.671 -36.3862 -0.285101 -0.815039 0.504367
-41.9465 104.282 -35.6876 -0.290791 -0.814896 0.501375
-42.4488 104.801 -35.1309 -0.292664 -0.81558 0.49917
-43.4878 105.685 -34.3061 -0.295438 -0.813237 0.501359
-44.2274 106.162 -33.9976 -0.32279 -0.805865 0.496218
-44.7997 106.639 -33.5761 -0.316554 -0.825786 0.466766
-44.7649 106.886 -33.1168 -0.310109 -0.825775 0.471029
-43.6093 106.378 -33.2419 -0.316988 -0.817438 0.480951
-42.7853 105.923 -33.4973 -0.300585 -0.81471 0.49588
-41.9429 105.281 -34.0481 -0.293536 -0.816176 0.497689
-41.2528 104.625 -34.7177 -0.293168 -0.816818 0.496852
-40.758 103.982 -35.4972 -0.282863 -0.819253 0.498813
-40.3279 103.265 -36.4306 -0.274938 -0.821252 0.499955
-40.2341 102.767 -37.1994 -0.276514 -0.821544 0.4986
-40.1095 102.198 -38.0717 -0.275633 -0.827556 0.489043
-40.2879 102.175 -38.2109 -0.275629 -0.827552 0.489051
-40.7734 102.744 -37.5363 -0.276513 -0.821544 0.498601
-41.176 103.303 -36.8351 -0.275299 -0.821928 0.49864
-41.2831 103.437 -36.6733 -0.276929 -0.819029 0.50248
-42.2578 103.385 -37.3672 -0.32063 -0.805679 0.498074
-42.7733 104.108 -36.4922 -0.32023 -0.820528 0.473483
-43.3592 104.702 -35.8567 -0.317906 -0.818778 0.478058
-44.1979 105.42 -35.1997 -0.332601 -0.811335 0.480741
-45.095 106.035 -34.7873 -0.338595 -0.808939 0.48031
-45.8826 106.504 -34.5714 -0.350581 -0.81028 0.469611
-46.8588 107.107 -34.2853 -0.386425 -0.801641 0.456122
-47.6601 107.647 -34.0094 -0.384082 -0.804099 0.453769
-47.326 107.93 -33.2248 -0.384367 -0.804345 0.453091
-46.5033 107.867 -32.6612 -0.362914 -0.808414 0.463421
-45.6452 107.725 -32.2701 -0.335346 -0.817844 0.467626
-44.6135 107.46 -32.0046 -0.327582 -0.819053 0.471001
-43.4771 107.029 -32.0367 -0.295386 -0.834105 0.465841
-42.4092 106.419 -32.4199 -0.304068 -0.824389 0.477416
-41.1688 105.532 -33.1972 -0.280132 -0.813295 0.509959
-40.4628 104.908 -33.831 -0.261435 -0.820562 0.508204
-39.885 104.193 -34.6715 -0.252495 -0.819747 0.513977
-39.5057 103.643 -35.3796 -0.256097 -0.82983 0.495779
-39.2015 103.096 -36.126 -0.247658 -0.827351 0.504007
-39.0553 102.415 -37.1744 -0.240058 -0.822583 0.51549
-39.0442 101.875 -38.042 -0.251237 -0.831858 0.494866
-39.1036 101.393 -38.8921 -0.27128 -0.834862 0.47897
-39.1751 100.796 -39.9739 -0.271256 -0.834983 0.478774
-39.2633 100.19 -41.0487 -0.260429 -0.840872 0.474201
-39.3923 99.7798 -41.876 -0.269436 -0.847401 0.457505
-39.7864 99.4869 -42.6552 -0.283343 -0.84383 0.455516
-40.0127 100.028 -41.8036 -0.295754 -0.839962 0.454965
-40.3513 100.595 -40.9578 -0.280085 -0.851487 0.443308
-40.8336 101.387 -39.8858 -0.273966 -0.825278 0.493821
-41.3872 102.232 -38.7368 -0.27682 -0.828852 0.486139
-41.9409 102.98 -37.8428 -0.306431 -0.810448 0.499051
-42.2107 103.319 -37.4441 -0.314674 -0.811604 0.49211
-43.0105 103.129 -38.2681 -0.323962 -0.804666 0.497513
-43.5524 103.837 -37.4657 -0.317907 -0.805668 0.499834
-44.0835 104.432 -36.8122 -0.320189 -0.822649 0.469817
-44.7224 105.024 -36.2494 -0.352434 -0.80936 0.469815
-45.3685 105.572 -35.7936 -0.355361 -0.808639 0.468838
-46.2682 106.128 -35.5101 -0.364944 -0.808334 0.461784
-47.0008 106.603 -35.2809 -0.381068 -0.798617 0.46583
-48.14 107.268 -35.0677 -0.373772 -0.803947 0.462513
-48.9615 107.712 -34.9498 -0.382063 -0.803512 0.456333
-49.3311 108.45 -33.9514 -0.389322 -0.804132 0.449222
-48.56 108.629 -32.9852 -0.363695 -0.813258 0.454244
-47.7264 108.645 -32.274 -0.374089 -0.811816 0.448344
-46.8651 108.533 -31.7781 -0.365292 -0.80935 0.459904
-45.876 108.384 -31.2869 -0.337082 -0.816372 0.468948
-44.8467 108.121 -31.0055 -0.329545 -0.822776 0.463076
-43.7329 107.787 -30.8488 -0.296168 -0.829875 0.472855
-42.5709 107.217 -31.1271 -0.290318 -0.828743 0.478436
-41.7022 106.728 -31.4773 -0.255585 -0.839374 0.479682
-40.9166 106.231 -31.9206 -0.255547 -0.836546 0.48465
-40.1608 105.602 -32.5348 -0.254957 -0.824557 0.504357
-39.582 105.061 -33.1425 -0.234789 -0.822506 0.518033
-39.0003 104.421 -33.8982 -0.22854 -0.820048 0.524681
-38.5832 103.844 -34.6185 -0.23476 -0.817617 0.525685
-38.0591 103.025 -35.6764 -0.249833 -0.82298 0.510184
-37.9661 102.304 -36.8328 -0.260395 -0.819415 0.510552
-37.9409 101.759 -37.6795 -0.251979 -0.82146 0.511509
-38.0026 101.044 -38.9 -0.263102 -0.827602 0.495834
-38.047 100.57 -39.7484 -0.257394 -0.840708 0.476394
-38.1269 99.925 -40.9136 -0.252934 -0.836181 0.486648
-38.3005 99.4712 -41.8174 -0.245855 -0.852342 0.461593
-38.4697 98.9263 -42.9635 -0.251907 -0.86943 0.425012
-38.8058 98.6005 -43.8494 -0.266325 -0.87901 0.395444
-40.0915 98.8288 -44.2271 -0.268803 -0.876717 0.398865
-40.7831 99.4228 -43.4623 -0.293138 -0.864633 0.40802
-41.0338 99.9098 -42.6945 -0.300529 -0.840484 0.450854
-41.2559 100.411 -41.8663 -0.263658 -0.854933 0.446737
-41.5455 100.932 -41.0557 -0.28108 -0.835765 0.47133
-42.0353 101.731 -40.0008 -0.300755 -0.825012 0.478177
-42.4449 102.336 -39.1846 -0.317311 -0.823317 0.470243
-42.7319 102.745 -38.6992 -0.328724 -0.801116 0.500154
-42.9138 103.004 -38.4051 -0.328724 -0.801116 0.500153
