2.17866 114.24 -18.7606 -0.497994 -0.853793 0.151252
2.73617 113.813 -19.346 -0.452186 -0.878221 0.149595
3.43393 113.339 -20.2412 -0.41668 -0.896085 0.153002
2.87655 113.608 -20.1791 -0.415932 -0.89638 0.153307
2.24027 114.116 -19.2802 -0.506987 -0.849995 0.143087
1.90336 114.33 -19.1995 -0.506986 -0.849995 0.143087
1.62786 114.495 -19.1303 -0.447103 -0.888196 0.105859
1.59452 114.603 -18.344 -0.446049 -0.88955 0.098695
0.985502 115.002 -17.5581 -0.454731 -0.886237 0.0865916
0.141728 115.436 -17.2461 -0.417433 -0.906367 0.0651747
-0.419223 115.763 -16.154 -0.413036 -0.909391 0.0490776
-1.15629 116.151 -15.4488 -0.437015 -0.897278 0.0625298
-0.713285 115.901 -16.1266 -0.42837 -0.902315 0.0482297
-0.198566 115.583 -17.3555 -0.408839 -0.909599 0.0740338
0.489158 115.206 -18.0345 -0.457173 -0.883103 0.105334
1.05826 114.856 -18.4925 -0.453518 -0.885526 0.100451
1.39511 114.638 -18.9141 -0.447103 -0.888196 0.10586
1.12939 114.716 -19.3834 -0.44933 -0.887166 0.105035
0.542258 115.087 -18.7879 -0.453376 -0.884695 0.108466
-0.16856 115.516 -18.0227 -0.410654 -0.907851 0.0840431
-0.783629 115.852 -17.2877 -0.415607 -0.906206 0.077413
-1.32414 116.166 -16.5057 -0.418204 -0.90591 0.0665689
-1.9541 116.515 -15.6565 -0.404838 -0.911664 0.0705307
-2.54122 116.81 -14.744 -0.361621 -0.931694 0.0342822
-3.0835 117.053 -13.8875 -0.358753 -0.932844 0.0329163
-3.34492 117.187 -13.0257 -0.362734 -0.931187 0.0343676
-3.87226 117.415 -12.155 -0.348464 -0.937087 0.0111941
-3.93488 117.452 -10.8999 -0.329764 -0.944016 0.00194444
-3.34971 117.22 -11.4623 -0.344711 -0.938237 0.0297621
-2.86311 117.015 -12.3095 -0.368211 -0.929386 0.0256621
-2.27846 116.762 -13.1354 -0.366558 -0.930039 0.0257426
-1.77535 116.537 -13.9787 -0.367418 -0.929572 0.0300062
-1.14608 116.196 -14.7778 -0.432823 -0.898456 0.0737629
-0.0597641 115.616 -15.8392 -0.41304 -0.909389 0.0490774
0.606169 115.262 -16.6924 -0.432959 -0.898667 0.0680785
1.36405 114.837 -17.2894 -0.44028 -0.890745 0.108875
2.15677 114.346 -18.0826 -0.452019 -0.887146 0.0930046
2.83691 113.879 -18.6828 -0.489002 -0.857592 0.159416
3.36131 113.514 -19.4001 -0.418352 -0.896331 0.146876
4.33479 112.911 -20.2752 -0.384196 -0.901878 0.197509
4.77251 112.458 -21.4103 -0.396252 -0.891307 0.220354
4.06645 112.829 -21.2602 -0.429894 -0.885907 0.174059
3.05873 113.403 -20.875 -0.431631 -0.883727 0.18088
1.92801 114.174 -19.9929 -0.512805 -0.840432 0.175226
1.14987 114.704 -19.4027 -0.447103 -0.888196 0.105859
1.14127 114.709 -19.3948 -0.447103 -0.888196 0.10586
0.867407 114.796 -19.8378 -0.449699 -0.886429 0.109464
1.60192 114.272 -20.4744 -0.519501 -0.837534 0.169008
2.28346 113.722 -21.1179 -0.463995 -0.868553 0.164419
3.06434 113.276 -21.479 -0.43163 -0.883725 0.180892
4.07022 112.687 -22.0053 -0.426571 -0.88883 0.167388
5.01222 112.166 -22.2206 -0.471074 -0.854766 0.217776
5.534 112.103 -21.4849 -0.392345 -0.89315 0.219885
5.18328 112.498 -20.5102 -0.387504 -0.898707 0.204403
4.26987 113.077 -19.5188 -0.401845 -0.905041 0.139363
3.60024 113.527 -18.6201 -0.415366 -0.898852 0.139773
2.91273 113.981 -17.901 -0.470048 -0.872616 0.1261
2.33745 114.336 -17.3026 -0.452019 -0.887146 0.0930049
1.63647 114.766 -16.7728 -0.44028 -0.890745 0.108875
0.738407 115.254 -15.9495 -0.411598 -0.909138 0.0631106
0.133012 115.566 -15.3016 -0.404167 -0.912695 0.0603101
-0.593185 115.961 -14.3967 -0.431967 -0.899236 0.0689531
-1.29885 116.365 -13.4789 -0.399259 -0.914796 0.047086
-1.9943 116.663 -12.6593 -0.36656 -0.930038 0.0257373
-2.73392 116.991 -11.5413 -0.351442 -0.935683 0.0313943
-3.17717 117.174 -10.718 -0.34639 -0.938088 -0.00211409
-3.78244 117.391 -9.81632 -0.296667 -0.952777 -0.0431559
-4.71662 117.639 -9.48964 -0.317786 -0.943808 -0.090766
-4.61166 117.672 -10.4265 -0.281002 -0.958056 -0.0555716
-4.55242 117.66 -11.7415 -0.335336 -0.942055 0.00754642
-4.11976 117.499 -12.7422 -0.358414 -0.932501 0.0296576
-3.74709 117.31 -13.7419 -0.355883 -0.934029 0.0306135
-3.31209 117.108 -14.7674 -0.361614 -0.931697 0.0342818
-2.66517 116.821 -15.7828 -0.38322 -0.9217 0.0519421
-1.88706 116.41 -16.7097 -0.404773 -0.912328 0.0617736
-1.28291 116.05 -17.6846 -0.422371 -0.902816 0.080782
-0.554123 115.641 -18.5014 -0.412469 -0.906103 0.0940576
0.153126 115.224 -19.2935 -0.452467 -0.885415 0.106334
0.669169 114.916 -19.6756 -0.451558 -0.886135 0.10421
-1.85436 116.532 -14.8604 -0.420927 -0.904471 0.0665302
-2.35985 116.763 -14.1328 -0.361631 -0.931657 0.0352024
-1.85328 116.545 -14.6692 -0.399258 -0.914797 0.0470763
-1.82255 116.528 -14.7096 -0.431961 -0.899239 0.0689572
-1.77803 116.502 -14.7669 -0.434919 -0.897867 0.0681464
