-1.98645 117.265 -14.1518 -0.349731 -0.93647 0.0266904
-2.02298 117.28 -14.1115 -0.349735 -0.936468 0.0266941
-1.6917 117.167 -13.7243 -0.349735 -0.936468 0.0266941
-1.1178 116.921 -14.5429 -0.389568 -0.919856 0.0362536
-0.49642 116.609 -15.3514 -0.426174 -0.902879 0.0513943
-0.050692 116.334 -16.0839 -0.419441 -0.905104 0.0667055
0.659241 115.976 -16.6354 -0.407491 -0.910595 0.0690474
1.24715 115.659 -17.3009 -0.434208 -0.897097 0.0806703
1.99399 115.223 -18.0105 -0.445852 -0.89172 0.0777888
2.7268 114.768 -18.7784 -0.468228 -0.876491 0.109697
3.44151 114.237 -19.6838 -0.434905 -0.888832 0.140993
4.06436 113.854 -20.2995 -0.41697 -0.8929 0.168293
4.47993 113.476 -21.1362 -0.403183 -0.896177 0.183354
3.77629 113.81 -21.2174 -0.439955 -0.882429 0.16661
2.88606 114.339 -20.7973 -0.447698 -0.877149 0.173711
2.22569 114.803 -20.1818 -0.474212 -0.865802 0.158212
1.61065 115.225 -19.6006 -0.464252 -0.873948 0.1437
0.944961 115.644 -18.9047 -0.438541 -0.891549 0.113233
0.312498 115.999 -18.3549 -0.422362 -0.902523 0.0840366
-0.506435 116.436 -17.5293 -0.397458 -0.914748 0.0725523
-1.05123 116.73 -16.8805 -0.415054 -0.905118 0.0918059
-1.54016 117.029 -16.0848 -0.389675 -0.918213 0.0602954
-1.98394 117.235 -15.1782 -0.360682 -0.932242 0.0262882
-2.5236 117.468 -14.1805 -0.354563 -0.934669 0.0260518
-2.5496 117.501 -13.3191 -0.354502 -0.934708 0.025465
-3.28765 117.82 -12.0655 -0.337562 -0.940901 0.0124479
-2.94879 117.697 -11.946 -0.348303 -0.93698 0.0255884
-2.07129 117.329 -13.0719 -0.349732 -0.936151 0.0360936
-1.76817 117.2 -13.5694 -0.352543 -0.9355 0.0230431
-1.41338 117.073 -13.3025 -0.352056 -0.935259 0.0367179
-1.9299 117.298 -12.5017 -0.349732 -0.936151 0.0360937
-2.72456 117.623 -11.4094 -0.349189 -0.936921 0.0156985
-3.23585 117.786 -10.7144 -0.325459 -0.945473 -0.0125377
-4.15718 118.107 -10.9757 -0.325458 -0.945473 -0.0125439
-3.69189 117.959 -12.4225 -0.321347 -0.946949 -0.0049356
-3.5857 117.895 -13.3065 -0.354441 -0.934748 0.0248739
-3.1419 117.704 -14.1085 -0.352697 -0.935281 0.0290149
-2.49281 117.429 -15.0464 -0.350357 -0.936196 0.0277428
-2.17638 117.286 -16.0072 -0.360678 -0.932244 0.0262787
-1.68946 117.024 -16.8007 -0.407877 -0.908436 0.0915442
-1.15345 116.716 -17.54 -0.405591 -0.910976 0.0743963
-0.197348 116.206 -18.6186 -0.39915 -0.913197 0.0821681
0.734731 115.682 -19.421 -0.438544 -0.891548 0.113232
1.41011 115.251 -20.1082 -0.452056 -0.881578 0.134706
2.10097 114.739 -20.8287 -0.481135 -0.858457 0.177653
2.84162 114.236 -21.4553 -0.4448 -0.880061 0.16627
3.57188 113.784 -21.8922 -0.442379 -0.881243 0.166445
4.49192 113.266 -22.2968 -0.427044 -0.890903 0.154677
5.13238 113.092 -21.7276 -0.380423 -0.909115 0.169669
4.75059 113.484 -20.5192 -0.379953 -0.907582 0.178691
4.09099 113.959 -19.5907 -0.407522 -0.901026 0.148589
3.40987 114.375 -18.9343 -0.408513 -0.901232 0.144558
2.94881 114.72 -18.2149 -0.468228 -0.876491 0.109697
2.14843 115.19 -17.5066 -0.445854 -0.89172 0.0777829
1.52513 115.561 -16.9618 -0.422934 -0.901173 0.0911263
0.990298 115.855 -16.285 -0.407491 -0.910595 0.0690474
0.399377 116.167 -15.6341 -0.401675 -0.913648 0.0624861
-0.458633 116.619 -14.5937 -0.415138 -0.9092 0.0318718
-1.01017 116.906 -13.868 -0.378472 -0.924158 0.0401915
-1.32509 117.034 -13.427 -0.353701 -0.934896 0.0280531
-1.49558 117.049 -14.9918 -0.364004 -0.930511 0.0406346
-1.05899 116.847 -15.7475 -0.389675 -0.918213 0.0602954
-1.40669 117.002 -15.274 -0.364 -0.930512 0.0406309
-0.573216 116.549 -16.4556 -0.422237 -0.901797 0.0920773
0.228139 116.15 -16.9305 -0.412004 -0.909247 0.0593488
0.912584 115.793 -17.5399 -0.422558 -0.902475 0.0835642
1.39186 115.512 -18.1586 -0.434203 -0.897098 0.0806826
1.44775 115.44 -18.5621 -0.442328 -0.889761 0.112487
0.750254 115.815 -18.1306 -0.422362 -0.902523 0.0840367
0.0433873 116.203 -17.4121 -0.407119 -0.911357 0.0604384
-0.643584 116.545 -16.8176 -0.412239 -0.907631 0.0767994
-0.685332 116.576 -16.7037 -0.422237 -0.901797 0.0920773
1.85858 115.162 -19.1319 -0.446121 -0.887969 0.11175
2.54211 114.772 -19.3739 -0.470178 -0.869491 0.15101
2.37028 114.823 -19.6053 -0.461194 -0.874763 0.148625
1.97862 115.077 -19.3268 -0.453659 -0.881365 0.13019
3.06873 114.325 -20.3972 -0.454993 -0.876894 0.153554
3.59513 114.013 -20.6211 -0.442373 -0.881247 0.166438
3.56951 114.028 -20.6061 -0.446247 -0.878606 0.16999
