-43.3437 106.589 -33.9417 -0.302529 -0.809699 0.502778
-42.4716 105.999 -34.3855 -0.29341 -0.814639 0.500266
-41.7592 105.311 -35.0943 -0.29179 -0.816376 0.498387
-40.8548 104.444 -35.9908 -0.28212 -0.820102 0.497827
-40.3266 103.555 -37.1703 -0.282086 -0.822994 0.493061
-41.0137 103.608 -37.4746 -0.29112 -0.821395 0.490376
-41.5637 104.131 -36.9358 -0.317545 -0.810968 0.491423
-42.2427 104.796 -36.2506 -0.30897 -0.822705 0.477174
-42.9638 105.603 -35.3237 -0.313101 -0.825899 0.468891
-43.5644 106.183 -34.7279 -0.302539 -0.809695 0.502779
-44.4247 106.704 -34.4523 -0.353797 -0.809213 0.469043
-45.1723 107.237 -34.0965 -0.35329 -0.809461 0.468999
-44.2469 106.982 -33.8525 -0.316011 -0.816514 0.482711
-43.6995 106.75 -33.9026 -0.310691 -0.806314 0.503318
-43.2015 107.167 -32.8761 -0.313925 -0.825187 0.469593
-42.117 106.527 -33.2796 -0.299058 -0.821294 0.485636
-41.4626 106.005 -33.7822 -0.289213 -0.821393 0.491537
-40.7059 105.337 -34.4388 -0.288331 -0.818685 0.496608
-40.1545 104.789 -35.0244 -0.2783 -0.8224 0.496084
-39.6674 104.18 -35.7544 -0.283613 -0.821752 0.494254
-39.2739 103.472 -36.7153 -0.272241 -0.827462 0.49111
-39.1978 102.859 -37.7027 -0.274041 -0.826835 0.491168
-39.0816 102.157 -38.8447 -0.278778 -0.83274 0.478359
-39.1022 101.378 -40.219 -0.271818 -0.834492 0.47931
-39.2493 100.961 -41.0479 -0.273719 -0.841079 0.466545
-39.362 100.541 -41.8711 -0.271774 -0.843349 0.463555
-39.438 99.9051 -43.1024 -0.265063 -0.85566 0.444306
-39.9015 100.313 -42.6295 -0.29033 -0.844953 0.449179
-40.0444 100.821 -41.7799 -0.291163 -0.837625 0.462159
-40.5021 101.474 -40.8818 -0.287593 -0.839682 0.460656
-40.8967 102.137 -39.9169 -0.281301 -0.838467 0.466542
-41.2941 102.762 -39.0543 -0.282923 -0.827024 0.485607
-41.7995 103.404 -38.2824 -0.293977 -0.817964 0.494453
-42.5272 104.141 -37.5352 -0.311906 -0.808078 0.499725
-43.2952 104.913 -36.7415 -0.318963 -0.820749 0.473928
-43.8836 105.495 -36.1278 -0.333767 -0.817299 0.46917
-44.7358 106.222 -35.5178 -0.356573 -0.808905 0.46746
-45.5181 106.762 -35.1759 -0.353956 -0.809561 0.468323
-46.3313 107.321 -34.8546 -0.371605 -0.81042 0.452913
-47.4509 108.066 -34.4734 -0.390806 -0.798123 0.458538
-47.0942 108.313 -33.7454 -0.389092 -0.801354 0.454307
-46.1831 108.203 -33.1692 -0.370935 -0.805806 0.461609
-45.274 108.028 -32.7897 -0.333855 -0.815775 0.472284
-44.289 107.663 -32.7354 -0.319255 -0.822972 0.469886
-43.4777 107.308 -32.812 -0.313928 -0.825185 0.469594
-43.002 107.724 -31.7604 -0.313475 -0.826433 0.467698
-41.9345 107.149 -32.1004 -0.291112 -0.828491 0.47839
-40.9257 106.431 -32.7599 -0.277747 -0.821796 0.497501
-40.3027 105.923 -33.279 -0.255228 -0.825345 0.503258
-39.7152 105.403 -33.8036 -0.249546 -0.818972 0.516644
-39.1194 104.815 -34.4522 -0.243746 -0.814703 0.526163
-38.6321 104.195 -35.1753 -0.249499 -0.81032 0.530218
-38.2258 103.521 -36.064 -0.250777 -0.829532 0.498987
-38.0457 102.918 -36.9773 -0.259341 -0.830835 0.492398
-38.0451 102.447 -37.7763 -0.257918 -0.832916 0.489621
-37.938 101.734 -38.9222 -0.269544 -0.831891 0.484903
-37.9527 101.287 -39.7175 -0.274413 -0.838396 0.470924
-38.0609 100.645 -40.9282 -0.270188 -0.839538 0.471354
-38.1344 100.177 -41.8262 -0.258651 -0.846489 0.465355
-38.1159 99.7036 -42.7172 -0.25816 -0.862576 0.435104
-38.2531 99.3222 -43.5549 -0.26591 -0.868517 0.417823
-38.5884 99.0562 -44.3749 -0.271039 -0.877641 0.395328
-39.3807 99.1056 -44.8112 -0.273691 -0.878118 0.392432
-40.2644 99.5705 -44.3878 -0.27403 -0.876187 0.396463
-40.7133 100.033 -43.7362 -0.306816 -0.85958 0.40864
-41.0708 100.524 -42.9941 -0.305815 -0.845889 0.436531
-41.394 101.15 -42.0446 -0.293628 -0.838782 0.458505
-41.6257 101.686 -41.2088 -0.295072 -0.838491 0.458105
-41.89 102.21 -40.4253 -0.319541 -0.83789 0.442531
-42.3657 102.867 -39.5653 -0.348842 -0.81604 0.460851
-42.7159 103.399 -38.8855 -0.35159 -0.812059 0.465695
-43.4411 104.148 -38.1411 -0.352022 -0.812865 0.463979
-44.1156 104.777 -37.5405 -0.339616 -0.809709 0.477886
-44.8489 105.497 -36.8647 -0.359646 -0.80681 0.468735
-45.6474 106.149 -36.3433 -0.354194 -0.81215 0.463637
-46.4761 106.765 -35.9185 -0.384783 -0.803883 0.453516
-47.5012 107.424 -35.6354 -0.39165 -0.798206 0.45768
-48.2774 107.879 -35.5111 -0.393628 -0.796712 0.458592
-49.0922 108.432 -35.2573 -0.399747 -0.801666 0.444385
-49.0042 108.942 -34.2488 -0.393642 -0.805495 0.44297
-48.2527 109.069 -33.3697 -0.378162 -0.813472 0.441879
-47.3336 109.015 -32.6814 -0.379641 -0.812947 0.441578
-46.4155 108.873 -32.1826 -0.371099 -0.807708 0.458141
-45.4991 108.666 -31.8361 -0.33217 -0.820052 0.466023
-44.5969 108.386 -31.6863 -0.331374 -0.819937 0.46679
-43.4575 107.934 -31.6951 -0.319593 -0.822978 0.469647
-43.4388 107.931 -31.6881 -0.316537 -0.824707 0.468668
-43.4221 107.919 -31.6976 -0.313478 -0.826433 0.467696
