-41.7506 104.739 -37.2805 -0.318748 -0.819865 0.475609
-41.2472 104.224 -37.8357 -0.314945 -0.817491 0.482141
-40.5976 103.719 -38.2945 -0.275948 -0.827814 0.488443
-40.0862 103.554 -38.2858 -0.284442 -0.830773 0.478251
-40.6046 104.313 -37.2728 -0.297569 -0.824223 0.481744
-41.2081 105.183 -36.1955 -0.296527 -0.812151 0.502476
-41.67 105.771 -35.5039 -0.29614 -0.821095 0.487959
-42.4724 106.279 -35.1332 -0.291812 -0.824318 0.485125
-43.221 106.785 -34.7237 -0.291211 -0.823466 0.486925
-43.9742 107.247 -34.4852 -0.355432 -0.804533 0.475763
-44.8085 107.687 -34.3685 -0.357769 -0.80664 0.47046
-45.0049 107.561 -34.7322 -0.356912 -0.806862 0.470731
-44.2677 106.988 -35.1494 -0.358337 -0.804034 0.474472
-43.8058 106.617 -35.4304 -0.33205 -0.822062 0.462555
-43.0828 106.058 -35.9054 -0.332226 -0.819551 0.466838
-42.331 105.318 -36.6761 -0.322342 -0.821672 0.470053
-42.2348 105.233 -36.7587 -0.322538 -0.819991 0.472836
-43.0535 105.162 -37.4362 -0.323356 -0.818428 0.474991
-42.4308 104.519 -38.1199 -0.323003 -0.81772 0.476449
-41.7481 103.764 -38.9374 -0.330864 -0.812539 0.479906
-41.171 103.145 -39.6235 -0.30359 -0.842298 0.444986
-40.6798 102.642 -40.2604 -0.28575 -0.846441 0.449315
-40.3265 102.078 -41.0645 -0.302076 -0.835654 0.458704
-40.1216 101.593 -41.8204 -0.299054 -0.840609 0.451561
-39.645 100.737 -43.1386 -0.287119 -0.856365 0.428905
-38.8956 100.77 -42.5862 -0.269801 -0.859609 0.433793
-38.8596 101.33 -41.502 -0.283417 -0.845784 0.452022
-38.8925 101.789 -40.6672 -0.287476 -0.840546 0.459089
-38.9238 102.599 -39.2369 -0.289896 -0.834255 0.469019
-39.0034 103.29 -38.0795 -0.29632 -0.829289 0.473787
-39.3047 103.922 -37.1736 -0.281363 -0.822854 0.493673
-39.8704 104.758 -36.0827 -0.276765 -0.827743 0.488102
-40.5529 105.611 -35.1011 -0.302253 -0.814532 0.495157
-41.137 106.137 -34.5734 -0.290153 -0.824475 0.485852
-41.9786 106.749 -34.0443 -0.293708 -0.822226 0.487524
-42.9847 107.379 -33.6097 -0.305332 -0.810533 0.499809
-43.9762 107.869 -33.4505 -0.342995 -0.812407 0.471241
-44.9268 108.282 -33.4149 -0.35335 -0.813409 0.46207
-46.0025 108.565 -33.7393 -0.353264 -0.81333 0.462276
-46.805 108.736 -34.1146 -0.387687 -0.802715 0.453151
-47.6062 108.739 -34.8028 -0.399275 -0.798394 0.450717
-47.0076 108.131 -35.3556 -0.392661 -0.798082 0.457032
-46.2564 107.618 -35.608 -0.387399 -0.802914 0.452992
-45.4248 107.059 -35.9217 -0.361134 -0.806078 0.468809
-44.4433 106.379 -36.3265 -0.378017 -0.804899 0.457268
-43.691 105.761 -36.8464 -0.327035 -0.815559 0.477401
-43.1478 105.259 -37.3332 -0.324858 -0.81791 0.474856
-43.901 105.155 -38.0927 -0.360782 -0.818766 0.44609
-44.732 105.847 -37.4838 -0.386017 -0.804729 0.450784
-45.5822 106.489 -37.0624 -0.375694 -0.809907 0.450407
-46.6406 107.249 -36.5944 -0.381673 -0.807284 0.45013
-47.7065 107.912 -36.373 -0.409989 -0.796115 0.445097
-48.5023 108.426 -36.1819 -0.407822 -0.797557 0.444504
-49.2042 109.043 -35.7245 -0.413575 -0.80094 0.432908
-48.9485 109.392 -34.8397 -0.406235 -0.802539 0.436925
-48.0714 109.463 -33.9181 -0.394141 -0.806519 0.440659
-47.3361 109.426 -33.3353 -0.388328 -0.806099 0.446529
-46.1318 109.187 -32.7544 -0.364847 -0.804607 0.468484
-45.2316 108.995 -32.3915 -0.357222 -0.809659 0.465619
-44.3617 108.734 -32.2122 -0.334007 -0.817797 0.468666
-43.4709 108.282 -32.367 -0.325663 -0.821553 0.467874
-42.4764 107.813 -32.5256 -0.303347 -0.828401 0.47073
-41.6198 107.289 -32.9168 -0.287478 -0.82726 0.482697
-40.5888 106.522 -33.6128 -0.27755 -0.825379 0.49162
-39.7666 105.825 -34.3252 -0.270088 -0.818548 0.506579
-39.2152 105.281 -34.8775 -0.268962 -0.80939 0.522037
-38.8057 104.718 -35.5576 -0.265958 -0.825515 0.497786
-38.3643 104.112 -36.3242 -0.273461 -0.823596 0.496896
-38.0394 103.544 -37.0847 -0.272805 -0.823037 0.498183
-37.9254 103.037 -37.8933 -0.259948 -0.836017 0.483222
-37.8576 102.396 -38.949 -0.273061 -0.83185 0.482962
-37.8286 101.86 -39.8832 -0.275149 -0.841684 0.464493
-37.8335 101.327 -40.879 -0.271203 -0.848595 0.454241
-37.8475 100.832 -41.8197 -0.284984 -0.853302 0.436647
-37.8475 100.401 -42.6699 -0.27286 -0.864351 0.422408
-37.9124 99.8997 -43.7327 -0.269367 -0.864586 0.424185
-38.1525 99.5692 -44.6028 -0.278717 -0.873314 0.39947
-39.3855 99.6942 -45.2169 -0.281327 -0.875226 0.393461
-40.123 100.155 -44.6972 -0.260933 -0.878485 0.400221
-40.5793 100.655 -43.9543 -0.31727 -0.850489 0.419388
-40.8501 101.144 -43.1906 -0.316073 -0.846002 0.429394
-41.1737 101.713 -42.3057 -0.305829 -0.837137 0.453509
-41.6089 102.552 -41.0606 -0.313081 -0.834261 0.453853
-42.0858 103.103 -40.3721 -0.317332 -0.836841 0.446038
-42.5921 103.641 -39.7724 -0.351468 -0.817497 0.456255
-43.1323 104.316 -38.9812 -0.352734 -0.816248 0.457514
-43.571 104.81 -38.4377 -0.352711 -0.816195 0.457626
-43.6158 104.858 -38.3864 -0.357635 -0.812057 0.461094
