3.29395 114.996 -20.3231 -0.404378 -0.904205 0.137319
2.55069 115.462 -19.8164 -0.463252 -0.874596 0.143107
1.73258 115.973 -19.223 -0.437973 -0.889429 0.130749
2.71181 115.402 -19.6658 -0.457372 -0.876423 0.150644
3.20862 115.05 -20.2192 -0.400768 -0.905503 0.139433
3.29782 115.082 -19.7489 -0.428991 -0.891202 0.143709
3.9547 114.67 -20.5336 -0.400928 -0.905023 0.142093
4.27261 114.348 -21.4616 -0.412952 -0.890259 0.192119
3.40096 114.855 -20.957 -0.407822 -0.903391 0.132534
2.58834 115.338 -20.4513 -0.466609 -0.870314 0.156877
1.90042 115.78 -19.9732 -0.450612 -0.882013 0.136926
1.28925 116.178 -19.3155 -0.436993 -0.889877 0.130976
0.627575 116.562 -18.6365 -0.412793 -0.905762 0.0958995
-0.0875982 116.968 -17.7225 -0.396308 -0.913677 0.0899164
-0.665837 117.274 -16.9943 -0.386938 -0.919552 0.0685823
-1.09667 117.511 -16.1357 -0.366498 -0.929645 0.0364356
-1.64495 117.75 -15.2871 -0.357017 -0.933797 0.0218658
-2.22057 117.972 -14.3973 -0.347496 -0.937681 -0.000608805
-2.59426 118.137 -13.3977 -0.337852 -0.939548 0.0557213
-2.64119 118.206 -12.4493 -0.326503 -0.944816 0.0248462
-2.11673 117.976 -13.1406 -0.354 -0.933773 0.0524616
-1.60306 117.749 -13.9854 -0.338678 -0.940857 0.00919497
-0.844296 117.448 -14.8603 -0.365215 -0.930549 0.0263832
-0.343548 117.227 -15.743 -0.383653 -0.921759 0.0476516
0.373618 116.865 -16.4164 -0.404142 -0.912406 0.0645079
1.05279 116.511 -17.0971 -0.407991 -0.910545 0.0667215
1.62265 116.189 -17.7831 -0.429021 -0.898654 0.0914253
2.16805 115.866 -18.3881 -0.435271 -0.894162 0.104083
2.68422 115.51 -19.1215 -0.453372 -0.88095 0.134471
3.15435 115.184 -19.588 -0.457373 -0.876422 0.150649
3.45488 115.103 -19.1512 -0.428994 -0.891203 0.1437
4.23989 114.616 -20.0789 -0.400776 -0.905501 0.139424
4.72145 114.229 -21.0256 -0.425204 -0.891241 0.15777
4.95866 113.932 -21.9404 -0.402345 -0.897888 0.178647
4.11557 114.278 -22.1234 -0.412518 -0.891538 0.186976
3.12231 114.876 -21.5527 -0.426782 -0.882708 0.19668
2.36146 115.335 -21.0922 -0.469965 -0.866032 0.170647
1.62468 115.825 -20.5914 -0.450616 -0.882011 0.136927
1.07316 116.232 -19.6713 -0.436012 -0.890325 0.131203
0.25478 116.681 -19.1214 -0.407716 -0.908405 0.0923227
-0.420869 117.095 -17.8757 -0.389986 -0.916304 0.0910924
-1.08456 117.434 -17.2219 -0.3856 -0.91951 0.0758806
-1.65403 117.716 -16.45 -0.368351 -0.928507 0.0468201
-2.15479 117.934 -15.6212 -0.349389 -0.936811 0.0176804
-2.68368 118.144 -14.6013 -0.351777 -0.936064 0.00253191
-3.13022 118.32 -13.5612 -0.346962 -0.936995 0.0306905
-3.44364 118.478 -12.4995 -0.323354 -0.945654 0.0343638
-3.58521 118.518 -11.4165 -0.27337 -0.959968 -0.0610726
-2.97312 118.339 -11.3439 -0.301519 -0.951971 -0.0228739
-2.05616 117.996 -12.2936 -0.343699 -0.938989 0.013091
-1.5094 117.757 -13.004 -0.344858 -0.937389 0.0487242
-0.898565 117.496 -13.947 -0.351893 -0.935712 0.0182001
-0.348092 117.259 -14.6401 -0.365109 -0.930568 0.0271927
0.155841 117.031 -15.4302 -0.401968 -0.912994 0.069739
1.09432 116.538 -16.473 -0.408288 -0.910468 0.0659483
1.6829 116.23 -17.0808 -0.418651 -0.904623 0.0781617
2.31371 115.848 -17.8837 -0.429015 -0.898658 0.0914177
3.02309 115.397 -18.6787 -0.449371 -0.885478 0.118298
3.24299 115.254 -18.9118 -0.453372 -0.88095 0.134471
1.37948 116.238 -18.4247 -0.428729 -0.89861 0.0932248
1.0908 116.374 -18.4202 -0.412793 -0.905762 0.0958994
1.20337 116.311 -18.5333 -0.42076 -0.902186 0.0945648
1.08834 116.451 -17.7017 -0.405301 -0.910801 0.0777443
0.222163 116.855 -17.4831 -0.405292 -0.910805 0.0777392
-0.215884 117.101 -16.7497 -0.400335 -0.914251 0.0622613
0.622136 116.688 -17.3077 -0.407958 -0.910558 0.0667403
-1.01453 117.499 -15.4192 -0.364988 -0.930654 0.0258108
-1.02082 117.502 -15.4072 -0.365327 -0.930528 0.0255793
-1.0204 117.502 -15.408 -0.36533 -0.930526 0.0255766
