-41.9659 105.507 -37.3847 -0.322722 -0.81869 0.474965
-42.7115 106.156 -36.7752 -0.326759 -0.818005 0.473377
-43.5356 106.88 -36.0866 -0.327265 -0.822895 0.464479
-44.0755 107.318 -35.7344 -0.354246 -0.805561 0.474954
-45.0229 107.959 -35.3707 -0.3723 -0.805305 0.461387
-44.5325 107.809 -35.2405 -0.360262 -0.806718 0.46831
-43.3263 107.263 -35.2679 -0.337647 -0.811465 0.476645
-42.2717 106.576 -35.7561 -0.3139 -0.822179 0.474857
-41.5478 105.959 -36.3248 -0.308762 -0.819041 0.483403
-40.819 105.421 -36.7741 -0.306375 -0.819633 0.484084
-40.3108 104.713 -37.6576 -0.299566 -0.827897 0.47413
-40.0583 103.991 -38.7782 -0.299646 -0.831242 0.46824
-40.3761 104.047 -38.8879 -0.310435 -0.828554 0.465945
-40.9218 104.602 -38.2576 -0.311856 -0.83044 0.461644
-41.7033 105.296 -37.572 -0.320907 -0.819757 0.47436
-42.4761 105.153 -38.3724 -0.345548 -0.824111 0.448808
-43.1761 105.761 -37.8139 -0.349195 -0.816714 0.459392
-44.1519 106.616 -36.9905 -0.360774 -0.81947 0.444757
-44.9747 107.265 -36.5353 -0.377877 -0.800283 0.465571
-45.9543 107.916 -36.2087 -0.389455 -0.800295 0.455851
-46.8495 108.443 -36.0604 -0.39773 -0.798264 0.452312
-47.7212 109.139 -35.5987 -0.397848 -0.798893 0.451093
-46.8389 109.045 -34.9849 -0.397979 -0.799517 0.449873
-46.0306 108.912 -34.5154 -0.387448 -0.803367 0.452146
-45.1457 108.686 -34.2049 -0.358256 -0.812404 0.460057
-44.2126 108.313 -34.1344 -0.350806 -0.809479 0.470828
-43.3805 107.901 -34.221 -0.337641 -0.811466 0.476647
-42.5664 107.446 -34.4512 -0.317212 -0.818677 0.478668
-41.4712 106.737 -34.965 -0.296272 -0.821549 0.487114
-40.7763 106.168 -35.5021 -0.296784 -0.821328 0.487175
-40.1221 105.63 -35.997 -0.304401 -0.815634 0.492018
-39.6156 105.073 -36.6222 -0.281235 -0.824544 0.490894
-39.2941 104.542 -37.3162 -0.291815 -0.822339 0.488332
-39.0975 104.055 -38.0501 -0.299857 -0.831108 0.468343
-38.9262 103.431 -39.0438 -0.300075 -0.829934 0.470281
-38.7987 102.932 -39.8452 -0.2949 -0.836661 0.46146
-38.772 102.458 -40.7092 -0.295646 -0.841312 0.452535
-38.7799 101.998 -41.5895 -0.300753 -0.848762 0.434915
-38.7405 101.443 -42.6467 -0.265929 -0.861522 0.432506
-38.958 101.04 -43.6192 -0.277978 -0.873706 0.399208
-39.5 101.422 -43.1674 -0.311511 -0.856496 0.411322
-39.9527 102.04 -42.279 -0.288826 -0.847234 0.445842
-40.4124 102.584 -41.586 -0.319827 -0.832391 0.452588
-40.7971 103.089 -40.9156 -0.314961 -0.839267 0.443195
-41.2076 103.74 -40.0007 -0.328993 -0.824312 0.460731
-41.6638 104.362 -39.1992 -0.33709 -0.824508 0.454422
-42.3339 105.032 -38.4873 -0.343042 -0.825531 0.448131
-43.2009 105.01 -39.1996 -0.352375 -0.82122 0.448778
-43.9274 105.646 -38.5963 -0.366023 -0.817499 0.444403
-44.6258 106.282 -38.025 -0.381425 -0.814167 0.437776
-45.225 106.802 -37.5875 -0.386007 -0.810681 0.440221
-46.0461 107.434 -37.1471 -0.392217 -0.805825 0.44357
-46.8168 107.898 -36.9988 -0.409255 -0.798086 0.442005
-48.2132 108.638 -36.9761 -0.414477 -0.805535 0.423465
-49.0252 109.155 -36.8322 -0.433826 -0.797707 0.418879
-49.326 109.692 -36.1655 -0.436583 -0.784874 0.439715
-48.7132 109.897 -35.1719 -0.433564 -0.792896 0.42818
-47.9172 109.823 -34.5683 -0.404418 -0.794517 0.452977
-47.1464 109.705 -34.0787 -0.394611 -0.8045 0.443846
-46.2064 109.524 -33.5789 -0.392672 -0.803963 0.446601
-45.375 109.316 -33.271 -0.358251 -0.812342 0.46017
-44.2798 108.897 -33.1707 -0.35054 -0.813216 0.46454
-42.8969 108.24 -33.3209 -0.320338 -0.8173 0.478962
-41.7713 107.635 -33.628 -0.29658 -0.8236 0.483448
-40.929 107.11 -34.0035 -0.289762 -0.824634 0.485756
-40.0312 106.429 -34.6238 -0.287041 -0.822295 0.491364
-39.3893 105.867 -35.1568 -0.28258 -0.816621 0.502794
-38.8782 105.309 -35.8069 -0.259586 -0.827133 0.498464
-38.3234 104.571 -36.721 -0.27873 -0.822174 0.496327
-38.0233 103.951 -37.5935 -0.278153 -0.83112 0.48153
-37.9042 103.392 -38.491 -0.27578 -0.831404 0.482404
-37.7581 102.711 -39.5814 -0.285777 -0.831663 0.475948
-37.7574 101.995 -40.9237 -0.28257 -0.846498 0.451216
-37.7606 101.53 -41.8246 -0.285323 -0.853676 0.435676
-37.756 101.106 -42.6631 -0.292659 -0.856713 0.424729
-37.8514 100.683 -43.6005 -0.290889 -0.865237 0.408291
-37.9309 100.325 -44.4292 -0.294493 -0.866645 0.402741
-38.3219 100.093 -45.215 -0.289212 -0.868045 0.40355
-39.4301 100.424 -45.2858 -0.284998 -0.870755 0.4007
-40.0204 100.869 -44.7507 -0.298885 -0.864677 0.403728
-40.4871 101.447 -43.8642 -0.303637 -0.861611 0.406701
-40.9871 102.071 -42.9654 -0.311745 -0.851188 0.422249
-41.2743 102.574 -42.2237 -0.320311 -0.834708 0.447933
-41.7525 103.193 -41.3948 -0.314455 -0.840972 0.440322
-42.1596 103.755 -40.6698 -0.344921 -0.820019 0.456725
-42.7589 104.562 -39.6701 -0.346089 -0.822011 0.45224
-42.9541 104.76 -39.4585 -0.349279 -0.820347 0.452794
