3.31034 115.737 -20.4374 -0.419785 -0.895554 0.145174
2.71465 116.09 -20.1214 -0.455167 -0.880886 0.129854
2.06754 116.516 -19.4765 -0.439941 -0.888402 0.130857
1.30434 116.985 -18.9129 -0.411432 -0.901881 0.126324
1.2742 117.068 -18.135 -0.398575 -0.913358 0.0807796
1.80003 116.735 -18.9068 -0.448455 -0.884807 0.12651
2.77028 116.114 -19.7795 -0.443573 -0.884696 0.143375
2.89064 116.032 -19.9119 -0.443573 -0.884696 0.143375
3.18817 115.902 -19.7948 -0.443573 -0.884696 0.143375
2.29603 116.49 -18.8647 -0.443638 -0.887272 0.126113
1.62884 116.914 -18.0311 -0.416656 -0.905619 0.0790702
0.933039 117.294 -17.1846 -0.392534 -0.916735 0.0742512
0.25443 117.644 -16.2209 -0.383531 -0.921496 0.0612261
-0.321803 117.888 -15.4507 -0.354621 -0.935002 0.00402462
-0.885247 118.107 -14.538 -0.345896 -0.93826 0.00500944
-1.47328 118.329 -13.7304 -0.337536 -0.940271 0.0331105
-2.21303 118.596 -13.6033 -0.333211 -0.941927 0.0214449
-1.66909 118.402 -14.9114 -0.357866 -0.933771 -0.00211184
-1.29875 118.253 -15.79 -0.35299 -0.935579 0.00806562
-0.737761 118.027 -16.6693 -0.371095 -0.92672 0.0574096
-0.20439 117.754 -17.4283 -0.383371 -0.920402 0.0755563
0.382648 117.452 -18.0145 -0.386343 -0.918023 0.089291
0.851675 117.187 -18.7554 -0.380495 -0.921097 0.0824892
1.58807 116.73 -19.6377 -0.442693 -0.885935 0.138358
2.57624 116.102 -20.5233 -0.455167 -0.880886 0.129854
3.20973 115.688 -21.019 -0.427496 -0.890771 0.150159
4.09535 115.241 -21.3887 -0.396204 -0.906575 0.145405
3.69679 115.57 -20.4229 -0.395901 -0.906548 0.1464
3.30969 115.817 -19.947 -0.419785 -0.895554 0.145174
3.63759 115.72 -19.661 -0.396008 -0.90641 0.146963
2.82665 116.248 -18.7196 -0.438836 -0.889731 0.125707
2.27965 116.61 -18.082 -0.432555 -0.895214 0.102786
1.52129 117.031 -17.2714 -0.416329 -0.905624 0.0807193
1.04871 117.293 -16.5005 -0.386666 -0.920155 0.0616808
0.540735 117.56 -15.6977 -0.369071 -0.928251 0.0326309
-0.153924 117.831 -14.7604 -0.352989 -0.935572 0.0101959
-0.75147 118.061 -13.964 -0.337537 -0.940271 0.0331062
-1.38204 118.319 -13.3885 -0.328354 -0.942677 0.0595033
-1.92024 118.555 -12.5877 -0.329401 -0.942434 0.0575221
-2.67115 118.829 -11.9015 -0.298637 -0.953864 0.0309835
-2.9123 118.857 -13.3521 -0.314962 -0.947828 0.0441015
-2.48866 118.705 -14.311 -0.335128 -0.942063 -0.0143454
-1.95263 118.506 -15.5908 -0.357295 -0.933938 0.0100242
-1.55718 118.345 -16.4352 -0.35299 -0.935579 0.00806557
-0.952169 118.078 -17.2283 -0.37109 -0.926721 0.0574203
-0.43698 117.799 -17.9666 -0.384071 -0.919024 0.0887976
0.133766 117.493 -18.6626 -0.385207 -0.918523 0.0890445
0.797323 117.122 -19.4978 -0.380166 -0.917832 0.114271
1.37707 116.749 -20.2427 -0.437189 -0.89087 0.123356
2.0306 116.339 -20.8267 -0.456771 -0.877981 0.142603
3.09505 115.648 -21.5823 -0.427488 -0.890772 0.150168
4.02893 115.165 -21.9852 -0.388318 -0.896547 0.213102
4.54095 115.059 -21.2571 -0.490303 -0.862529 0.125089
4.15958 115.388 -20.3016 -0.39591 -0.906545 0.146391
3.83227 115.596 -19.9013 -0.396007 -0.906411 0.146963
0.908602 117.272 -17.5904 -0.389438 -0.91738 0.081764
0.216434 117.582 -17.3882 -0.383371 -0.920402 0.0755563
-0.397791 117.889 -16.6129 -0.383102 -0.921639 0.0617622
0.450322 117.501 -17.1479 -0.385098 -0.920825 0.0614596
0.874393 117.291 -17.5363 -0.392537 -0.916735 0.0742449
-0.465542 117.94 -15.8606 -0.354623 -0.935001 0.00402929
-0.945747 118.127 -14.9843 -0.349447 -0.936914 0.00759908
-1.46744 118.324 -14.262 -0.351875 -0.936017 0.00144498
-1.11054 118.186 -15.3202 -0.35299 -0.935579 0.00806562
-0.900604 118.104 -15.9302 -0.348687 -0.937219 0.00610818
-0.715567 118.034 -16.1242 -0.351658 -0.936109 0.00507031
