-41.2005 105.389 -38.3685 -0.316681 -0.825552 0.467094
-41.7994 105.902 -37.8826 -0.327848 -0.817234 0.473954
-42.5071 106.395 -37.5279 -0.329502 -0.818266 0.471014
-43.2885 107.079 -36.8916 -0.340035 -0.82012 0.460111
-43.8144 107.622 -36.303 -0.345519 -0.811474 0.471042
-44.6967 108.376 -35.7001 -0.394367 -0.801256 0.449959
-44.1791 108.046 -35.8617 -0.35802 -0.803349 0.475869
-43.2248 107.585 -35.9467 -0.333015 -0.819592 0.466229
-42.432 107.101 -36.2307 -0.332851 -0.819622 0.466294
-41.6994 106.518 -36.7422 -0.330556 -0.822751 0.462398
-41.607 105.987 -37.6037 -0.32457 -0.818406 0.474201
-40.5386 105.304 -38.0699 -0.325395 -0.823355 0.464886
-40.1379 104.711 -38.8455 -0.319241 -0.828076 0.46084
-40.0021 104.033 -39.988 -0.305581 -0.838312 0.451501
-40.3161 104.296 -39.7186 -0.332145 -0.832459 0.443447
-40.6854 104.806 -39.0662 -0.331857 -0.829545 0.449051
-40.5849 105.282 -38.1411 -0.316681 -0.825552 0.467094
-39.5651 105.245 -37.5013 -0.291162 -0.829771 0.475958
-39.1776 104.72 -38.1926 -0.297977 -0.833373 0.46551
-38.9968 104.207 -38.9948 -0.298699 -0.832649 0.466341
-38.911 103.659 -39.9465 -0.303835 -0.840035 0.449473
-38.7794 103.023 -41.0404 -0.297408 -0.84296 0.448202
-38.7926 102.608 -41.8448 -0.294221 -0.848774 0.439323
-38.6875 102.026 -42.9235 -0.289974 -0.857179 0.425628
-39.0242 101.653 -43.9363 -0.30065 -0.863726 0.40427
-39.712 102.251 -43.203 -0.310725 -0.858191 0.408605
-40.2558 103.001 -42.0701 -0.300662 -0.842738 0.446333
-40.6657 103.517 -41.3973 -0.318773 -0.829034 0.459176
-41.0671 104.056 -40.7337 -0.328604 -0.828434 0.453304
-41.4874 104.696 -39.86 -0.337033 -0.826718 0.450474
-41.968 105.213 -39.2512 -0.33724 -0.832258 0.440018
-42.6739 105.848 -38.6266 -0.35407 -0.821419 0.447108
-43.5611 106.57 -38.0293 -0.370179 -0.818075 0.439775
-44.5201 107.376 -37.3424 -0.390942 -0.807719 0.44131
-45.2434 107.91 -37.0097 -0.394367 -0.801255 0.44996
-46.1132 108.508 -36.7095 -0.393442 -0.803134 0.447395
-47.0328 109.147 -36.3959 -0.402182 -0.800347 0.444579
-46.8307 109.443 -35.6699 -0.399535 -0.803213 0.441831
-46.0541 109.359 -35.1267 -0.389636 -0.802052 0.452654
-45.0177 109.067 -34.7732 -0.373041 -0.810352 0.451851
-44.1061 108.697 -34.6957 -0.352495 -0.810138 0.468426
-43.2497 108.207 -34.888 -0.357991 -0.804069 0.474674
-42.4597 107.763 -35.1036 -0.32557 -0.816112 0.477457
-41.7005 107.275 -35.4187 -0.316592 -0.818715 0.478942
-41.0545 106.747 -35.8966 -0.306751 -0.818852 0.485076
-40.4115 106.077 -36.6458 -0.297186 -0.825323 0.480127
-39.7873 105.47 -37.2496 -0.289865 -0.821837 0.490405
-39.0764 105.709 -36.4302 -0.298194 -0.81409 0.498177
-39.6801 106.343 -35.7482 -0.284818 -0.824173 0.489297
-40.1796 106.867 -35.1605 -0.292889 -0.821761 0.488799
-40.9667 107.457 -34.6432 -0.303481 -0.818485 0.487834
-41.7497 107.955 -34.2921 -0.311718 -0.81876 0.482037
-42.6621 108.482 -34.0042 -0.320639 -0.817585 0.478271
-43.638 109.019 -33.7747 -0.352163 -0.814402 0.461228
-44.4931 109.386 -33.796 -0.361973 -0.806758 0.46703
-45.6753 109.807 -34.0042 -0.387514 -0.802343 0.453947
-46.4988 110.039 -34.3017 -0.388803 -0.803325 0.45111
-47.5263 110.15 -35.0228 -0.400627 -0.800661 0.445467
-48.5049 110.257 -35.8012 -0.43229 -0.793483 0.428381
-49.0492 110.013 -36.8322 -0.445906 -0.797033 0.407316
-48.5345 109.412 -37.4084 -0.453192 -0.785992 0.420516
-47.6698 108.947 -37.3681 -0.429926 -0.796865 0.424212
-46.3455 108.086 -37.6697 -0.410755 -0.797907 0.440866
-45.2616 107.291 -38.1516 -0.387959 -0.80825 0.442968
-44.4738 106.643 -38.6576 -0.382097 -0.816686 0.432464
-43.6996 105.987 -39.2134 -0.382628 -0.817321 0.430792
-42.9334 105.246 -39.9379 -0.368588 -0.819171 0.439112
-42.4154 104.719 -40.5204 -0.337621 -0.828988 0.445861
-41.9832 104.023 -41.4807 -0.337306 -0.8277 0.448483
-41.4516 103.43 -42.1614 -0.344667 -0.828053 0.442192
-41.0143 102.881 -42.8807 -0.33322 -0.846911 0.413841
-40.6819 102.42 -43.5971 -0.316458 -0.854218 0.412429
-40.1788 101.685 -44.7386 -0.302877 -0.85951 0.411714
-39.4018 101.058 -45.5089 -0.290492 -0.871121 0.395932
-38.4965 100.636 -45.774 -0.290076 -0.87104 0.396415
-37.847 100.659 -45.2426 -0.295774 -0.86852 0.397733
-37.6921 101.111 -44.1418 -0.295057 -0.868078 0.399221
-37.5332 101.448 -43.2883 -0.293616 -0.86218 0.412528
-37.6547 101.885 -42.4971 -0.293354 -0.85519 0.427309
-37.7509 102.382 -41.5797 -0.302607 -0.845946 0.439095
-37.7426 103.069 -40.2585 -0.301736 -0.842144 0.446915
-37.9252 103.558 -39.4692 -0.300501 -0.836681 0.457791
-38.0383 104.321 -38.186 -0.291825 -0.834314 0.467717
-38.3047 104.861 -37.4074 -0.293242 -0.82576 0.481798
-38.5665 105.227 -36.939 -0.293241 -0.825761 0.481797
-38.7712 105.421 -36.7307 -0.290766 -0.823074 0.487806
