-39.6753 104.057 -41.1039 -0.314668 -0.844662 0.432926
-40.0253 104.486 -40.5416 -0.324046 -0.838589 0.437907
-40.5649 105.127 -39.7437 -0.334381 -0.824969 0.455648
-41.4602 105.871 -39.0341 -0.325741 -0.830982 0.450957
-42.3532 106.781 -38.0421 -0.333404 -0.819734 0.465702
-43.0905 107.339 -37.6109 -0.379628 -0.816636 0.434727
-43.8926 107.97 -37.1315 -0.379988 -0.813684 0.439913
-44.629 108.596 -36.65 -0.403012 -0.802938 0.439173
-44.3955 108.635 -36.3653 -0.402139 -0.804965 0.436236
-43.6133 108.164 -36.5335 -0.381092 -0.812466 0.441211
-42.7704 107.712 -36.6858 -0.333481 -0.823889 0.458254
-41.9236 107.152 -37.0754 -0.33386 -0.823584 0.458527
-41.2257 106.505 -37.7281 -0.325702 -0.823275 0.464905
-40.6932 105.894 -38.4439 -0.332345 -0.826979 0.453489
-40.0886 105.244 -39.1877 -0.324791 -0.825875 0.460914
-39.811 104.717 -39.9421 -0.318882 -0.835985 0.44652
-39.7382 104.382 -40.5285 -0.320462 -0.83919 0.43939
-38.7551 104.113 -40.3264 -0.314665 -0.844666 0.43292
-38.6441 103.638 -41.1933 -0.306046 -0.845272 0.437824
-38.5968 103.06 -42.2764 -0.292418 -0.850348 0.437493
-38.5841 102.63 -43.1196 -0.297297 -0.853468 0.428026
-38.5478 102.231 -43.9248 -0.298013 -0.867831 0.397565
-39.0645 102.162 -44.4719 -0.307353 -0.866675 0.392948
-39.6638 102.788 -43.5957 -0.325279 -0.854198 0.405635
-40.0097 103.27 -42.877 -0.32737 -0.846889 0.419003
-40.4076 103.911 -41.9272 -0.327341 -0.836365 0.439679
-40.8054 104.42 -41.2451 -0.324062 -0.838755 0.437577
-41.4967 105.123 -40.4514 -0.338084 -0.829828 0.443942
-42.0053 105.677 -39.8304 -0.349979 -0.819383 0.45401
-42.5394 106.24 -39.2102 -0.370438 -0.817889 0.440266
-43.1862 106.804 -38.7029 -0.374638 -0.819289 0.434034
-43.937 107.417 -38.2043 -0.379632 -0.816636 0.434724
-44.7436 108.063 -37.7116 -0.389556 -0.811771 0.435055
-45.8604 108.812 -37.3795 -0.407839 -0.795748 0.447719
-46.6314 109.277 -37.2385 -0.450018 -0.790884 0.414712
-47.4232 109.894 -36.9071 -0.442245 -0.800201 0.405088
-46.7952 109.944 -36.1502 -0.415439 -0.798562 0.435289
-45.847 109.7 -35.7307 -0.401939 -0.802264 0.441381
-44.9632 109.374 -35.5264 -0.395481 -0.803214 0.445468
-43.9267 108.89 -35.5121 -0.365361 -0.805459 0.466635
-42.976 108.414 -35.6259 -0.351901 -0.807564 0.473203
-42.1519 107.919 -35.8758 -0.335065 -0.816109 0.470847
-41.3366 107.35 -36.2946 -0.330441 -0.824371 0.459588
-40.655 106.747 -36.8775 -0.335362 -0.821144 0.461795
-39.9685 106.043 -37.6432 -0.333032 -0.824704 0.457114
-39.3737 105.338 -38.5065 -0.326251 -0.832261 0.448221
-38.9408 104.708 -39.3495 -0.3173 -0.832778 0.453652
-38.7961 104.308 -39.9833 -0.318881 -0.835986 0.446519
-37.8853 104.215 -39.5361 -0.301498 -0.836996 0.45664
-37.7298 103.554 -40.6997 -0.307846 -0.850453 0.426569
-37.5706 102.779 -42.1019 -0.315361 -0.846449 0.429036
-37.5871 102.292 -43.1049 -0.311014 -0.857055 0.410765
-37.4887 101.716 -44.2569 -0.29694 -0.86873 0.396402
-37.5384 101.349 -45.0999 -0.297564 -0.869559 0.394111
-37.9135 101.102 -45.9296 -0.298946 -0.870889 0.390053
-38.797 101.36 -46.0105 -0.290737 -0.872766 0.392112
-39.5996 101.796 -45.6612 -0.315721 -0.859821 0.401283
-40.1648 102.381 -44.8513 -0.313825 -0.858542 0.405464
-40.5459 102.925 -44.0049 -0.323274 -0.852441 0.410777
-41.0182 103.62 -42.9729 -0.333596 -0.843405 0.421167
-41.5305 104.348 -41.9587 -0.344355 -0.835045 0.429092
-42.085 104.876 -41.3958 -0.351656 -0.83605 0.42114
-42.6089 105.478 -40.6989 -0.39461 -0.811722 0.43057
-43.1071 106.075 -40.0166 -0.382214 -0.818899 0.428152
-43.8481 106.744 -39.4051 -0.383417 -0.817968 0.428857
-44.843 107.555 -38.7546 -0.391011 -0.814104 0.429348
-45.6423 108.163 -38.3575 -0.424863 -0.797904 0.427517
-46.9315 108.976 -38.1247 -0.442769 -0.792517 0.419319
-48.0306 109.706 -37.9428 -0.458678 -0.784229 0.417803
-48.9345 110.402 -37.6165 -0.463129 -0.784575 0.412255
-48.4598 110.698 -36.4788 -0.453954 -0.797708 0.396973
-47.6807 110.68 -35.6815 -0.432636 -0.789776 0.434832
-46.9055 110.487 -35.2648 -0.418119 -0.794178 0.440624
-45.8908 110.245 -34.7802 -0.397254 -0.799701 0.450091
-45.0526 109.912 -34.6468 -0.388405 -0.799997 0.457325
-44.1213 109.524 -34.5634 -0.363834 -0.80897 0.461727
-42.8955 108.924 -34.6844 -0.344376 -0.810717 0.473438
-41.624 108.196 -35.0501 -0.318826 -0.819542 0.476075
-40.7993 107.646 -35.4293 -0.323634 -0.812787 0.484394
-40.2225 107.136 -35.9299 -0.300394 -0.819334 0.4883
-39.5891 106.567 -36.491 -0.296534 -0.8196 0.490228
-38.9358 105.779 -37.4131 -0.294294 -0.821451 0.48847
-38.4032 105.199 -38.1057 -0.295116 -0.83428 0.465707
-38.079 104.696 -38.789 -0.302536 -0.832471 0.464143
-38.0452 104.636 -38.8767 -0.303997 -0.834866 0.458895
-37.9055 104.284 -39.4234 -0.303998 -0.834868 0.458891
