-44.8575 108.989 -37.5778 -0.409287 -0.797658 0.442769
-44.8878 109.27 -37.0887 -0.402076 -0.80813 0.430414
-44.0935 108.834 -37.1638 -0.402381 -0.806586 0.433023
-43.3109 108.379 -37.3096 -0.385225 -0.814303 0.43418
-42.2365 107.679 -37.7039 -0.353542 -0.821216 0.44788
-41.2528 106.925 -38.3183 -0.337559 -0.827684 0.448311
-40.3426 106.224 -38.9365 -0.337974 -0.828721 0.446084
-39.7869 105.625 -39.6209 -0.339854 -0.826259 0.449216
-39.4896 105.026 -40.5092 -0.328779 -0.837421 0.436612
-39.3115 104.479 -41.4254 -0.324983 -0.842386 0.429763
-39.6135 104.45 -41.7208 -0.33717 -0.844654 0.415781
-40.1265 105.156 -40.7449 -0.336859 -0.834905 0.435258
-40.6874 105.794 -39.989 -0.33822 -0.82642 0.450152
-41.1629 106.296 -39.433 -0.343058 -0.832557 0.434925
-42.1728 106.956 -39.0084 -0.384586 -0.816897 0.429816
-42.6183 107.492 -38.3724 -0.381745 -0.821218 0.424114
-43.4772 108.064 -38.0536 -0.388154 -0.81624 0.427888
-44.3587 108.633 -37.7735 -0.397006 -0.802463 0.445465
-44.5772 108.789 -37.6878 -0.397006 -0.802463 0.445465
-44.8557 108.468 -38.5139 -0.409288 -0.797659 0.442767
-45.673 109.077 -38.1999 -0.413203 -0.801226 0.432554
-46.3716 109.587 -37.9517 -0.449874 -0.793415 0.410007
-47.1645 110.099 -37.8338 -0.449857 -0.795025 0.406875
-46.9482 110.443 -36.913 -0.449306 -0.797097 0.403435
-45.8784 110.161 -36.3481 -0.405713 -0.806185 0.430654
-44.9958 109.811 -36.1723 -0.402076 -0.80813 0.430414
-43.8764 109.206 -36.2689 -0.401208 -0.807695 0.432038
-42.9218 108.682 -36.3957 -0.386105 -0.813567 0.434775
-41.8449 108.043 -36.7279 -0.343723 -0.821558 0.454859
-40.8434 107.318 -37.2918 -0.336702 -0.8234 0.456776
-40.1691 106.737 -37.852 -0.337972 -0.828723 0.446083
-39.4418 106.037 -38.5974 -0.340186 -0.827575 0.446534
-38.8786 105.325 -39.4852 -0.340194 -0.826709 0.448128
-38.6356 104.808 -40.2835 -0.328628 -0.837121 0.4373
-38.4829 104.325 -41.106 -0.321045 -0.847055 0.423591
-38.3637 103.802 -42.0568 -0.318427 -0.846611 0.426437
-38.3171 103.16 -43.3164 -0.318456 -0.856452 0.406077
-38.2671 102.659 -44.3705 -0.312802 -0.863116 0.396465
-38.5663 102.477 -45.0001 -0.310277 -0.865332 0.393582
-39.1901 102.937 -44.4891 -0.308905 -0.86383 0.397966
-39.6773 103.413 -43.8568 -0.323284 -0.8517 0.412402
-40.0669 103.986 -43.0164 -0.339543 -0.837883 0.427391
-40.4913 104.565 -42.1973 -0.336265 -0.845292 0.415218
-41.0112 105.161 -41.4206 -0.336864 -0.834904 0.435257
-41.5835 105.692 -40.852 -0.36713 -0.825083 0.42835
-42.1888 106.351 -40.161 -0.38875 -0.815658 0.428409
-42.937 106.972 -39.6616 -0.38743 -0.813697 0.433353
-43.5003 107.492 -39.1666 -0.384728 -0.818311 0.427012
-44.1897 108.003 -38.8015 -0.38233 -0.819385 0.427093
-44.7736 108.41 -38.5457 -0.38871 -0.810239 0.43845
-44.8965 108.038 -39.3812 -0.436883 -0.799419 0.412387
-44.2656 107.516 -39.8132 -0.387709 -0.816527 0.427743
-43.7518 107.007 -40.3239 -0.384588 -0.816895 0.429818
-43.1261 106.505 -40.7177 -0.388751 -0.815651 0.428421
-42.4019 105.843 -41.3294 -0.392389 -0.820971 0.414775
-41.6499 105.017 -42.226 -0.369078 -0.830898 0.41524
-41.175 104.515 -42.8678 -0.342644 -0.845897 0.408722
-40.7605 103.881 -43.7807 -0.345466 -0.836158 0.426019
-40.3798 103.36 -44.5318 -0.347778 -0.846166 0.403798
-39.8923 102.823 -45.2874 -0.311673 -0.867793 0.387034
-39.3222 102.304 -45.9706 -0.309937 -0.864071 0.396587
-38.1245 101.724 -46.3312 -0.301999 -0.870621 0.388348
-37.4843 101.789 -45.6893 -0.301295 -0.869922 0.390457
-37.3737 102.342 -44.3726 -0.300496 -0.868482 0.39425
-37.4054 102.789 -43.4184 -0.2972 -0.866585 0.400835
-37.4685 103.321 -42.3714 -0.294359 -0.853841 0.429312
-37.5556 103.796 -41.4609 -0.319998 -0.84733 0.423831
-37.7113 104.423 -40.3345 -0.316956 -0.841429 0.437589
-38.146 105.33 -38.9789 -0.306547 -0.830816 0.464477
-38.5021 105.828 -38.3111 -0.301506 -0.831639 0.466303
-39.3129 106.693 -37.3341 -0.315768 -0.821481 0.474826
-39.8842 107.208 -36.826 -0.299656 -0.828101 0.473767
-40.5187 107.775 -36.2368 -0.312384 -0.817979 0.482852
-41.3679 108.329 -35.8773 -0.32346 -0.815137 0.480517
-42.2891 108.889 -35.5748 -0.346572 -0.807944 0.476564
-43.2463 109.388 -35.452 -0.37199 -0.798517 0.47328
-44.3439 109.962 -35.3372 -0.3919 -0.799442 0.455309
-45.2412 110.376 -35.3672 -0.395727 -0.803031 0.445439
-46.5966 110.867 -35.7406 -0.431505 -0.786994 0.44071
-47.5157 111.069 -36.3153 -0.435607 -0.789992 0.431287
-48.2924 111.143 -37.0369 -0.451959 -0.797202 0.400252
-48.7925 111.015 -37.8859 -0.487001 -0.775131 0.402494
-48.438 110.43 -38.6277 -0.473946 -0.788811 0.391347
-47.3986 109.773 -38.7341 -0.462217 -0.790097 0.40262
-46.5284 109.213 -38.8477 -0.449788 -0.79205 0.412731
-45.6635 108.606 -39.0942 -0.436206 -0.800695 0.410617
-45.6026 108.559 -39.1192 -0.436886 -0.799419 0.412384
