-42.6074 108.397 -38.0828 -0.389327 -0.823632 0.412291
-41.8883 107.871 -38.4652 -0.385739 -0.81618 0.430181
-41.1607 107.307 -38.8825 -0.367103 -0.822243 0.434453
-40.4741 106.671 -39.5567 -0.34002 -0.834211 0.434124
-40.0776 106.159 -40.2202 -0.341601 -0.828522 0.44369
-39.7932 105.682 -40.8916 -0.339592 -0.829288 0.443796
-39.5768 105.134 -41.7968 -0.35377 -0.838515 0.414415
-39.6993 105.137 -41.8945 -0.350662 -0.839241 0.415584
-39.9998 105.628 -41.1624 -0.363412 -0.832082 0.418965
-41.0588 106.398 -40.5357 -0.377558 -0.826014 0.418126
-41.7202 107.069 -39.8277 -0.377514 -0.821767 0.426828
-42.3763 107.675 -39.2655 -0.380463 -0.814628 0.437755
-43.2648 108.401 -38.6976 -0.387991 -0.815902 0.42868
-44.0098 109.023 -38.1877 -0.392553 -0.818363 0.419612
-42.6566 108.423 -38.0787 -0.397103 -0.820832 0.410541
-42.1942 108.686 -37.1805 -0.356372 -0.820308 0.447252
-43.1724 109.186 -37.064 -0.402791 -0.814019 0.418439
-43.985 109.645 -36.979 -0.410818 -0.802244 0.433166
-44.8303 110.13 -36.8814 -0.410421 -0.809183 0.420449
-45.8422 110.569 -37.0464 -0.436431 -0.798249 0.414935
-46.7414 110.88 -37.4183 -0.454907 -0.793138 0.404772
-47.4197 110.85 -38.274 -0.472819 -0.786099 0.398091
-46.4095 110.15 -38.4958 -0.45079 -0.798821 0.398337
-45.3315 109.497 -38.598 -0.443089 -0.793948 0.416315
-44.5783 108.937 -38.8869 -0.401386 -0.811065 0.425506
-43.8142 108.307 -39.3738 -0.393687 -0.814285 0.42651
-43.1394 107.717 -39.8689 -0.396366 -0.807765 0.436361
-42.3972 107.038 -40.507 -0.386851 -0.830099 0.401599
-41.7125 106.371 -41.1952 -0.392272 -0.816924 0.422797
-41.0267 105.77 -41.7641 -0.363976 -0.829068 0.424461
-40.4495 105.153 -42.4944 -0.352201 -0.841778 0.409039
-40.0305 104.593 -43.3017 -0.350022 -0.84694 0.400189
-39.4405 103.942 -44.1415 -0.342257 -0.838771 0.423466
-39.0106 103.452 -44.8266 -0.317818 -0.860083 0.399
-38.3045 103.063 -45.1108 -0.315354 -0.864411 0.391558
-38.2747 103.614 -43.9049 -0.318898 -0.85735 0.404048
-38.3318 104.196 -42.6967 -0.318631 -0.860761 0.396944
-38.5015 104.683 -41.8085 -0.326873 -0.838537 0.435827
-38.709 105.343 -40.7053 -0.335075 -0.83342 0.439455
-39.0214 105.905 -39.8863 -0.33758 -0.830062 0.443889
-39.4598 106.485 -39.1173 -0.337413 -0.835959 0.432811
-40.0185 106.997 -38.565 -0.335934 -0.830406 0.444307
-40.5706 107.506 -38.0523 -0.337171 -0.823584 0.456098
-41.2607 108.003 -37.6689 -0.349219 -0.818766 0.455547
-41.994 108.551 -37.2659 -0.360427 -0.815896 0.452112
-41.6748 108.932 -36.3231 -0.35211 -0.814825 0.460519
-42.9756 109.586 -36.1734 -0.38038 -0.800799 0.461901
-43.8288 110.089 -36.0376 -0.386922 -0.810234 0.440166
-44.7338 110.558 -35.9881 -0.393347 -0.806099 0.442135
-45.6311 110.959 -36.1091 -0.4287 -0.789496 0.439218
-46.6571 111.343 -36.4199 -0.446805 -0.788663 0.421575
-47.7973 111.609 -37.2144 -0.465699 -0.787112 0.404449
-48.5495 111.578 -38.1911 -0.483085 -0.782156 0.393525
-48.5875 111.126 -39.1337 -0.48128 -0.783435 0.393185
-47.6687 110.487 -39.2897 -0.479544 -0.78518 0.391829
-46.8315 109.964 -39.3351 -0.451339 -0.792907 0.40938
-45.8168 109.35 -39.3954 -0.449703 -0.791318 0.414161
-44.7291 108.526 -39.8282 -0.420498 -0.807439 0.413425
-43.6431 107.593 -40.6062 -0.405241 -0.816028 0.412139
-43.0468 106.953 -41.3072 -0.389562 -0.823513 0.412195
-42.3991 106.428 -41.7257 -0.39395 -0.819805 0.4156
-41.7992 105.821 -42.342 -0.384436 -0.821976 0.419934
-41.2829 105.265 -42.9825 -0.348323 -0.845072 0.405616
-40.6073 104.419 -44.1467 -0.345668 -0.839544 0.419138
-39.9526 103.667 -45.1247 -0.33399 -0.853143 0.400373
-39.3317 102.979 -46.1276 -0.320597 -0.862111 0.392405
-38.4227 102.425 -46.6284 -0.309929 -0.868348 0.387171
-37.5558 102.215 -46.4115 -0.305015 -0.872825 0.380975
-37.2262 102.568 -45.3443 -0.301984 -0.869345 0.391124
-37.2485 103.002 -44.4186 -0.307607 -0.865855 0.394526
-37.3456 103.527 -43.3508 -0.319412 -0.85845 0.401297
-37.3129 104.003 -42.3168 -0.31245 -0.85943 0.404665
-37.5904 104.61 -41.282 -0.322566 -0.841708 0.432971
-37.8428 105.282 -40.164 -0.329237 -0.836333 0.438268
-38.128 105.816 -39.3763 -0.329946 -0.828147 0.452963
-38.4323 106.346 -38.6087 -0.312798 -0.835624 0.451528
-39.1031 106.977 -37.9301 -0.334404 -0.82492 0.45572
-39.7321 107.588 -37.2907 -0.328559 -0.822043 0.465074
-40.8314 108.363 -36.7094 -0.338005 -0.821642 0.458973
-41.168 108.621 -36.4973 -0.33528 -0.820024 0.463839
-41.4158 108.789 -36.3784 -0.34368 -0.817743 0.461628
