-44.131 109.564 -38.7662 -0.425338 -0.806709 0.410253
-43.2221 109.005 -38.9567 -0.396129 -0.813961 0.42491
-42.4947 108.522 -39.2016 -0.395329 -0.813721 0.426102
-41.8212 107.813 -39.937 -0.388598 -0.818604 0.422891
-41.038 107.013 -40.7926 -0.375108 -0.82638 0.419978
-40.2273 106.269 -41.5414 -0.366 -0.831224 0.418373
-39.7743 105.711 -42.2912 -0.354227 -0.840922 0.409112
-39.2483 105.22 -42.8458 -0.35286 -0.844383 0.403058
-39.6217 105.673 -42.2376 -0.355804 -0.840955 0.407674
-39.465 105.989 -41.4475 -0.356924 -0.837676 0.413352
-40.1077 106.817 -40.3479 -0.366 -0.831225 0.418372
-40.5491 107.354 -39.7199 -0.353941 -0.81525 0.458358
-41.2492 107.899 -39.2478 -0.376056 -0.825684 0.420016
-42.1723 108.557 -38.8404 -0.39114 -0.817419 0.422847
-42.9633 109.068 -38.5887 -0.399631 -0.816767 0.416158
-43.8025 109.583 -38.3967 -0.417143 -0.803468 0.424745
-44.6115 110.017 -38.3814 -0.431712 -0.799152 0.418212
-44.9887 110.093 -38.6361 -0.439318 -0.800202 0.408259
-44.2157 109.62 -38.7434 -0.425337 -0.806708 0.410256
-44.5627 109.413 -39.5106 -0.432389 -0.803378 0.409343
-43.7138 108.82 -39.7878 -0.428415 -0.8042 0.411975
-42.9512 108.199 -40.2464 -0.398169 -0.812559 0.425687
-42.1062 107.403 -41.021 -0.394157 -0.831568 0.391325
-41.363 106.71 -41.7168 -0.406273 -0.820373 0.402406
-40.8142 106.163 -42.3028 -0.385098 -0.826698 0.410207
-40.2309 105.459 -43.2044 -0.352852 -0.844384 0.403064
-39.7109 104.819 -44.1115 -0.347532 -0.849894 0.396082
-39.2329 104.285 -44.8277 -0.337638 -0.850636 0.402951
-38.6597 103.727 -45.566 -0.331928 -0.860108 0.387347
-38.0061 103.759 -44.9547 -0.315534 -0.865683 0.388606
-38.0937 104.194 -44.08 -0.324822 -0.862584 0.387866
-38.2231 104.828 -42.7992 -0.34257 -0.851193 0.397632
-38.4106 105.288 -41.982 -0.347194 -0.846279 0.403993
-38.7333 105.919 -40.9957 -0.342053 -0.831126 0.438439
-39.1289 106.516 -40.1629 -0.336701 -0.834625 0.435928
-39.525 107.019 -39.5248 -0.35747 -0.825975 0.4351
-40.6775 108.003 -38.5437 -0.338542 -0.828326 0.446375
-41.4612 108.555 -38.1775 -0.391166 -0.820172 0.417501
-42.2993 109.135 -37.8272 -0.392795 -0.818718 0.418823
-43.3746 109.82 -37.5349 -0.412838 -0.804791 0.42647
-44.6259 110.519 -37.4474 -0.429359 -0.807888 0.403692
-45.7713 111.03 -37.6561 -0.43971 -0.797839 0.412441
-46.6677 111.265 -38.1899 -0.4705 -0.78702 0.399035
-46.7233 110.853 -39.072 -0.484506 -0.782805 0.39046
-45.9843 110.338 -39.2428 -0.453745 -0.791366 0.409701
-45.1564 109.795 -39.4006 -0.439441 -0.800046 0.408435
-44.8291 109.589 -39.451 -0.439445 -0.800044 0.408434
-45.1077 109.347 -40.225 -0.439227 -0.799885 0.408978
-43.9411 108.456 -40.7312 -0.426787 -0.803764 0.414507
-43.3282 107.916 -41.1894 -0.411148 -0.82022 0.39774
-42.659 107.296 -41.8072 -0.395679 -0.831278 0.390404
-42.0575 106.735 -42.344 -0.395316 -0.817895 0.418059
-41.5281 106.205 -42.876 -0.387452 -0.82119 0.418771
-40.7912 105.279 -44.0755 -0.361509 -0.841167 0.401868
-40.3582 104.742 -44.8346 -0.348829 -0.84545 0.404392
-39.8009 104.144 -45.6016 -0.334423 -0.852766 0.400836
-39.2796 103.648 -46.2593 -0.32069 -0.861367 0.393955
-38.5658 103.152 -46.7597 -0.325471 -0.85981 0.393441
-37.6306 102.889 -46.5849 -0.306778 -0.872387 0.380557
-37.0648 103.173 -45.4906 -0.315887 -0.863676 0.392785
-37.085 103.591 -44.5827 -0.319982 -0.863696 0.38941
-37.2229 104.014 -43.7556 -0.32091 -0.86401 0.387945
-37.4124 104.772 -42.2581 -0.316097 -0.858089 0.404673
-37.7066 105.461 -41.0635 -0.328187 -0.839612 0.432486
-38.2294 106.288 -39.9165 -0.336692 -0.831003 0.442722
-38.9387 107.178 -38.7636 -0.334493 -0.831926 0.442716
-39.4368 107.691 -38.1818 -0.338545 -0.828326 0.446373
-40.1287 108.195 -37.7768 -0.338993 -0.826432 0.449548
-40.8072 108.663 -37.435 -0.343112 -0.820064 0.457926
-41.6319 109.219 -37.0936 -0.381413 -0.803791 0.456556
-42.5412 109.789 -36.8452 -0.376656 -0.808184 0.452735
-43.5838 110.477 -36.519 -0.405184 -0.805207 0.432918
-44.7656 111.033 -36.5696 -0.402202 -0.800048 0.444855
-45.9659 111.583 -36.7892 -0.44083 -0.798518 0.409921
-46.9766 111.855 -37.394 -0.470484 -0.786275 0.40052
-47.7067 111.978 -38.0207 -0.484278 -0.785023 0.386279
-48.4196 111.932 -39.0059 -0.484289 -0.784331 0.387672
-48.1254 111.389 -39.7353 -0.484064 -0.784491 0.387628
-47.2667 110.75 -39.9467 -0.485168 -0.780958 0.393341
-46.4571 110.234 -40.0062 -0.467266 -0.793063 0.390786
-45.7016 109.74 -40.0948 -0.454606 -0.794123 0.402984
-45.5998 109.675 -40.1118 -0.439224 -0.799888 0.408976
