-39.2626 105.867 -43.0506 -0.362423 -0.838043 0.407838
-39.7843 106.468 -42.2806 -0.375207 -0.82987 0.412628
-40.8234 107.356 -41.4405 -0.384628 -0.831408 0.401026
-41.4072 107.865 -40.9625 -0.391111 -0.827238 0.403373
-42.0343 108.48 -40.3185 -0.394668 -0.821561 0.411419
-42.7027 109.095 -39.7495 -0.402666 -0.814012 0.418622
-43.2345 109.722 -39.0402 -0.40008 -0.813376 0.422296
-42.3999 109.251 -39.1608 -0.3975 -0.812737 0.425973
-41.6821 108.745 -39.464 -0.388923 -0.818229 0.423342
-40.8081 107.949 -40.2136 -0.383094 -0.82216 0.421037
-40.1643 107.209 -41.1015 -0.391873 -0.82695 0.403223
-39.7132 106.537 -42.0688 -0.374925 -0.839076 0.393794
-39.419 106.121 -42.6674 -0.363355 -0.837931 0.40724
-38.4738 105.883 -42.3332 -0.347108 -0.84676 0.40313
-38.2232 105.351 -43.2417 -0.344738 -0.852174 0.39364
-38.0798 104.921 -44.0495 -0.343331 -0.852866 0.393375
-37.9976 104.373 -45.212 -0.337726 -0.858447 0.38599
-38.4602 104.402 -45.5487 -0.337889 -0.856514 0.390146
-39.1847 104.984 -44.8933 -0.345457 -0.856161 0.38425
-39.7705 105.615 -44.0264 -0.352442 -0.845952 0.400024
-40.259 106.185 -43.2796 -0.375209 -0.829873 0.41262
-40.7928 106.778 -42.6103 -0.387099 -0.826338 0.408941
-41.5842 107.448 -41.9801 -0.38399 -0.831728 0.400974
-42.1871 107.973 -41.4882 -0.417046 -0.812631 0.407067
-42.8934 108.629 -40.8629 -0.400151 -0.829085 0.39051
-43.7579 109.354 -40.3042 -0.440441 -0.797486 0.412344
-44.6101 110.011 -39.932 -0.443437 -0.800261 0.403524
-45.6314 110.74 -39.6409 -0.464414 -0.791316 0.397483
-46.4547 111.328 -39.4582 -0.475081 -0.787155 0.393299
-46.4142 111.543 -38.9776 -0.47521 -0.787046 0.393363
-45.3199 111.208 -38.3753 -0.445219 -0.79405 0.413841
-44.3263 110.699 -38.2807 -0.446343 -0.793645 0.413408
-43.5045 110.293 -38.2114 -0.41161 -0.807256 0.422984
-42.5162 109.785 -38.2468 -0.394284 -0.817233 0.420321
-41.4522 109.113 -38.5496 -0.390679 -0.81559 0.426829
-40.7816 108.613 -38.9022 -0.36824 -0.822393 0.4336
-39.9894 107.855 -39.6627 -0.379382 -0.823039 0.422702
-39.4957 107.279 -40.3379 -0.356982 -0.829271 0.429272
-38.9471 106.605 -41.2284 -0.342527 -0.845281 0.410091
-38.6464 106.167 -41.8837 -0.355233 -0.842343 0.405188
-37.7851 106.13 -41.2389 -0.341386 -0.846083 0.409389
-38.1083 106.703 -40.3629 -0.340226 -0.83165 0.438868
-38.6162 107.212 -39.7913 -0.337262 -0.833784 0.437084
-39.1414 107.725 -39.2126 -0.332559 -0.834706 0.438942
-39.8373 108.503 -38.3085 -0.368241 -0.822393 0.433599
-41.0005 109.291 -37.7792 -0.38098 -0.821329 0.424241
-42.0448 109.984 -37.4321 -0.397743 -0.812563 0.426076
-42.8928 110.434 -37.3511 -0.407154 -0.802686 0.435707
-43.7284 110.849 -37.3784 -0.413144 -0.803236 0.429096
-44.6269 111.309 -37.4406 -0.441232 -0.795204 0.415858
-45.8231 111.833 -37.7022 -0.442804 -0.798316 0.408187
-46.895 112.202 -38.2503 -0.475662 -0.783884 0.399087
-47.7571 112.374 -38.9682 -0.495412 -0.783504 0.375081
-47.9852 112.007 -40.0416 -0.495672 -0.784117 0.373457
-47.1403 111.306 -40.3588 -0.498588 -0.775833 0.386644
-46.1407 110.637 -40.4625 -0.475043 -0.787367 0.392922
-45.1981 109.97 -40.6899 -0.457366 -0.798082 0.392277
-44.3031 109.254 -41.1036 -0.446549 -0.801075 0.398588
-43.6292 108.698 -41.5145 -0.432378 -0.819669 0.375756
-42.9611 108.113 -42.0075 -0.425474 -0.813822 0.395809
-42.3209 107.51 -42.562 -0.406981 -0.824124 0.393372
-41.7202 107.012 -43.0225 -0.392131 -0.824667 0.407306
-41.1195 106.402 -43.6572 -0.389165 -0.821603 0.416556
-40.6951 105.888 -44.3282 -0.386245 -0.835349 0.39116
-40.2462 105.387 -44.9595 -0.35072 -0.856161 0.379452
-39.5372 104.648 -45.9272 -0.339553 -0.850305 0.401875
-38.8072 104.054 -46.6047 -0.331454 -0.858911 0.390369
-37.956 103.531 -47.0554 -0.326198 -0.865208 0.380801
-37.1077 103.429 -46.5702 -0.308735 -0.872808 0.378005
-37.0155 103.855 -45.5348 -0.31619 -0.865696 0.388065
-37.1259 104.309 -44.6056 -0.318442 -0.866693 0.383976
-37.2523 104.797 -43.6179 -0.324314 -0.859765 0.394386
-37.4672 105.472 -42.3402 -0.331245 -0.857262 0.39418
-37.5484 105.804 -41.714 -0.341755 -0.846859 0.407465
-37.6211 105.887 -41.6041 -0.341386 -0.846084 0.409388
