-43.8767 110.463 -39.7842 -0.428736 -0.810748 0.398589
-42.9888 110.016 -39.7465 -0.418475 -0.811738 0.407381
-41.9094 109.304 -40.0654 -0.418354 -0.815626 0.399668
-40.9553 108.656 -40.4305 -0.38848 -0.825781 0.40884
-40.3046 108.044 -41.0577 -0.392202 -0.82523 0.406377
-39.8023 107.436 -41.827 -0.391775 -0.832606 0.391509
-39.3739 106.895 -42.557 -0.384026 -0.833383 0.397488
-39.0514 106.316 -43.472 -0.35139 -0.84698 0.398937
-39.1633 106.323 -43.5618 -0.378919 -0.838784 0.390975
-39.6416 106.826 -42.9603 -0.384469 -0.83337 0.397088
-40.266 107.41 -42.3394 -0.385002 -0.83305 0.397243
-40.8943 107.99 -41.739 -0.391687 -0.828694 0.399804
-41.4143 108.536 -41.1228 -0.401117 -0.82249 0.403125
-42.2327 109.152 -40.7099 -0.415603 -0.814483 0.404823
-42.9208 109.692 -40.3312 -0.41687 -0.815151 0.402178
-43.5113 110.32 -39.6816 -0.42873 -0.810753 0.398585
-43.5324 110.781 -38.7833 -0.419216 -0.810628 0.408829
-42.7541 110.328 -38.8843 -0.419141 -0.810951 0.408263
-41.8967 109.752 -39.1597 -0.397773 -0.81445 0.422432
-41.0903 109.202 -39.4679 -0.389126 -0.823162 0.413502
-40.2576 108.589 -39.9051 -0.389282 -0.823346 0.41299
-39.6024 107.992 -40.4804 -0.396884 -0.822425 0.407554
-39.1505 107.477 -41.0884 -0.385704 -0.836353 0.389476
-38.7443 106.945 -41.8428 -0.381821 -0.836746 0.392463
-38.3639 106.308 -42.8779 -0.351446 -0.85147 0.389211
-38.0639 105.676 -43.9644 -0.350508 -0.848034 0.397471
-37.8779 105.091 -45.0944 -0.345891 -0.862234 0.36989
-38.484 105.003 -45.8761 -0.346827 -0.85771 0.37937
-39.116 105.514 -45.2997 -0.346835 -0.857705 0.379373
-39.6749 106.062 -44.626 -0.378234 -0.841152 0.386526
-40.1787 106.664 -43.8206 -0.384722 -0.833241 0.397112
-40.8541 107.425 -42.8786 -0.384988 -0.833082 0.397188
-41.7415 108.188 -42.159 -0.391675 -0.8287 0.399802
-42.3622 108.754 -41.6466 -0.413608 -0.816173 0.403472
-43.0063 109.302 -41.2051 -0.417599 -0.812794 0.406174
-43.9317 110.008 -40.7593 -0.430487 -0.806503 0.405259
-44.789 110.574 -40.5507 -0.462657 -0.794413 0.392884
-45.6407 111.169 -40.384 -0.479485 -0.791758 0.378436
-46.3067 111.753 -40.0668 -0.494896 -0.773275 0.396387
-46.2245 112.014 -39.4572 -0.475708 -0.785114 0.396608
-45.4002 111.684 -39.1211 -0.480437 -0.776263 0.407891
-44.4815 111.259 -38.8833 -0.447203 -0.794306 0.411202
-43.6552 110.848 -38.7767 -0.433349 -0.802509 0.409781
-43.5834 111.238 -37.9478 -0.430751 -0.7976 0.421784
-42.3598 110.52 -38.1233 -0.410528 -0.80725 0.424046
-41.5363 109.994 -38.3648 -0.395096 -0.811361 0.430805
-40.7778 109.472 -38.6524 -0.403284 -0.808038 0.429368
-39.5857 108.58 -39.312 -0.379012 -0.823164 0.422789
-38.692 107.72 -40.2283 -0.357853 -0.822276 0.442496
-38.0311 106.933 -41.2492 -0.343359 -0.84483 0.410325
-37.5713 106.233 -42.3355 -0.345405 -0.851925 0.393598
-37.2815 105.693 -43.2552 -0.337917 -0.852072 0.399731
-37.0975 105.025 -44.5616 -0.319471 -0.867086 0.382225
-36.9404 104.468 -45.7011 -0.3286 -0.867036 0.374379
-36.8458 104.043 -46.5991 -0.309387 -0.871961 0.379427
-37.5094 104.057 -47.1283 -0.332757 -0.86242 0.381392
-38.3171 104.439 -46.9814 -0.336061 -0.858996 0.386251
-39.0497 104.922 -46.5512 -0.338814 -0.857916 0.386244
-39.6102 105.395 -45.9953 -0.355429 -0.849266 0.389978
-40.0797 105.899 -45.36 -0.371705 -0.841271 0.392554
-40.9349 106.809 -44.2581 -0.389481 -0.831673 0.395755
-41.3855 107.329 -43.6054 -0.389696 -0.83229 0.394247
-41.9622 107.853 -43.0893 -0.396224 -0.830144 0.39226
-42.5273 108.386 -42.5962 -0.426967 -0.814701 0.392379
-43.4852 109.234 -41.8725 -0.43357 -0.81374 0.387097
-44.3118 109.871 -41.4831 -0.447998 -0.803126 0.392792
-45.2351 110.473 -41.3099 -0.478686 -0.78791 0.387373
-46.0907 111.102 -41.0879 -0.488973 -0.787343 0.375153
-46.981 111.772 -40.9031 -0.513976 -0.774118 0.369554
-47.6642 112.566 -40.1866 -0.508348 -0.776106 0.373116
-47.1014 112.694 -39.1841 -0.487952 -0.784812 0.382064
-46.4363 112.579 -38.5926 -0.475534 -0.785087 0.39687
-45.3043 112.086 -38.2208 -0.467131 -0.782811 0.41109
-44.278 111.581 -38.0427 -0.449732 -0.7908 0.415174
-44.2568 111.572 -38.0381 -0.448032 -0.792329 0.414105
-43.763 111.33 -37.9657 -0.448036 -0.792327 0.414103
