-41.0134 108.543 -42.2812 -0.416517 -0.819228 0.394088
-41.3716 109.047 -41.592 -0.415262 -0.823379 0.386787
-41.9217 109.442 -41.346 -0.415889 -0.816172 0.401124
-42.4934 109.961 -40.8847 -0.417089 -0.815091 0.402073
-43.2929 110.495 -40.6565 -0.4388 -0.811025 0.386903
-43.678 110.905 -40.2372 -0.43222 -0.805045 0.406278
-42.8184 110.352 -40.432 -0.425811 -0.809588 0.40403
-41.9769 109.855 -40.5629 -0.417146 -0.815859 0.40045
-41.015 109.158 -40.981 -0.406676 -0.823763 0.3947
-40.5198 108.64 -41.5716 -0.394867 -0.827995 0.398127
-39.9752 108.138 -42.0893 -0.389116 -0.832663 0.394032
-39.5116 107.634 -42.6993 -0.3893 -0.833237 0.392635
-39.3109 107.156 -43.5214 -0.389354 -0.836359 0.385884
-39.6525 107.178 -43.816 -0.380851 -0.838064 0.390641
-40.1883 107.686 -43.2618 -0.390189 -0.831905 0.394555
-40.7126 108.185 -42.7215 -0.390805 -0.833239 0.391133
-40.8929 108.392 -42.4609 -0.404336 -0.824117 0.396295
-41.5402 108.502 -42.9113 -0.417875 -0.815 0.401443
-40.8627 107.825 -43.6315 -0.389559 -0.830573 0.397986
-40.2796 107.265 -44.2407 -0.380655 -0.83789 0.391206
-39.6215 106.669 -44.8755 -0.38046 -0.837715 0.391769
-38.9678 106.118 -45.4508 -0.367605 -0.849457 0.378456
-38.2973 105.559 -46.099 -0.34336 -0.859447 0.378748
-37.7338 105.412 -45.925 -0.341901 -0.86058 0.3775
-37.8373 105.995 -44.6903 -0.344929 -0.860222 0.375556
-38.0405 106.415 -43.9152 -0.346123 -0.855893 0.38424
-38.3394 106.953 -42.9913 -0.348108 -0.854106 0.386422
-38.7123 107.528 -42.1307 -0.389037 -0.833224 0.392923
-39.358 108.187 -41.374 -0.395887 -0.830828 0.39115
-39.9277 108.711 -40.8357 -0.394298 -0.829849 0.394798
-40.6934 109.368 -40.2106 -0.406677 -0.823761 0.394702
-41.455 109.918 -39.8877 -0.419922 -0.815369 0.398546
-42.1867 110.427 -39.6216 -0.422575 -0.811035 0.404539
-43.0053 110.924 -39.4848 -0.43222 -0.805045 0.406278
-44.1875 111.602 -39.4139 -0.445742 -0.799754 0.401928
-45.0249 112.026 -39.5567 -0.469649 -0.787676 0.398744
-45.9043 112.315 -40.0439 -0.506914 -0.777439 0.372177
-45.6814 111.862 -40.6976 -0.497962 -0.782858 0.373051
-44.9527 111.328 -40.8518 -0.462867 -0.792617 0.396786
-44.1561 110.748 -41.1222 -0.453289 -0.803966 0.384925
-43.3649 110.089 -41.583 -0.442421 -0.808464 0.388125
-42.4013 109.322 -42.1126 -0.42201 -0.821607 0.383156
-41.8048 108.803 -42.5761 -0.416522 -0.819227 0.394086
-41.6294 108.617 -42.7708 -0.417874 -0.815 0.401444
-42.1311 108.56 -43.4343 -0.428341 -0.816495 0.387117
-42.7435 109.123 -42.9283 -0.429508 -0.817267 0.384146
-43.6458 109.848 -42.4134 -0.445128 -0.808712 0.384498
-44.3078 110.419 -41.9826 -0.449033 -0.805771 0.386119
-45.1813 111.05 -41.7138 -0.480848 -0.790158 0.380047
-46.082 111.74 -41.4994 -0.516856 -0.774719 0.364241
-47.0798 112.573 -41.1422 -0.516208 -0.772114 0.370633
-47.0749 112.996 -40.2586 -0.513221 -0.771931 0.3751
-46.2485 112.872 -39.374 -0.517347 -0.76886 0.375775
-45.4476 112.583 -38.9543 -0.479008 -0.780567 0.401383
-44.6271 112.212 -38.7196 -0.469631 -0.788147 0.397833
-43.1483 111.417 -38.6651 -0.435862 -0.803272 0.40593
-42.3569 110.949 -38.7684 -0.419296 -0.807008 0.415843
-41.1694 110.18 -39.0925 -0.404222 -0.810368 0.424118
-40.1697 109.478 -39.4798 -0.38351 -0.822053 0.420558
-39.1213 108.557 -40.3778 -0.386634 -0.824502 0.413113
-38.5189 108.037 -40.8464 -0.367998 -0.838299 0.401528
-38.0465 107.546 -41.4465 -0.344164 -0.84215 0.415119
-37.6659 107.05 -42.1729 -0.348315 -0.853625 0.387299
-37.3659 106.513 -43.0888 -0.346116 -0.855894 0.384243
-37.1294 105.96 -44.1217 -0.344022 -0.860363 0.376064
-36.8956 105.399 -45.1919 -0.343752 -0.860317 0.376417
-36.7884 105.001 -46.0038 -0.343685 -0.860145 0.376869
-37.0944 104.578 -47.2501 -0.330235 -0.865544 0.376521
-38.1146 104.864 -47.4971 -0.336253 -0.861297 0.380866
-38.9025 105.503 -46.7749 -0.355134 -0.849418 0.390196
-39.6786 106.049 -46.2952 -0.367603 -0.849457 0.378457
-40.2694 106.687 -45.4782 -0.392083 -0.836737 0.382281
-41.1788 107.635 -44.3764 -0.409582 -0.828302 0.382303
-42.043 108.475 -43.5168 -0.428324 -0.817339 0.385352
-42.1296 108.559 -43.436 -0.428332 -0.816917 0.386236
