-40.4031 108.545 -43.222 -0.407767 -0.824974 0.390628
-40.9814 109.134 -42.5993 -0.419966 -0.824894 0.37839
-41.6965 109.751 -42.0676 -0.42915 -0.818826 0.381255
-42.3746 110.258 -41.742 -0.433324 -0.817327 0.379717
-43.3203 111.015 -41.2336 -0.445484 -0.809625 0.382166
-42.9104 111.077 -40.6321 -0.429849 -0.807464 0.40402
-42.2457 110.524 -41.0436 -0.428771 -0.810639 0.398765
-41.385 109.842 -41.5274 -0.426135 -0.817936 0.38651
-40.5597 109.222 -41.9596 -0.407021 -0.824673 0.392744
-39.9368 108.723 -42.3799 -0.390642 -0.835129 0.387245
-39.3877 108.126 -43.1129 -0.388496 -0.834342 0.391058
-38.922 107.603 -43.7648 -0.39174 -0.833454 0.389735
-38.7868 106.964 -45.0338 -0.386451 -0.83987 0.381146
-39.461 107.579 -44.3618 -0.385164 -0.840172 0.381784
-40.0286 108.111 -43.7727 -0.384819 -0.835138 0.393004
-40.2927 108.471 -43.2693 -0.386275 -0.833661 0.394716
-40.9006 108.472 -43.9288 -0.432888 -0.81723 0.380452
-41.5483 109.167 -43.1637 -0.42657 -0.821628 0.378108
-42.2231 109.763 -42.6349 -0.433325 -0.817328 0.379714
-43.0476 110.375 -42.267 -0.441492 -0.812405 0.380852
-43.9389 111.079 -41.8181 -0.453274 -0.801869 0.389122
-44.8362 111.739 -41.5361 -0.489195 -0.783731 0.381109
-45.5125 112.294 -41.313 -0.514685 -0.77462 0.367509
-45.6926 112.728 -40.6548 -0.518078 -0.770638 0.371096
-44.5602 112.246 -40.1586 -0.479164 -0.785073 0.392508
-43.4102 111.693 -39.9401 -0.432922 -0.802264 0.411036
-42.4365 111.103 -40.0759 -0.429192 -0.807768 0.40411
-41.449 110.404 -40.4284 -0.430639 -0.809356 0.399366
-40.4328 109.616 -40.9856 -0.404052 -0.829164 0.386301
-39.807 109.106 -41.422 -0.398798 -0.829953 0.389915
-39.1904 108.587 -41.9215 -0.390188 -0.834365 0.389335
-38.6491 108.024 -42.5942 -0.387215 -0.836509 0.387708
-38.1285 107.403 -43.4052 -0.366411 -0.848013 0.382749
-37.87 106.757 -44.6259 -0.358244 -0.856776 0.37088
-37.6528 106.185 -45.7592 -0.354982 -0.860525 0.365351
-37.9655 105.909 -46.663 -0.347652 -0.856323 0.381903
-38.691 106.417 -46.1913 -0.349907 -0.854781 0.383294
-39.3285 106.966 -45.5705 -0.385908 -0.837601 0.386651
-40.1509 107.717 -44.7531 -0.384958 -0.840307 0.381696
-40.8712 108.438 -43.9686 -0.432888 -0.81723 0.380451
-41.4121 108.448 -44.5627 -0.429344 -0.818929 0.380794
-40.8043 107.844 -45.2026 -0.418272 -0.830921 0.366905
-40.217 107.301 -45.7467 -0.404488 -0.832506 0.378373
-39.452 106.573 -46.5649 -0.379889 -0.845288 0.375325
-38.5276 105.824 -47.369 -0.356777 -0.854075 0.378397
-37.7053 105.37 -47.6428 -0.342267 -0.864224 0.368741
-36.891 105.273 -47.1226 -0.329541 -0.869499 0.367932
-36.805 105.648 -46.1961 -0.345191 -0.856743 0.383189
-36.8935 106.083 -45.2664 -0.352818 -0.861824 0.364388
-37.1127 106.643 -44.1706 -0.348222 -0.858322 0.37686
-37.4033 107.272 -43.0015 -0.355031 -0.856237 0.375165
-37.8902 107.854 -42.2058 -0.378469 -0.841839 0.384796
-38.4973 108.493 -41.4268 -0.387904 -0.83712 0.385696
-39.1832 109.083 -40.849 -0.387987 -0.835599 0.388896
-40.2528 109.946 -40.1028 -0.399506 -0.828261 0.392911
-40.9724 110.495 -39.7552 -0.42357 -0.806616 0.412261
-41.7598 111.028 -39.504 -0.425493 -0.810493 0.40253
-43.0142 111.817 -39.2629 -0.434991 -0.805942 0.401524
-44.215 112.471 -39.2772 -0.457019 -0.793712 0.401236
-45.1764 112.981 -39.4042 -0.495558 -0.782708 0.375615
-46.3275 113.368 -40.2111 -0.51833 -0.770857 0.370288
-46.8164 113.155 -41.328 -0.514828 -0.772383 0.371991
-46.0586 112.337 -41.9951 -0.513919 -0.776962 0.363611
-45.3702 111.745 -42.2783 -0.518669 -0.772463 0.366447
-44.6208 111.187 -42.3928 -0.4892 -0.783724 0.381116
-43.9473 110.662 -42.7163 -0.450018 -0.812648 0.370253
-43.2454 110.118 -43.0463 -0.44338 -0.812208 0.379028
-42.4819 109.565 -43.3519 -0.436806 -0.812149 0.386632
-41.9165 108.99 -43.9588 -0.425282 -0.821575 0.379672
-41.7192 108.783 -44.1848 -0.425807 -0.820622 0.381141
-41.4644 108.498 -44.5135 -0.425802 -0.820624 0.38114
