-39.4797 108.331 -44.3662 -0.392941 -0.836505 0.381736
-38.895 107.831 -44.8837 -0.391266 -0.840803 0.374115
-38.9224 108.202 -44.0791 -0.389876 -0.839066 0.379383
-39.3752 108.684 -43.4847 -0.404822 -0.833122 0.376864
-39.8012 109.175 -42.8599 -0.407534 -0.831347 0.37786
-40.4911 109.788 -42.2643 -0.425304 -0.820484 0.381807
-41.2379 110.317 -41.9853 -0.43507 -0.817177 0.378067
-42.0822 110.914 -41.6603 -0.433861 -0.818105 0.37745
-42.9375 111.528 -41.3485 -0.446675 -0.807918 0.384383
-43.0689 111.421 -41.7269 -0.446344 -0.807867 0.384875
-42.2699 110.711 -42.3091 -0.429078 -0.81741 0.384361
-41.4993 110.096 -42.7704 -0.430713 -0.82215 0.372114
-40.7674 109.616 -42.9646 -0.435699 -0.821614 0.367546
-40.0606 108.907 -43.7293 -0.419914 -0.827964 0.371404
-39.5515 108.373 -44.3499 -0.400672 -0.830172 0.387656
-40.1438 108.434 -44.8516 -0.423885 -0.822839 0.378493
-40.9087 109.21 -44.0387 -0.428321 -0.817937 0.384082
-41.8454 109.988 -43.4011 -0.422322 -0.825664 0.374063
-42.6552 110.624 -42.9251 -0.437325 -0.813196 0.383892
-43.5064 111.289 -42.5109 -0.445953 -0.808424 0.384156
-44.3926 112.004 -42.0895 -0.476639 -0.789377 0.386611
-45.1785 112.816 -41.5149 -0.52292 -0.765987 0.373922
-44.4651 112.654 -40.8914 -0.487805 -0.780717 0.390532
-43.632 112.252 -40.6488 -0.471028 -0.790766 0.390375
-42.7463 111.746 -40.6692 -0.444999 -0.808495 0.385108
-41.7782 111.103 -40.9077 -0.433921 -0.806458 0.401666
-40.7381 110.399 -41.2326 -0.435057 -0.817181 0.378072
-40.0184 109.821 -41.6845 -0.414434 -0.824679 0.384901
-39.4063 109.3 -42.1596 -0.397791 -0.834005 0.382212
-38.8449 108.786 -42.7202 -0.385131 -0.840494 0.381108
-38.3336 108.187 -43.5151 -0.3885 -0.837323 0.384653
-38.0342 107.688 -44.3049 -0.380995 -0.848325 0.367396
-37.7632 107.082 -45.4634 -0.370783 -0.852114 0.369234
-37.8132 106.567 -46.6691 -0.360076 -0.853939 0.375474
-38.5995 107.091 -46.2667 -0.373192 -0.848538 0.375114
-39.2041 107.592 -45.747 -0.396194 -0.839553 0.371675
-39.9738 108.252 -45.0578 -0.409356 -0.832933 0.371904
-40.5478 108.285 -45.6301 -0.42398 -0.823293 0.377398
-39.8928 107.69 -46.2556 -0.397656 -0.836537 0.376929
-39.3027 107.167 -46.7936 -0.385426 -0.84254 0.376016
-38.6639 106.692 -47.2336 -0.371382 -0.851381 0.37044
-37.9257 106.205 -47.6128 -0.365533 -0.853777 0.370689
-37.1481 105.81 -47.7857 -0.340416 -0.865404 0.367557
-36.7675 106.014 -46.9559 -0.34952 -0.857321 0.377937
-36.8173 106.408 -46.1024 -0.349331 -0.8595 0.373131
-37.0843 106.894 -45.2226 -0.360232 -0.857858 0.366454
-37.3307 107.484 -44.0908 -0.357332 -0.85817 0.368588
-37.5801 107.93 -43.3142 -0.373303 -0.845895 0.3805
-38.1818 108.694 -42.2534 -0.386488 -0.839819 0.381219
-38.7161 109.217 -41.6456 -0.388235 -0.837119 0.385364
-39.5985 109.935 -41.0017 -0.403594 -0.8242 0.397208
-40.2405 110.449 -40.5954 -0.414628 -0.817311 0.400004
-41.1607 111.087 -40.2768 -0.428716 -0.810098 0.39993
-42.0535 111.653 -40.0999 -0.432774 -0.80689 0.402038
-43.1485 112.342 -39.9105 -0.445076 -0.801313 0.399632
-44.1679 112.878 -40.0632 -0.489263 -0.78138 0.387385
-45.0298 113.272 -40.358 -0.496629 -0.778685 0.383325
-45.906 113.55 -40.9546 -0.509043 -0.773348 0.377888
-46.234 113.354 -41.8288 -0.508788 -0.782084 0.359812
-45.5793 112.636 -42.4578 -0.518912 -0.77379 0.363194
-44.7141 111.914 -42.7501 -0.520444 -0.778089 0.351733
-44.0578 111.321 -43.1457 -0.471039 -0.804532 0.361666
-43.3427 110.788 -43.4168 -0.466428 -0.807563 0.360939
-42.2558 109.92 -44.0393 -0.431654 -0.828779 0.356091
-41.6237 109.387 -44.4599 -0.430082 -0.817475 0.383097
-41.0686 108.852 -44.9785 -0.427629 -0.820512 0.37931
-40.9983 108.771 -45.0774 -0.424569 -0.823111 0.377132
-40.723 108.466 -45.4326 -0.423984 -0.823291 0.377397
