-38.8135 108.754 -44.3842 -0.393783 -0.840175 0.372827
-39.2786 109.319 -43.614 -0.400784 -0.836656 0.373328
-40.0485 109.947 -43.0752 -0.434605 -0.823375 0.364899
-40.9575 110.292 -43.3879 -0.437211 -0.820829 0.367542
-40.3984 109.756 -43.9284 -0.431248 -0.824239 0.36692
-39.6983 109.179 -44.4088 -0.416918 -0.835314 0.358372
-38.8739 108.405 -45.2463 -0.39896 -0.840858 0.365742
-38.7547 108.662 -44.53 -0.388683 -0.842688 0.372559
-38.0987 108.54 -44.1219 -0.388676 -0.842692 0.372559
-38.5873 109.149 -43.2547 -0.393288 -0.839926 0.373909
-39.1795 109.67 -42.7243 -0.402364 -0.8355 0.374223
-39.8582 110.221 -42.2485 -0.422577 -0.82262 0.380105
-40.5872 110.772 -41.893 -0.436071 -0.818573 0.373873
-41.6741 111.534 -41.5077 -0.443013 -0.811548 0.380959
-42.7991 112.233 -41.3478 -0.452266 -0.803106 0.387912
-43.8338 112.827 -41.3874 -0.48651 -0.784196 0.385156
-44.6296 113.189 -41.6852 -0.500429 -0.782936 0.369571
-44.2222 112.562 -42.5048 -0.495061 -0.796453 0.347242
-43.4612 111.876 -42.9717 -0.50519 -0.78329 0.362037
-42.7457 111.268 -43.3536 -0.44657 -0.821366 0.354871
-41.739 110.484 -43.8725 -0.432717 -0.82189 0.370473
-41.0453 109.887 -44.3813 -0.429834 -0.820879 0.376017
-40.4765 109.365 -44.8795 -0.425889 -0.824024 0.373627
-39.7089 108.682 -45.5308 -0.408724 -0.834406 0.369643
-38.9942 108.05 -46.1957 -0.400739 -0.837459 0.371506
-38.264 107.534 -46.6199 -0.388418 -0.849936 0.356005
-37.3323 107.126 -46.6117 -0.361027 -0.859614 0.361558
-37.569 107.625 -45.6604 -0.361202 -0.859617 0.361375
-37.8717 108.15 -44.7658 -0.389125 -0.842086 0.373462
-37.992 108.367 -44.4003 -0.389123 -0.842087 0.373459
-37.3261 108.224 -44.0518 -0.36811 -0.851987 0.372293
-37.7399 108.791 -43.1853 -0.387158 -0.842175 0.3753
-38.2299 109.3 -42.5479 -0.387385 -0.84202 0.375415
-38.8141 109.836 -41.9777 -0.401662 -0.832424 0.381757
-39.4836 110.387 -41.4961 -0.408759 -0.826948 0.3861
-40.2508 110.944 -41.1412 -0.431583 -0.812024 0.39288
-41.2065 111.598 -40.846 -0.437605 -0.808147 0.394185
-42.6206 112.5 -40.5907 -0.443945 -0.804859 0.393846
-43.6505 113.09 -40.6194 -0.486511 -0.784196 0.385153
-44.5219 113.533 -40.827 -0.496494 -0.777226 0.386461
-45.4375 113.855 -41.3767 -0.497585 -0.780086 0.379228
-45.7659 113.7 -42.1649 -0.513157 -0.780847 0.356268
-45.4614 113.215 -42.7967 -0.510553 -0.781794 0.357945
-44.8017 112.639 -43.1072 -0.497246 -0.788332 0.361937
-43.9634 111.946 -43.4886 -0.490456 -0.785199 0.378042
-43.3694 111.357 -43.9329 -0.473691 -0.800971 0.364444
-42.6857 110.842 -44.2343 -0.455345 -0.812488 0.364039
-41.8786 110.16 -44.7453 -0.436467 -0.817957 0.374732
-41.1951 109.486 -45.4305 -0.425881 -0.824026 0.373632
-40.5285 108.942 -45.8784 -0.422694 -0.823527 0.378265
-39.915 108.37 -46.4573 -0.402647 -0.834537 0.37603
-39.2399 107.771 -47.0707 -0.392043 -0.839534 0.376069
-38.4693 107.24 -47.4925 -0.375099 -0.847752 0.374987
-37.7518 106.763 -47.8647 -0.356938 -0.856711 0.372347
-36.9143 106.422 -47.8477 -0.355342 -0.859303 0.367833
-36.5352 106.576 -47.1143 -0.360499 -0.858263 0.365275
-36.6443 106.991 -46.2443 -0.361542 -0.859552 0.361189
-36.8199 107.398 -45.4534 -0.361362 -0.859626 0.361193
-37.0579 107.824 -44.6997 -0.365643 -0.85196 0.374793
-37.173 107.996 -44.4195 -0.365647 -0.851959 0.37479
-40.5355 110.329 -42.8012 -0.436801 -0.819563 0.370822
-41.3006 110.593 -43.1185 -0.432711 -0.82189 0.37048
-41.6413 111.024 -42.5664 -0.433321 -0.819859 0.374252
-40.9686 110.645 -42.6167 -0.436229 -0.818434 0.373992
-42.0118 111.412 -42.159 -0.443013 -0.811547 0.380961
-43.0888 111.9 -42.3902 -0.4518 -0.806785 0.380755
-42.3234 111.486 -42.3653 -0.447169 -0.809858 0.379696
-42.2133 111.347 -42.5325 -0.445089 -0.810704 0.380329
