-39.2734 109.783 -44.2762 -0.421721 -0.833008 0.358118
-40.0362 110.36 -43.8454 -0.434301 -0.824788 0.362086
-40.797 111.007 -43.2949 -0.43752 -0.819003 0.371227
-41.5596 111.673 -42.7259 -0.438298 -0.81737 0.37389
-42.3681 112.209 -42.5523 -0.467444 -0.802824 0.370094
-42.3884 112.08 -42.8583 -0.466877 -0.802501 0.371508
-41.5512 111.265 -43.6225 -0.443085 -0.818295 0.366154
-40.8026 110.608 -44.1889 -0.426159 -0.824482 0.372315
-40.068 109.98 -44.7397 -0.423744 -0.826473 0.370647
-39.2498 109.335 -45.2479 -0.421754 -0.826144 0.37363
-39.2355 109.543 -44.7682 -0.420974 -0.827458 0.37161
-39.2517 109.766 -44.2902 -0.421723 -0.833008 0.358116
-38.934 109.905 -43.5928 -0.403943 -0.835247 0.373084
-38.4337 109.399 -44.1876 -0.38694 -0.84487 0.36942
-38.1313 108.943 -44.9194 -0.398462 -0.843761 0.359576
-37.9421 108.497 -45.7434 -0.393255 -0.843913 0.364913
-37.5476 108.023 -46.4194 -0.374106 -0.854356 0.360618
-38.2298 108.099 -46.9783 -0.389377 -0.849723 0.355468
-38.8923 108.578 -46.5824 -0.399431 -0.840172 0.366785
-39.657 109.223 -45.9508 -0.412496 -0.832108 0.370498
-40.2511 109.743 -45.4798 -0.431439 -0.820185 0.3757
-41.0461 110.438 -44.842 -0.425937 -0.824993 0.371433
-41.6876 110.967 -44.4332 -0.442577 -0.813978 0.376252
-42.3596 111.532 -44.0078 -0.469167 -0.802627 0.367991
-43.1018 112.267 -43.3853 -0.483992 -0.796748 0.361862
-43.9618 113.045 -42.8223 -0.483942 -0.797969 0.359219
-44.0424 113.428 -42.0948 -0.505071 -0.784857 0.35903
-43.0828 112.944 -41.8697 -0.470261 -0.800643 0.371249
-42.2142 112.433 -41.8741 -0.456837 -0.806013 0.376143
-41.3326 111.851 -42.0761 -0.442254 -0.812714 0.379304
-40.5435 111.219 -42.5275 -0.438298 -0.817371 0.373887
-39.6359 110.476 -43.101 -0.43552 -0.822139 0.36658
-38.9508 109.919 -43.5793 -0.412833 -0.834129 0.365597
-38.9378 109.909 -43.5889 -0.403942 -0.835248 0.373083
-38.5192 109.994 -42.9445 -0.403939 -0.835248 0.373087
-39.4775 110.793 -42.2198 -0.424621 -0.822875 0.377411
-40.2616 111.429 -41.7426 -0.437115 -0.817197 0.375659
-41.391 112.23 -41.3368 -0.444759 -0.811041 0.379988
-42.635 113.002 -41.1784 -0.463772 -0.801459 0.377503
-43.9416 113.716 -41.3342 -0.498562 -0.781905 0.374076
-44.7438 114.059 -41.7116 -0.500686 -0.785363 0.363956
-45.2301 113.792 -42.9713 -0.510818 -0.780886 0.359557
-44.7366 113.252 -43.455 -0.505366 -0.783912 0.360671
-43.9083 112.585 -43.7667 -0.486983 -0.795877 0.35976
-43.1682 111.869 -44.3341 -0.481326 -0.793397 0.37262
-42.2649 111.083 -44.8905 -0.45702 -0.811853 0.363355
-41.548 110.482 -45.3335 -0.443927 -0.81998 0.361002
-40.9402 109.927 -45.8688 -0.432421 -0.818797 0.377603
-40.27 109.321 -46.4289 -0.43097 -0.821914 0.372452
-39.6102 108.747 -46.9839 -0.403447 -0.836983 0.369717
-38.6476 107.998 -47.6576 -0.386836 -0.843972 0.371425
-37.7903 107.463 -47.9997 -0.373368 -0.850352 0.3707
-36.6171 107.016 -47.8754 -0.364622 -0.858252 0.361162
-36.614 107.442 -46.8524 -0.367764 -0.858278 0.35791
-36.969 107.969 -45.948 -0.368906 -0.858849 0.355367
-37.2767 108.446 -45.1553 -0.380058 -0.849196 0.366628
-37.5499 108.99 -44.1956 -0.387021 -0.844304 0.370629
-38.0101 109.55 -43.3949 -0.386868 -0.845429 0.368217
-38.0969 109.64 -43.2806 -0.395401 -0.840338 0.370655
