-39.6368 110.278 -45.2672 -0.423697 -0.827646 0.368008
-40.4202 110.999 -44.5655 -0.43372 -0.82438 0.363703
-41.3843 111.778 -43.9954 -0.456439 -0.811523 0.364611
-40.6412 111.492 -43.7195 -0.434855 -0.822189 0.367296
-39.7258 110.712 -44.3911 -0.4324 -0.825575 0.362569
-39.2397 110.244 -44.8814 -0.426422 -0.829172 0.361416
-38.6337 109.621 -45.6217 -0.405411 -0.840466 0.359503
-38.9523 109.671 -45.8606 -0.411842 -0.832708 0.369912
-39.4195 110.082 -45.4634 -0.419117 -0.831744 0.364066
-39.8454 110.047 -46.0348 -0.420013 -0.828931 0.369357
-40.4984 110.618 -45.5061 -0.428283 -0.823549 0.371942
-41.1503 111.2 -44.987 -0.436024 -0.823768 0.362339
-41.8374 111.803 -44.4877 -0.457218 -0.807894 0.37179
-42.5125 112.406 -44.0098 -0.474392 -0.799282 0.368571
-43.2871 113.092 -43.5468 -0.484901 -0.794718 0.365095
-43.6723 113.598 -42.9696 -0.488882 -0.79004 0.369908
-42.8829 113.329 -42.487 -0.485731 -0.796962 0.359
-41.9465 112.667 -42.7227 -0.476303 -0.803675 0.35671
-40.6678 111.863 -42.9202 -0.434475 -0.822185 0.367754
-39.9645 111.363 -43.2066 -0.434052 -0.822291 0.368016
-39.0963 110.575 -43.9618 -0.428455 -0.826915 0.364196
-38.5193 110.009 -44.5726 -0.414755 -0.836798 0.357244
-37.9313 109.364 -45.4311 -0.405412 -0.840464 0.359508
-37.5866 108.785 -46.4119 -0.39446 -0.846652 0.357186
-37.6054 108.477 -47.1549 -0.391885 -0.846473 0.360421
-38.4303 108.875 -47.1218 -0.394996 -0.844628 0.361359
-39.095 109.388 -46.6677 -0.402764 -0.839309 0.36516
-39.7475 109.968 -46.099 -0.420913 -0.826116 0.374653
-40.2514 110.004 -46.5957 -0.431516 -0.828456 0.357008
-40.9178 110.575 -46.1071 -0.445737 -0.816123 0.367779
-41.5045 111.126 -45.5819 -0.44778 -0.8181 0.360601
-42.1057 111.673 -45.1117 -0.459539 -0.812432 0.358856
-42.8083 112.276 -44.6774 -0.487919 -0.790759 0.369642
-43.4612 112.848 -44.3161 -0.487095 -0.793551 0.364667
-44.1321 113.431 -43.9484 -0.505976 -0.783336 0.361069
-44.7011 114.248 -42.9718 -0.507726 -0.783682 0.357839
-43.785 114.065 -42.0906 -0.497682 -0.788765 0.36078
-42.7694 113.583 -41.7751 -0.480659 -0.798967 0.361412
-42.0254 113.076 -41.9215 -0.460637 -0.802731 0.378683
-41.2611 112.542 -42.1354 -0.457721 -0.805183 0.377056
-40.4142 112.048 -42.2082 -0.437989 -0.817862 0.373105
-39.329 111.229 -42.7605 -0.432971 -0.822781 0.368194
-38.6495 110.63 -43.3103 -0.42845 -0.826916 0.364198
-37.8622 109.859 -44.2107 -0.387256 -0.845235 0.36825
-37.4085 109.356 -44.8853 -0.384179 -0.846424 0.368727
-37.1139 108.899 -45.6343 -0.382695 -0.848845 0.364701
-36.8651 108.459 -46.3976 -0.377081 -0.85252 0.361892
-36.6972 108.047 -47.2003 -0.370348 -0.855411 0.362097
-36.979 107.797 -48.0879 -0.370786 -0.857869 0.355761
-37.8623 108.213 -48.0488 -0.389149 -0.845767 0.365022
-38.6206 108.677 -47.7922 -0.395137 -0.844311 0.361946
-39.2896 109.168 -47.3884 -0.402755 -0.839328 0.365127
-39.8695 109.682 -46.8804 -0.431369 -0.828994 0.355933
-39.99 109.791 -46.7749 -0.431517 -0.828456 0.357006
