-40.1127 111.23 -45.3931 -0.430292 -0.822668 0.371572
-40.7124 111.886 -44.624 -0.444041 -0.820013 0.360844
-41.4108 112.428 -44.282 -0.456362 -0.814314 0.358644
-41.9265 112.837 -44.0091 -0.468768 -0.807863 0.35694
-40.6906 112.063 -44.193 -0.444038 -0.82001 0.360855
-39.8945 111.525 -44.4724 -0.432154 -0.825119 0.363895
-39.2927 110.959 -45.0376 -0.430889 -0.825001 0.365655
-38.7148 110.44 -45.5526 -0.420703 -0.834335 0.356222
-38.8771 110.41 -45.8071 -0.415978 -0.832353 0.366265
-39.7804 110.965 -45.5948 -0.430294 -0.822666 0.371574
-40.0711 110.886 -46.1073 -0.437353 -0.821401 0.365979
-39.4076 110.345 -46.5647 -0.421966 -0.83041 0.363818
-38.7063 109.833 -46.9374 -0.397537 -0.843254 0.361771
-37.9399 109.41 -47.0787 -0.395597 -0.843392 0.363574
-37.5722 109.352 -46.8129 -0.394628 -0.845213 0.360388
-37.7902 109.836 -45.9152 -0.396935 -0.844532 0.359455
-38.2201 110.337 -45.2103 -0.408624 -0.840019 0.356674
-38.9635 111.05 -44.4455 -0.428928 -0.825776 0.366216
-39.9154 111.845 -43.7661 -0.433119 -0.826681 0.359176
-40.6401 112.326 -43.5362 -0.446917 -0.815322 0.36808
-41.7286 113.074 -43.2228 -0.454384 -0.809227 0.372359
-42.49 113.578 -43.128 -0.48654 -0.792726 0.367239
-43.2697 113.93 -43.4061 -0.494016 -0.789796 0.363552
-42.9344 113.422 -44.0556 -0.484049 -0.79695 0.361263
-41.9934 112.578 -44.6831 -0.468768 -0.807861 0.356945
-41.0772 111.814 -45.2495 -0.456728 -0.813577 0.359849
-40.532 111.292 -45.7518 -0.444409 -0.820133 0.360393
-40.3981 111.17 -45.8652 -0.444408 -0.820133 0.360394
-40.5298 110.953 -46.5214 -0.443413 -0.822052 0.357212
-41.2531 111.532 -46.1091 -0.456911 -0.81318 0.360515
-41.8716 112.09 -45.6344 -0.456727 -0.813579 0.359845
-42.7995 112.882 -45.0678 -0.483794 -0.797242 0.360891
-43.4521 113.553 -44.4774 -0.492669 -0.793573 0.357097
-44.0958 114.305 -43.7159 -0.501752 -0.787016 0.35888
-43.9176 114.536 -42.9664 -0.493025 -0.791756 0.360623
-42.7378 114.01 -42.5263 -0.485178 -0.794485 0.36522
-41.9233 113.532 -42.479 -0.471619 -0.79928 0.372082
-41.1322 113.009 -42.6387 -0.456836 -0.805896 0.376607
-40.0959 112.299 -42.9436 -0.441905 -0.818077 0.368064
-39.4163 111.802 -43.2638 -0.43262 -0.826872 0.359337
-38.801 111.294 -43.6921 -0.432299 -0.827287 0.358767
-38.1349 110.705 -44.2494 -0.415336 -0.833532 0.363836
-37.603 110.186 -44.8818 -0.396544 -0.845703 0.357127
-37.1093 109.57 -45.7893 -0.396026 -0.845182 0.358926
-36.8862 109.102 -46.6479 -0.395112 -0.845834 0.358401
-36.752 108.679 -47.4966 -0.383767 -0.854189 0.350834
-37.379 108.695 -48.1334 -0.385277 -0.849043 0.361364
-38.4668 109.279 -47.9556 -0.395593 -0.843391 0.363582
-39.3464 109.974 -47.3489 -0.423994 -0.832006 0.357756
-40.4228 110.863 -46.5971 -0.442409 -0.823977 0.354029
-40.5251 110.949 -46.525 -0.442411 -0.823975 0.354031
