-40.2781 112.079 -45.3986 -0.44642 -0.822536 0.352341
-39.3115 111.355 -45.8838 -0.427743 -0.826959 0.364932
-38.3993 110.739 -46.2373 -0.418303 -0.836034 0.355064
-38.8343 111.226 -45.6156 -0.427869 -0.827889 0.362659
-39.6998 111.655 -45.6587 -0.431144 -0.826924 0.360969
-40.0108 112.178 -44.8377 -0.434292 -0.825024 0.361561
-40.8344 112.679 -44.7145 -0.459394 -0.81242 0.35907
-41.779 113.334 -44.443 -0.469805 -0.804723 0.362715
-40.8646 112.516 -45.1211 -0.452905 -0.817477 0.355708
-40.6013 112.312 -45.2643 -0.446419 -0.822536 0.352342
-41.049 112.367 -45.6969 -0.4512 -0.817512 0.3578
-42.0834 113.284 -44.9472 -0.469809 -0.804722 0.362712
-42.7092 113.863 -44.5174 -0.492318 -0.793989 0.356656
-42.0947 113.805 -43.8285 -0.479425 -0.800901 0.358761
-40.9271 113.074 -43.9415 -0.456045 -0.812178 0.363853
-39.9677 112.418 -44.2368 -0.434838 -0.826268 0.358046
-39.0473 111.708 -44.7612 -0.428164 -0.8288 0.36023
-38.3348 111.077 -45.3658 -0.418311 -0.835446 0.35621
-37.7239 110.374 -46.32 -0.406357 -0.839572 0.360546
-37.7077 109.832 -47.5757 -0.397406 -0.84395 0.360298
-38.4112 110.328 -47.2141 -0.416843 -0.834536 0.360264
-39.4899 111.085 -46.7061 -0.429015 -0.828687 0.359205
-40.1579 111.652 -46.2279 -0.442756 -0.821535 0.359228
-40.6742 112.069 -45.9153 -0.443707 -0.820647 0.360088
-41.2177 112.145 -46.4228 -0.458699 -0.814378 0.355504
-40.2928 111.436 -46.8895 -0.442035 -0.821515 0.360158
-39.6108 110.811 -47.4816 -0.429018 -0.828686 0.359202
-38.9148 110.303 -47.8528 -0.417134 -0.834056 0.361039
-38.2125 109.822 -48.1541 -0.406722 -0.839108 0.361027
-37.1433 109.181 -48.4872 -0.39617 -0.847331 0.353663
-36.6775 109.313 -47.6562 -0.391914 -0.849604 0.352954
-36.8994 109.796 -46.7579 -0.399858 -0.84526 0.35447
-37.2772 110.445 -45.6507 -0.407318 -0.840845 0.356444
-37.8187 110.993 -44.9687 -0.408284 -0.842116 0.352342
-38.4727 111.575 -44.383 -0.428679 -0.830142 0.356487
-39.4166 112.314 -43.8062 -0.43567 -0.826026 0.357592
-40.099 112.859 -43.3856 -0.452842 -0.813855 0.364107
-40.9006 113.364 -43.2646 -0.459075 -0.808316 0.368612
-42.0727 114.089 -43.1645 -0.483692 -0.796698 0.362308
-42.9999 114.526 -43.4643 -0.495574 -0.788301 0.364675
-43.5388 114.363 -44.5558 -0.496313 -0.789711 0.360597
-42.9781 113.723 -45.1995 -0.491824 -0.79286 0.359837
-42.292 113.172 -45.4756 -0.477554 -0.802575 0.357086
-41.7438 112.672 -45.8956 -0.461939 -0.809209 0.362906
-41.6235 112.567 -45.9792 -0.458696 -0.814379 0.355506
