-40.4681 112.796 -45.7386 -0.447341 -0.82104 0.354643
-39.883 112.578 -45.5063 -0.442245 -0.824117 0.353884
-39.072 111.956 -45.9501 -0.438364 -0.82584 0.354717
-38.4741 111.385 -46.5613 -0.42319 -0.833133 0.356089
-39.2958 111.902 -46.3533 -0.438208 -0.826055 0.354411
-40.0347 112.444 -46.0104 -0.445977 -0.822602 0.352746
-40.3504 112.699 -45.8158 -0.445974 -0.822605 0.352743
-40.4334 112.527 -46.319 -0.443133 -0.821646 0.358513
-41.1077 113.148 -45.7464 -0.462882 -0.813209 0.352747
-41.5535 113.645 -45.2041 -0.472314 -0.802579 0.364399
-41.4918 113.832 -44.7082 -0.476508 -0.805443 0.352423
-40.7027 113.374 -44.7039 -0.453766 -0.815354 0.359504
-39.9304 112.865 -44.9027 -0.44364 -0.821757 0.357583
-39.1015 112.249 -45.3077 -0.437347 -0.825293 0.357238
-38.3609 111.606 -45.9091 -0.42211 -0.832972 0.357745
-37.9146 111.087 -46.5983 -0.413788 -0.837712 0.3563
-37.774 110.677 -47.3992 -0.410038 -0.839277 0.356906
-38.8287 111.3 -47.1822 -0.423528 -0.833777 0.354157
-39.7893 112.017 -46.6896 -0.438562 -0.823138 0.360658
-40.3238 112.439 -46.3844 -0.443135 -0.821643 0.358517
-40.5419 112.338 -46.8869 -0.443392 -0.821228 0.35915
-39.8035 111.75 -47.3173 -0.438561 -0.82314 0.360657
-38.8393 111.036 -47.8191 -0.426596 -0.832679 0.353075
-37.8242 110.373 -48.1749 -0.41915 -0.835946 0.354271
-36.9788 110.301 -47.3935 -0.401384 -0.843415 0.357121
-37.383 110.873 -46.496 -0.406385 -0.840254 0.358922
-37.8393 111.419 -45.7301 -0.414826 -0.837118 0.356484
-38.6149 112.152 -44.9402 -0.422504 -0.832317 0.358802
-39.2952 112.706 -44.4902 -0.438459 -0.823975 0.358913
-40.3045 113.402 -44.1384 -0.453763 -0.815355 0.359504
-41.2399 113.98 -44.0291 -0.467598 -0.808304 0.357606
-42.211 114.422 -44.3372 -0.486409 -0.797099 0.357809
-42.6689 114.399 -45.0178 -0.491994 -0.792913 0.359481
-42.1972 113.839 -45.6108 -0.481708 -0.798347 0.361225
-41.5227 113.228 -46.1068 -0.462621 -0.812344 0.355066
-40.8977 112.662 -46.5828 -0.452747 -0.816565 0.357943
-40.8895 112.656 -46.5883 -0.443133 -0.821646 0.358513
-40.8466 112.621 -46.6138 -0.443135 -0.821643 0.358517
