-39.2585 112.638 -46.3432 -0.442717 -0.823138 0.355516
-40.0581 113.374 -45.6484 -0.448218 -0.821012 0.35361
-39.2396 112.799 -45.9466 -0.441535 -0.823007 0.357276
-38.8984 112.285 -46.7229 -0.434213 -0.827318 0.356368
-39.1185 112.428 -46.6609 -0.43637 -0.826766 0.355021
-39.2276 112.31 -47.0681 -0.436375 -0.826762 0.355023
-40.2889 113.007 -46.7935 -0.448168 -0.819541 0.357066
-40.9503 113.637 -46.1684 -0.459782 -0.813492 0.355821
-40.7406 113.887 -45.3292 -0.462966 -0.810681 0.358232
-39.9431 113.517 -45.1723 -0.448217 -0.82101 0.353615
-38.861 112.687 -45.7457 -0.433532 -0.826393 0.359329
-37.9655 111.849 -46.6282 -0.422313 -0.833135 0.357124
-38.6525 111.932 -47.2476 -0.422689 -0.834691 0.353016
-39.0871 112.217 -47.1119 -0.436369 -0.826764 0.355025
-39.0911 112.036 -47.5344 -0.437529 -0.82404 0.359898
-38.4681 111.539 -47.9572 -0.424297 -0.834333 0.351938
-37.5164 110.983 -48.1515 -0.409067 -0.841824 0.352131
-37.1884 111.273 -47.0759 -0.408763 -0.842201 0.351582
-37.8214 112.045 -45.9988 -0.422313 -0.833135 0.357124
-38.3343 112.558 -45.4082 -0.42718 -0.830506 0.357416
-39.219 113.192 -45.0249 -0.435003 -0.824913 0.360958
-39.9566 113.72 -44.7179 -0.450817 -0.818676 0.355695
-40.7731 114.196 -44.6779 -0.470271 -0.807271 0.35657
-41.6 114.555 -44.9504 -0.478255 -0.802489 0.356539
-42.0614 114.484 -45.7374 -0.488663 -0.795348 0.358649
-41.5282 113.923 -46.2875 -0.4725 -0.805754 0.357077
-40.8228 113.234 -46.9417 -0.447334 -0.82033 0.356297
-39.8938 112.491 -47.4804 -0.447274 -0.819579 0.358101
-39.5259 112.271 -47.5256 -0.615649 -0.702742 0.269203
-39.3176 112.139 -47.5746 -0.437536 -0.824035 0.359901
