-39.5374 113.324 -46.8709 -0.444648 -0.821249 0.357545
-39.011 113.102 -46.7258 -0.445199 -0.822298 0.354419
-39.336 113.191 -46.9257 -0.444652 -0.821248 0.357542
-39.6982 113.288 -47.1548 -0.444648 -0.821249 0.357545
-40.3094 113.807 -46.7268 -0.459678 -0.812445 0.358633
-39.2064 113.409 -46.2543 -0.445742 -0.823349 0.351299
-38.4333 112.789 -46.7439 -0.426488 -0.831852 0.355146
-38.9961 112.862 -47.2589 -0.440862 -0.824049 0.355751
-39.094 112.889 -47.3191 -0.444652 -0.821248 0.357542
-39.2938 112.795 -47.7844 -0.440859 -0.824051 0.355749
-40.2045 113.551 -47.1828 -0.449272 -0.820287 0.353955
-40.8234 114.118 -46.682 -0.459678 -0.812445 0.358633
-40.6319 114.387 -45.8182 -0.459537 -0.813624 0.356146
-39.626 113.913 -45.6072 -0.452163 -0.81862 0.354032
-38.5284 113.037 -46.2807 -0.436029 -0.825429 0.358534
-37.9661 112.534 -46.7807 -0.42648 -0.831856 0.355144
-37.8221 111.989 -47.8987 -0.417471 -0.839046 0.348883
-38.6418 112.387 -47.932 -0.431613 -0.829148 0.355227
-38.9007 112.547 -47.878 -0.437069 -0.826851 0.353962
-39.0412 112.639 -47.837 -0.437069 -0.826851 0.353962
