0.000619948 0.000171641 -0.000218429 0.0150045 0.0306199 0.0329751 -0.00047527 -0.168427 
0.000690862 0.000191275 -0.000243415 0.0167208 0.0341224 0.036747 -0.000529634 -0.187692 
-0.00117711 -0.00228051 0.00281557 -0.00280895 -0.00679101 -0.00625783 7.85607e-05 -0.0694145 
0.103242 -0.669078 0.825334 -1.95013 -3.93115 -4.00689 0.0105166 -9.26366 
-0.11428 0.751904 -0.927543 2.1817 4.39606 4.48059 -0.0118538 10.6767 
-0.0014355 0.0150824 -0.0185564 0.0174312 0.0384932 0.0351186 0.000273464 0.624973 
0.00200739 -0.0153271 0.0188671 -0.0127157 -0.0292508 -0.025091 -0.000325118 -0.918284 
-0.00155678 0.0102044 -0.0125676 0.00738975 0.0172334 0.0142561 0.000271832 0.590287 
0.000698199 -7.82138e-05 7.70238e-05 0.00116184 0.00247855 0.00265791 -5.71126e-05 -0.0197701 
0.00053745 0.000783911 -0.000995311 0.00513466 0.0109216 0.0113382 -0.000133273 -0.0222525 
0.0110902 -0.0159262 0.0197131 -0.0115892 -0.0272919 -0.0225196 -0.000365052 1.52792 
-0.0203069 0.00156649 -0.00199142 0.0045342 0.0106602 0.0093498 0.000660742 -0.114455 
0.00713974 0.0144564 -0.01774 0.00685974 0.0158701 0.0127528 -0.000446243 -0.961502 
0.0107909 -0.0179269 0.0219546 -0.0161998 -0.036126 -0.0328242 0.000485911 -1.35032 
-0.00951226 0.0117408 -0.014361 0.00963494 0.0218199 0.0192729 -0.000128743 1.0986 
0.000182285 0.00821669 -0.0101253 -0.00949056 -0.0191998 -0.0222467 -0.000321773 0.61508 
0.0031574 -0.0176888 0.0217625 0.00539388 0.00899452 0.0148825 0.00022221 -1.35161 
0.00208906 0.00121229 -0.00151613 0.0123449 0.0269267 0.0278148 -0.000261753 -0.25699 
-0.000113224 0.00281906 -0.00346619 0.00225302 0.00404347 0.00329747 0.000284627 0.173251 
-0.00386098 0.00328861 -0.00402954 -0.0128107 -0.0257163 -0.0289451 0.000570507 0.494114 
0.00039748 -0.000604128 0.000736194 -0.00620149 -0.0134555 -0.0128944 -0.000705242 0.000980719 
0.000878254 0.00390448 -0.00479855 0.00920185 0.0201323 0.0187728 0.000727708 -0.00462693 
0.00393971 0.00510781 -0.00637009 -0.00472788 -0.010028 -0.0106539 -0.00106311 0.539059 
-0.00713297 -0.0290634 0.0359297 -0.00192135 -0.00795444 0.00107824 0.000268489 -2.0344 
0.00422146 0.0227983 -0.0281592 0.00404172 0.0119228 0.00413901 0.000468284 1.51274 
0.000564774 -0.00389733 0.00476583 -0.00645023 -0.0155991 -0.0145597 -4.39199e-06 -0.110521 
-0.00073621 0.00250801 -0.00307342 0.00232608 0.00505826 0.00443806 5.9675e-05 0.125317 
-0.000323521 0.0128906 -0.0157786 0.00235238 0.00675928 0.00223686 0.000396526 0.715272 
0.000525138 -0.00897997 0.0109941 0.00145415 0.00259744 0.00583443 -0.000293924 -0.567914 
-0.000564568 -0.00498134 0.00612381 0.00225735 0.00546061 0.00720344 -0.00015393 -0.297652 
0.00101701 -0.000168338 0.000186911 -0.00333769 -0.00885466 -0.00874958 4.53955e-05 0.127883 
0.000885261 -0.000896539 0.00107289 0.00244929 0.00626922 0.00757292 -0.000805633 -0.129296 
0.000140837 0.00465728 -0.00568797 0.00437572 0.0120809 0.00940287 0.000746741 0.15738 
-0.00274744 0.00662469 -0.00806811 -0.00441722 -0.0107708 -0.0139343 0.000910633 0.64594 
0.00167171 0.00144034 -0.00178105 -0.00486038 -0.0133106 -0.0107544 -0.00194865 0.341564 
0.00055386 -0.0112097 0.0137017 0.0113619 0.029132 0.0307516 0.000974141 -1.3254 
-0.00032696 0.00266511 -0.00326593 -0.00981415 -0.0253305 -0.0260894 0.000185291 0.529397 
-3.31525e-05 0.000231195 -0.000285446 0.00116732 0.00262685 0.00283397 -0.000163037 -0.00417534 
0.000160928 -0.00180451 0.00218675 -0.00278443 -0.00858363 -0.0071505 -0.00039747 -0.0563851 
-0.00197611 0.00502166 -0.00609146 0.0101109 0.0292228 0.0264388 0.000311246 0.157108 
-0.000726362 0.000573225 -0.000700597 -0.00687837 -0.0196294 -0.0191254 -6.11237e-05 0.202817 
0.0123342 -0.0380894 0.046211 -9.2141e-05 -0.00284494 0.00747355 0.000670164 -3.04824 
-0.0164192 0.057937 -0.0702901 0.0130538 0.0417093 0.0220593 0.000945122 4.30463 
0.000890731 0.00141249 -0.00170464 -0.00105282 -0.00325218 -0.000939886 -0.0018354 0.0316185 
0.00513388 -0.00829875 0.0100616 0.00548246 0.014382 0.0153748 0.000772416 -1.02785 
-0.00342289 0.00514213 -0.00623526 -0.00397692 -0.0110358 -0.0114687 -0.000510878 0.63075 
-0.000905395 -0.000463894 0.000563502 -0.00307306 -0.00814434 -0.00772708 -0.000104515 0.129095 
-0.00304346 0.00653769 -0.00798151 0.00947201 0.0252613 0.0202226 0.0020118 0.457747 
0.00225579 -0.00930762 0.0113503 -0.0192784 -0.0505389 -0.0451421 -0.0015261 -0.44179 
0.000803427 0.000879584 -0.00107448 0.0104824 0.0269419 0.026791 -0.000274235 -0.347634 
-0.000755341 0.00239742 -0.00292882 0.00266146 0.00656803 0.00554018 0.00026183 0.211571 
0.000345552 -0.00453106 0.00553678 -0.011365 -0.0285848 -0.0271504 -7.4025e-06 -0.0599292 
-0.000850232 0.0110108 -0.0134813 0.0141702 0.0362932 0.032351 0.000356262 0.557422 
0.000657707 -0.0143287 0.0175631 -0.0162681 -0.0417372 -0.0364592 -0.000598509 -0.787465 
0.000939938 -0.00304923 0.00369785 0.000951465 0.00157735 0.0013879 0.000915506 -0.226991 
-0.00148715 0.00961448 -0.0117385 0.00194458 0.00536256 0.00325142 -0.000577036 0.695803 
0.000580069 -0.00439879 0.00536607 -0.00324226 -0.0100847 -0.00779977 -0.000413351 -0.226055 
0.000176921 -0.0037642 0.00457698 0.00432472 0.0116074 0.0122922 0.000159492 -0.294147 
0.00340406 0.0195022 -0.0238224 0.00197097 0.00672721 0.000739299 -0.000144268 1.17604 
0.00375034 -0.0106736 0.0129994 0.00327099 0.00926823 0.0111313 0.000770307 -0.377697 
-0.0223857 -0.0320891 0.0393766 -0.0109675 -0.0348253 -0.0247719 0.000822012 -2.50044 
0.0139175 0.0273646 -0.0335056 0.00425515 0.0137098 0.00737589 -0.00179781 1.93061 
-0.00319274 -0.00918917 0.0112271 0.000120276 -0.000242522 0.000474876 0.00150348 -0.582502 
0.00609459 0.0125847 -0.0154239 0.00980058 0.0330457 0.0302096 -0.00183658 0.72048 
-0.0098895 -0.0319794 0.0390613 -0.0122351 -0.0407732 -0.0296201 0.000282619 -1.93916 
0.00838382 0.0285302 -0.0347802 0.000129226 -0.00019968 -0.0094406 0.000565865 2.04664 
-0.0100202 -0.021714 0.0264487 0.00228425 0.00819588 0.0142276 -7.73951e-06 -1.82906 
0.00716572 0.0122695 -0.0149884 0.00132572 0.00398303 -0.00166875 0.00123894 1.00601 
-0.000682108 -0.00233591 0.00285557 -0.00822681 -0.0303682 -0.0239548 -0.00275635 0.118507 
0.00145998 0.00476756 -0.00576234 0.0149108 0.0563089 0.0501343 0.00102821 -0.15259 
-0.00133544 0.00807908 -0.00976692 -0.00524826 -0.020279 -0.021702 0.000224269 0.577446 
0.00427217 -0.0198103 0.0239091 -0.00126202 -0.00431471 0.00123207 0.000220473 -1.24384 
-0.00569836 0.0158315 -0.0190845 -0.00186327 -0.00725346 -0.0111454 -9.66288e-05 1.14578 
0.000465249 -0.00559257 0.00670759 -0.00409114 -0.0170818 -0.0145869 0.000107115 -0.138742 
0.00143565 0.00445738 -0.00533172 0.00747676 0.0300637 0.0279312 -0.000670074 -0.0668629 
-0.000154161 0.00127377 -0.00153211 0.00149138 0.00585043 0.00519723 -4.14243e-05 0.0590253 
0.00278665 -0.00751463 0.00899236 -0.00619691 -0.0254161 -0.0230551 0.000876957 -0.553107 
-0.00206323 0.00396386 -0.00471439 0.00189701 0.008247 0.00870766 -0.00140237 0.349829 
-0.00435076 0.00640459 -0.00772826 0.00269911 0.00994428 0.00472161 0.00198976 0.989983 
0.00731858 -0.0120431 0.0144828 -0.00343085 -0.0131936 -0.0065626 -0.00180745 -1.97823 
-0.00392118 0.0113216 -0.0136174 0.00844443 0.0353321 0.0288428 0.000800699 1.16582 
0.00214301 -0.00565189 0.00678772 -0.00044408 -0.00358388 -0.00170859 -5.02064e-05 -0.874272 
-0.00107376 -0.00101297 0.00123101 -0.00525495 -0.0203332 -0.0182278 -0.000381242 0.300127 
-0.00037179 0.000676717 -0.000817607 -2.79103e-05 -0.000143468 -0.000485788 0.000115537 0.118961 
0.000109828 -0.00310647 0.00372675 -0.00407044 -0.016338 -0.0158024 0.000928605 -0.145759 
0.000556503 -0.00247397 0.00298068 -0.000697474 -0.00362069 -0.00146282 -0.000827394 -0.190819 
-0.00155176 0.0060898 -0.00731522 0.00172871 0.00605597 0.00403363 -2.95893e-05 0.589212 
0.000997017 -0.00158888 0.00190678 0.00277881 0.0126602 0.0123546 -5.37158e-05 -0.33972 
-6.0733e-05 -0.00109469 0.00132177 -0.000918265 -0.00398855 -0.00307127 -0.00023663 -0.029079 
0.000753258 0.00684208 -0.00825736 0.00268737 0.0115757 0.00850669 0.000241455 0.387276 
-0.00127747 -0.00745651 0.00900295 -0.00379502 -0.0169308 -0.0137719 6.41988e-05 -0.385177 
0.000853514 -0.00394985 0.00474207 0.0054095 0.0253321 0.0246846 9.02796e-05 -0.336813 
-0.00120694 0.0115244 -0.0138624 -0.00820646 -0.0386741 -0.0390486 -0.000284846 0.902739 
0.00459628 0.00480901 -0.00587463 0.00335099 0.0126257 0.00863368 0.00119659 0.186656 
-0.0103344 -0.0184921 0.0224355 0.00576046 0.0350841 0.0411939 -0.00204385 -1.33484 
0.00941018 -0.0234173 0.028057 -0.00698903 -0.032522 -0.0232507 -0.000404422 -0.748879 
-0.00445255 0.0393843 -0.047282 0.00481945 0.017237 0.00373731 0.000866029 1.84754 
0.00516974 -0.00675576 0.00797541 -0.000680826 -0.00251105 0.00036001 -0.00064185 -0.275356 
-0.00133897 -0.00627361 0.00758251 -0.000278297 -0.00142771 -0.0001307 0.000443758 -0.314065 
-0.00111891 -0.00524253 0.00633631 -0.000232558 -0.00119307 -0.000109219 0.000370826 -0.262448 
