0.00126294 -5.29957e-06 -3.06458e-05 0.000381264 -0.000120779 -4.02993e-05 1.2777e-05 2.19894e-05 
0.0014074 -5.90577e-06 -3.41512e-05 0.000424875 -0.000134594 -4.4909e-05 1.42385e-05 2.45046e-05 
-0.0005499 -0.00137862 0.00171745 9.66248e-05 0.000762165 -0.000986547 -0.000221869 0.00316362 
-0.00116176 0.000221681 -0.000209633 -0.00118188 -0.000996723 -0.00103901 -0.000189424 0.0118485 
0.00240701 0.00069086 -0.000909461 -0.000650199 -0.00289433 -0.00195936 -0.000213373 0.0234887 
-0.000490779 0.00139845 -0.00172557 -0.000390795 -0.00132688 0.000649511 -0.00112517 0.00163502 
-0.000291436 0.000115645 -0.000149663 7.0967e-05 -5.86106e-05 0.000237611 -0.000413487 -0.00125408 
-0.000843805 -0.000376039 0.000474158 -0.000114344 6.07783e-05 -0.000307434 -0.000311552 0.00197081 
-0.000156059 -0.000257166 0.000299347 6.87996e-05 -0.000286227 -0.000354282 -0.000305984 0.00325005 
9.77237e-05 -7.35787e-05 0.000101648 0.00024959 0.00107953 0.000722914 0.00144979 -0.00897852 
-4.17811e-05 -2.10706e-05 7.89169e-06 -0.000139523 -0.000666332 -0.000510171 0.000416387 0.00581731 
5.07951e-06 2.96128e-05 -4.39672e-05 -3.61716e-05 -0.000218794 -0.000111704 0.000185744 0.00150477 
0.00102016 -0.000941475 0.00117167 0.000467861 0.00112927 -0.000290415 0.000216961 -0.00342064 
0.000283528 0.000191379 -0.000237127 0.000177633 0.000409719 0.000542091 -1.36918e-05 -0.00518852 
-0.000265856 -0.000220271 0.000238725 -0.000449063 -0.0017785 -0.00158969 3.70566e-05 0.0165016 
0.000158932 0.000130372 -0.000120054 0.000464866 0.00201042 0.00164526 -7.34346e-06 -0.0180257 
-1.1421e-05 -3.58707e-07 -3.59121e-05 -0.000326279 -0.00161577 -0.0012135 -6.19818e-05 0.0127671 
0.000262911 0.00112826 -0.00139422 0.00022355 0.000409369 0.00167755 -0.000180632 -0.011854 
-0.0003008 -0.00137185 0.00171395 -4.0085e-05 0.000529907 -0.00130955 0.000458846 0.0039804 
-0.00127538 0.00018989 -0.000210395 -0.000335725 -1.98688e-05 0.000135629 0.000290741 -0.00326877 
-0.000238342 0.000416875 -0.000536515 -0.000235884 -0.00104651 -0.000327124 5.13407e-05 0.00334468 
0.000496894 0.000884158 -0.00108793 0.000277565 0.000541894 0.00153652 -0.000275556 -0.00819134 
-8.37516e-05 -0.000126618 0.000115757 -0.000368674 -0.00191626 -0.00167105 0.000142689 0.0115807 
0.000137987 0.000148873 -0.000142874 0.000366823 0.0017559 0.00154886 -0.000132525 -0.0115962 
-6.53384e-05 -3.27718e-05 2.53612e-05 -0.00010057 -0.000709682 -0.000673562 -0.000398045 0.00127944 
-3.54278e-05 2.00486e-05 -2.87093e-05 -4.80342e-05 -0.000309656 -0.000244122 -0.000510246 0.000672989 
6.07103e-05 4.90913e-05 -4.83465e-05 0.000112318 0.000614192 0.0005741 9.86153e-05 -0.00272812 
-2.17802e-05 -4.00234e-05 4.02865e-05 -5.91238e-05 -0.000350748 -0.000347538 0.000109031 0.00142232 
5.75211e-06 -3.03083e-05 2.43981e-05 -8.70308e-05 -0.000573468 -0.000516702 8.54353e-05 0.00240987 
0.00104607 -0.000227867 0.000289838 0.000509424 0.00140975 0.000920943 9.86743e-05 -0.00534768 
-2.72276e-05 -0.00100917 0.00122548 -1.54751e-05 -0.000614122 -0.00168189 0.000136989 0.00566081 
-9.83236e-05 -0.000104022 0.000129664 0.000386719 0.000948685 0.000990641 -0.000242028 -0.0044593 
-0.000119359 -0.000170416 0.000194796 -2.95025e-05 -0.000493603 -0.000531639 0.000233933 0.00231968 
0.000113457 8.86748e-05 -0.000101248 4.924e-05 0.000347259 0.000364142 0.000419463 -0.00166027 
-9.33363e-05 -8.46276e-05 7.96072e-05 0.000222465 -0.000222479 0.000139123 -0.000403826 3.42634e-05 
1.74802e-05 2.46864e-05 -3.02216e-05 1.51922e-05 4.87821e-05 8.27203e-05 -3.69833e-05 -0.000327796 
-0.000198367 -0.000265227 0.000274725 8.9616e-05 -0.00137854 -0.00101879 2.52789e-05 0.00519725 
0.000208195 0.000259631 -0.0002467 -8.50888e-05 0.00202884 0.00149647 5.44729e-05 -0.00762251 
-0.000291704 -0.000331353 0.000370996 0.00010634 -0.000852619 -0.000553294 -4.63341e-05 0.00311216 
-0.000919403 0.000317246 -0.000362458 -0.00030671 6.29977e-05 0.000305985 1.03375e-05 -0.000775516 
-0.000268548 -0.000319217 0.000318062 0.000195826 -0.00185791 -0.00107051 0.000172004 0.00618655 
0.000443541 0.000824446 -0.000865335 -0.000402761 0.00367284 0.00223449 -0.000109012 -0.0133442 
0.00166108 -0.00119123 0.0013603 0.000877469 -0.000809924 -0.00154776 0.000244423 0.00314053 
0.00024381 0.00112841 -0.00145013 0.000297193 -0.00194804 -3.54837e-05 -0.00051602 -0.000630585 
0.000178577 0.000208827 -0.000201236 -0.000232163 0.00117991 0.000809585 5.47837e-05 -0.00240395 
-0.000143048 -0.000330385 0.000352753 0.000267258 -0.00117483 -0.000913411 -1.8053e-05 0.00262571 
4.6891e-05 0.000197148 -0.000213342 -0.000129082 0.000500712 0.000422599 2.53327e-05 -0.0011452 
-0.000793694 0.000624204 -0.000721447 -0.000409321 0.000318977 0.000751347 0.000320843 -0.00178234 
-0.000548462 -0.000173167 0.000210888 0.0001079 0.000255154 -0.000432243 -4.89692e-05 -0.00470987 
-0.000250531 -0.000242505 0.000226602 0.00044354 -0.0016406 -0.00128746 8.31692e-06 0.000733307 
0.000274233 0.000273917 -0.000260238 -0.0004309 0.00158315 0.00128357 -6.78543e-05 -0.000698705 
-0.000174936 -0.000178788 0.0001758 0.000287335 -0.00105657 -0.000854319 9.28687e-05 0.000489993 
0.000119008 0.000119612 -0.000109921 -0.000205859 0.000797798 0.00062588 -1.0107e-05 -0.000371365 
1.13921e-05 -2.15831e-05 2.52149e-05 -3.43581e-05 -0.000282288 -0.00023091 8.25374e-05 0.000136461 
0.000177318 0.000108826 -9.7351e-05 -0.000298377 0.000511791 0.000379208 0.000227196 -0.000222803 
4.3438e-07 -0.000210839 0.000263121 -0.000394233 -0.00115605 -0.00120751 0.0006848 0.000671795 
0.00010289 0.000261147 -0.000277376 -4.95771e-05 0.00176308 0.00152118 -0.000615158 -0.000888769 
-0.000139783 -0.000291355 0.000361147 -0.000359792 -0.000869315 -0.00113417 -5.98213e-06 0.00057625 
-6.24615e-06 -0.000245421 0.000321501 -0.000235531 0.000481738 -8.14805e-05 -0.000163704 -6.53568e-05 
0.000169239 -0.000314961 0.000401718 -0.000141271 0.000853316 0.000129965 -0.000188962 -0.000219393 
0.00100841 -0.000529567 0.00064547 0.000251771 0.00117514 0.000243914 -0.000275014 -0.000344659 
0.000198702 -0.00015295 0.000207924 -0.000951047 -0.00198875 -0.00214205 1.42406e-05 0.0011435 
-2.40919e-05 0.00015544 -0.000197869 0.000621797 0.0016054 0.00168829 -6.78429e-05 -0.000910792 
1.33688e-05 -1.38468e-05 1.84573e-05 -7.72148e-05 -0.00018099 -0.000186268 -9.86982e-06 9.8093e-05 
-2.2588e-05 4.35854e-05 -5.67167e-05 0.000151709 0.000330314 0.000359508 -0.000138194 -0.000196991 
0.000349459 7.24665e-05 1.16391e-05 -0.00179745 -0.0012713 -0.00154287 -0.00100544 0.000859012 
-0.000235224 -4.14488e-05 -2.5119e-06 0.00113017 0.00111606 0.00125914 0.000818771 -0.000699435 
1.32259e-05 -7.83863e-05 0.000103937 -0.000165907 5.86016e-05 -0.000318298 0.000973611 -0.0014186 
-3.91044e-05 7.47076e-05 -0.000103457 0.000305947 0.000281362 0.000354421 -0.00039639 -1.15378e-05 
1.987e-05 5.01389e-06 -2.42365e-06 -8.0704e-05 -8.2159e-05 -0.000138415 -2.06316e-05 -7.64838e-05 
0.000697629 0.000531385 -0.000628512 -0.000481309 -0.00103213 -0.000554885 0.000131022 -0.000334302 
-0.000159986 0.000414691 -0.000534667 0.000589336 0.00028737 0.00103855 -4.26078e-05 0.000159064 
1.71846e-06 5.47063e-05 -6.69139e-05 7.0667e-05 0.000158872 1.59582e-05 -0.000118688 -0.00133365 
-0.000630295 -0.00116878 0.0014152 0.000384368 0.00137645 -9.15096e-05 -0.000361187 0.000274084 
0.00063506 0.00112148 -0.00133418 -0.000723495 -0.00157564 -0.00054823 0.000134888 -0.00122847 
-0.000132516 2.45653e-05 -5.86047e-05 0.000561212 0.000477684 0.000902345 -6.79467e-05 0.000683549 
-5.31985e-06 -4.07338e-05 3.98079e-05 0.000170347 0.000195461 7.00516e-05 1.75839e-06 0.000103882 
0.000208757 -6.82506e-05 0.000145306 -0.00108354 -0.0009855 -0.00085705 -0.00019585 -0.00151369 
-0.00029602 9.31375e-05 -0.000181575 0.00122407 0.00102032 0.00158824 6.97153e-05 0.00184587 
-0.000828533 0.000610618 -0.000702934 -0.000669944 -0.000726987 -5.93003e-05 -0.000193026 -0.000703732 
-0.00053668 -0.000239232 0.000306426 -0.000189841 0.000181199 -0.000155175 4.02515e-05 -0.000220487 
-1.8219e-05 -1.68494e-05 1.31518e-05 0.000108898 0.000105426 0.000150567 0.000151225 0.000114333 
4.31468e-05 -4.70511e-05 7.22395e-05 -0.000245387 -0.000195053 -0.000237411 0.000140446 -0.00051339 
-6.71325e-05 1.40799e-05 -3.82738e-05 0.000361136 0.000285277 0.000430828 8.65992e-06 0.000590634 
5.89156e-06 1.67672e-06 -2.05782e-06 4.97878e-06 2.4785e-05 1.56065e-05 6.31191e-05 -4.46712e-05 
-7.03557e-05 3.20572e-05 -5.71044e-05 0.00033033 0.000316396 0.000344242 -3.37264e-05 0.000605165 
0.00012503 -8.59346e-05 0.000144471 -0.000672042 -0.000603683 -0.000639535 3.6162e-05 -0.00142445 
-0.000124314 0.000113123 -0.000185654 0.000791155 0.000666251 0.000800368 -8.68577e-05 0.00156063 
9.0774e-05 -3.81253e-05 7.56017e-05 -0.000454302 -0.000345688 -0.000442993 6.22343e-05 -0.000962848 
-7.65274e-05 1.8885e-05 -4.4167e-05 0.000333779 0.000252704 0.000328628 -6.311e-05 0.000643846 
-3.53044e-05 -0.000192009 0.000261067 -0.000341673 -7.94937e-05 -0.000426425 0.000413348 -0.000770751 
-0.000187395 -0.000244534 0.000267578 0.000656014 0.000910141 0.000454417 0.000500918 0.00165536 
1.82885e-05 -1.27275e-05 2.09618e-05 -9.02392e-05 -3.034e-05 -0.000114163 -0.000147337 -0.000301861 
4.90833e-05 -2.28198e-05 4.41378e-05 -0.000179659 -1.52187e-05 -0.000209771 0.000467977 -0.000372426 
0.000212777 -0.000710116 0.000810538 0.000703178 0.000826432 0.000138537 -0.00123147 0.00112634 
0.00112212 -0.000255152 0.000321095 -4.33516e-05 0.000349166 -0.000511632 0.000647941 -0.000384368 
-0.000187455 0.000374051 -0.000514513 0.000491718 -0.00027529 0.000767483 -0.00440039 0.000881508 
4.98008e-06 -0.000116222 0.000152428 1.74108e-05 0.000138914 -4.0834e-05 0.00122914 0.000110409 
-7.07076e-06 -0.000203455 0.000249968 6.96076e-05 0.000106501 -7.7979e-05 0.00179784 7.55335e-06 
-5.90867e-06 -0.000170017 0.000208885 5.81675e-05 8.8997e-05 -6.5163e-05 0.00150236 6.31194e-06 
