0 2.30412
0.99 0.286816
1.626 0.136084
2.266 0.0815851
3.633 0.0569952
5.018 0.0409889
6.1 0.0313111
7.23 0.0255727
8.336 0.0218288
9.389 0.0188891
10.454 0.0163244
11.467 0.0140867
12.557 0.0121063
13.623 0.01035
14.658 0.00882833
15.758 0.00756493
16.984 0.00650562
18.007 0.00555522
19.006 0.00467207
19.953 0.00385109
21.062 0.00309923
21.991 0.00241901
22.614 0.00222962
23.229 0.00205817
23.878 0.00189941
24.48 0.00175216
25.113 0.00161589
25.739 0.00149033
26.333 0.00137516
27.018 0.00127039
27.679 0.00117585
28.336 0.00109056
28.964 0.00101044
29.604 0.000938145
30.229 0.000873703
30.891 0.000787189
31.49 0.000740276
32.146 0.000739424
