0 2.30412
2.241 0.00705636
2.296 0.00485869
2.35 0.00391429
2.436 0.00342669
2.522 0.0031175
2.613 0.00289544
2.705 0.00271035
2.741 0.00255137
2.829 0.0024114
2.866 0.00228731
2.903 0.00217547
2.936 0.00207396
2.977 0.00198211
3.02 0.00189811
3.061 0.00182116
3.102 0.00175047
3.142 0.00168571
3.183 0.00162623
3.224 0.00157152
3.255 0.00152122
3.295 0.00147482
3.335 0.00143202
3.375 0.00139258
3.416 0.00135621
3.459 0.00132257
3.499 0.00129146
3.54 0.00126262
3.58 0.00123586
3.621 0.001211
3.661 0.00118787
3.702 0.00116633
3.742 0.00114625
3.793 0.00112734
3.834 0.00110979
3.884 0.00109327
3.925 0.00107785
3.975 0.00106316
4.024 0.0010494
4.064 0.00103654
4.115 0.00102417
4.165 0.00101247
4.205 0.0010016
4.254 0.000991036
4.306 0.000980513
4.343 0.000965799
4.375 0.000952866
4.416 0.000940386
4.458 0.000928341
4.502 0.000916693
4.543 0.00090542
4.6 0.000894435
4.651 0.000883782
4.702 0.000874788
4.756 0.000866401
