0 0 0 0 0 0 0 0 
0 0 0 0 0 0 0 0 
-0.00129822 0.00101289 -0.00118354 -0.00133216 -0.00133786 -0.000395306 -5.59016e-05 0.00938308 
0.00569493 0.000650573 -0.000997248 0.000917752 -0.00290645 -0.00145638 -3.98714e-05 0.0179515 
0.00491929 0.000739955 -0.00108322 0.000792067 -0.00261343 -0.00110919 -0.000112766 0.014983 
-0.00307078 0.000287962 -0.000296067 0.00045438 0.00217602 0.00267762 -0.000723359 -0.0248021 
-0.000144061 -0.000987239 0.00122218 0.000183965 0.000802557 -0.000500167 0.000466881 -0.000173842 
-9.32774e-05 -0.000261824 0.000323492 -4.85392e-05 -5.173e-05 -0.000354978 6.52307e-05 0.00246349 
0.000447089 0.000138082 -0.000171604 0.000168324 0.000424498 0.000445845 0.00076681 -0.00469548 
2.03909e-05 9.77962e-05 -0.000125455 -0.000142297 -0.000428884 -0.000260376 0.000104131 0.00338754 
-5.68778e-05 4.70033e-05 -6.94519e-05 -0.000168894 -0.00076385 -0.000508638 -0.000637782 0.00627875 
0.000407236 -0.000341786 0.000433659 0.00024229 0.000733657 0.000131853 -0.000103627 -0.0040205 
3.26394e-06 0.000212195 -0.000260934 3.96113e-05 0.000134448 0.000352876 -0.000104504 -0.00270246 
-0.000555678 0.000328489 -0.000423606 -0.000390691 -0.00123426 -0.000524467 -8.07248e-05 0.0082995 
-0.000151164 -0.000102833 0.000133884 -3.39687e-05 7.41718e-05 -7.48777e-05 1.22991e-05 0.000241746 
4.01985e-05 3.84995e-05 -6.60774e-05 -0.000141861 -0.000774345 -0.000533545 -4.3159e-05 0.00584557 
8.46581e-05 0.000572654 -0.000718005 -7.309e-06 -0.000307219 0.000473633 -8.7114e-05 -0.00149654 
-0.000304622 -0.0013822 0.00173424 6.75676e-06 0.000802802 -0.00110536 0.000413729 0.0025687 
-0.000841906 -0.000602483 0.000758188 -0.00030851 -0.000223464 -0.000943768 0.000277229 0.0052219 
-0.00023988 0.00114421 -0.00142856 -0.000159154 -0.000783639 0.000788169 -0.000209638 -0.0022269 
0.000889899 0.000322967 -0.000413832 0.000270898 8.82178e-05 0.000519985 -0.000271196 -0.00111382 
7.90062e-05 -0.00023889 0.000286823 -5.32821e-05 -0.00037159 -0.000581697 3.69886e-05 0.00356335 
-0.000226439 -0.000433835 0.000541555 -7.66477e-05 2.22534e-05 -0.000534987 0.000121662 0.00210324 
-4.11185e-05 -1.06117e-05 8.65463e-06 -1.83175e-05 -0.000166737 -0.000180701 -0.000244318 -0.00047944 
-7.50154e-05 -5.39706e-05 4.74125e-05 -0.000180549 -0.000891002 -0.000768706 -0.00017357 0.005394 
5.98243e-05 4.07401e-05 -3.70495e-05 0.000101153 0.00063318 0.000599692 0.000222723 -0.00188257 
3.96902e-06 -3.03471e-05 3.44646e-05 -1.00157e-05 -4.65002e-05 -7.41191e-05 0.000286983 0.000465081 
-3.51071e-05 -4.52279e-05 4.27137e-05 -0.000103999 -0.000609278 -0.000566055 -2.90192e-06 0.00263143 
0.000431081 -7.47238e-05 9.9044e-05 0.000226281 0.00069031 0.000496722 -5.95521e-06 -0.00264461 
-0.000187743 -0.0004758 0.000580038 -6.06741e-05 -0.000346373 -0.00084072 2.45942e-05 0.00296011 
-0.000530596 4.3185e-05 -5.70395e-05 -6.3393e-05 -0.000239019 -1.00094e-05 -0.00015229 0.000573305 
-4.04269e-05 0.000329319 -0.000407147 -6.81756e-05 -0.000167827 0.000236699 0.000110687 -0.000333573 
0.000118522 0.000112316 -0.000133225 -0.000146281 -0.000194354 -0.000200575 0.000318908 0.000898213 
6.00372e-07 3.21211e-05 -4.62024e-05 0.000134787 0.000100209 0.00031814 -0.000363976 -0.00102896 
-7.02414e-05 -5.1663e-05 5.57757e-05 8.71486e-06 -0.000208436 -0.000153948 -0.000312206 0.00081472 
5.04665e-06 -1.77982e-05 2.19251e-05 -0.000106855 -0.000253582 -0.000360923 0.000246502 0.00140934 
3.45902e-05 3.92385e-05 -3.08398e-05 -2.36789e-05 0.00047347 0.000326475 3.98827e-05 -0.00170683 
-0.000165831 -0.000183785 0.000199623 5.82288e-05 -0.000660835 -0.000444756 -4.808e-05 0.00242701 
-0.000480208 5.09349e-06 -2.81997e-05 -8.52457e-05 -0.000900577 -0.00055499 -2.13579e-05 0.00315872 
-0.000157557 0.00017301 -0.000206744 -8.26616e-05 -4.51657e-05 7.82558e-05 7.66184e-05 -0.000146208 
0.000596566 0.000381711 -0.000387451 -0.00014172 0.00224251 0.0012617 -9.19836e-05 -0.00785773 
0.00137725 -0.00230758 0.002547 0.00146412 -0.00516732 -0.00434371 0.000405572 0.0189926 
0.000359926 -0.000606887 0.000567264 0.000754021 -0.00394854 -0.00231104 -3.95697e-05 0.0112365 
-0.00133244 0.00186109 -0.0022129 -0.000702113 -7.93475e-05 0.0016633 -0.000526223 -0.00404371 
-0.000181259 -0.000715918 0.000890194 -3.92561e-05 0.000506529 -0.000363555 0.000256745 0.00141395 
-0.000103069 -9.46111e-05 8.81903e-05 0.000122129 -0.000648066 -0.000433069 -2.32026e-05 0.00131245 
-0.000363131 0.000437428 -0.000495495 -0.00030738 0.000584001 0.000713658 0.000172311 -0.00186208 
-0.000150197 -0.00034517 0.000400426 0.000222731 -0.000105671 -0.000622657 -0.000124865 -0.0020643 
0.000260436 -0.000496741 0.000555381 0.00043535 -0.00077548 -0.00103016 -0.00019557 0.000393949 
0.000329785 9.86512e-05 -0.000123938 -3.10643e-05 -0.0002957 0.000173355 1.47711e-05 0.00299824 
1.98122e-05 1.50707e-05 -1.03661e-05 -4.55506e-05 0.000171311 0.000123095 3.67287e-05 -6.94158e-05 
-4.37617e-05 -4.3178e-05 4.23223e-05 5.99352e-05 -0.000202191 -0.000173133 1.66143e-05 7.96447e-05 
5.01578e-05 3.45381e-05 -3.31013e-05 -8.88035e-05 0.000110731 9.11364e-05 1.05991e-05 -4.82952e-05 
4.19563e-05 9.93766e-06 -8.34993e-06 -6.66526e-05 -2.91467e-05 -3.33502e-05 0.000112457 2.09851e-05 
3.93213e-06 -7.63195e-05 9.81196e-05 -0.00017212 -0.000342232 -0.000397138 0.000272379 0.000216386 
-4.69348e-05 3.49781e-05 -4.28931e-05 9.5327e-05 0.000373186 0.000334799 -0.000310823 -0.000197998 
-9.58004e-05 -0.000128609 0.000150498 -4.23485e-05 -0.000361424 -0.000445525 -0.000150476 0.000225154 
-7.05792e-05 -0.000267012 0.00031412 -0.000109355 -0.000805769 -0.000940562 0.000250291 0.000493877 
0.000144929 -1.00994e-05 1.80379e-05 0.000103001 0.000818404 0.00060164 -8.7178e-05 -0.000378307 
0.000567865 -0.000154555 0.000176012 0.000270538 0.000332897 0.000148092 -6.09791e-05 -0.000133134 
8.69584e-05 5.15611e-05 -6.28211e-05 -0.000317756 -0.00120866 -0.000978896 8.0848e-05 0.000582174 
-0.000574724 0.000319683 -0.000383552 -0.000366913 -0.00110399 -0.000546167 0.000163969 0.000426253 
-5.79569e-05 2.06601e-05 -3.0446e-05 0.000188746 0.000335415 0.000372283 1.05123e-06 -0.000197878 
-7.51983e-06 -2.54655e-05 3.15325e-05 -0.000109803 -0.000322334 -0.000333017 -5.27628e-05 0.000178467 
0.000115836 4.16558e-05 -1.59069e-05 -0.000584879 -0.000305295 -0.000396009 -0.000385075 0.000224093 
5.98832e-05 -1.31201e-05 3.51871e-05 -0.000348875 -0.000291399 -0.000354852 -1.99744e-05 0.000196183 
-7.54109e-05 -5.42336e-05 4.47081e-05 0.000353487 0.000287994 0.000182197 0.000666167 -0.000841029 
4.2338e-05 7.93929e-05 -9.09334e-05 -0.000103598 -0.000180181 -6.80458e-05 -0.000762232 0.000617832 
1.16089e-05 2.3586e-05 -2.82467e-05 -2.34705e-05 -0.00011236 -7.75984e-07 -0.000349798 0.000538882 
0.000283232 0.000152237 -0.000170441 -0.000373717 -0.000561697 -0.000441808 0.000275997 -0.000132672 
0.000100304 0.000254576 -0.000317261 0.000122011 -0.000102823 0.000281339 2.8319e-05 1.55944e-05 
-0.000224894 -0.000220363 0.000265768 0.00012338 0.000405775 5.91032e-05 -9.95898e-05 -0.000565956 
-0.000332029 -0.000868303 0.00106247 1.78851e-05 0.00070099 -0.000408363 -0.000173685 0.000482239 
0.000363396 0.000620569 -0.00073873 -0.000430123 -0.000967829 -0.000287942 0.000144933 -3.10369e-05 
0.00053024 0.00105884 -0.00128508 -0.000256549 -0.00114805 0.000206441 0.00024113 -0.000290447 
-0.000305348 -0.000542161 0.00064009 0.000434856 0.000841679 0.000323584 -6.52337e-05 0.000648073 
0.000137062 -4.05438e-05 8.42795e-05 -0.000636927 -0.000559647 -0.000725393 -3.88794e-05 -0.000856998 
-8.94598e-05 4.70808e-05 -7.28908e-05 0.000284709 0.000206361 0.000483012 8.69667e-06 0.000508363 
-0.000469772 0.00037619 -0.0004191 -0.000669601 -0.00064776 -0.000475583 -0.0001062 -0.00083958 
-4.86292e-05 -0.000283025 0.000374472 -0.00049841 -0.000188412 -0.000733072 2.80812e-05 -0.000766025 
0.000402119 -0.000401347 0.000463724 0.000415283 0.000500819 7.94206e-05 0.000186595 0.000433163 
0.000314893 0.000112306 -0.000140351 2.45364e-05 -0.00016341 1.48889e-05 5.7771e-05 -6.53794e-05 
-1.48506e-05 1.01335e-05 -1.60824e-05 7.33135e-05 4.81385e-05 8.19475e-05 -5.96679e-05 0.000142003 
-3.22308e-06 1.69592e-05 -2.3205e-05 4.2297e-05 4.51493e-05 3.42665e-05 -2.15802e-05 8.40111e-05 
-1.51971e-05 1.28561e-05 -1.76952e-05 4.66929e-05 6.57778e-05 2.45661e-05 -3.49031e-05 0.000124249 
4.89572e-05 -3.79772e-05 6.31906e-05 -0.000286506 -0.000266759 -0.000276186 -1.9851e-05 -0.000584919 
4.15652e-05 -9.61019e-06 1.95943e-05 -0.000154444 -0.000165134 -0.000150349 4.05794e-06 -0.00030557 
-2.13612e-05 2.55094e-05 -3.79996e-05 0.000132261 0.000143313 0.000122828 7.22048e-06 0.00027701 
5.10236e-05 -5.47076e-05 8.78863e-05 -0.000351551 -0.000298655 -0.000355659 3.24563e-05 -0.000709209 
-5.90689e-05 -4.04547e-05 4.25724e-05 0.000130128 0.000154412 9.85689e-05 9.28782e-05 0.000253747 
-4.01189e-05 -9.31356e-05 0.000109828 0.000120539 0.000238524 5.05332e-05 0.000199244 0.000373385 
6.25979e-05 0.000102001 -0.000121579 -0.000109151 -0.00020839 -5.12325e-05 -0.000300942 -0.000336688 
9.00495e-05 8.137e-05 -8.09828e-05 -0.000316697 -0.000341729 -0.000253634 3.60802e-05 -0.000756986 
0.000100372 -0.000374481 0.000422277 0.000440698 0.00045967 0.000150108 -0.000673785 0.000780156 
0.000733716 0.000163535 -0.000168779 -0.000333152 -0.000139619 -0.00040145 0.000977161 -0.000750337 
0.000133025 0.000539634 -0.00063899 -0.000308114 -0.000552977 3.11439e-05 -0.000587574 -0.000556077 
-0.000723807 0.000187696 -0.000242895 0.000136526 -0.000215399 0.000457362 -0.000823582 0.000464237 
8.73273e-05 -0.000270254 0.000359081 -0.000206131 0.000185344 -0.000402362 0.00292782 -0.000411144 
0 0 0 0 0 0 0 0 
0 0 0 0 0 0 0 0 
