0 0 0 0 0 0 0 0 
0 0 0 0 0 0 0 0 
0.098277 -0.632861 0.780659 -1.85273 -3.7343 -3.80736 0.0101158 -8.67038 
-0.351034 2.29226 -2.82766 6.66576 13.434 13.6926 -0.0360834 32.1574 
-0.305301 1.99443 -2.46026 5.79739 11.6843 11.9089 -0.0313529 28.0122 
0.123775 -0.811158 1.00066 -2.36046 -4.75523 -4.84783 0.0129394 -11.4881 
0.0003391 -0.00580971 0.00714294 -0.00822233 -0.0178594 -0.0168038 -6.97039e-05 -0.19413 
-0.00139297 0.012106 -0.0149107 0.0102108 0.0234785 0.0201967 0.000250965 0.714403 
0.00103384 -0.00465809 0.00572279 -0.00131961 -0.0035481 -0.00189973 -0.00019416 -0.299699 
0.00565116 -0.00871892 0.0108036 -0.00755089 -0.0174933 -0.0150461 -0.000154235 0.838123 
-0.00613179 -0.00236246 0.00291789 -0.00288278 -0.00617097 -0.00612572 0.000260626 0.211817 
-0.00533615 0.013628 -0.0168167 0.00894851 0.0209636 0.0172362 9.48453e-05 -1.14221 
0.0119411 -0.0115401 0.0141645 -0.0107406 -0.0242311 -0.0216681 6.1229e-05 -0.507395 
-0.0068862 -0.00189564 0.00234469 0.000621651 0.00127282 0.00166196 0.000154767 0.853401 
-0.00752269 0.0144244 -0.0176818 0.00738262 0.0171644 0.0139354 -0.000384642 1.12854 
0.004608 -0.0150243 0.0184622 0.00206977 0.00243371 0.00708341 0.000232636 -1.20763 
0.000580081 0.000256874 -0.00032326 0.00970153 0.021012 0.0217634 -5.35382e-05 -0.168684 
-0.00194768 0.00783607 -0.00963038 -0.00473145 -0.00996004 -0.0128945 0.000218061 0.694113 
-0.00325735 0.00117125 -0.00141802 -0.0138037 -0.0289596 -0.0312179 0.000465449 0.41747 
-0.000813636 -0.00124937 0.00153731 -0.00749708 -0.0151315 -0.0152808 -0.00032046 0.0179489 
0.00259212 -0.00029908 0.000359864 0.010156 0.020938 0.0222623 -0.000116693 -0.27922 
0.00160188 0.00263063 -0.00327184 0.000860031 0.00197186 0.00141261 -0.00014297 0.24233 
-0.00235995 -0.011628 0.0143509 -0.00633407 -0.0151508 -0.0112983 -0.00046595 -0.636942 
0.00273835 0.018044 -0.0222737 0.00434805 0.0120361 0.00570539 0.000563383 1.15439 
0.00319623 0.00960351 -0.0118999 -0.00260597 -0.00496185 -0.00799238 -0.000147866 0.75812 
-0.00249311 -0.0108663 0.01343 -0.00138406 -0.00472097 -0.000918565 -0.000215159 -0.7316 
-0.000399473 0.00806743 -0.00987257 0.0040758 0.010399 0.00771308 0.000195192 0.39909 
0.000535245 -0.0022912 0.00280727 -0.000313074 -0.000586355 0.000106902 -6.73668e-05 -0.144943 
-3.22943e-05 -0.00884301 0.010835 -0.000106485 -0.000838227 0.00226883 -0.000273644 -0.50451 
0.000434086 0.00391896 -0.00481203 -0.00261953 -0.00641522 -0.00779617 0.000153206 0.316915 
0.000675731 0.00190949 -0.00236089 -2.61643e-06 0.000135803 -8.72429e-05 -0.000289304 0.0823037 
-0.000466207 0.00278601 -0.0033917 0.00340946 0.0093414 0.0076177 0.000516814 0.05498 
-0.00192837 0.00361257 -0.00438954 -0.00396065 -0.00992642 -0.0120074 0.000797359 0.39942 
0.00101851 -0.0018971 0.00230345 -0.0045906 -0.0126986 -0.00977284 -0.00150152 0.0729761 
0.00204865 -0.0085182 0.0103922 0.00685046 0.0171301 0.0200051 -0.000362176 -0.904917 
-0.000955587 -0.00376061 0.00460689 0.00382174 0.0102772 0.00899118 0.00158387 -0.487732 
-0.000323607 0.00584446 -0.00714586 -0.0064462 -0.0166762 -0.0174913 -0.000497968 0.710414 
0.000189628 -0.00180936 0.00220416 0.000843073 0.00150559 0.00245667 -0.000227233 -0.177057 
-0.000794159 0.00190893 -0.00231346 0.00355913 0.010601 0.00940764 0.000187958 0.0647842 
-0.000809877 0.00245772 -0.0029816 0.00221266 0.00675787 0.00539232 0.000280497 0.129186 
0.0072786 -0.0218033 0.0264529 -0.00226354 -0.00794018 -0.00166553 0.000255935 -1.68952 
-0.0328788 0.109745 -0.133145 0.014881 0.0505084 0.016285 0.000304267 8.40679 
-0.0151697 0.0511918 -0.0621032 0.00437971 0.0160195 0.00182692 -0.000934202 3.94258 
0.0173473 -0.0553557 0.0671619 -0.0110243 -0.0361328 -0.0162109 -0.00176192 -4.286 
-0.00178191 0.0012499 -0.0015198 -0.00103184 -0.00273522 -0.00406264 0.00073534 0.224872 
-0.00369031 0.00517915 -0.00627908 -0.00478226 -0.0126772 -0.0131309 -0.000542681 0.7102 
-9.90406e-05 0.00139363 -0.0017183 0.00693481 0.0186628 0.0161507 0.00127279 -0.0312593 
0.00254702 -0.0073959 0.00902218 -0.0134768 -0.0354121 -0.0308466 -0.00145145 -0.444742 
0.00255664 -0.00536977 0.00655283 -0.00535394 -0.0144983 -0.0105098 -0.00159702 -0.493295 
-0.00133313 0.0067645 -0.00825112 0.0163954 0.0426812 0.0389836 0.000927281 0.212275 
-0.000155588 -0.0022766 0.00278177 -0.00888608 -0.0225737 -0.0218972 9.88512e-05 0.106996 
-9.87537e-05 0.00409571 -0.00501659 0.0057221 0.014723 0.013331 5.50201e-05 0.164104 
0.000344636 -0.00742255 0.00910184 -0.00645571 -0.0167585 -0.0139578 -0.000359207 -0.468317 
0.000759471 -0.00448223 0.00546742 -0.0034873 -0.00936824 -0.00844183 0.000393899 -0.257624 
-0.000927984 0.01112 -0.0136119 0.00891417 0.0229887 0.0194522 8.92718e-05 0.681589 
-0.000367766 0.000570972 -0.000686302 -0.0016626 -0.00453168 -0.00367042 -0.000688747 0.083071 
0.000552089 -0.00490299 0.00597656 0.00224035 0.00620553 0.00696879 0.00037819 -0.38329 
0.00112077 0.00991293 -0.0121074 0.00294649 0.00921581 0.00563893 0.000171328 0.570401 
0.00170504 -0.00278604 0.00339545 -0.000527052 -0.00116402 -0.000735751 0.00027664 -0.013109 
-0.0154875 -0.0242142 0.0296937 -0.00801688 -0.0253882 -0.0175235 0.000376916 -1.85636 
0.00211665 0.0146654 -0.0179125 -0.00082948 -0.00196199 -0.00480643 -0.00111328 0.817228 
0.018838 0.0286691 -0.0351642 0.00867652 0.0274671 0.0187917 -0.000830991 2.1907 
-0.0011996 -0.00158249 0.00193393 0.00348167 0.0120646 0.0126979 -0.000553781 -0.207193 
-0.00586469 -0.0177615 0.0217054 -0.00915444 -0.0303729 -0.0236737 5.55268e-05 -1.05883 
-0.00202213 -0.00215904 0.0026903 -0.00745386 -0.0252782 -0.0251095 0.00125244 0.00738078 
0.00561529 0.0213683 -0.0260984 0.00758716 0.0252406 0.0176079 1.22777e-05 1.26075 
0.00196547 -0.000627206 0.000753236 0.000258122 0.000783853 0.000347353 0.000390693 0.0506168 
0.000435507 0.00139948 -0.00168568 -0.00591524 -0.0214971 -0.0178247 -0.00198862 0.311906 
-0.00200957 -0.00199577 0.00247225 0.00904263 0.0344614 0.0323496 0.000484523 -0.514527 
0.000230661 0.00538065 -0.00652304 0.00617315 0.0227335 0.0170946 0.00192448 0.108844 
0.000252136 -0.00713163 0.00860801 -0.00990509 -0.0373676 -0.0324893 -0.000447361 -0.180604 
-0.00295738 0.00778019 -0.00937292 0.00112002 0.00422178 0.00201338 -0.00015888 0.538914 
0.000425229 -0.00114789 0.00135343 -0.00156293 -0.00699089 -0.00625101 1.824e-05 0.0158411 
0.00338458 -0.00477741 0.0057825 0.00498063 0.0199491 0.0205241 -0.000309366 -0.562678 
6.7247e-05 0.00519882 -0.00623272 0.00519726 0.0212428 0.0188536 -0.000272386 0.0875786 
0.000514045 -0.00525569 0.00628786 -0.00609799 -0.0247391 -0.022755 0.000687955 -0.203111 
-0.000378101 3.86037e-05 -3.20381e-05 -0.00067123 -0.00245937 -0.00173548 -0.000394894 0.0401276 
-0.00303309 0.00608233 -0.00729968 0.00395006 0.0158243 0.0128709 0.000221599 0.643694 
0.00703683 -0.0114112 0.0137208 -0.00379399 -0.0146453 -0.00831714 -0.00164365 -1.77566 
-0.00175992 0.00604636 -0.00726184 0.00440733 0.0187949 0.0160139 -3.93568e-05 0.613956 
-0.00392043 0.00620908 -0.00747135 0.00303958 0.0112675 0.00726247 0.00115688 0.943902 
0.00209876 -0.00763198 0.00918312 -0.00691218 -0.028526 -0.0237517 -0.000609556 -0.668922 
-0.00131401 0.00300816 -0.00361346 -0.000244175 -2.96129e-05 -0.000923385 3.96862e-05 0.510673 
0.000531983 -0.00139044 0.00166285 -0.000161383 -0.000936794 -0.00140981 0.000631675 -0.21318 
0.000459528 -0.00116844 0.00141159 0.000341402 0.000899058 0.00221306 -0.000703907 -0.134411 
-0.000730214 0.0042802 -0.00513821 0.00292778 0.0112822 0.01023 -0.00057593 0.334724 
-0.000493779 0.00286028 -0.00344193 0.00184097 0.00811453 0.00606927 0.000487326 0.187192 
0.000689835 -0.00319098 0.00383584 -0.00106357 -0.00396027 -0.00269581 -8.62606e-05 -0.282359 
-0.00025364 0.0027011 -0.00325457 -0.000650364 -0.00313763 -0.00379 6.08834e-05 0.278006 
-0.000275873 -0.000996554 0.00120367 -0.000448609 -0.00209785 -0.00189084 0.000150498 -0.0591609 
5.03927e-05 -0.00377558 0.00454761 0.00102377 0.00514358 0.00596935 -5.3052e-05 -0.254647 
-0.000466381 0.00866448 -0.010429 -0.00437239 -0.02082 -0.0216905 -0.000180653 0.632538 
0.00184239 0.00271882 -0.00330744 0.00014415 -0.000682911 -0.00220616 0.00052623 0.137789 
-0.00576312 -0.0152061 0.0184075 0.00585095 0.0323119 0.0363328 -0.00116336 -1.10224 
0.0110394 -0.00990569 0.0117599 -0.00904212 -0.045385 -0.0403114 0.000387149 0.042232 
0.00825563 0.0197983 -0.0239449 -0.00427853 -0.0274231 -0.0336708 0.00157737 1.35286 
-0.00460995 0.0198587 -0.0238609 0.00501166 0.0224981 0.0151532 0.000170579 0.734385 
0.00197446 -0.0219135 0.0263183 -0.00247251 -0.0090238 -0.00181704 -0.000282823 -1.0329 
0 0 0 0 0 0 0 0 
0 0 0 0 0 0 0 0 
