0.0414969 0.262485 0.120449 -0.756232 1.4864 2.58429 -0.00168822 -1.97252 
0.0412356 0.264467 0.118009 -0.763969 1.47092 2.56679 -0.00134249 -1.78862 
0.0416774 0.266221 0.115841 -0.7544 1.49069 2.58743 -0.00156559 -1.8189 
0.0409835 0.265903 0.116232 -0.746333 1.50636 2.60463 -0.00174038 -1.92415 
0.0415051 0.262478 0.120458 -0.756232 1.4864 2.58429 -0.00168822 -1.97252 
0.0423482 0.257548 0.126521 -0.766867 1.46364 2.5621 -0.00178305 -2.01705 
0.04201 0.264972 0.117385 -0.76315 1.47256 2.56884 -0.00165381 -1.55204 
0.0433495 0.259712 0.123862 -0.77002 1.45715 2.55466 -0.00179434 -1.84638 
0.0431949 0.265001 0.117348 -0.769907 1.45814 2.55377 -0.00165398 -1.52845 
0.0440029 0.270564 0.110468 -0.768166 1.46267 2.55651 -0.00158309 -1.215 
0.0451505 0.275606 0.104208 -0.761794 1.47685 2.56974 -0.00165929 -0.996048 
0.0598539 0.262848 0.119976 -0.767702 1.46191 2.55931 -0.00219128 1.10568 
0.0449438 0.251247 0.134228 -0.767253 1.46181 2.56216 -0.00176489 3.23607 
0.0412566 0.25989 0.123636 -0.757992 1.48225 2.58113 -0.00197249 3.83874 
0.0496465 0.248325 0.137793 -0.767076 1.4618 2.56291 -0.00163387 2.92205 
0.0442625 0.253269 0.131761 -0.762446 1.47245 2.57211 -0.00139013 3.61743 
0.0408157 0.266573 0.115408 -0.770769 1.45648 2.55147 -0.00161323 4.8349 
0.0406623 0.260579 0.122799 -0.77381 1.44903 2.54574 -0.00160181 4.60614 
0.0420667 0.257406 0.126696 -0.766952 1.46344 2.56194 -0.00178304 4.26613 
0.043614 0.25578 0.12869 -0.75735 1.48311 2.58315 -0.0017857 3.99796 
0.0417377 0.257032 0.127158 -0.758548 1.48114 2.5799 -0.00125429 4.15914 
0.0400676 0.257731 0.126299 -0.767529 1.46239 2.56035 -0.00150774 4.34568 
0.039554 0.262315 0.120666 -0.765709 1.46713 2.56303 -0.000977808 4.49862 
0.0449984 0.276692 0.102852 -0.770566 1.45805 2.5501 -0.00190133 5.55477 
0.0409831 0.254793 0.129896 -0.776134 1.44282 2.54212 -0.00226006 4.05717 
0.0409529 0.254404 0.130373 -0.77799 1.43862 2.5378 -0.00217151 3.98408 
0.0415669 0.249525 0.136339 -0.787362 1.41626 2.5165 -0.0020816 3.77921 
0.0413818 0.247683 0.138585 -0.793371 1.40144 2.50201 -0.00194269 3.72172 
0.0407604 0.261366 0.121827 -0.797691 1.39196 2.48736 -0.00128676 4.53465 
0.0408945 0.262442 0.120503 -0.800185 1.38556 2.4803 -0.00102222 4.54493 
0.0403726 0.257755 0.126264 -0.799599 1.3867 2.48286 -0.000989846 4.22349 
0.0410412 0.251889 0.133447 -0.80315 1.37678 2.47479 -0.000892893 3.99918 
0.0425 0.246182 0.14041 -0.803518 1.37516 2.47602 -0.00164542 3.68286 
0.0441301 0.244814 0.142076 -0.799687 1.38511 2.48633 -0.00169838 3.51009 
0.0432607 0.249275 0.13664 -0.799967 1.385 2.4838 -0.00096021 3.90885 
0.0438585 0.255332 0.129237 -0.804691 1.37275 2.47132 -0.00194966 4.64397 
0.0453363 0.248109 0.138066 -0.795602 1.3959 2.49631 -0.00190078 3.81372 
0.046484 0.244594 0.142347 -0.80385 1.37422 2.47537 -0.00147815 3.84711 
0.0472159 0.242509 0.144882 -0.807987 1.36282 2.46472 -0.0013909 3.86453 
0.0482264 0.238065 0.150275 -0.815878 1.34001 2.44442 -0.00175463 3.8186 
0.0461623 0.24102 0.146695 -0.808639 1.36094 2.46375 -0.00167938 4.02473 
0.0423277 0.245513 0.141238 -0.815332 1.34213 2.44427 -0.00172677 4.68605 
0.0446595 0.236949 0.151627 -0.816597 1.33793 2.4425 -0.00157023 4.05666 
0.0435733 0.239702 0.148284 -0.813839 1.34626 2.44834 -0.000573526 4.28341 
0.0432081 0.244542 0.142418 -0.811622 1.35287 2.4544 -0.00132383 4.59163 
0.0479644 0.240656 0.147131 -0.80421 1.37303 2.47505 -0.00123049 3.84975 
0.049398 0.242615 0.144757 -0.800165 1.38374 2.4858 -0.00179458 3.75543 
0.0495329 0.243793 0.143331 -0.80045 1.38297 2.48561 -0.00243951 3.83585 
0.0470839 0.250191 0.13553 -0.792724 1.40357 2.50243 -0.00125116 4.28221 
0.046313 0.249071 0.136896 -0.801451 1.3811 2.48052 -0.00127307 4.39458 
0.0465633 0.24896 0.13703 -0.796326 1.3942 2.49416 -0.00175721 3.97692 
0.0456105 0.252572 0.132615 -0.787794 1.41565 2.51449 -0.00176937 3.9443 
0.0451418 0.249351 0.136549 -0.796428 1.39393 2.49381 -0.00179368 3.8169 
0.0436643 0.26053 0.122854 -0.785885 1.42127 2.51705 -0.00136358 4.41336 
0.0429693 0.255553 0.128962 -0.793593 1.40176 2.4994 -0.00160676 4.12268 
0.0432772 0.247355 0.138976 -0.800256 1.38403 2.4833 -0.000875 3.59184 
0.0415626 0.250989 0.134545 -0.805527 1.37025 2.46854 -0.000805384 3.92982 
0.0408692 0.249381 0.136507 -0.812538 1.35037 2.45015 -0.00115568 3.95804 
0.0402078 0.243042 0.144225 -0.816305 1.33892 2.44135 -0.00140907 3.65457 
0.0439122 0.261708 0.121398 -0.817553 1.33608 2.43349 -0.00184819 4.85921 
0.0507037 0.26679 0.11513 -0.815373 1.34284 2.43788 -0.00145611 5.49379 
0.038394 0.244691 0.142218 -0.822502 1.32004 2.42128 -0.000390178 4.00014 
0.0424177 0.255957 0.12847 -0.826635 1.307 2.40734 -0.00174547 4.89928 
0.0409146 0.251384 0.13407 -0.829697 1.29644 2.39711 -0.000615177 4.75427 
0.0458076 0.260233 0.123221 -0.822379 1.3209 2.419 -0.00151127 5.3606 
0.0405524 0.235587 0.15328 -0.827494 1.30395 2.41119 -0.00219098 3.94269 
0.0493613 0.255921 0.128512 -0.834535 1.27938 2.3817 -0.00205989 5.90054 
0.0394827 0.235535 0.153343 -0.836413 1.27322 2.38179 -0.00196556 4.38439 
0.0397024 0.232997 0.156382 -0.836414 1.27278 2.37989 -0.000414821 4.30672 
0.0392883 0.228702 0.161578 -0.843726 1.24541 2.35694 -0.00150804 4.3441 
0.0403614 0.228725 0.161555 -0.836413 1.27331 2.38346 -0.0017004 4.22497 
0.0395218 0.241958 0.145563 -0.835839 1.27508 2.38118 -0.00157459 5.01965 
0.0449232 0.224862 0.166179 -0.837157 1.27041 2.381 -0.00115186 3.9154 
0.0435787 0.226805 0.163843 -0.840242 1.2588 2.36915 -0.000890623 4.17016 
0.042766 0.224015 0.167184 -0.846264 1.23477 2.34694 -0.000573546 4.28341 
0.0434499 0.225765 0.165095 -0.845205 1.2393 2.35129 -0.00097991 4.35703 
0.0438741 0.228996 0.161225 -0.842323 1.25094 2.36192 -0.00140291 4.49989 
0.0481279 0.22222 0.169328 -0.847678 1.22879 2.34192 -0.000661623 3.89932 
0.0493735 0.221532 0.1702 -0.850585 1.21753 2.33415 -0.00243956 3.83543 
0.0454673 0.228003 0.162418 -0.849504 1.22116 2.33435 -0.00141331 4.86238 
0.0476705 0.224421 0.166727 -0.85129 1.21377 2.32907 -0.00189571 4.23785 
0.0463038 0.231421 0.158306 -0.845095 1.23978 2.35112 -0.00165233 4.67776 
0.0472455 0.232577 0.156904 -0.838954 1.26363 2.37284 -0.00144785 4.16742 
0.0468283 0.23248 0.157025 -0.839293 1.26242 2.37213 -0.00174034 4.00939 
0.0460375 0.233179 0.156182 -0.839619 1.2612 2.37096 -0.00185957 4.01039 
0.0454184 0.230908 0.158905 -0.843729 1.24479 2.35508 -0.00109857 3.87477 
0.0452925 0.22663 0.164045 -0.848276 1.22593 2.33855 -0.0010649 3.58293 
0.0429156 0.229204 0.160954 -0.852262 1.20781 2.32088 -0.00105918 4.00477 
0.0421984 0.229327 0.160805 -0.852043 1.20884 2.3219 -0.00112335 3.92301 
0.0411845 0.227632 0.162852 -0.853318 1.20341 2.31799 -0.00160515 3.76994 
0.0416372 0.239523 0.148502 -0.849278 1.22087 2.33092 -0.0016224 4.38388 
0.0392223 0.235397 0.153493 -0.853547 1.20122 2.31355 -0.0014951 4.17039 
0.0387309 0.2263 0.164441 -0.848461 1.22529 2.33833 -0.00126267 3.4975 
0.036636 0.232358 0.157159 -0.854182 1.19844 2.3117 -0.00140475 4.01222 
0.0411089 0.245796 0.14087 -0.855372 1.18832 2.296 0.00018789 4.8306 
0.0375119 0.242086 0.145379 -0.852714 1.20308 2.31141 -0.00016831 4.48671 
0.0397188 0.214579 0.178447 -0.854376 1.19949 2.3173 -0.00115133 3.21536 
0.0365798 0.23398 0.155202 -0.850217 1.21683 2.32804 -0.00112078 4.14542 
0.0392914 0.244207 0.142821 -0.847203 1.22975 2.33809 -0.00178074 4.68767 
0.040811 0.247637 0.138645 -0.843236 1.24632 2.35282 -0.00192881 4.90445 
