0.0541098 0.262848 0.122662 -0.783666 1.50021 2.56268 0.00745687 3.49115 
0.0532296 0.263333 0.122074 -0.783945 1.49985 2.56301 0.00758368 3.49098 
0.053853 0.263713 0.121575 -0.783767 1.49945 2.56322 0.00769785 3.49087 
0.0540051 0.262743 0.122753 -0.783465 1.49976 2.56247 0.00760234 3.49396 
0.0540005 0.262736 0.122763 -0.783469 1.49976 2.56245 0.00760047 3.49405 
0.0545891 0.262283 0.123311 -0.784045 1.49834 2.56047 0.00733615 3.51233 
0.0547693 0.262976 0.122447 -0.784931 1.49585 2.55904 0.0061596 3.53167 
0.0547093 0.263785 0.121434 -0.785781 1.49326 2.55778 0.00460483 3.55046 
0.0536712 0.264336 0.120746 -0.786944 1.49017 2.55589 0.00236053 3.57553 
0.05234 0.264569 0.120426 -0.788095 1.48647 2.55337 -0.000473539 3.60696 
0.0514132 0.264676 0.12028 -0.788735 1.48468 2.55214 -0.0012292 3.62229 
0.0502056 0.264784 0.120107 -0.789701 1.48165 2.55 -0.00167487 3.64841 
0.0488888 0.264948 0.11985 -0.790815 1.47799 2.54748 -0.00187981 3.67936 
0.049067 0.263872 0.121142 -0.791176 1.47628 2.54492 -0.00177684 3.70176 
0.0495467 0.263069 0.1221 -0.791321 1.47512 2.5431 -0.00169481 3.71716 
0.0497413 0.26154 0.123879 -0.792337 1.47027 2.53767 -0.00151245 3.76866 
0.050066 0.260657 0.124945 -0.792466 1.4694 2.53596 -0.00139713 3.78193 
0.0504229 0.259648 0.126119 -0.793004 1.46647 2.53256 -0.00133973 3.81236 
0.0508537 0.259782 0.125905 -0.793206 1.46479 2.53148 -0.00143136 3.82435 
0.0511341 0.258936 0.126907 -0.79347 1.46322 2.52926 -0.00120292 3.84118 
0.050255 0.258162 0.127838 -0.794081 1.46144 2.52689 -0.000673608 3.85704 
0.0489519 0.257783 0.12825 -0.795073 1.45811 2.52377 -2.052e-06 3.87938 
0.0483586 0.258367 0.127486 -0.795628 1.45585 2.52271 0.000283807 3.88989 
0.0474004 0.258983 0.126602 -0.796978 1.44971 2.5186 0.000905473 3.92264 
0.0468729 0.259584 0.125817 -0.79753 1.44728 2.5174 0.00120019 3.93307 
0.0462483 0.260189 0.12501 -0.798217 1.44401 2.51546 0.0011141 3.94542 
0.0455382 0.260861 0.124112 -0.799008 1.44014 2.51309 0.000437798 3.95942 
0.0449684 0.261505 0.123267 -0.799598 1.43731 2.51156 -6.43472e-05 3.96914 
0.0442567 0.26223 0.122302 -0.80038 1.43349 2.5093 -0.00053345 3.98257 
0.0434813 0.262982 0.121276 -0.801379 1.42838 2.50599 -0.000917223 4.00113 
0.0440446 0.263306 0.120811 -0.80158 1.42602 2.50448 -0.00110208 4.00944 
0.0446889 0.262409 0.121814 -0.801842 1.4224 2.50051 -0.00115012 4.02667 
0.0451127 0.26157 0.122765 -0.801656 1.42042 2.4983 -0.0014391 4.03612 
0.0454321 0.260547 0.123927 -0.801494 1.41792 2.49552 -0.00151024 4.04803 
0.0458251 0.259678 0.124913 -0.801302 1.41591 2.49327 -0.00121338 4.05759 
0.0461581 0.258678 0.126033 -0.800896 1.41358 2.491 -0.00126541 4.0678 
0.0465973 0.25746 0.127394 -0.800368 1.41072 2.48828 -0.00137923 4.08011 
0.0467399 0.255465 0.12958 -0.799552 1.40456 2.48298 -0.00146743 4.10522 
0.0470874 0.254437 0.130752 -0.799107 1.40287 2.48123 -0.00146092 4.11289 
0.0471394 0.252896 0.132502 -0.798482 1.39997 2.47861 -0.00150744 4.12515 
0.0456684 0.251543 0.134035 -0.798231 1.39654 2.47592 -0.001547 4.13882 
0.0434679 0.249364 0.136409 -0.797534 1.38878 2.47067 -0.00122321 4.16715 
0.0431693 0.249164 0.136636 -0.797505 1.38824 2.47024 -0.00119005 4.16911 
0.0430774 0.247897 0.138075 -0.796951 1.38611 2.46807 -0.000955819 4.17706 
0.0432262 0.247566 0.138272 -0.795963 1.38144 2.46541 -0.00122245 4.18601 
0.0435361 0.247477 0.138248 -0.795309 1.37843 2.46383 -0.00140681 4.19164 
0.0437363 0.246924 0.138689 -0.794127 1.37307 2.46061 -0.00166355 4.20224 
0.0439778 0.246676 0.138815 -0.793223 1.36886 2.45824 -0.00186345 4.21037 
0.0434989 0.247008 0.138307 -0.792866 1.36586 2.45704 -0.00174911 4.21518 
0.0424402 0.247234 0.137911 -0.792353 1.36262 2.45524 -0.00166141 4.21643 
0.0405449 0.247149 0.137732 -0.790901 1.35538 2.4506 -0.00152498 4.21939 
0.039336 0.2475 0.137175 -0.790318 1.35159 2.44859 -0.00151238 4.22086 
0.0377894 0.247592 0.13686 -0.789256 1.34595 2.44514 -0.00135499 4.22317 
0.036616 0.247823 0.136452 -0.788607 1.34213 2.44298 -0.00123304 4.22468 
0.0355047 0.24802 0.136088 -0.788024 1.33816 2.44066 -0.00102591 4.22627 
0.0345869 0.248332 0.135623 -0.78776 1.33475 2.43876 -0.000578026 4.22762 
0.033486 0.248411 0.135433 -0.787997 1.32905 2.43477 0.00091923 4.23019 
0.0327791 0.248722 0.135024 -0.788218 1.32658 2.43333 0.0014193 4.2312 
0.0317361 0.248775 0.13493 -0.788908 1.32249 2.43023 0.0020363 4.23313 
0.0306826 0.248514 0.135248 -0.789903 1.31902 2.42701 0.00244478 4.23498 
0.0299689 0.247985 0.13591 -0.790873 1.31695 2.42445 0.00259997 4.23631 
0.0301332 0.247033 0.137086 -0.79159 1.31597 2.42221 0.0025174 4.2373 
0.0307326 0.245257 0.139314 -0.794348 1.31101 2.41499 0.00241 4.24081 
0.0311669 0.244093 0.14077 -0.795602 1.30947 2.4118 0.002227 4.24223 
0.0315513 0.243085 0.142032 -0.796751 1.30798 2.40889 0.00206073 4.24354 
0.0319488 0.242025 0.143355 -0.797849 1.30669 2.40608 0.00172981 4.24477 
0.0331952 0.240655 0.145266 -0.802909 1.30238 2.39907 -0.000697205 4.2482 
0.0338163 0.23946 0.146829 -0.805132 1.30075 2.39547 -0.00129066 4.24981 
0.0343532 0.238364 0.148264 -0.807194 1.29945 2.39207 -0.000632357 4.24948 
0.0347881 0.237472 0.149428 -0.808726 1.29857 2.38941 -0.000408846 4.24918 
0.0353238 0.236422 0.150801 -0.810625 1.29743 2.38612 -0.000166569 4.24875 
0.0371343 0.235977 0.151493 -0.813787 1.29432 2.38109 0.00035077 4.24766 
0.0384466 0.236192 0.151316 -0.815635 1.29209 2.3783 0.000730161 4.24696 
0.0395739 0.236433 0.151095 -0.817147 1.29034 2.37592 0.00093108 4.24496 
0.0400619 0.235705 0.152039 -0.818172 1.2899 2.37375 0.000817526 4.24341 
0.0415501 0.236108 0.151668 -0.820524 1.2873 2.37001 0.000829761 4.23969 
0.0427339 0.236507 0.151255 -0.821943 1.28554 2.36777 0.000753549 4.23718 
0.0439973 0.236879 0.150866 -0.823234 1.28391 2.36546 0.000674137 4.23463 
0.0459391 0.237203 0.15067 -0.826882 1.28005 2.361 0.000202514 4.22863 
0.0468417 0.237507 0.15035 -0.827859 1.27871 2.3599 -1.90673e-05 4.22683 
0.0470541 0.238323 0.149442 -0.829398 1.27677 2.35875 -0.000402777 4.22445 
0.046769 0.238988 0.148739 -0.831273 1.27481 2.35734 -0.000785531 4.22162 
0.046443 0.239683 0.148002 -0.83316 1.27282 2.356 -0.00102594 4.21871 
0.0461395 0.24039 0.14728 -0.835592 1.27035 2.35418 -0.00110165 4.21478 
0.0457994 0.241018 0.146612 -0.837277 1.26854 2.35311 -0.0011571 4.21206 
0.0454945 0.241593 0.146 -0.838811 1.26692 2.35215 -0.00114859 4.20954 
0.0451415 0.242174 0.145362 -0.840009 1.26562 2.35151 -0.00116889 4.20762 
0.0448189 0.242874 0.144665 -0.842656 1.26292 2.3497 -0.00114638 4.20289 
0.0443882 0.243607 0.14384 -0.843865 1.26152 2.34921 -0.00123902 4.20092 
0.0439946 0.244475 0.142921 -0.846169 1.25914 2.34784 -0.00125143 4.19679 
0.0434344 0.24541 0.14188 -0.847888 1.25719 2.34707 -0.00139015 4.19379 
0.0427504 0.245983 0.141352 -0.850518 1.2549 2.34528 -0.000600401 4.18881 
0.0419559 0.246035 0.141368 -0.851471 1.25459 2.34464 0.00075126 4.18764 
0.0411767 0.24607 0.141412 -0.852554 1.25424 2.34384 0.00192319 4.18605 
0.040421 0.246075 0.141523 -0.853966 1.25385 2.34268 0.00384914 4.18382 
0.0401622 0.245676 0.142037 -0.854276 1.25411 2.34218 0.00411929 4.18334 
0.0407211 0.244753 0.143219 -0.854856 1.25489 2.34085 0.00517165 4.18216 
0.041077 0.244244 0.143828 -0.85486 1.25537 2.3404 0.00088729 4.182 
0.0414027 0.243661 0.144538 -0.854846 1.25595 2.33995 -0.00165275 4.18198 
0.0418746 0.24241 0.146068 -0.854693 1.25702 2.33913 -0.00205346 4.18196 
