-0.000227553 0.00172619 -0.00212529 -0.006739 -0.0134829 -0.0152402 0.000301131 0.160182 
0.000169035 0.00183599 -0.00226502 0.00285955 0.00610508 0.00585438 -2.90474e-06 0.0524377 
-5.27945e-05 0.000882877 -0.00109159 0.00920616 0.0185737 0.0197636 -0.000208686 -0.0648551 
0.0531186 -0.348866 0.430338 -1.00819 -2.03292 -2.07091 0.00531094 -4.92699 
0.0530649 -0.348463 0.429841 -1.00706 -2.03066 -2.06861 0.00530443 -4.92011 
0.000269013 0.00147863 -0.00182165 -0.00370108 -0.00737506 -0.00829482 2.08499e-05 0.236347 
0.000526073 0.00136865 -0.00168199 -0.00158152 -0.00322074 -0.00378752 -2.36816e-06 0.104508 
0.000733922 -0.000994212 0.00122369 -0.00403816 -0.00876386 -0.00878515 -2.69468e-05 -0.0467828 
0.000253049 0.00467725 -0.005772 0.000751406 0.00227637 0.000688054 9.33131e-05 0.272752 
0.00099537 0.0051012 -0.00632367 0.00453406 0.0103266 0.0090963 -2.10621e-05 0.247506 
0.00636119 -0.00188652 0.00231404 0.00155546 0.00277223 0.00393644 -0.000251024 0.942325 
0.00104845 -0.0101639 0.0125293 -0.00251128 -0.00681474 -0.00365498 -8.05804e-05 1.75708 
-0.00727671 -3.31268e-05 5.37463e-05 0.00469276 0.00995957 0.0103198 5.50409e-05 1.07679 
0.00254724 -0.00193458 0.00236283 -0.000424532 -0.0011384 -0.000677031 7.67746e-05 -0.189829 
0.00320769 -0.00512999 0.00628524 -0.00381556 -0.00852816 -0.00767691 0.000261267 -0.319853 
-0.00357211 0.00937247 -0.0115082 -0.00371064 -0.00662422 -0.00983792 -6.61093e-05 0.925427 
-0.00191909 0.00468413 -0.00574818 -0.00573834 -0.0116754 -0.0134829 -0.000115389 0.560871 
0.0010441 -0.00462175 0.00568692 0.00428048 0.00861277 0.0106324 -0.000137723 -0.347663 
0.00179776 -0.00308403 0.00378646 0.00984873 0.0204261 0.0224998 -0.000128998 -0.379605 
3.85437e-05 -0.000380402 0.000468404 0.00517526 0.0108323 0.0111467 0.000249536 -0.0841892 
-0.00168607 0.000956308 -0.00117148 -0.00429166 -0.00867285 -0.00968687 0.000182446 0.162338 
-0.000955647 0.00284593 -0.00349739 -0.0025738 -0.00485007 -0.00632118 0.000195309 0.16025 
0.00137608 0.00720757 -0.00890263 -0.000408546 4.00516e-05 -0.00239196 3.29841e-05 0.418897 
-0.000778556 -0.0089564 0.0110426 -0.00489509 -0.0120935 -0.00885314 -0.000503187 -0.590077 
-0.00217246 -0.0119558 0.0147628 -0.00387995 -0.0101937 -0.00635535 -0.000150453 -0.839824 
0.000256896 -0.00236225 0.00288901 -0.00510244 -0.0120597 -0.0116446 8.50049e-05 -0.128102 
0.000163609 -0.00311824 0.00380993 -0.00734658 -0.0177954 -0.0171522 0.000115087 -0.12005 
-0.000347887 0.00431416 -0.00528929 -0.00508844 -0.0120915 -0.0139305 0.000335279 0.285673 
-0.00023092 0.00658292 -0.00806499 -0.00288011 -0.00666326 -0.00924799 0.000394803 0.371161 
-0.000256131 -0.00234381 0.00288002 -0.000507015 -0.00151102 -0.000911706 0.000108449 -0.182273 
-3.44933e-05 -0.0048665 0.00597148 -0.00103625 -0.00317367 -0.00166912 5.52806e-05 -0.265439 
0.00108887 -0.00549535 0.00671544 -0.00156089 -0.00470048 -0.00236398 -0.000393672 -0.266273 
0.00158288 -0.00368478 0.00449355 0.00172496 0.00413401 0.00580886 -0.000422025 -0.252753 
0.00029713 0.00188023 -0.00229185 0.00170449 0.00478023 0.00357369 0.000395502 0.143498 
-0.000192863 0.00555382 -0.00677811 -0.00252143 -0.00618878 -0.00767189 -7.73091e-05 0.593302 
0.000885249 0.000821325 -0.00100349 0.000628053 0.00147541 0.00201519 -0.00054938 0.116712 
0.00102262 -0.00435166 0.00531441 0.00156508 0.00377685 0.00483773 0.00015255 -0.365194 
0.000758703 -0.00222906 0.00271174 -0.00477184 -0.0128618 -0.0122053 0.00016886 0.0197212 
0.000821694 -0.00300468 0.00364904 -0.00556905 -0.0157984 -0.0143332 -0.000107459 -0.0101339 
-0.000185053 -0.00122036 0.00148339 -0.00150559 -0.00435137 -0.00363547 -0.000155281 0.0457298 
-0.00201565 0.00256949 -0.0031174 0.000684062 0.00214699 0.00131846 1.41458e-05 0.289535 
0.00667897 -0.0255313 0.0309713 -0.00453707 -0.014687 -0.00740914 0.000470336 -1.84178 
0.00611146 -0.022774 0.0276262 -0.0027364 -0.00928784 -0.00330634 0.000694737 -1.66723 
-0.000819241 0.00371501 -0.00450673 0.00261991 0.00787649 0.00611973 0.000297383 0.268135 
0.00243596 -5.76016e-06 8.70963e-06 0.00501332 0.0138901 0.0139192 -0.000276969 -0.270149 
0.00326328 -0.00153208 0.00185888 0.00574129 0.0155081 0.0158079 -0.000150507 -0.462161 
0.000622264 0.00132247 -0.00160189 0.00143956 0.00380483 0.00409508 -0.000526005 0.00147775 
-0.00155913 0.00467769 -0.00569967 0.00497441 0.0132604 0.0109977 0.000527598 0.325655 
-0.00189619 0.00349236 -0.0042581 0.000778009 0.0024435 0.000334009 0.00073544 0.332484 
-0.000377682 -0.000691081 0.00084251 -0.00358808 -0.00926939 -0.00877498 -0.000158199 -0.0593646 
-0.000344292 0.00158435 -0.00193723 0.00553851 0.0139987 0.0136746 -0.000166813 -0.153842 
-0.000589463 0.000307822 -0.000376924 0.000331318 0.000826335 0.000745506 -1.45926e-05 -0.063117 
-0.000907956 0.00439705 -0.00539056 0.00210162 0.00569091 0.00402753 0.000205565 0.25084 
-0.00101197 0.00260448 -0.0031853 0.000968158 0.00274964 0.00180801 7.46858e-05 0.126555 
-0.000185324 -0.00638716 0.00781548 -0.00695694 -0.0180297 -0.0163385 0.000238705 -0.398342 
-0.000467198 -0.00300533 0.00367364 -0.00546515 -0.0144549 -0.0139487 0.000413055 -0.156851 
-0.001028 0.000219295 -0.000266156 -0.00626746 -0.0173744 -0.0167607 -0.000199255 0.133573 
-0.000685003 -0.00347944 0.00423914 -0.00577698 -0.0166844 -0.0147252 -0.000314282 -0.102136 
0.00133934 0.00541732 -0.00664041 -0.002218 -0.00631979 -0.0073584 -0.000305675 0.396404 
0.0053937 0.0104204 -0.0127738 0.000752592 0.00274476 -0.000631371 4.9098e-05 0.848825 
-0.00343223 -0.00983252 0.0120321 -0.00289259 -0.00935938 -0.00709174 0.00080324 -0.514295 
-0.00727055 -0.0119739 0.0146932 -0.00593509 -0.0189303 -0.0149768 0.000360946 -0.77258 
0.000477956 0.00115755 -0.00140267 -0.00277391 -0.00920038 -0.00930472 0.000148297 0.201406 
0.00211972 0.00307862 -0.00377707 0.00283896 0.00935848 0.00805545 -4.0163e-05 0.279469 
0.000286378 -0.00629111 0.00764232 0.00166285 0.00562525 0.00834023 -0.000790895 -0.309284 
-0.000511833 -0.00811966 0.00991188 -0.0047549 -0.016096 -0.0123673 -0.000341082 -0.252306 
-0.00174892 -0.00296675 0.00361346 -0.00293036 -0.010051 -0.00874838 8.08492e-05 -0.087824 
-0.00351936 -0.00882448 0.0107214 -0.000691364 -0.00249736 -0.000959034 0.000844469 -0.598306 
-0.000144123 -0.00365324 0.00440528 -0.00428393 -0.0162329 -0.0142982 5.45326e-05 -0.0129081 
0.000210057 -0.00254606 0.00308177 -0.00124059 -0.00442161 -0.00237811 -0.000732327 -0.0284271 
0.000277125 0.00437241 -0.0052814 0.00396309 0.014982 0.0129339 -5.7814e-05 0.200376 
0.00225637 -0.00353398 0.00424987 -0.000424591 -0.00159317 -0.000862082 0.000241925 -0.248747 
0.00143814 -0.00581667 0.00701781 -0.00221762 -0.00823002 -0.00654955 0.000312976 -0.305002 
-0.0011371 -0.000778022 0.000927059 -0.00514783 -0.0202056 -0.0192126 0.000318137 0.190569 
-0.000310764 -0.0012715 0.00152516 -0.00367607 -0.0145623 -0.0134118 7.34141e-05 0.101191 
0.00046858 0.00221393 -0.00264911 0.00177795 0.00727907 0.00673546 -0.000359288 0.0964244 
0.00192531 -0.00123954 0.00147913 -0.000825924 -0.00354789 -0.00314645 0.000103067 -0.176983 
0.00235503 -0.00334871 0.00402025 -0.00338007 -0.0137464 -0.0116688 -0.000209032 -0.297731 
-0.00229597 0.0041698 -0.00500233 -4.72714e-05 -0.000555267 -0.00193083 0.000216905 0.673811 
-0.000941955 0.00159733 -0.00192066 -0.000381117 -0.00203772 -0.00277075 0.00030008 0.22294 
0.000612793 0.00126714 -0.00152463 0.00191324 0.00809348 0.00742532 -0.000160641 -0.14884 
-0.000281377 0.0041182 -0.00495904 0.00593631 0.0240584 0.0210701 0.000216753 -0.00222971 
0.000294922 0.000525995 -0.000637139 0.00286466 0.0111677 0.0103248 -1.57873e-05 -0.31168 
-0.000570968 0.000324579 -0.000389512 -0.000299783 -0.00109789 -0.000884658 -0.000174945 -0.0606457 
-0.000706635 -0.000933763 0.0011171 -0.00242227 -0.00963343 -0.00932012 0.000365803 -0.0745242 
-0.000391612 -0.00357205 0.00428819 -0.00467641 -0.0190693 -0.0174826 0.000413653 -0.233649 
-0.000844706 -0.00192593 0.00231487 -0.00420694 -0.0179607 -0.0163123 2.35086e-05 -0.0522795 
-0.00120214 0.000974081 -0.00116987 -0.00130267 -0.00590158 -0.00575309 -3.01661e-05 0.108471 
-0.000695109 -0.000479154 0.00057849 -0.000295132 -0.00120561 -0.000725871 -0.000187398 -0.091245 
-0.000218703 0.00347463 -0.00419269 0.00092188 0.00401377 0.00301329 -0.000184079 0.155168 
-0.000592066 0.00303701 -0.00366165 0.000132976 0.000199698 -0.000736791 3.36173e-05 0.156663 
-0.000917547 -0.00571983 0.00689063 0.00137244 0.00664955 0.00764101 0.000152213 -0.39762 
-0.00111917 -0.0013987 0.00168768 -0.000223164 -0.000961753 -0.00055332 4.12171e-05 -0.0747728 
0.000836336 0.00802499 -0.00969975 -0.00302456 -0.0159906 -0.0181014 0.000567257 0.553761 
-0.00267818 -0.000355696 0.000443534 0.00255606 0.0132308 0.0124172 4.83265e-05 -0.149486 
-0.00296215 -0.0132325 0.0159575 0.00217858 0.014018 0.0179302 -0.000703912 -0.789716 
-0.000313467 -0.00470186 0.00568626 0.00101945 0.00585178 0.00750492 -0.000457292 -0.202739 
8.78421e-05 0.0135556 -0.016308 0.00333524 0.0140918 0.0097976 -0.000331852 0.676986 
0.00201732 0.00699302 -0.00847178 0.00285215 0.0121079 0.0099131 -0.000431626 0.380107 
0.00101268 0.00228588 -0.00278256 0.00264334 0.0110367 0.00981503 -9.86704e-05 0.144461 
