-0.000766712 0.000422494 -0.00051229 -0.00024276 -0.000306443 0.000283875 0.000110458 -0.0001473 
4.12067e-05 0.000419104 -0.000531895 1.13956e-06 -0.000383707 0.000258095 0.000118632 -0.000133233 
0.000432403 -0.00021252 0.000236028 0.000239049 -9.74073e-05 -0.000212458 2.39102e-05 0.0013212 
-0.000459299 -0.000815234 0.00102153 -0.00032632 -0.000219602 -0.00126769 -0.000190356 0.00914186 
-0.000453243 -0.000810796 0.00101609 -0.00033523 -0.000238527 -0.00128227 -0.000192315 0.00931373 
0.00042105 0.000142461 -0.000186159 -0.000810189 -0.00216448 -0.00187989 -0.000803032 0.0207766 
6.94561e-05 0.000823023 -0.00102905 -0.000953947 -0.00278723 -0.00148115 -0.00149464 0.0209478 
-0.000454182 0.000702914 -0.000879375 -0.000973956 -0.00278623 -0.00151335 -0.00182907 0.0212784 
-0.00101418 0.00034827 -0.000446152 -0.000999464 -0.0029125 -0.00188397 -0.00217493 0.0242025 
-0.00104923 0.000149573 -0.000205252 -0.00080819 -0.00243592 -0.00166251 -0.00148778 0.0207611 
-0.00102341 0.000105895 -0.000154703 -0.000757397 -0.00224524 -0.00156433 -0.000626598 0.0193023 
-0.00104457 0.000110819 -0.000175498 -0.000858673 -0.00275545 -0.0019228 -0.000279512 0.0235229 
-0.000396343 -0.000465723 0.000537516 -0.000585729 -0.00217979 -0.00217705 -2.4894e-05 0.0223116 
0.000317931 -0.000876691 0.00104954 -0.000232071 -0.0013366 -0.00203916 8.64744e-05 0.0175947 
0.00032706 -0.000891615 0.00105037 -0.000372276 -0.00204364 -0.00258029 9.85434e-05 0.0234385 
0.000249362 -0.000956942 0.0011366 -0.000360793 -0.00187511 -0.00253991 0.000120135 0.022331 
0.000322374 -0.00089259 0.0010594 -0.000292198 -0.00167977 -0.0023262 8.58217e-05 0.0197282 
0.000464415 -0.000255556 0.000251668 -0.000350219 -0.00236114 -0.00206411 -5.12058e-05 0.0202439 
0.000449963 -0.000348471 0.000373626 -0.000280238 -0.00200286 -0.00192373 5.49161e-05 0.0172406 
-0.00024775 -0.000871676 0.00103919 -0.000446594 -0.00177709 -0.00244338 0.000386728 0.0175556 
-0.00100149 -0.000569544 0.000667274 -0.000731221 -0.00230808 -0.00253873 0.000557064 0.0175934 
-0.000853458 0.000175364 -0.000262807 -0.000707357 -0.002597 -0.0018463 0.00042869 0.0148185 
-0.000653512 0.000541987 -0.000733307 -0.000751451 -0.00326214 -0.0019114 0.000364387 0.0164588 
-0.000616916 0.000557004 -0.000751604 -0.0007527 -0.00337035 -0.00199385 0.000371245 0.0164483 
-0.000582136 0.000612588 -0.000807864 -0.00062523 -0.00286947 -0.0015748 0.000117231 0.0115091 
-0.000633281 0.00060613 -0.000809564 -0.000700657 -0.00338685 -0.00204059 -0.00034379 0.0125001 
-0.000619524 0.000643752 -0.000851493 -0.000665677 -0.00322114 -0.00186103 -0.000567777 0.0113818 
-0.000600734 0.000648129 -0.000855384 -0.000640002 -0.00309399 -0.00175168 -0.000467553 0.0107516 
-0.000610032 0.000607326 -0.000817857 -0.000724793 -0.00363016 -0.00225306 -0.000354735 0.0129748 
6.24906e-05 0.000442251 -0.000616938 -0.000454719 -0.00309545 -0.00199459 -0.000237017 0.0110964 
0.000561593 -0.000163743 0.000125378 -0.000212746 -0.00270569 -0.00236736 -0.000121572 0.0112498 
0.00048745 -0.000821132 0.00092565 6.48834e-06 -0.00250812 -0.00277557 -0.000183601 0.0119593 
0.000382649 -0.000953257 0.00108186 0.000178467 -0.00228902 -0.00255459 -0.000187498 0.0109292 
0.000379738 -0.000993577 0.001128 0.000188203 -0.00236121 -0.00263721 0.0001348 0.0112545 
0.000388903 -0.000991734 0.00111814 0.000311964 -0.00230437 -0.00240797 0.000141922 0.0105138 
0.000352157 -0.00102077 0.00114207 0.00042709 -0.00238851 -0.00230051 -7.16148e-05 0.0103716 
0.000242646 -0.0011664 0.00129009 0.000490542 -0.00319356 -0.00286721 -7.87006e-05 0.0133197 
0.000249848 -0.0011705 0.00131063 0.000493859 -0.00271698 -0.00251713 -2.02536e-05 0.0115423 
0.00020868 -0.00120586 0.00137191 0.000504336 -0.00213712 -0.00205216 -1.62413e-05 0.00931877 
-0.000463031 -0.00121368 0.00137664 0.000393206 -0.00257507 -0.00218933 -3.62059e-05 0.0106147 
-0.00126772 -0.00121501 0.00134657 0.000318096 -0.0037909 -0.0027072 8.73085e-05 0.01428 
-0.00113665 -0.000836582 0.000936644 0.000163095 -0.00243146 -0.00183535 0.000134492 0.00891873 
-0.000844267 -0.000887537 0.00100541 0.000229043 -0.00203374 -0.00173994 0.000153304 0.0075012 
5.92995e-06 -0.000915574 0.000965312 0.000753321 -0.00326468 -0.00244658 3.20836e-05 0.00862144 
0.000234154 -0.000193041 7.30476e-05 0.000788458 -0.00367972 -0.00202832 -0.000217131 0.00698183 
0.000251333 -0.000251818 0.00014631 0.000805428 -0.00367726 -0.00207852 -0.00019937 0.00708906 
0.000192661 -0.000333116 0.000231376 0.00088974 -0.00408859 -0.002378 -0.000194928 0.00799242 
-0.000219881 0.000120607 -0.000285011 0.00059232 -0.00363579 -0.0017295 -3.69714e-06 0.00637522 
-0.000794226 0.000313618 -0.000503493 0.000463334 -0.0033901 -0.00159295 0.000112645 0.00359702 
-0.00119082 0.000107291 -0.000286336 0.000737053 -0.0040778 -0.00244657 9.24665e-05 0.00162317 
-0.00117437 0.000129102 -0.000309692 0.00074583 -0.00411769 -0.00244927 5.1126e-05 0.00164719 
-0.00111496 0.000186016 -0.00036021 0.000659937 -0.00380264 -0.00219245 6.60918e-05 0.00152232 
-0.00115025 0.000148671 -0.000318635 0.000711354 -0.00396594 -0.00233661 0.000118321 0.00159719 
-0.0010798 0.000201633 -0.000364399 0.000581572 -0.00368743 -0.00212322 0.000157453 0.00147027 
-0.000982159 0.000246774 -0.000401723 0.000409409 -0.00356868 -0.00204649 0.000317714 0.0014256 
-0.000890597 0.000194226 -0.000316333 5.26378e-05 -0.00390055 -0.00247316 0.000787494 0.00165688 
-0.000826717 0.00022533 -0.000325146 -0.00022175 -0.00352525 -0.00227923 0.00083055 0.00152274 
-0.000843433 0.000211642 -0.000287188 -0.000407239 -0.00312028 -0.00210387 0.000549105 0.00138113 
-0.000925984 -9.18e-05 9.87157e-05 -0.000743778 -0.00333938 -0.00279108 0.00045318 0.00166994 
-0.000833617 -0.000409366 0.000508561 -0.000957311 -0.00258281 -0.00276361 0.000253326 0.00150857 
-0.00027587 -0.000809345 0.00100452 -0.000904977 -0.00162211 -0.00258653 3.35805e-05 0.00124143 
0.000271271 -0.00111871 0.00139134 -0.00122194 -0.00199089 -0.0034469 -8.46192e-05 0.00160352 
0.000397424 -0.00111691 0.0013986 -0.00145981 -0.00226785 -0.00377473 -0.000123346 0.00177165 
0.000391358 -0.0010368 0.0012971 -0.00115171 -0.00146197 -0.00292494 -0.000167313 0.00131185 
0.000386904 -0.00102243 0.00127861 -0.00111572 -0.00138983 -0.00284125 -0.000238844 0.00126408 
0.00056019 -0.000960909 0.00125472 -0.00198819 -0.00188868 -0.0034686 -0.000845126 0.00161504 
0.00064655 -0.00093746 0.00126162 -0.00249264 -0.00200604 -0.00368309 -0.000986243 0.00173567 
0.000508861 -0.00101178 0.00132452 -0.00189458 -0.00127749 -0.00309956 0.000125438 0.000422012 
0.000495389 -0.0010137 0.00132477 -0.00182168 -0.00110051 -0.00308075 0.000425928 -0.00032249 
0.000486631 -0.000977401 0.00127656 -0.00171912 -0.00100981 -0.0029824 0.00023605 -0.000362568 
0.000873035 -0.000688527 0.000936776 -0.00202179 -0.0016099 -0.00335577 0.0002955 -0.000583794 
0.00123539 -5.09084e-05 0.000152838 -0.00194899 -0.00211184 -0.0030298 0.000355088 -0.000701898 
0.00114458 0.000218393 -0.000192299 -0.00157033 -0.00185583 -0.00242481 0.00026255 -0.00137578 
0.000835259 -0.00032985 0.000471202 -0.0013464 -0.00110029 -0.00246199 2.64004e-05 -0.0018972 
0.00083733 -0.000350411 0.000506424 -0.00149383 -0.00118688 -0.00274009 -7.19735e-05 -0.00231208 
0.00114295 0.000346563 -0.000340604 -0.00159252 -0.0018546 -0.00252473 -3.12629e-05 -0.00264347 
0.00106668 0.000337616 -0.000351006 -0.0011877 -0.00148211 -0.00198664 -6.78892e-05 -0.00220774 
0.00118752 0.000272879 -0.000241048 -0.00173014 -0.00195139 -0.00245412 -0.00018318 -0.00304517 
0.00112425 0.000290925 -0.000267347 -0.00162823 -0.00192615 -0.00192391 -0.000274645 -0.0028043 
0.000611187 0.000612001 -0.000670889 -0.00137542 -0.00179232 -0.00122635 -0.000330903 -0.00228322 
-1.35741e-05 0.000781958 -0.000852343 -0.00176888 -0.00204209 -0.0013245 -0.000400817 -0.00270617 
-0.000292611 0.000653185 -0.000691639 -0.00180958 -0.00189795 -0.00132682 -0.000304531 -0.00275955 
-0.000279176 0.000618744 -0.000645615 -0.00188315 -0.00194626 -0.00137363 -0.000147327 -0.00297463 
-0.000293543 0.000598994 -0.00062527 -0.00181381 -0.00189221 -0.00125777 -5.80125e-05 -0.00292836 
-0.000325259 0.000607154 -0.000646157 -0.00162421 -0.00173164 -0.00102657 -2.08391e-05 -0.00264561 
-0.000355736 0.000623103 -0.000674127 -0.00146568 -0.00157034 -0.000856441 -6.94299e-06 -0.00238063 
-0.000330845 0.000598575 -0.000634354 -0.00162125 -0.00170112 -0.000990875 -5.83417e-06 -0.00275361 
-0.000330384 0.000616093 -0.000660889 -0.0015445 -0.00166081 -0.000887247 -3.84982e-05 -0.00266587 
-0.000348547 0.000656706 -0.000720486 -0.00136209 -0.00148722 -0.000693717 -5.18325e-05 -0.00234215 
-0.000338746 0.000643471 -0.000698861 -0.001445 -0.00155118 -0.000772392 -5.2435e-05 -0.0025616 
-0.000418396 0.000520166 -0.000544378 -0.00145062 -0.00142782 -0.000842046 0.000197016 -0.00265199 
-0.000589366 0.000185024 -0.000138528 -0.00120929 -0.000790115 -0.000820556 0.000898912 -0.00197286 
-0.000685837 3.82622e-05 2.60775e-05 -0.000886533 -0.000288208 -0.000626449 0.00110062 -0.00120072 
-0.000646966 1.77529e-05 6.36372e-05 -0.00104225 -0.000314494 -0.000813345 0.00128562 -0.00158975 
-0.000486581 -0.000431158 0.000587112 -0.000721606 0.000182361 -0.000856975 0.000817989 -0.00112799 
-7.64311e-05 -0.00072774 0.00093481 -0.000518872 0.000543567 -0.000971609 0.000638697 -0.000900019 
0.000422925 -0.000664217 0.000831474 -0.000279326 0.000583037 -0.000834918 -0.0013661 -0.000634415 
0.000320821 -0.000519947 0.000628867 5.55966e-06 0.000506727 -0.000428317 -0.00314059 -7.93829e-05 
0.000319768 -0.000680962 0.000831545 4.9389e-05 0.000630337 -0.000488161 -0.00161596 -1.99677e-05 
0.000314462 -0.000833616 0.0010191 0.000101616 0.000710245 -0.000546669 -0.000267027 -1.43003e-05 
