0
0.106799999999999
0.0977100000000002
0.1088
0.0889400000000005
0.0851999999999992
0.147800000000001
0.2162
0.136900000000001
0.108
0.129599999999999
0.104899999999999
0.0919000000000003
0.0884137
0.2549
0.1468
0.0140000000000001
0.11979
0.217000000000001
0.175899999999998
0.115800000000002
0.0889000000000001
0.197599999999998
0.169900000000001
0.1808
0.145699999999999
0.0916
0.116799999999997
0.168800000000002
0.156599999999998
0.173600000000002
0.0924468
0.103400000000001
0.229699999999999
0.170200000000001
0.143199999999999
0.104000000000001
0.165399999999999
0.1109
0.0809977
0.10142
0.10706
0.109840000000001
0.11686
0.11142
0.0690612
0.111
0.139799999999998
0.0102577
0.11714
0.111700000000001
0.0808000000000003
0.101099999999998
0.133
0.0775999999999999
0.120310000000001
0.0858399999999995
0.0868100000000004
0.12464
0.10341
0.10403
0.12074
0.0810493
0.0914100000000001
0.0836051
0.1558
0.1747
0.1081
0.0754096
0.154699999999999
0.159699999999999
0.1499
0.232200000000002
0.118799999999999
0.0930481
0.1277
0.184400000000001
0.162899999999999
0.1526
0.0804562
0.189300000000001
0.112000000000001
0.161899999999998
0.139800000000001
0.126799999999999
0.0324039
0.137600000000002
0.0984999999999986
0.1331
0.1724
0.132300000000002
0.1666
0.1472
0.112799999999999
0.0907999999999992
0.153400000000001
0.1502
0.139799999999998
0.120300000000001
0.135399999999999
0.172800000000001
0.1584
0.117782
0.204099999999999
0.117400000000001
0.1746
0.1169
0.139299999999998
0.170400000000001
0.0964999999999994
0.086046
0.1392
0.123500000000001
0.1691
0.148299999999998
0.126400000000002
0.1468
0.1441
0.103500000000001
0.1723
0.147899999999998
0.123900000000002
0.176299999999999
0.187600000000002
0.1189
0.120499999999998
0.112600000000002
0.0638578
0.120900000000002
0.159599999999999
0.126400000000002
0.146199999999999
0.182399999999999
0.129400000000002
0.136699999999998
0.151800000000002
0.1279
0.1218
0.134099999999998
0.1778
0.143400000000002
0.097899999999998
0.107700000000002
0.156199999999998
0.154000000000001
0.102607
0.129199999999999
0.1641
0.184400000000001
0.1529
0.076753
0.145399999999998
0.114
0.122
0.128400000000001
0.145100000000001
0.106999999999999
0.0820658
0.1471
0.0990100000000004
0.082964
0.0883999999999996
0.0860899999999998
0.111713
0.14061
0.103000000000009
0.1275
0.09073
0.0881198
0.0939800000000005
0.10908
0.0935400000000003
0.119900000000001
0.0963999999999993
0.175600000000001
0.1499
0.084606
0.0957999999999987
0.114700000000001
0.114969
0.192499999999998
0.143200000000002
0.161599999999998
0.1498
0.0788274
0.136
0.104899999999999
0.0796077
0.252300000000003
0.111499999999998
0.1391
0.159800000000002
0.1275
0.151199999999999
0.127099999999999
0.170700000000001
0.101599999999999
0.106300000000001
0.2551
0.142900000000001
0.1134
0.1244
0.151899999999999
0.154899999999999
0.0940999999999997
0.10486
0.0994399999999999
0.0809994
0.1029
0.2107
0.1445
0.160199999999999
0.0892000000000004
0.2252
0.1335
0.109799999999999
0.095852
0.245299999999998
0.0775999999999999
0.170500000000001
0.182599999999999
0.0937538
0.186999999999998
0.0994057
0.2355
0.0965999999999995
0.117700000000001
0.156300000000001
0.187599999999999
0.117
0.0922000000000006
0.077872
0.184999999999999
0.125600000000001
0.1498
0.0761032
0.134799999999999
0.0855339
0.120644
0.209899999999999
0.0979000000000008
0.1466
0.1499
0.0980000000000009
0.1134
0.0906999999999998
0.10405
0.11098
0.132930000000001
0.11511
0.12685
0.0797600000000002
0.09329
0.0969999999999915
0.129000000000001
0.0901399999999997
0.11743
0.1361
0.120248
0.161206
0.134800000000002
0.1692
0.148599999999999
0.0786659
0.10794
0.0866272
0.00390000000000112
0.228500000000001
0.1551
0.1450888
0.1634
0.137399999999999
0.174474
0.149472
0.0757284
0.195722
0.276500000000002
0.33822
0.243399999999999
0.12947
0.12361
0.0990000000000046
0.119
0.134999999999996
0.134989999999999
0.0911600000000005
0.129659999999999
0.10065
0.10401
0.130000000000008
0.0965199999999999
0.12755
0.0996799999999999
0.0973800000000004
0.12051
0.0996199999999999
0.184299999999998
0.12558
0.0961699999999999
0.455900000000001
0.126000000000001
0.168299999999999
0.102099999999999
0.192036
0.0854424
0.147900000000001
0.0901484
0.148799999999999
0.1664
0.087000000000001
0.112899999999999
0.0814895
0.214300000000001
0.1277
0.140499999999999
0.0780712
0.109599999999999
0.237700000000002
0.147699999999998
0.0786137
0.143699999999999
0.0811084
0.1444
0.212999999999999
0.118100000000002
0.1417
0.1251
0.125499999999998
0.0922000000000006
0.178700000000001
0.132299999999999
0.245000000000001
0.181100000000001
0.1084
0.158299999999997
0.0855704
0.13986
0.0923199999999999
0.10372
0.09534
0.0753447
0.170899999999999
0.0845759
0.106200000000001
0.154399999999999
0.212100000000001
0.192200000000001
0.0905372
0.126999999999999
0.145999999999999
0.153
0.1072372
0.318299999999999
0.290099999999999
0.0761523
0.0774684
0.375500000000001
0.08751
0.261800000000001
0.0905000000000017
0.0944
0.145099999999998
0.0830288
0.101489
0.264099999999998
0.1084
0.0773999999999997
0.0609000000000026
0.2248
0.0788308
0.2278
0.085817
0.099497
0.0793428
0.080402
0.108800000000001
0.1304
0.100418
0.278399999999998
0.194885
0.162899999999999
0.1192
0.236500000000001
0.154099999999999
0.0935623
0.0865804
0.38
0.147999999999998
0.0813874
0.178986
0.6878
0.099252
0.0935031
0.179399999999999
0.198000000000001
0.0757948
0.3654532
0.11575
0.12444
0.075753
0.0939000000000002
0.16437
0.1929
0.309599999999999
0.1553
0.0786001
0.279099999999999
0.304876
0.397500000000001
0.139499999999998
0.111900000000001
0.0859785
0.0904325
0.281499999999998
0.1694
0.1272
0.0779429
0.1252
0.083449
0.140300000000002
0.186999999999998
0.1222
0.187300000000001
0.0823749
0.0862592
0.0806107
0.1634
0.0873000000000013
0.0815156
0.1129488
0.167999999999999
0.181400000000001
0.17545
0.0799784
0.18678
0.141434
0.18235
0.084184
0.106399999999998
0.141268
0.07992
0.0804851
0.212200000000001
0.18737
0.223602
0.4691
0.1749
0.184799999999999
0.12342
0.10594
0.10677
0.10368
0.0954000000000003
0.16817
0.10537
0.146999999999986
0.0852900000000004
0.12763
0.19682
0.10852
0.188000000000002
0.0897799999999997
0.114000000000014
0.159999999999982
0.434399999999999
0.247712
0.2634
0.0865197
0.4078
0.245642
0.2442
0.2582
0.351499999999999
0.222136
0.160592
0.184699999999999
0.192300000000001
0.175382
0.2609866
0.0417000000000001
0.5743
0.157404
0.20791
0.1274466
0.1389858
0.154099999999999
0.1156442
0.1414
0.125
0.1
0.104146
0.111836
0.126199999999999
0.134628
0.0873999999999986
0.425499999999998
0.0890746
0.124468
0.204700000000002
0.1994
0.183
0.126000000000001
0.2388
0.139599999999998
0.20588
0.350499999999998
0.235099999999999
0.556888
0.972799999999999
0.490064
0.289799999999998
0.27396
0.11117
0.10621
0.0958000000000001
0.12651
0.29261
0.20177
0.5218
0.281900000000002
0.215464
0.156896
0.235199999999999
0.502699999999998
0.431999999999999
0.244800000000001
0.150999999999998
0.129500000000002
0.217172
0.0836662
0.0827559
0.259100000000001
0.1612
0.0787113
0.0972756
0.112300000000001
0.137499999999999
0.0758693
0.159200000000001
0.0930238
0.1303
0.0896772
0.0789641
0.260199999999999
0.247600000000001
0.2083
0.0949079
0.116252
0.123894
0.261766
0.376799999999999
0.258954
0.176699999999999
0.235368
0.1002
0.2023
0.209444
0.470200000000001
0.217400000000001
0.162700000000002
0.08785
0.1083
0.260866
0.450999999999999
0.31831
0.4938
0.10159
0.2944
0.0988900000000001
0.16419
0.1201
0.0868799999999999
0.12316
0.10935
0.11542
0.12105
0.15384
0.0878399999999994
0.0879100000000001
0.12807
0.2075
0.12707
0.121
0.10906
0.2166
0.108000000000003
0.326599999999999
0.288528
0.336824
0.4135
0.261299999999998
0.0747680000000002
0.16956
0.178200000000001
0.3385
0.118300000000002
0.202432
0.109748
0.163278
0.199712
0.145600000000001
0.1607
0.170578
0.239352
0.351499999999999
0.00870000000000037
0.194
0.238352
0.108900000000001
0.211618
0.126699999999999
0.1667
0.176999999999999
0.277236
0.159898
0.35
0.175999999999998
0.284600000000002
0.492699999999999
0.088077
0.347600000000001
0.0781309
0.268700000000002
0.19712
0.290400000000002
0.737699999999999
0.22818
0.372688
0.317700000000001
0.205866
0.212258
0.248100000000001
0.1112
0.17855
0.11745
0.14035
0.17005
0.10572
0.10685
0.13553
0.12547
0.161000000000011
0.0887400000000003
0.117700000000001
0.13063
0.2002
0.12484
0.2
0.16125
0.4137
0.318482
0.408412
0.0996000000000025
0.325900000000001
0.284416
0.1635
0.08162
0.2082
0.555499999999998
0.0794169
0.113986
0.194999999999998
0.140412
0.325599999999998
0.0825965
0.211600000000001
0.2031
0.157199999999999
0.138212
0.260199999999999
0.189400000000001
0.348199999999999
0.0818129
0.175
0.0930000000000014
0.1179594
0.2716
0.1992368
0.1419864
0.162799999999999
0.116364
0.109332
0.0905887
0.0930485
0.084999999999999
0.0871715
0.0826107
0.2915
0.0827078
0.238134
0.0815037
0.108699999999998
0.134999999999999
0.259000000000001
0.090166
0.0962061
0.258699999999998
0.0818338
0.396600000000003
0.331900000000002
0.367300000000001
0.977999999999998
0.589800000000001
0.2269
0.31361
0.15475
0.0826100000000003
0.08682
0.15667
0.18613
0.17066
0.48212
1.0438
0.9072
0.4464
0.111900000000001
0.0856888
0.1717
0.333
0.262600000000002
0.115448
0.0977000000000006
0.1498
0.161442
0.0780581
0.122700000000001
0.0840338
0.0885103
0.125500000000001
0.142644
0.0832216
0.143416
0.0872698
0.0891938
0.0799631
0.101002
0.1923494
0.1479396
0.136759
0.161626
0.0789115
0.241672
0.0870774
0.036899999999998
0.550799999999999
0.217000000000001
0.2886
0.4108
0.256799999999999
0.0807683
0.581200000000001
0.165700000000002
0.0793706
0.2493
0.203
0.179399999999999
0.127200000000002
0.2831
0.0813132
0.0836146
0.120100000000001
0.353200000000001
0.0936636
0.1308
0.11532
0.12362
0.259246
0.156899999999999
0.313532
0.2915
0.166316
0.2749
0.187000000000004
0.19038
0.16813
0.148999999999999
0.13092
0.13886
0.1311
0.10855
0.0899999999999901
0.13176
0.19976
0.12304
0.12557
0.0932999999999989
0.17055
0.0886972
0.1986
0.24494
0.19756
0.689100000000001
0.113974
0.282826
0.164882
0.207332
0.468499999999999
0.2165
0.2304
0.215600000000002
0.239999999999999
0.3167
0.0946555
0.261900000000001
0.0954799999999998
0.192200000000001
0.11532
0.178900000000001
0.2581
0.261599999999998
0.263644
0.200900000000001
0.282762
0.4687
0.14836
0.136786
0.255448
0.268399999999999
0.171764
0.0777467
0.161022
0.1386
0.2221
0.127099999999999
0.1449446
0.202832
0.0945368
0.1196
0.252504
0.11661
0.0976999999999978
0.0800137
0.11855
0.0829022
0.0783999999999979
0.117199999999998
0.0780415
0.150399999999998
0.0754982
0.0889000000000001
0.1414
0.1355
0.590599999999999
0.190599999999999
0.423799999999999
0.298599999999999
0.0811484
1.4786
0.5415
1.2574
0.26472
0.41809
0.27182
0.13134
0.0940066
0.15722
0.31379
0.35088
0.573799999999999
1.131
0.587699999999999
1.02
0.129904
0.2663
0.1251
0.126946
0.2831
0.1109
0.0960391
0.0937625
0.0913999999999998
0.237200000000001
0.272800000000001
0.0761412
0.203904
0.195499999999998
0.1114
0.149976
0.110100000000002
0.128814
0.0782323
0.091379
0.143134
0.174999999999997
0.197499999999998
0.1376424
0.1926004
0.1776252
0.1691
0.18543
0.203899999999999
0.124232
0.28649
0.351099999999999
0.259000000000001
0.195634
0.252932
0.326899999999999
0.313482
0.3006906
0.1992978
0.0988216
0.289799999999998
0.0792065
0.1208
0.084232
0.197204
0.0809813
0.217736
0.083804
0.1412
0.145799999999999
0.162799999999999
0.1
0.0853105
0.814899999999999
0.2445
0.203
0.490599999999999
0.0791873
0.0965565
0.114875
0.756500000000002
0.164599999999998
1.3092
0.950700000000002
0.873499999999999
0.981399999999999
0.883100000000001
0.419
0.4415
0.32158
0.15364
0.12554
0.16589
0.14487
0.339100000000001
0.819299999999998
0.16412
0.772699999999998
1.3665
1.2954
0.9246
0.173899999999999
0.1747
0.110100000000002
0.1252
0.582099999999999
0.348999999999999
0.306200000000001
0.192599999999998
0.2583
0.0812108
0.0990319999999998
0.0834141
0.118318
0.323899999999999
0.0975154
0.116799
0.329099999999999
0.114700000000001
0.0911179999999999
0.135234
0.24503
0.1846258
0.0832561
0.2457964
0.183800000000001
0.245008
0.225608
0.222712
0.0962807
0.357654
0.0768128
0.146184
0.1502
0.167100000000001
0.106322
0.2248
0.0890399999999998
0.350999999999999
0.254000000000001
0.0905004
0.2554
0.117947
0.3937
0.0826629
0.1139
0.147700000000001
0.099411
0.0887025
0.382299999999999
0.4992
0.248200000000001
0.235099999999999
0.305800000000001
0.106199999999998
0.22837
0.1947
0.188096
0.2743
0.257402
0.2193
0.23911
0.245999999999999
0.17794
0.0851299999999999
0.18579
0.13401
0.1694
0.17831
0.1416
0.20543
0.141999999999998
0.10739
0.0969999999999915
0.15298
0.17338
0.154609999999999
0.16252
0.202999999999998
0.166600000000001
0.14478
0.279632
0.475
0.430466
0.0916336
0.517999999999999
0.16102
0.1641
0.1836
0.131099999999998
0.321400000000002
0.384399999999999
0.1387
0.0796999999999992
0.0972000000000001
0.0830001
0.1055
0.300399999999998
0.0879561
0.312200000000001
0.0899904
0.0999649
0.3021
0.0950249
0.196499999999999
0.281200000000001
0.145206
0.119298
0.0971
0.384299999999999
0.15101
0.786799999999999
0.162388
0.237382
0.1775
0.396218
0.0834000000000001
0.314182
0.2588386
0.451200000000002
0.250300000000001
0.437699999999999
0.367386
0.0940099999999999
0.206799999999999
0.2473
0.0912742
0.0924319
0.7713
0.0810378
0.0895866
0.0790943
0.782099999999999
0.189
0.0842000000000009
0.393500000000002
0.272799999999998
0.1246
0.4575
1.3016
0.160199999999999
0.194800000000001
0.584799999999999
1.0514
1.8349
0.909199999999999
1.9302
1.1516
0.2332
1.6281
0.692800000000002
0.372799999999998
0.414109999999999
0.2619
0.1667
0.0804874
0.12309
0.35736
0.22949
0.54217
1.511
0.798099999999999
1.4332
0.989399999999999
1.1917
1.5969
0.5178
0.13568
1.8282
0.0999
0.448999999999999
0.806799999999999
0.398799999999999
1.112
0.085732
0.0891802
0.504100000000002
0.113791
0.512899999999999
0.196500000000002
0.087457
0.356600000000001
0.131299999999998
0.279100000000002
0.241968
0.423399999999999
0.102568
0.163252
0.1772
0.39832644
0.22304156
0.291826
0.14813
0.253156
0.237032
0.3188
0.236699999999998
0.139699999999998
0.196128
0.325499999999998
0.191514
0.205
0.2105
0.131400000000001
0.189300000000001
0.134599999999999
0.10242
0.0757129
0.118199999999999
0.273000000000001
0.0899314
0.0758526
0.0930012
0.0876999999999989
0.108894
0.253
0.101599999999999
0.0774392
0.361899999999998
0.364400000000001
0.398599999999999
0.323300000000001
0.375999999999999
0.392500000000001
0.4051
0.5299
0.5271
0.248864
0.20183
0.336500000000001
0.314332
0.4445
0.122900000000001
0.19215
0.198999999999999
0.19103
0.155999999999999
0.1428
0.0859999999999861
0.24916
0.10829
0.19593
0.1157
0.13423
0.11041
0.1105
0.18575
0.116999999999989
0.19504
0.233
0.103669999999999
0.2158
0.386800000000001
0.435199999999999
0.221774
0.430602
0.0812237
0.183708
0.568099999999999
0.176099999999998
0.3165
0.204600000000002
0.222999999999998
0.381100000000001
0.3688
0.2165
0.1775
0.104127
0.132300000000002
0.0805997
0.305800000000001
0.125899999999998
0.0985109
0.4575
0.1087
0.171200000000002
0.340599999999999
0.117600000000001
0.1863
0.0853649
0.121
0.451900000000002
0.0805646
0.214278
0.1526
0.262746
0.164900000000001
0.5884
0.0894947
0.18154
0.0872409
0.115999999999999
0.0896739
0.09456
0.107399999999999
0.161
0.246199999999999
0.0885000000000025
0.2719
0.139199999999998
0.110995
0.300500000000001
0.10596
0.1057
0.240099999999999
0.0760476
0.0762757
0.207299999999999
0.2606
0.0631553
0.4214
0.193100000000002
0.459499999999999
0.273699999999999
0.178200000000001
0.272600000000001
0.287000000000001
0.0985568
0.5911
0.2226
0.19242
0.0794485
0.864999999999999
0.587799999999999
0.10929
0.467999999999999
0.525200000000001
0.518300000000001
0.2567
0.1636
0.18592
0.15104
0.269999999999992
0.166999999999999
0.0938700000000001
0.3153
0.209000000000015
0.0749604
0.15354
0.17548
0.4519
0.196299999999999
0.383299999999999
0.518500000000001
0.226999999999999
0.0860615
0.353999999999999
0.664000000000001
0.2468
0.425898
0.547
0.131999999999999
0.35014
0.1494
0.0837941
0.0920999999999977
0.351600000000002
0.433399999999998
0.383600000000001
0.260199999999999
0.359100000000001
0.344
0.109600000000001
0.0971
0.0787999999999983
0.0798899999999998
0.0912000000000024
0.118399999999999
0.1031
0.0832287
0.118399999999999
0.189
0.200800000000001
0.0774379
0.0778999999999996
0.0757119
0.0826093
0.5662
0.1123
0.11474
0.12678
0.17861
0.489299999999998
0.21675
0.0847859999999998
0.203702
0.187794
0.172700000000001
0.142032
0.330772
0.63668308
0.5244
0.118892
0.191058
0.398099999999998
0.264156
0.234326
0.4526
0.529100000000002
0.135398
0.280899999999998
0.3803
0.156700000000001
0.2913
0.668299999999999
0.126
0.2971
0.797399999999999
0.131999999999999
0.237
0.08594
0.863599999999999
0.157600000000001
2.02563
0.265280000000001
0.21357
0.178680000000001
1.2945
1.6743
1.4179
1.7489
0.684800000000002
1.5815
1.4132
0.236499999999998
0.546999999999986
0.54149
0.19286
0.132399999999999
0.109599999999999
0.29748
0.677820000000001
0.700500000000001
1.1576
1.0434
1.5923
0.730900000000001
1.3257
1.6251
1.06705
1.27009
0.72354
1.00039
0.982240000000001
0.11468
1.29586
0.280899999999999
0.4136
0.962500000000001
0.519699999999999
0.462899999999999
0.110100000000002
0.6797
0.222999999999998
0.085573
0.393400000000002
0.266699999999997
0.0757284
0.365046
0.446099999999999
0.182500000000002
0.708399999999998
0.118099999999999
0.239999999999999
0.991800000000001
0.259999999999999
0.5356
0.3924
0.210878
0.26912
0.17991
0.112052
0.187182
0.336600000000001
1.2547
0.332618
0.232066
0.324854
0.3109
0.310378
0.803472
0.292684
0.615099999999999
0.7105
0.975400000000001
0.124208
0.0924752
0.526300000000002
0.928099999999998
0.099167
0.19178
0.496000000000002
0.4631
0.1081
0.9296
0.5205
0.422199999999999
0.0935800000000001
0.96439
0.24169
1.24502
0.21491
0.81856
0.21924
1.09361
0.59871
0.13509
0.98064
0.91344
1.4928
1.60188
0.4843
1.0003
2.0039
2.6458
0.325500000000001
2.1382
0.379399999999999
0.88408
0.49113
0.1696
0.48259
0.178900000000001
0.342700000000001
0.9433
0.692300000000001
0.638599999999998
3.7077
0.4581
1.3582
1.3712
1.33147
1.76056
0.73207
0.63853
0.10923
0.35027
1.50375
0.12755
0.265370000000001
0.18054
0.30191
0.41115
0.993049999999999
0.4721
0.3542
0.849999999999999
0.6581
0.0946338
0.3386
0.781899999999999
0.140099999999999
0.3329
0.3139
0.449099999999999
0.373100000000001
0.173499999999999
0.3471
0.503300000000001
0.907799999999997
0.508900000000001
0.4235442
0.5221
0.423542
0.383
0.29599
0.362899999999999
0.135884
0.361164
0.2804
0.0789229
0.0776599999999999
0.2493
0.159200000000001
0.2327
0.0837000000000004
0.187899999999999
0.168100000000002
0.15
0.209500000000001
0.2634
0.0832276
0.2057
0.0782931
0.204299999999999
0.0814575
0.175800000000001
0.153899999999998
0.260299999999999
0.088167
0.0969264
0.110499999999999
0.292600000000001
0.4941
0.35
0.307499999999999
0.183799999999998
0.0768548
0.2885
0.2471
0.15648
0.0913084
0.3886
0.1861
0.4776
0.412268
0.450899999999999
0.0777619
0.841800000000001
0.9515
0.169800000000001
0.689200000000001
0.248400000000001
0.459599999999999
0.301499999999999
0.4023
0.4914
0.91585
0.38584845
0.26935
0.2706
0.181600000000001
0.24479
0.412530000000001
0.221500000000002
0.0922141
0.31151
0.662299999999999
0.0764915
0.237524
1.4038
0.334699999999999
1.1368
0.5635
0.228
0.989899999999999
0.390199999999999
0.715099999999999
0.4443
0.2557
0.308999999999998
0.481600000000001
0.2883
0.0844999999999985
0.306500000000001
0.292100000000001
0.1584
0.0784081
0.1329
0.194
0.136
0.0774999999999998
0.3247
0.193599999999999
0.121599999999999
0.4552
0.1167
0.195499999999998
0.575599999999998
0.1165
0.0766097
0.0829999999999997
0.369900000000001
0.0978259
0.284300000000001
0.176199999999999
0.223200000000001
0.19262
0.287999999999999
0.112724
0.367400000000001
0.818099999999999
0.25803
0.19378
0.109900000000002
0.244899999999998
0.2304
0.519900000000001
0.21392
0.390200000000002
0.261499999999998
0.0760767
0.1107
0.526100000000002
0.145999999999999
0.10806
0.1522
0.2416
0.1302
0.123700000000002
0.150799999999998
0.0932536
0.242000000000001
0.105266
0.0842719
0.248999999999999
0.0627013
0.241799999999998
0.265300000000002
0.2941
0.0772708
0.229499999999999
0.1364
0.145100000000001
0.3859
0.2773
0.145500000000001
0.186700000000001
0.375900000000001
0.444999999999998
0.226100000000001
0.431100000000001
1.1699
1.2008
1.3189
1.849
0.733200000000001
0.350924
1.0674
0.8357
0.102999999999998
0.54173
0.357032
0.52508
0.20307
0.87268
0.172700000000001
0.202999999999998
0.423800000000002
0.969700000000001
1.381
0.272966
0.492686
0.598600000000002
1.5627
0.831299999999999
0.586300000000001
0.34342
0.1058
0.393400000000002
1.6184
0.248200000000001
0.6328
0.20916
0.2252
0.0977600000000001
0.126100000000001
0.248799999999999
0.259899999999999
0.276899999999999
0.173799999999999
0.373300000000001
0.361299999999998
0.2612
0.269900000000001
0.245000000000001
0.0715218
0.0900189
0.0895497
0.0783988
0.2835
0.0929100000000002
0.0772131
0.381000000000001
0.0883302
0.198199999999998
0.104007
0.351100000000001
0.10412
0.211
0.0903805
0.242599999999998
0.106800000000001
0.0982894
0.387499999999999
0.525100000000001
0.0818811
0.2135
0.29616
0.142600000000001
0.16372
0.243922
0.348142
0.441999999999998
0.586614
0.586612
0.699200000000003
0.645999999999999
1.013
0.656099999999998
0.235400000000002
0.762599999999999
0.091693
0.467199999999998
0.305100000000003
0.503999999999999
0.409000000000001
0.331399999999998
0.12099
0.469100000000001
0.2521
0.6796
0.282600000000001
0.4024
0.759399999999999
0.71713
0.57749
0.41055
0.54695
0.197410000000001
0.288819999999999
0.78421
0.836419999999999
0.37827
0.40913
0.83251
0.12396
1.40297
1.09641
1.97201
0.53556
1.48758
2.3514
0.356000000000001
1.2351
0.767899999999999
2.4243
1.9338
1.1988
0.48402
0.6659
0.149400000000002
0.88991
0.4298
1.8798
0.447504
2.0885
2.7875
1.3944
1.5682
0.9744
1.32892
0.79375
2.46214
0.93799
0.49295
0.85241
0.0920000000000032
0.1154
0.838519999999999
0.752750000000001
0.47746
0.4223
1.05724
0.11422
0.22384
0.865160000000001
0.248159999999999
0.601030000000001
0.79726
0.1848
0.391899999999999
0.524400000000001
0.0957999999999987
0.5222
0.3968
0.442300000000001
0.1281
0.262399999999999
1.3586
0.267200000000001
0.192500000000001
0.773099999999999
0.08649
0.0961000000000017
0.2612
0.110199999999999
0.181100000000001
0.4186
0.5885
0.10439
0.119609
0.3941
0.560099999999999
0.097551
0.0920469
0.756500000000002
0.324199999999999
0.0801367
0.270599999999999
0.578700000000001
0.347399999999998
0.367700000000001
0.514899999999999
0.297200000000002
0.351699999999999
0.618100000000001
0.2772
0.429300000000001
0.409
0.72598
0.31929
0.38772
0.673760000000001
0.599089999999999
0.1096
1.31735
0.416789999999999
0.67035
0.2635
0.3159
0.27392
1.03183
0.19304
0.141999999999998
0.116000000000005
0.75518
0.93821
1.13686
0.89576
1.30304
1.11872
0.94825
1.7928
1.2051
1.0621
1.2014
2.1078
1.8583
2.2733
0.76589
0.77434
0.71898
0.894500000000001
1.5222
1.2128
1.9763
1.0869
1.1573
0.8298
1.0901
2.15386
1.16776
0.92631
1.70337
0.704569999999999
0.918960000000001
0.50321
0.33396
0.1034
0.119000000000002
0.106700000000004
0.31932
0.74327
0.83807
0.13326
0.88155
0.358120000000001
0.69002
0.339689999999999
0.32808
0.58555
1.23553
0.123000000000006
0.076446
0.4342
0.9599
0.1945
0.6039
0.165999999999999
0.329700000000001
0.808799999999998
0.171000000000002
0.275799999999998
0.437200000000001
0.223899999999999
0.206500000000001
0.467899999999999
0.71098
0.714699999999999
0.917699999999999
0.734200000000002
0.817899999999999
0.710968
0.710968
0.537832
0.340399999999999
0.0832173
0.11742
0.1969
0.2496
0.2389
0.378699999999998
0.203500000000001
0.175
0.10231
0.1056
0.1085
0.292600000000001
0.187899999999999
0.0853531
0.136800000000001
0.209400000000001
0.114799999999998
0.261600000000001
0.0931505
0.117
0.0870700000000002
0.0822472
0.0884359
0.108646
0.0794664
0.248400000000001
0.265699999999999
0.186800000000001
0.212899999999999
0.247
0.312599999999999
0.154100000000001
0.137000000000001
0.0831902
0.225699999999998
0.112309
0.1773
0.131699999999998
0.282199999999999
0.5388
0.212200000000001
1.8471
0.853199999999998
0.317600000000001
0.3856
0.51688
0.631499999999999
0.5908
0.559299999999999
0.664800000000002
0.313238
0.5133
0.489000000000001
0.5714
0.43329
0.44819
0.584100000000001
0.43214
0.595599999999999
0.37445
0.658799999999998
0.5633
0.709400000000002
0.673699999999999
0.664599999999999
1.6747
1.206
0.9571
0.728099999999998
0.174200000000002
0.7352
1.3478
0.451599999999999
0.648599999999999
0.0814798
0.0783209
0.0918398
0.370200000000001
0.347500000000001
0.145499999999998
0.193699999999999
0.0799463
0.101444
0.297899999999998
0.232800000000002
0.301199999999999
0.2664
0.0698698
0.0953999999999983
0.107599999999999
0.10619
0.0853602
0.2493
0.0879483
0.469
0.0832111
0.0833
0.339800000000001
0.198699999999999
0.0801299999999998
0.292499999999998
0.0983605
0.0773658
0.561800000000001
0.078603
0.0784000000000007
0.4747
0.179199999999999
0.0925189
0.198600000000002
0.1943
0.437799999999999
0.4556
0.20184
0.73538
0.7354
0.735379999999999
1.0006
0.8523
1.1267
1.4173
1.1577
0.7354
0.314599999999998
0.25518
0.645400000000002
0.15001
0.390399999999999
0.470400000000001
1.0149
0.132699999999999
0.603000000000001
0.2524
0.938319999999999
0.0856703
0.946090000000001
0.44144
0.561199999999999
0.43208
0.416000000000001
0.878349999999999
0.31373
0.45395
0.25006
1.14328
0.1397
0.63327
0.34197
0.11637
0.42887
0.28064
0.141999999999998
0.13482
0.38258
0.75293
0.98034
0.70842
1.30741
1.00066
1.04581
1.00614
1.4778
0.908399999999999
0.626900000000002
1.5485
1.1
0.465699999999999
2.6059
2.0302
1.5375
1.04611
1.09194
1.157
2.0182
2.5673
0.446899999999999
1.7093
1.4165
1.4411
1.2137
1.79275
0.868740000000001
2.2054
0.864549999999999
1.06563
0.179260000000001
0.37592
0.35208
0.119000000000002
0.12582
0.14803
0.12288
0.103999999999993
0.49853
1.01118
0.09931
0.50676
0.48066
0.75192
0.207080000000001
0.741109999999999
0.60588
0.19154
0.98635
0.43445
0.382
0.1752
0.701599999999999
0.436400000000001
0.3762
0.4635
0.3612
0.625599999999998
0.393499999999999
0.288999999999984
0.717400000000001
0.0831079
0.551499999999999
0.867500000000002
1.2704
1.5934
1.0809
0.796299999999999
0.796400000000002
0.81488
0.246499999999999
0.107400000000002
0.467399999999998
0.1582
0.0994700000000001
0.3248
0.215899999999999
0.319700000000001
0.101466
0.297600000000001
0.0770261
0.2079
0.173000000000001
0.0895391
0.184800000000002
0.161800000000001
0.431899999999999
0.136500000000001
0.0780447
0.0812747
0.321399999999999
0.0801571
0.0839000000000006
0.0804481
0.0766741
0.0757189
0.112699999999999
0.106799999999999
0.120000000000001
0.224299999999999
0.3634
0.1999
0.172700000000001
0.268699999999999
0.160399999999999
0.0823912
0.212600000000002
0.225199999999998
0.129700000000002
0.165399999999999
0.118299999999999
0.0755486
0.0945553
0.0985448
0.659300000000002
1.3815
0.742999999999999
0.495600000000002
0.084819
0.377
0.5579
0.5134
0.0821585
0.163300000000002
0.276699999999999
0.2304
0.0784745
0.0794566
0.0893383
0.236700000000001
0.336600000000001
0.0832161
0.107813
0.161700000000001
0.0750841
0.151500000000002
0.131299999999998
0.137100000000001
0.146299999999999
0.2801
0.1906
0.766
0.0896955
0.780500000000001
0.356600000000001
0.333600000000001
0.531699999999999
0.1442
0.573099999999999
0.203500000000001
0.143399999999999
0.0848214
0.195600000000001
0.1026
0.236900000000001
0.159700000000002
0.1279
0.145000000000001
0.1582
0.145899999999999
0.1889
0.176199999999999
0.2472
0.251200000000001
0.1752
0.0758679
0.0832899999999999
0.100512
0.0919000000000003
0.0864943
0.0820701
0.1106
0.0916
0.1525
0.0824962
0.159600000000001
0.0853007
0.0903203
0.481300000000001
0.10542
0.100999999999998
0.165300000000002
0.1133
0.206100000000001
0.0762298
0.3693
0.103800000000001
0.218499999999999
0.158800000000001
0.259299999999998
0.2336
0.154399999999999
0.332500000000002
0.520799999999999
0.336
0.144199999999998
0.191999999999992
0.2246
0.272899999999998
0.207000000000002
0.14048
0.370799999999999
0.0848219
0.378699999999998
0.0876052
0.5805
0.0815752
0.1444
0.276799999999999
0.173600000000002
0.11355
0.169800000000001
0.13017
0.178600000000001
0.220799999999999
0.193699999999999
0.253100000000001
0.0972824
0.184599999999999
0.0829671
0.108298
0.3411
0.0801566
0.10442
0.12802
0.10285
0.121200000000002
0.0818600000000001
0.3529
0.209199999999998
0.315500000000002
0.128499999999998
0.274099999999999
0.171800000000003
0.188099999999999
0.128499999999998
0.1498
0.143800000000002
0.1494
0.142999999999999
0.1663
0.108
0.1392
0.0881999999999994
0.136800000000001
0.178899999999999
0.664600000000001
0.5775
0.378899999999999
0.672399999999998
0.7269
0.301999999999999
0.0964999999999994
0.956199999999999
0.2386
0.133899999999998
0.0876212
0.1805
0.0771544
0.126700000000002
0.0845509
0.128900000000001
0.104499999999999
0.0828103
0.0849578
0.100501
0.125
0.0824718
0.0774482
0.0907000000000019
0.147599999999998
0.128599999999999
1.1262
0.725000000000001
0.5825
0.0802468
0.3833
0.7354
0.942699999999999
0.575200000000001
0.1551
0.077628
0.0797974
0.208800000000001
0.145000000000001
0.165299999999999
0.160100000000002
0.1498
0.131499999999998
0.1577
0.162100000000001
0.188099999999999
0.167400000000001
0.278500000000001
0.226799999999999
0.264300000000001
0.383299999999998
0.186700000000001
0.0768928
0.129999999999986
0.0867134
0.08698
0.0857512
0.0869999999999926
0.128000000000017
0.0778344
0.0982267
0.3862
0.0919561
0.167900000000001
0.0843219
0.0921535
0.4437
0.10972
0.2049
0.1052
0.08235
0.118799999999999
0.142800000000001
0.233
0.146299999999999
0.123400000000001
0.3215
0.0791894
0.25212
0.189999999999998
0.3998
0.0988900000000001
0.72481
0.727800000000001
0.753399999999999
1.2368
1.2353
1.3529
0.633
0.861700000000001
0.141780000000001
0.544
0.608
0.5
0.3354
0.5622
0.553000000000001
0.535099999999999
0.2424
0.306400000000001
0.66918
0.497449999999999
0.660830000000001
0.24671
0.455709999999999
0.61708
0.60489
0.35471
0.56201
0.49612
0.51307
0.22641
0.32241
0.248000000000004
0.582
0.2711
0.35854
0.0903000000000001
0.739910000000001
0.539990000000001
0.26439
0.23223
0.43254
0.74979
0.39628
0.86845
0.53816
1.97105
0.80006
2.19356
0.2916
0.961899999999999
1.7216
0.683600000000001
0.4776
0.968899999999998
0.709700000000002
0.581399999999999
0.295700000000002
0.0945000000000001
0.265099999999999
0.691700000000001
0.6051
0.292899999999999
2.0134
0.867999999999999
0.517299999999998
0.959500000000002
1.3506
0.561500000000001
0.811999999999999
1.11007
0.279650000000001
0.774369999999999
0.47912
0.430470000000001
0.20898
0.1193
0.165999999999999
0.0846
0.138000000000016
0.200999999999985
0.085751
0.312899999999994
0.206000000000017
0.11186
0.225000000000009
0.252039999999999
0.26978
0.49561
0.0773683
0.587749999999999
0.14417
0.51069
0.253730000000001
0.333789999999999
0.5741
0.08004
0.6062
0.503500000000001
0.147000000000008
0.2897
0.692400000000001
0.18889
0.2023
0.4297
0.5938
0.218300000000002
0.2383
0.303799999999999
0.677800000000001
0.416
0.833900000000001
0.761599999999998
0.7299
0.8492
0.426300000000002
0.579099999999999
0.4125
0.154299999999999
0.61862
0.296100000000002
0.1357
0.26461
0.24622
0.289999999999999
0.344800000000001
0.0991316
0.0776737
0.497199999999998
0.15434
0.15523
0.134900000000002
0.1996
0.15682
0.181100000000001
0.304000000000001
0.11875
0.0848537
0.215699999999999
0.125600000000001
0.0836967
0.0922699999999999
0.248799999999999
0.121099999999999
0.22746
0.0926702
0.1625
0.18029
0.0836103
0.179000000000018
0.0776487
0.117
0.3719
0.293399999999999
0.2442
0.2114
0.212599999999999
0.203200000000001
0.163199999999999
0.197700000000001
0.1888
0.1417
0.131300000000001
0.188199999999999
0.120399999999998
0.146300000000002
0.1413
0.162699999999999
0.090599999999999
0.163400000000002
0.311399999999998
0.6467
0.766500000000001
0.3302
0.205699999999998
0.242319999999999
0.367100000000001
1.2217
0.173499999999999
0.0821000000000016
0.0979000000000008
0.1249
0.2554
0.104425
0.0994876
0.205100000000003
0.167999999999999
0.0877114
0.096679
0.0908999999999993
0.143499999999999
0.158
0.0929326
0.111993
0.0783613
0.0804358
0.470899999999999
0.2308
0.512799999999999
1.4072
1.0115
0.936499999999998
0.153599999999999
1.0156
0.308
0.383700000000001
0.1474
0.169900000000001
0.211799999999998
0.165899999999999
0.131900000000001
0.1056
0.212199999999999
0.141100000000002
0.182399999999999
0.192500000000001
0.201099999999999
0.278300000000001
0.142899999999999
0.2804
0.359900000000002
0.180899999999998
0.534200000000001
0.231000000000001
0.281200000000001
0.163000000000002
0.280999999999998
0.4132
0.0882933
0.601000000000002
0.309400000000001
0.1273
0.1916
0.519800000000001
0.1551
0.251099999999999
0.135000000000018
0.100635
0.340799999999999
0.240400000000002
0.2257
0.0775235
0.226599999999999
0.125900000000001
0.125600000000001
0.218399999999999
0.2188
0.0787577
0.175980000000001
0.173300000000001
0.10289
0.15966
0.18914
0.10891
0.59253
0.2331
0.587199999999999
0.937100000000002
1.2032
1.018
0.8384
0.3941
0.931000000000001
0.786599999999998
0.3166
0.512500000000002
0.673299999999999
0.497499999999999
0.3594
0.454300000000001
0.3592
0.2499
0.910900000000001
0.14641
0.70313
0.43554
0.2678
0.7739
0.61769
0.25385
0.655990000000001
0.32269
0.23019
0.531479999999999
0.50121
0.105887
0.62681
0.310999999999995
0.65794
0.61027
0.18505
0.4593
0.13078
0.46962
0.40235
0.168999999999997
0.3796
0.0979999999999981
0.12148
0.511399999999999
0.67691
0.89108
0.41321
1.73635
0.41577
1.60929
1.82241
0.8544
0.7423
2.0922
0.718200000000002
1.0168
1.2254
0.563999999999998
0.175
0.156400000000001
0.200600000000001
0.4076
0.206000000000001
0.522999999999998
1.3179
0.412799999999999
0.992400000000002
1.5899
0.6409
0.725199999999999
0.547
0.7359
1.30687
0.466040000000001
0.48839
0.504300000000001
0.404649999999999
0.101700000000005
0.106799999999996
0.323000000000007
0.151999999999997
0.160999999999989
0.18447
0.270570000000001
0.0984600000000002
0.15855
0.229600000000008
0.371999999999995
0.14059
0.390000000000001
0.0851945
0.337849999999999
0.0948600000000008
0.45613
0.328819999999999
0.1941
0.5106
0.335100000000001
0.138
0.62372
0.440700000000001
0.291799999999999
0.2054
0.438300000000001
0.4801
0.4952
0.2913
0.394
0.422600000000001
0.3828
0.311699999999998
0.9129
0.956100000000001
0.7632
0.8853
0.617499999999999
0.726199999999999
0.579200000000002
0.614700000000001
0.3445
0.441800000000001
0.38686
0.1219
0.15821
0.23549
0.1337
0.3174
0.3549
0.0785232
0.242600000000001
0.31421
0.1721
0.211600000000001
0.0899325
0.18393
0.1606
0.0847023
0.476499999999999
0.0797713
0.082804
0.0812018
0.411900000000001
0.244800000000001
0.3108
0.1836
0.17431
0.0920000000000004
0.14812
0.303799999999999
0.1247
0.141000000000013
0.1864
0.103800000000001
0.2078
0.412599999999999
0.512899999999999
0.282199999999999
0.187000000000001
0.301999999999999
0.311900000000001
0.209599999999999
0.212400000000001
0.219900000000001
0.251799999999999
0.1803
0.168099999999999
0.121600000000002
0.117899999999999
0.165599999999999
0.146500000000002
0.1195
0.138099999999999
0.0912999999999997
0.125500000000001
0.271399999999999
0.4301
0.3639
0.775999999999999
0.6497
0.6635
0.6971
0.3749
0.447400000000001
0.543399999999999
0.102565
0.0864046
0.1583
0.0836592
0.0779531
0.0855285
0.0770053
0.0760341
0.108000000000003
0.102067
0.0918953
0.0814564
0.0848381
0.0851534
0.103963
0.123099999999998
0.1107
0.228500000000001
0.4243
0.10014
0.342200000000001
0.6936
1.2325
0.240899999999999
0.4992
0.770799999999999
0.1389
0.158599999999998
0.2443
0.242000000000001
0.2023
0.101400000000001
0.159999999999999
0.200400000000001
0.1662
0.1581
0.1916
0.1719
0.342600000000001
0.167799999999999
0.126999999999999
0.4861
0.5521
0.334400000000001
0.5991
0.0899999999999901
0.102000000000002
0.0755053
0.15423
0.077387
0.248
0.0841472
0.386
0.120799999999999
0.287500000000002
0.3807
0.107200000000002
0.101900000000002
0.0851458
0.255999999999998
0.203900000000001
0.1182
0.0966100000000001
0.1052
0.21605
0.0877877
0.0973000000000002
0.22041
0.239599999999998
0.27126
0.14772
0.0961724
0.21943
0.1079
0.27213
0.27486
0.1134
0.27957
0.356900000000002
0.423599999999999
0.753199999999998
0.451800000000002
0.711899999999999
0.845100000000001
0.924999999999998
1.0438
0.519500000000001
0.820699999999999
0.642200000000001
0.6241
0.206000000000017
0.3555
0.8463
0.4594
0.60819
0.26133
0.45753
0.40974
0.51765
0.473319999999999
0.401860000000001
0.579489999999999
0.199440000000001
0.614319999999999
0.37992
0.42103
0.45117
0.40999
0.27245
0.146299999999999
0.46667
0.38785
0.13847
1.00935
0.631230000000001
0.13173
0.23866
0.184999999999991
0.31471
0.10072
0.77846
0.42858
0.100999999999996
0.0770000000000159
0.24909
0.50571
0.68414
0.326199999999999
1.84455
1.12635
0.468500000000001
1.79357
1.4322
0.516
0.810799999999999
0.282399999999999
2.3203
1.6841
0.30602
0.766299999999998
0.601000000000002
0.5518
0.478600000000001
0.680499999999998
0.9326
0.315000000000001
0.36482
0.5521
0.779500000000002
1.323
0.7965
0.8511
0.7576
0.77246
1.30161
0.192700000000001
0.724039999999999
0.43642
0.101800000000002
0.136000000000003
0.131999999999999
0.214000000000003
0.531000000000001
0.0995884
0.141999999999998
0.157000000000007
0.13368
0.124780000000001
0.45737
0.10126
0.4191
0.1292
0.485000000000002
0.143170000000001
0.168999999999997
0.69979
0.45496
0.154999999999994
0.16753
0.26482
0.47697
0.47629
0.11863
0.283899999999999
0.4024
0.3341
0.364
0.3681
0.360200000000001
0.284099999999998
0.346000000000002
0.548799999999999
0.322899999999998
0.487400000000002
0.703799999999999
0.0805708
0.703800000000002
0.7545
0.901099999999999
1.1023
0.4718
0.159500000000001
0.8105
0.479499999999999
0.661600000000001
0.157399999999999
0.315499999999999
0.31185
0.0934372
0.32742
0.125500000000001
0.40366
0.0821575
0.2003
0.2055
0.2601
0.13219
0.10076
0.30229
0.20113
0.145699999999999
0.2412
0.39801
0.0909999999999994
0.31812
0.107195
0.1389
0.2715
0.15004
0.10217
0.2416
0.139
0.2552
0.263999999999998
0.15309
0.16492
0.0918000000000002
0.145227
0.140700000000002
0.423299999999999
0.658700000000001
0.2001
0.666599999999998
0.285100000000002
0.4243
0.268299999999999
0.232299999999999
0.2334
0.2413
0.1943
0.199400000000002
0.181299999999998
0.112200000000001
0.1582
0.150700000000001
0.133299999999997
0.154700000000002
0.1614
0.086106
0.0916955
0.226299999999999
0.5275
0.3108
0.731200000000001
0.888
0.0880153
0.694600000000001
0.788699999999998
0.163099999999999
1.0139
0.840299999999999
0.917400000000002
0.722699999999998
0.7435
0.498300000000002
0.4026
0.41912
0.429819999999999
0.422640000000001
0.43387
0.41842
0.39953
0.774900000000001
0.493399999999999
0.790399999999999
1.1504
0.7219
0.469800000000001
0.2581
0.103707
0.605900000000001
0.400599999999998
0.666700000000001
0.545699999999999
0.650400000000001
0.0987517
0.517200000000001
0.0836034
0.0862401
0.1968
0.156500000000001
0.1417
0.123799999999999
0.157600000000002
0.1721
0.148799999999999
0.189
0.179199999999999
0.242100000000001
0.2635
0.181400000000001
0.134399999999998
0.268000000000002
0.317899999999999
0.386800000000001
0.689399999999998
0.753900000000002
0.403099999999998
0.334400000000001
0.359399999999999
0.112899999999999
0.3361
0.136700000000001
0.28354
0.137099999999998
0.30096
0.0972999999999974
0.36362
0.5438
0.1559
0.29216
0.3995
0.281300000000001
0.0858632
0.12621
0.18049
0.0983000000000012
0.1495
0.19379
0.22696
0.0783407
0.10758
0.113099999999999
0.103700000000001
0.37819
0.131899999999999
0.20215
0.0897999999999982
0.21577
0.33828
0.2077
0.378699999999998
0.0972499999999998
0.0920378
0.617199999999998
0.453300000000001
0.6499
0.5165
0.634999999999999
0.6828
0.359399999999999
0.5581
0.479200000000002
0.4527
0.397900000000001
0.3912
0.241
0.4277
0.20904
0.3369
0.404
0.4193
0.1708
0.2371
0.1749
0.4355
0.44167
0.2205
0.415890000000001
0.39959
0.20408
0.10149
0.225880000000001
0.44352
0.242000000000009
0.196299999999999
0.432999999999995
0.42643
0.23381
0.492140000000001
0.441080000000001
0.3717
0.41177
0.79789
0.154300000000007
0.409050000000001
0.46692
0.41532
0.384669999999999
0.229999999999997
0.110099999999996
0.136800000000004
0.40071
0.27346
0.749859999999999
0.56785
0.86886
0.7672
0.8261
1.5199
0.2632
0.864699999999999
0.21494
0.859499999999999
2.2636
0.4021
0.403100000000001
0.077456
0.0782172
0.0856000000000023
0.2966
0.217999999999999
1.223
1.6353
1.5813
0.586199999999998
1.7786
0.18296
1.97869
1.18948
1.09126
0.548549999999999
1.39669
1.07062
0.60552
0.219630000000001
0.2413
0.17599
0.42366
0.17283
0.38122
1.30792
0.30045
0.30167
0.206000000000017
0.34068
0.11965
0.49012
0.37457
0.68677
0.263999999999998
0.9578
0.66655
0.204430000000001
0.29375
0.0970000000000137
0.37206
0.37138
0.29893
0.6632
0.43137
0.357969999999999
0.1262
0.7173
0.481580000000001
0.223179999999999
0.7465
0.589530000000001
0.23387
0.5568
0.636199999999999
0.3194
0.5637
0.386300000000001
0.529099999999999
0.8302
0.652
0.607099999999999
0.9131
0.622200000000001
0.959199999999999
0.485500000000003
0.0545999999999991
0.6021
0.5744
0.7466
0.378699999999998
0.28
0.162900000000002
0.214300000000001
0.168599999999999
0.0947300000000002
0.177000000000005
0.3131
0.0787178
0.0837568
0.14303
0.10621
0.30067
0.0760042
0.0935788
0.0769199999999998
0.28358
0.098647
0.23818
0.108083
0.120700000000001
0.10956
0.0772584
0.25908
0.0841993
0.22072
0.326699999999999
0.620500000000002
0.26025
0.2999
0.21314
0.15496
0.28309
0.434200000000001
0.0749579
0.145399999999998
0.459899999999999
0.322099999999997
0.571300000000002
0.711399999999998
0.547
0.339700000000001
0.350799999999998
0.5358
0.465000000000002
0.450499999999998
0.248100000000001
0.192500000000001
0.234799999999999
0.1828
0.268000000000002
0.129699999999999
0.0908916
0.129099999999999
0.192100000000001
0.203300000000001
0.168299999999999
0.126100000000001
0.1305
0.0861951
0.077195
0.1278
0.465699999999999
1.1718
0.778300000000001
0.531099999999998
0.431900000000002
0.931399999999999
0.861500000000001
0.925200000000001
0.178300000000001
1.2476
1.1182
1.0102
0.71
0.6801
0.790199999999999
0.52456
0.55661
0.552
0.55213
0.53251
0.47968
0.631000000000001
0.856399999999999
0.967799999999999
1.2976
0.3001
0.453599999999998
0.2385
0.716800000000001
0.517400000000001
0.303999999999999
0.616
0.314
1.06
0.916
0.12954
0.0805889
0.2584
0.0942999999999999
0.0874969
0.145499999999998
0.182500000000002
0.1946
0.1579
0.157299999999999
0.1555
0.182199999999999
0.276100000000001
0.356000000000001
0.2412
0.3862
0.356399999999998
0.132900000000002
0.461899999999998
0.278900000000001
1.0767
0.467999999999999
0.8325
0.174000000000007
0.323699999999999
0.383
0.223500000000001
0.278999999999999
0.149469
0.2493
0.171399999999999
0.189000000000017
0.34841
0.336999999999987
0.353000000000003
0.22467
0.2083
0.19332
0.104599999999999
0.0789854
0.13466
0.14352
0.19398
0.12412
0.0924218
0.0803725
0.30188
0.0813736
0.102994
0.1686
0.23968
0.253800000000001
0.14861
0.25784
0.2167
0.1011
0.22138
0.573599999999999
0.1524
0.284800000000002
0.258599999999998
0.220600000000001
0.809299999999999
0.501800000000002
0.755799999999998
0.8382
0.182300000000002
0.581199999999998
0.400500000000001
0.6191
0.7799
0.237699999999999
0.392000000000001
0.672399999999999
0.444
0.184000000000001
0.788
0.189099999999999
0.189600000000001
0.70104
0.394359999999999
0.64743
0.1833
0.33019
0.28523
0.528770000000001
0.22316
0.431889999999999
0.325710000000001
0.0904799999999997
0.61428
0.720630000000001
0.639240000000001
0.37579
0.23696
0.68005
0.36634
0.31997
0.36191
0.5453
0.172727
0.262759999999999
0.371769999999999
0.258129999999999
0.84616
0.58734
0.7517
0.22341
0.46354
0.27265
0.104000000000015
0.16012
0.60596
0.86846
0.88453
0.5696
1.9366
1.38457
1.30782
1.2728
1.24
1.4801
1.1355
1.9156
1.1507
0.3057
0.232200000000002
0.317999999999999
0.4251
0.368199999999999
0.232000000000003
0.233999999999998
2.3248
1.3887
0.793999999999997
1.7763
0.755700000000001
1.1385
0.6203
1.1698
0.56885
0.874799999999999
0.73086
0.36207
0.37272
0.29255
0.1373
0.129999999999986
0.175999999999998
0.354550000000001
0.40615
0.56867
0.613179999999999
0.0936683
0.136650000000001
0.0790000000000068
0.125734
0.0835479
0.12267
0.234000000000001
0.2858
0.135780000000001
0.26843
0.82643
0.40425
0.431960000000001
0.124400000000002
0.255000000000005
0.40911
0.0865075
0.24431
0.156999999999985
0.46403
0.29951
0.300830000000001
0.547149999999999
0.13269
0.6677
0.1249
0.433599999999999
0.306100000000001
0.18
0.5897
0.396299999999999
0.2613
0.342900000000002
0.349099999999999
0.570699999999999
0.467800000000002
0.364099999999998
0.559399999999999
0.948500000000002
0.117099999999998
0.464000000000001
