0
0.063166
0.061396
0.0584124
0.053926
0.0491261
0.0427801
0.0433139
0.055
0.0488696
0.081
0.054
0.052
0.055
0.056
0.08
0.056
0.078
0.055
0.056
0.0603321
0.134
0.083
0.052
0.0507232
0.0439991
0.104
0.058
0.0389554
0.0392239
0.078
0.056
0.104
0.078
0.079
0.127
0.082
0.05
0.08
0.0452452
0.103
0.06638762
0.07111598
0.128
0.06607
0.129
0.055
0.105
0.055
0.056
0.101
0.0575092
0.102
0.0396655
0.081
0.0427
0.077
0.054
0.08
0.081
0.0769088
0.106
0.08897928
0.127
0.129
0.081
0.107
0.078
0.079
0.106
0.081
0.13
0.099
0.127
0.078
0.078
0.126
0.104
0.101
0.08
0.109
0.0555003
0.079
0.0449883
0.055
0.08
0.057
0.08
0.054
0.079
0.078
0.0599958
0.134
0.077
0.051
0.106
0.054
0.079
0.104
0.079
0.08
0.133
0.098524
0.1092336
0.127
0.178
0.1329838
0.203
0.154
0.143692
0.153
0.151
0.079
0.106
0.072654
0.113
0.129
0.153
0.13
0.129
0.127
0.151
0.129
0.175
0.15
0.056
0.127
0.078
0.052
0.058
0.08
0.055
0.0439011
0.088
0.051
0.0465748
0.055
0.053
0.056
0.079
0.054
0.08
0.06537
0.105
0.0600981
0.232
0.0399088
0.076
0.056
0.103
0.106
0.054
0.13
0.078
0.078
0.105
0.095484
0.116516
0.136316
0.179
0.202
0.1908378
0.20564
0.216588
0.249
0.218694
0.272
0.253
0.172
0.081
0.079
0.142388
0.195488
0.277
0.206026
0.251
0.151
0.151
0.223
0.151
0.2
0.102
0.154
0.15
0.102
0.103
0.102
0.079
0.08
0.0425245
0.083
0.054
0.054
0.082
0.053
0.082
0.0501941
0.056
0.078
0.055
0.056
0.08
0.054
0.055
0.055
0.078
0.056
0.054
0.078
0.058
0.05
0.076
0.109
0.076
0.054
0.0470815
0.057
0.074
0.057
0.087
0.052
0.0546407
0.054
0.054
0.054
0.057
0.053
0.057
0.053
0.0508924
0.129
0.078
0.08
0.127
0.153
0.127
0.129
0.175
0.177
0.181284
0.23418
0.286074
0.317058
0.307812
0.275
0.225
0.10176
0.2
0.128
0.23086
0.275
0.230816
0.274
0.281
0.230748
0.230728
0.230714
0.230694
0.230684
0.227
0.225
0.178
0.176
0.152
0.0730919999999999
0.152
0.104
0.057
0.079
0.055
0.103
0.078
0.079
0.107
0.0487952
0.084
0.027
0.081
0.076
0.053
0.077
0.056
0.054
0.0432434
0.104
0.0420518
0.077
0.055
0.077
0.053646
0.0656880000000001
0.13
0.102
0.12721
0.1577258
0.1931472
0.272523
0.279
0.27256
0.301
0.27261
0.272642
0.279
0.2727
0.304
0.27278
0.22
0.15486
0.179
0.177
0.178
0.054
0.09544
0.17556
0.26866
0.36374
0.43096
0.437814
0.392
0.374
0.322
0.2
0.25
0.234
0.097
0.176
0.177
0.129
0.102
0.129
0.104
0.127
0.103
0.077
0.105
0.104
0.082
0.0557883
0.051
0.0432568
0.082
0.053
0.085
0.058
0.0493221
0.0533836
0.079
0.056
0.057
0.078
0.079
0.078
0.102
0.052
0.08
0.13
0.08
0.078
0.0566719999999999
0.060639
0.132
0.083
0.052
0.104
0.06
0.075
0.0488986
0.1
0.043458
0.078
0.078
0.0562280000000001
0.062306
0.079
0.13
0.082546
0.129
0.126
0.1405006
0.1731626
0.2116824
0.291048
0.302
0.291098
0.29113
0.291166
0.291196
0.29124
0.2913
0.29132
0.301
0.16622
0.226
0.1232
0.152
0.179
0.077
0.104
0.105
0.055
0.10598
0.18488
0.29006
0.41648
0.52492
0.549278
0.515
0.521
0.294
0.278
0.197
0.172
0.127
0.177
0.2
0.148
0.104
0.103
0.15
0.102
0.102
0.103
0.081
0.077
0.102
0.078
0.040027
0.08
0.0526791
0.079
0.055
0.078
0.0481158
0.0410501
0.13
0.050296
0.053146
0.056
0.078
0.0423612
0.127
0.079
0.055
0.128
0.081
0.078
0.104
0.102
0.081
0.107
0.0263879
0.0601236
0.06
0.1
0.056
0.077
0.056
0.056
0.126
0.081
0.127
0.085
0.076
0.078
0.104
0.079
0.103
0.0394196
0.105
0.055
0.082
0.05
0.0426119
0.08
0.054
0.053
0.054
0.056
0.053
0.059
0.054
0.055
0.053
0.078
0.0402141
0.079
0.081
0.055
0.077
0.083
0.08
0.076
0.079
0.129
0.102
0.152
0.127
0.175
0.176
0.153
0.221
0.278116
0.382394
0.50723
0.597452
0.5768
0.466
0.343
0.298
0.151
0.176
0.128
0.083
0.102
0.081
0.0567799999999998
0.0657199999999998
0.078
0.103
0.0888599999999999
0.10012
0.153
0.13554
0.16042
0.1901
0.3068
0.351
0.3067
0.306662
0.306618
0.30658
0.306544
0.306518
0.296
0.273
0.135485
0.155
0.176
0.083
0.127
0.075574
0.128
0.08
0.132
0.061926
0.079
0.102
0.104
0.0387852
0.079
0.0456532
0.0539508
0.081
0.079
0.079
0.055
0.054
0.0609559
0.054
0.0416843
0.0381295
0.0399663
0.054
0.107
0.0442753
0.054
0.053
0.057
0.061154
0.08
0.08
0.106
0.074034
0.104
0.071952
0.152
0.107
0.104
0.0946358
0.1116452
0.1336312
0.178
0.188228
0.224
0.255
0.266298
0.280176
0.283516
0.27548
0.276
0.257
0.222
0.17682
0.177
0.1307
0.11354
0.153
0.104
0.151
0.101
0.186
0.0773200000000003
0.08
0.104
0.104
0.104
0.08
0.08
0.0395315
0.104
0.0719600000000007
0.13394
0.232759999999999
0.584
0.58382
0.59
0.594
0.583374
0.415
0.394
0.1591322
0.198
0.221
0.15
0.154
0.149
0.176
0.152
0.101
0.102
0.126
0.102
0.126
0.054
0.104
0.104
0.08
0.104
0.079
0.0397836
0.079
0.081
0.084
0.0387966
0.055
0.06
0.0403429
0.057
0.056
0.083
0.051
0.0443441
0.056
0.056
0.055
0.106
0.0530763
0.103
0.056
0.127
0.08
0.08
0.127
0.103
0.104
0.105
0.103
0.079
0.105
0.106
0.081
0.104
0.104
0.14
0.05
0.051
0.055
0.0400508
0.077
0.0380205
0.0382783
0.053
0.114
0.055
0.06362
0.0722900000000001
0.0780879999999999
0.129
0.104
0.106
0.078
0.102
0.08
0.21
0.07130836
0.07538864
0.0833732
0.126
0.112514
0.178
0.153284
0.173466
0.191606
0.248
0.219766
0.228046
0.275
0.224388
0.273
0.19274
0.2
0.153
0.154
0.15
0.127
0.128
0.128
0.103
0.105
0.081
0.155
0.0811800000000003
0.104
0.105
0.107
0.106
0.078
0.127
0.081
0.104
0.056
0.081
0.153
0.15862
0.41106
0.4088
0.494
0.40882
0.40882
0.411119999999999
0.321
0.615
0.173
0.076
0.197
0.173
0.173
0.153
0.1
0.151
0.103
0.126
0.054
0.129
0.104
0.08
0.079
0.104
0.104
0.08
0.103
0.08
0.053
0.056
0.084
0.076
0.0426178
0.055
0.083
0.0471988
0.057
0.055
0.055
0.055
0.054
0.055
0.0491779
0.058
0.054
0.056
0.078
0.053
0.081
0.054
0.107
0.078
0.128
0.079
0.125
0.081
0.177
0.0757200000000005
0.175
0.08528
0.105
0.104
0.105
0.103
0.081
0.105
0.0597735
0.211
0.0411172
0.078
0.054
0.0397705
0.039598
0.08
0.0453341
0.084
0.08
0.0675599999999994
0.08
0.131
0.104
0.13
0.106
0.099
0.0745999999999993
0.08
0.105
0.102
0.104
0.077
0.105
0.0780600000000007
0.104
0.153
0.11292
0.131
0.1439
0.15984
0.177
0.189699999999999
0.200480000000001
0.20554
0.224
0.202
0.18
0.161479999999999
0.175
0.15
0.107100000000001
0.127
0.156
0.129
0.0734999999999992
0.105
0.081
0.105
0.0843800000000012
0.129
0.177
0.0978600000000007
0.105
0.107320000000001
0.177
0.110800000000001
0.156
0.13
0.129
0.128
0.0434999999999999
0.13
0.176
0.27158
0.28
0.274600000000001
0.274619999999999
0.276
0.27162
0.247
0.471
0.224
0.12
0.15
0.151
0.223
0.151
0.104
0.129
0.103
0.127
0.053
0.106
0.128
0.081
0.08
0.103
0.104
0.078
0.079
0.077
0.079
0.102
0.053
0.079
0.058
0.075
0.0437689
0.056
0.08
0.054
0.0505933
0.057
0.054
0.083
0.053
0.0443391
0.056
0.056
0.0406998
0.079
0.08
0.078
0.082
0.102
0.104
0.152
0.056
0.154
0.126
0.104
0.103
0.129
0.105
0.132
0.1
0.0948399999999996
0.126
0.105
0.081
0.129
0.026
0.0595484
0.161
0.0545600000000004
0.0745400000000007
0.104
0.104760000000001
0.112539999999999
0.1142
0.203
0.128
0.103
0.103
0.129
0.128
0.128
0.151
0.105
0.127
0.128
0.104
0.128
0.079
0.128
0.08
0.079
0.106
0.0380922
0.055
0.054
0.056
0.083
0.0414469
0.055
0.055
0.055
0.056
0.056
0.054
0.057
0.055
0.055
0.055
0.053
0.054
0.054
0.054
0.104
0.105
0.056
0.079
0.077
0.078
0.079
0.078
0.079
0.08
0.056
0.078
0.078
0.079
0.126
0.055
0.152
0.078
0.155
0.127
0.126
0.2
0.174
0.222
0.221
0.2
0.152
0.176
0.2
0.225
0.201
0.199
0.104
0.151
0.124499999999999
0.153
0.14298
0.176
0.182
0.147
0.12758
0.153
0.154
0.128
0.10008
0.0986799999999999
0.151
0.127
0.129
0.153
0.0859199999999998
0.102
0.104
0.102
0.127
0.079
0.103
0.0809800000000003
0.104
0.152
0.10482
0.178
0.12208
0.129679999999999
0.178
0.13916
0.176
0.202
0.13228
0.152
0.128
0.177
0.105
0.129
0.126
0.0757400000000006
0.105
0.0686800000000005
0.104
0.106
0.0674200000000003
0.103
0.081
0.08
0.154
0.081
0.0804
0.0816999999999997
0.126
0.104
0.0779399999999999
0.106
0.08
0.106
0.105
0.0414414
0.079
0.081
0.0401478
0.081
0.062
0.0409694
0.055
0.03308
0.0594479
0.133
0.0763199999999999
0.0939399999999999
0.111140000000001
0.128
0.137420000000001
0.155
0.153
0.155
0.15
0.104
0.152
0.153
0.08
0.127
0.128
0.152
0.128
0.102
0.127
0.103
0.127
0.078
0.126
0.078
0.078
0.103
0.053
0.055
0.081
0.0414702
0.062804
0.082
0.054
0.08
0.055
0.056
0.057
0.057
0.079
0.056
0.057
0.057
0.056
0.056
0.08
0.054
0.104
0.079
0.078
0.055
0.104
0.053
0.08
0.079
0.079
0.08
0.057
0.108
0.0380898
0.055
0.08
0.055
0.079
0.101
0.081
0.077
0.177
0.129
0.153
0.175
0.25
0.176
0.297
0.349
0.146479999999999
0.173
0.152
0.221
0.222
0.272
0.14984
0.223
0.1591
0.18
0.18
0.186900000000001
0.1888
0.201
0.2
0.181
0.14894
0.152
0.175
0.152
0.10778
0.128
0.102
0.0819599999999996
0.104
0.129
0.078
0.103
0.105
0.107
0.0722800000000001
0.105
0.106
0.128
0.0888399999999998
0.104
0.153
0.133
0.109536
0.110746
0.110208
0.177
0.127
0.128
0.151
0.0936199999999999
0.127
0.082438
0.081
0.106
0.106
0.105
0.082
0.067144
0.106
0.08
0.081
0.077
0.079
0.082
0.081
0.072
0.08
0.082
0.081
0.082
0.082
0.106
0.082
0.081
0.129
0.079
0.08
0.079
0.053
0.058
0.079
0.081
0.0401266
0.077
0.059
0.0329215
0.0593792
0.056
0.056
0.054
0.054
0.054
0.057
0.054
0.053
0.057
0.055
0.083
0.08
0.081
0.079
0.064424
0.082
0.079
0.105
0.06633
0.077
0.0644054
0.107
0.078
0.08
0.05879586
0.109
0.081
0.0587642
0.08
0.106
0.104
0.08
0.081
0.0646140000000001
0.082
0.105
0.107
0.076306
0.105
0.083238
0.087134
0.128
0.153
0.137
0.099
0.091566
0.131
0.078756
0.0711999999999999
0.108
0.078
0.104
0.0613600000000001
0.129
0.0651800000000002
0.103
0.0656599999999998
0.08
0.104
0.079
0.104
0.079
0.0810600000000004
0.104
0.131
0.11218
0.12572
0.226
0.15854
0.176
0.1916
0.20322
0.308
0.2104
0.273
0.258
0.19042
0.18154
0.17466
0.177
0.176760000000001
0.199
0.23754
0.3274
0.509
0.72252
0.7287
0.72872
0.7227
0.589
0.465
0.14834
0.203
0.152
0.152
0.176
0.104
0.125
0.13
0.079
0.081
0.076
0.079
0.056
0.0559068
0.053
0.08
0.081
0.05
0.0513199999999996
0.078
0.055
0.08
0.133
0.05
0.056
0.08
0.104
0.078
0.104
0.079
0.054
0.079
0.082
0.083
0.084
0.076
0.057
0.081
0.054
0.054
0.0420999999999996
0.101
0.0490857
0.057
0.08
0.056
0.08
0.053
0.08
0.055
0.08
0.054
0.106
0.128
0.081
0.08
0.151
0.13
0.101
0.104
0.128
0.126
0.128
0.128
0.153
0.128
0.1433
0.182
0.16544
0.164599999999999
0.174
0.154
0.116639999999999
0.126
0.129
0.128
0.076
0.0594577
0.186
0.0800799999999997
0.112200000000001
0.14488
0.17574
0.20122
0.252
0.2207
0.224
0.258
0.15422
0.176
0.129
0.151
0.105
0.055
0.176
0.104
0.128
0.128
0.129
0.129
0.102
0.149
0.102
0.08
0.079
0.08
0.103
0.105
0.078
0.058
0.055
0.082
0.0479584
0.056
0.128
0.082
0.084
0.054
0.078
0.083
0.054
0.082
0.08
0.08
0.056
0.08
0.08
0.057
0.081
0.053
0.081
0.132
0.075
0.06738
0.103
0.106
0.128
0.0746399999999996
0.081
0.104
0.104
0.103
0.0481422
0.076
0.08
0.0453423
0.079
0.054
0.08
0.0467716
0.054
0.078
0.079
0.056
0.129
0.105
0.176
0.2
0.23938
0.34172
0.47814
0.61858
0.684736
0.628448
0.516
0.44
0.316
0.2566676
0.3
0.226
0.20883
0.225
0.225
0.2257
0.231704
0.234314
0.333
0.22258
0.20858
0.225
0.257
0.16012
0.14644
0.175
0.154
0.157
0.10384
0.0956599999999996
0.0882000000000001
0.178
0.13
0.0693599999999996
0.129
0.103
0.078
0.103
0.056
0.056
0.079
0.0412608
0.079
0.056
0.079
0.079
0.079
0.105
0.0634399999999999
0.081
0.081
0.104
0.06304
0.082
0.081
0.081
0.081
0.107
0.0586400000000005
0.083
0.081
0.08
0.083
0.079
0.055
0.079
0.081
0.08
0.0568599999999995
0.08
0.082
0.08
0.0589000000000004
0.129
0.06046
0.081
0.079
0.107
0.0671200000000001
0.08
0.078
0.079
0.078
0.0651200000000003
0.103
0.105
0.08
0.079
0.054
0.055
0.077
0.054
0.0488807
0.08
0.054
0.0398399999999999
0.0597453
0.131
0.10602
0.13528
0.16734
0.19896
0.22492
0.239999999999999
0.24136
0.276
0.258
0.202
0.166
0.12842
0.127
0.176
0.129
0.056
0.128
0.104
0.154
0.103
0.0799400000000006
0.127
0.153
0.0774999999999997
0.129
0.102
0.151
0.0613400000000004
0.126
0.081
0.077
0.104
0.106
0.054
0.081
0.056
0.105
0.079
0.056
0.08
0.079
0.08
0.079
0.081
0.057
0.08
0.08
0.107
0.078
0.0592199999999998
0.081
0.081
0.106
0.08
0.105
0.0664800000000003
0.105
0.103
0.077
0.104
0.081
0.105
0.104
0.107
0.077
0.08
0.079
0.08
0.056
0.129
0.056
0.0383518
0.053
0.082
0.078
0.0401359
0.111
0.0512238
0.105
0.055
0.056
0.051
0.056
0.08
0.0856000000000003
0.127
0.179
0.203
0.251779999999998
0.33046
0.41878
0.493300000000001
0.520519999999999
0.517
0.444
0.34464
0.35
0.246
0.225
0.283
0.194339999999999
0.194460000000001
0.1999
0.226
0.306
0.22936
0.237079999999999
0.249
0.239319999999999
0.253
0.226
0.199780000000001
0.2
0.177
0.147440000000001
0.199
0.151
0.116019999999999
0.153
0.0999800000000022
0.129
0.0837200000000031
0.153
0.105
0.081
0.081
0.106
0.08
0.056
0.079
0.08
0.104
0.056
0.056
0.057
0.054
0.084
0.052
0.079
0.056
0.055
0.056
0.129
0.056
0.057
0.08
0.081
0.056
0.08
0.077
0.079
0.057
0.104
0.056
0.078
0.08
0.0564999999999998
0.078
0.08
0.08
0.0630199999999981
0.083
0.106
0.0592400000000026
0.079
0.057
0.103
0.081
0.083
0.057
0.079
0.081
0.08
0.082
0.0577600000000018
0.08
0.0584399999999974
0.0571800000000025
0.0550399999999982
0.081
0.055
0.055
0.059
0.055
0.081
0.056
0.0464887
0.077
0.0599127
0.057
0.11
0.0614859
0.052
0.0462198
0.079
0.057
0.053
0.055
0.056
0.0406399999999998
0.054
0.079
0.056
0.053
0.0482799999999983
0.055
0.08
0.056
0.088
0.048
0.056
0.079
0.0445399999999978
0.104
0.057
0.086
0.081
0.0550599999999974
0.0581600000000009
0.081
0.079
0.105
0.0629600000000003
0.08
0.13
0.0582200000000022
0.08
0.103
0.054820000000003
0.079
0.105
0.081
0.079
0.081
0.055
0.082
0.081
0.057
0.079
0.053
0.055
0.056
0.055
0.08
0.056
0.058
0.0415752
0.057
0.056
0.056
0.056
0.056
0.055
0.056
0.058
0.052
0.0549195
0.040379999999999
0.08
0.08
0.0573399999999999
0.0650800000000018
0.132
0.0800000000000018
0.0855199999999989
0.0894399999999997
0.129
0.106
0.108
0.177
0.152
0.130240000000001
0.147879999999999
0.16864
0.19136
0.214780000000001
0.23724
0.256539999999999
0.2699
0.274920000000002
0.273
0.25868
0.25
0.22256
0.225
0.226
0.224
0.174239999999999
0.177
0.183940000000002
0.224
0.22424
0.258460000000001
0.301639999999999
0.34822
0.385960000000001
0.399900000000001
0.38316
0.397
0.292399999999999
0.242840000000001
0.221
0.274
0.130320000000001
0.177
0.0827600000000004
0.078
0.153
0.081
0.054
0.078
0.055
0.054
0.077
0.053
0.0541199999999993
0.105
0.056
0.078
0.106
0.046657
0.081
0.0431175
0.078
0.081
0.059
0.077
0.0753400000000006
0.102
0.0819999999999999
0.0814399999999997
0.129
0.08
0.105
0.08
0.129
0.078
0.103
0.081
0.079
0.078
0.079
0.128
0.0634399999999999
0.0640999999999998
0.132
0.079
0.103
0.08
0.079
0.08
0.103
0.082
0.081
0.078
0.079
0.103
0.107
0.0643599999999998
0.08
0.081
0.082
0.131
0.08
0.0728800000000005
0.129
0.103
0.081
0.0809799999999994
0.103
0.104
0.154
0.08894
0.152
0.103
0.0956400000000004
0.128
0.105
0.129
0.077
0.077
0.128
0.103
0.103
0.152
0.174
0.16376
0.19628
0.2319
0.266999999999999
0.2945
0.30634
0.29854
0.297
0.274
0.253
0.957
